0.18920159573197473 0.18466193454388852 0.9821860244584404 
0.1891946524397402 0.17169114561749216 0.9821799090152145 
0.18910415095774033 0.17749288154030368 0.9821909439629817 
0.18919820641781462 0.17762336733037246 0.9821823624707781 
0.1891227104264058 0.19810944767941926 0.9821888354442013 
0.18919798818381595 0.17731450808654634 0.9821823489766656 
0.1891946524397402 0.17169114561749216 0.9821799090152145 
0.1892967996818116 0.17550913059918105 0.9821749236169287 
0.18919820641781462 0.17762336733037246 0.9821823624707781 
0.18919808112818703 0.1745681344118093 0.9821823521063817 
0.1891541068106922 0.1986503137659124 0.9821888384473325 
0.1890331986507599 0.1561673029304078 0.9821915235872737 
0.1892967996818116 0.17550913059918105 0.9821749236169287 
0.18913294744770978 0.17817795319582022 0.982188838781625 
0.18919808112818703 0.1745681344118093 0.9821823521063817 
0.1891541068106922 0.1986503137659124 0.9821888384473325 
0.18929420249728346 0.1917739472121842 0.9821823333279551 
0.1891227104264058 0.19810944767941926 0.9821888354442013 
0.18912275851240568 0.19273113558825952 0.9821909411969233 
0.189296808359092 0.17951893419969323 0.9821823583120508 
0.1889708400228026 0.1454920546955427 0.9833929487529919 
0.19001508298863992 0.17698641899489903 0.9829121196030636 
0.18981606881463253 0.14209261653455207 0.9825978370622348 
0.18942095872735554 0.14111735329249425 0.9834374897403784 
0.18940375896211317 0.09296108655564252 0.9834374167886626 
0.190244406306349 0.16794214696770274 0.9832465291200274 
0.1897590937514222 0.1912775355579342 0.9826668063105664 
0.18930301685630416 0.13302689303451593 0.9829818695553211 
0.18990089190187004 0.11372449522421615 0.9824935916021562 
0.18980506804819058 0.14060023952948802 0.9824944354802682 
0.1886431131071092 0.08714409022296378 0.9830610502705172 
0.18968144256645314 0.16139068132436002 0.9826376395382649 
0.18968144256645314 0.16139068132436002 0.9826376395382649 
0.1892453488436214 0.128601858315558 0.9829590404959885 
0.18909728757675148 0.1411778315411225 0.9829587592126646 
0.18930064326341853 0.13847767741195346 0.9833170048277513 
0.18934588386078424 0.18226835530995808 0.9825579984661098 
0.19053694661382214 0.1645520863360213 0.9833440160941515 
0.19007300567787702 0.09766709362397555 0.9826521871782162 
0.1902117857796275 0.1896507718516793 0.9827740720499706 
0.19007300567787702 0.09766709362397555 0.9826521871782162 
0.19002855471135005 0.15999020813980327 0.9833927113321226 
0.1895174873508445 0.14270044512898267 0.9829646675751493 
0.1900386063115177 0.07978753755868512 0.9826312784465047 
0.18946595227874996 0.154404617108219 0.9833423488139084 
0.19010003293375974 0.17533844325801137 0.9825793710205029 
0.189601661954551 0.15554573814420541 0.983439841442675 
0.18963411654426549 0.15038587919685673 0.9823232250478969 
0.18930301685630416 0.13302689303451593 0.9829818695553211 
0.1891280006388001 0.12274692968098067 0.9831670876274721 
0.18864001602889158 0.15574112563688008 0.9826820558115861 
0.18929887195009876 0.13703305212784564 0.9839135842761633 
0.18941812785956888 0.19061757210153374 0.9826177361913676 
0.18998964296648194 0.1572939145327236 0.9829436637623344 
0.1897040956393563 0.11917501704972962 0.9823454973808523 
0.1888874847200268 0.12864496856409746 0.9824979683419055 
0.19054577980547846 0.14462509885257305 0.9820247237439197 
0.18770420355144443 0.153718099175514 0.9833457084201722 
0.19010003293375974 0.17533844325801137 0.9825793710205029 
0.19093054886565125 0.19296561955085 0.9826494182333312 
0.18899929438162433 0.129240439072564 0.9825308029458073 
0.18895539127696134 0.10242196099088953 0.9827721543967038 
0.18981606881463253 0.14209261653455207 0.9825978370622348 
0.18840164451522015 0.15780953309284104 0.9832813506798607 
0.19055478463539272 0.11392311910345908 0.9827651848241893 
0.18978051868021734 0.19929234043370941 0.9832062483981483 
0.1889708400228026 0.1454920546955427 0.9833929487529919 
0.18980506804819058 0.14060023952948802 0.9824944148896206 
0.19005928148156395 0.15917027121846603 0.9829541593378796 
0.18886362536912388 0.08469962693374919 0.9828874086306738 
0.18805305646473477 0.17358421954099118 0.9829686279191564 
0.18903593471569993 0.1543619499166365 0.9825623199087801 
0.18907705735223107 0.07836032777506333 0.9830273274418565 
0.18909728757675148 0.1411778315411225 0.9829587592126646 
0.18940460077527926 0.1462491263649825 0.9830845300904363 
0.18928101312109852 0.12393684644289142 0.9829990496517352 
0.1900521596916567 0.14404807413586193 0.9837269046725579 
0.18748063963134307 0.12689163451514868 0.983315415204808 
0.19027478433238454 0.12902183798363326 0.9824647102686411 
0.18964790480662355 0.12262021661165066 0.9831641906894559 
0.18748063963134307 0.12689163451514868 0.983315415204808 
0.18561422917179923 0.1692396872499429 0.9836937389562717 
0.18980146918833984 0.12570914578221068 0.9822903062191779 
0.18990089190187004 0.11372449522421615 0.9824935916021562 
0.19008590647675921 0.17822956593181072 0.9823946697867059 
0.1893696958454563 0.10137895675595056 0.9833643277491474 
0.18992717745724366 0.14102904462493715 0.9829105001114923 
0.18860878727650757 0.14442296708979932 0.9828420597815717 
0.18978784079469735 0.13821148630400643 0.9824095119653031 
0.18993937647199596 0.17336762300598504 0.9823865321183785 
0.18928020920290733 0.11893159040736212 0.9824858148794734 
0.1896218313975689 0.09794150985025575 0.9831204494565409 
0.18980017831094564 0.1484963209520777 0.9822961032716301 
0.18997528385529555 0.12491331590261476 0.9831138766814653 
0.19063339121007947 0.19369958023780223 0.9837912818960479 
0.18972078371469409 0.16877079545144272 0.9828157690194448 
0.18894641592621886 0.09375553638967045 0.9828869957080476 
0.1889590484428284 0.16339034778949826 0.982288937621644 
0.18899929438162433 0.129240439072564 0.9825308029458073 
0.189601661954551 0.15554573814420541 0.983439841442675 
0.18805305646473477 0.17358421954099118 0.9829686279191564 
0.188721126740241 0.15612331693464135 0.9829056269129897 
0.18958127839065675 0.19659703891821417 0.9828938321490893 
0.1897103412321779 0.14247018070186618 0.9828210934885213 
0.19054577980547846 0.14462509885257305 0.9820247237439197 
0.18978784079469735 0.13821148630400643 0.9824095119653031 
0.18860878727650757 0.14442296708979932 0.9828420597815717 
0.18934588386078424 0.18226835530995808 0.9825579984661098 
0.19088327900485574 0.19409465078695684 0.9826082707282477 
0.1896870076683322 0.1371182856376195 0.9832931406386131 
0.1888874847200268 0.12864496856409746 0.9824979683419055 
0.18981175624805383 0.126654717374742 0.9825444406088769 
0.1885847730100901 0.14874255048388807 0.9828125235797319 
0.18900260133083677 0.16947120419723505 0.9828471049201319 
0.1892453488436214 0.128601858315558 0.9829590404959885 
0.19021450712016283 0.15082197627424485 0.9825107414268484 
0.18707875351852205 0.09626894773943981 0.9827585761559995 
0.18955885602689743 0.13762392336390217 0.9830828744556711 
0.18931113302231528 0.16860403549425573 0.982651662083935 
0.1897040956393563 0.11917501704972962 0.9823454973808523 
0.1907863832993237 0.1676321979618758 0.9836748367505805 
0.1897783171385062 0.09959968306057364 0.983032593247168 
0.1902117857796275 0.1896507718516793 0.9827740720499706 
0.19002855471135005 0.15999020813980327 0.9833927113321226 
0.19038916158875052 0.17268107697703336 0.9834261569531854 
0.18980790836291953 0.09383362369964068 0.9827488408984728 
0.18815970853163516 0.16033100366059894 0.982908341038846 
0.18937921297352645 0.1357645905293651 0.9827918913771079 
0.19008590647675921 0.17822956593181072 0.9823946697867059 
0.18895539127696134 0.10242196099088953 0.9827721543967038 
0.19021450712016283 0.15082197627424485 0.9825107414268484 
0.18928101312109852 0.12393684644289142 0.9829990496517352 
0.18940375896211317 0.09296108655564252 0.9834374167886626 
0.19052292738609602 0.10077540590779174 0.9829303328100821 
0.18898272503148542 0.1201500903805458 0.9827177894389161 
0.18990940731209596 0.19996677634417845 0.9829527279718118 
0.1880581471984898 0.04936971645915146 0.9830212602330568 
0.18980506804819058 0.14060023952948802 0.9824944354802682 
0.19001508298863992 0.17698641899489903 0.9829121196030636 
0.18972078371469409 0.16877079545144272 0.9828157690194448 
0.1895344421532054 0.14588317103742154 0.9824574916180856 
0.18985718972457066 0.09169399281683867 0.9828744074917568 
0.18839249806516348 0.08114617691404274 0.9830772632375072 
0.18932832194598884 0.12886658681916477 0.9834217610709005 
0.18900260133083677 0.16947120419723505 0.9828471049201319 
0.18981175624805383 0.126654717374742 0.9825444406088769 
0.18941570487690437 0.14841636324571 0.9831800068706135 
0.18945214326075044 0.11290130079221213 0.9822492898689565 
0.18966567238001428 0.16650587093232255 0.9826027377310949 
0.1890951592566318 0.11834262709717737 0.9830456189596803 
0.18994038234064844 0.17536479584900375 0.9825877796317207 
0.1880581471984898 0.04936971645915146 0.9830212602330568 
0.18878494697778447 0.10627051908208648 0.9833996003003224 
0.1897590937514222 0.1912775355579342 0.9826668063105664 
0.1891053156320921 0.1465659587045814 0.9827043636783975 
0.18980506804819058 0.14060023952948802 0.9824944148896206 
0.18945214326075044 0.11290130079221213 0.9822492898689565 
0.18878628538426603 0.13373312320510256 0.9837330231903959 
0.18919336475415183 0.16352671731265184 0.9826715783934197 
0.18945530248086367 0.1606699140753028 0.9823383930246702 
0.1895344421532054 0.14588317103742154 0.9824574916180856 
0.18969344536691632 0.07923233729890894 0.9831918570522128 
0.18980197385466122 0.10139890713704494 0.9829238375732587 
0.18870177684898304 0.16840276794123069 0.9832037440619598 
0.18930148077565448 0.1960919812390813 0.9827322763781868 
0.18864001602889158 0.15574112563688008 0.9826820558115861 
0.1899537562698258 0.11229945954175732 0.9826222743360582 
0.18878494697778447 0.10627051908208648 0.9833996003003224 
0.1891053156320921 0.1465659587045814 0.9827043636783975 
0.18995471695686492 0.19672942199377216 0.9837107383326584 
0.18991149605703106 0.0777926475642826 0.9831200457043724 
0.18886362536912388 0.08469962693374919 0.9828874086306738 
0.1900521596916567 0.14404807413586193 0.9837269046725579 
0.18903593471569993 0.1543619499166365 0.9825623199087801 
0.18980790836291953 0.09383362369964068 0.9827488408984728 
0.1901881181635543 0.18011502271869373 0.983248054267232 
0.1891220385956918 0.15093557574665986 0.9830041082870299 
0.18939772805523472 0.16038394253999436 0.9838989689333091 
0.18931113302231528 0.16860403549425573 0.982651662083935 
0.18932346116384485 0.15537851010702328 0.9827681336959138 
0.1898143334339565 0.19312729928042693 0.9833134640041902 
0.18980146918833984 0.12570914578221068 0.9822903062191779 
0.18829049775002807 0.18110733519380445 0.983558596604693 
0.18958127839065675 0.19659703891821417 0.9828938321490893 
0.18894641592621886 0.09375553638967045 0.9828869957080476 
0.18945530248086367 0.1606699140753028 0.9823383930246702 
0.18961435409289554 0.16058146760707315 0.983160438421819 
0.19004021469398624 0.19560834063520738 0.9834006652311822 
0.1889590484428284 0.16339034778949826 0.982288937621644 
0.18932832194598884 0.12886658681916477 0.9834217610709005 
0.18919336475415183 0.16352671731265184 0.9826715783934197 
0.1902126043433146 0.18894735705912308 0.9826592012180514 
0.18994038234064844 0.17536479584900375 0.9825877796317207 
0.1896870076683322 0.1371182856376195 0.9832931406386131 
0.18978051868021734 0.19929234043370941 0.9832062483981483 
0.18980017831094564 0.1484963209520777 0.9822961032716301 
0.18898272503148542 0.1201500903805458 0.9827177894389161 
0.18940460077527926 0.1462491263649825 0.9830845300904363 
0.1895999069889022 0.1910992125652748 0.9833195622952471 
0.18928020920290733 0.11893159040736212 0.9824858148794734 
0.18899929438162433 0.12540958316233056 0.9825225535226151 
0.19081959559434541 0.09913503093902311 0.9838176822649577 
0.18899929438162433 0.12540958316233056 0.9825225535226151 
0.1896218313975689 0.09794150985025575 0.9831204494565409 
0.18707875351852205 0.09626894773943981 0.9827585761559995 
0.18937921297352645 0.1357645905293651 0.9827918913771079 
0.18912311463972853 0.16318871616167355 0.982984108896717 
0.18992717745724366 0.14102904462493715 0.9829105001114923 
0.1885847730100901 0.14874255048388807 0.9828125235797319 
0.18980197385466122 0.10139890713704494 0.9829238375732587 
