1.4298557673628152 1.565222150368813 2.6794161263673324 
1.2817206535956236 1.6169005666265572 2.557223196289798 
1.5944454664797418 1.6582412887392664 2.464214412915973 
1.3221961853477415 1.6302456017892206 2.956218598538263 
1.8081081028752948 1.5394069517427211 2.6362417135627054 
1.4531313566975768 1.7276405717875052 2.8710180357727646 
1.2817206535956236 1.6169005666265572 2.557223196289798 
1.4364313794583312 1.7172623889447303 2.807231117573118 
1.4531313566975768 1.7276405717875052 2.8710180357727646 
1.5944454664797418 1.6582412887392664 2.464214412915973 
1.4298557673628152 1.565222150368813 2.6794161263673324 
1.4969813406975485 1.6744186437682573 2.381867982673367 
1.618288185911213 1.6597733129969037 2.8259188805782967 
1.309058350585357 1.6363799691331227 2.744535304559062 
1.712071993633056 1.5942604324266734 2.9793885437311456 
1.3221961853477415 1.6302456017892206 2.956218598538263 
1.4364313794583312 1.7172623889447303 2.807231117573118 
1.4709875702487512 1.4999820531071542 2.6488025877209496 
1.4709875702487512 1.4999820531071542 2.6488025877209496 
1.712071993633056 1.5942604324266734 2.9793885437311456 
3.5124230655399056 3.8217687741170296 3.6199183590474675 
4.7873106497528255 3.2865149598197894 3.036434045506542 
2.917246852970007 5.351488268686669 6.840287888358352 
5.041577759101701 3.5129545517311422 5.728006380815957 
5.66291159474932 6.245494981299666 8.104551510112971 
4.618232451251982 2.314414384047056 3.091021926428299 
3.9377379137567896 4.083509148185903 3.878317604898636 
4.618153332270834 4.886988687579878 6.269707034957318 
3.4651975379279016 6.00067744266119 5.513917010851109 
5.851136113129955 6.913192571837315 8.051542907537716 
3.9988959446758825 4.368616434082445 5.807907842564901 
3.9988959446758825 4.368616434082445 5.807907842564901 
4.690493458847402 5.313219286549783 5.770087030340237 
5.666402710081923 5.331414612114894 4.3476054195968015 
7.28793995236192 7.518261465240028 6.200803724565129 
6.246563567383688 5.546351019926551 4.700679476409124 
4.167916300825433 6.464672918884154 8.137910829934102 
5.433123725366867 5.565836112824707 6.1320753380058655 
4.400951915405766 5.927781854342796 6.66701378196041 
5.430915134360567 3.4401741337646974 4.425315854254205 
6.309931784590734 5.3448672498329355 6.538814300224014 
8.236817628532696 6.775227258446301 8.316793738014644 
4.704181339480081 5.053923584530312 3.9239996551826035 
7.531152756514373 2.3299077452223287 7.286298237635415 
7.630235537841985 6.1149051243288115 5.160091730712951 
3.6363235950634185 2.4005123756989524 6.255199560000693 
5.666402710081923 5.331414612114894 4.3476054195968015 
3.3160508983161265 5.587850787836443 6.2039222925212005 
4.638359658650459 5.747339894590139 4.584387456188551 
5.91099991977579 3.9819749333496977 7.237701072704671 
4.057210494621506 6.816204041800549 5.948311173545565 
4.833457054435358 4.857164201510516 5.646628098256942 
5.038256138192982 3.8812524823297805 9.550548400389756 
4.455426055999638 3.61886184663501 6.634222217034701 
6.201099333382011 5.784252867536105 6.200320896430159 
3.682578416756772 3.853386828604792 7.419592427758325 
3.324496701452526 2.300318996955801 8.129248052363122 
3.273107575161884 5.545591208217244 4.164295576759009 
3.4651975379279016 6.00067744266119 5.513917010851109 
4.290717737179505 6.097126428491972 8.294636455435946 
4.8781369509143415 4.212115025167324 5.793692306797774 
4.455426055999638 3.61886184663501 6.634222217034701 
3.270220983608016 3.1697606945333625 3.9049779054113403 
6.099990065359284 4.8050724025058065 4.927339497817827 
4.712245803756728 4.629579360435014 5.978663503620808 
2.9025226670321516 5.511077812728494 6.306658263876785 
3.451442624906431 3.605774879512127 7.270209316749646 
6.201099333382011 5.784252867536105 6.200320896430159 
4.553588944224311 6.196555578527678 8.114516878188367 
1.1727842601293343 3.2590249603725185 4.145637922366119 
7.531152756514373 2.3299077452223287 7.286298237635415 
1.9603607532204081 2.4890654128043477 3.7606696260048675 
4.588086760296408 5.619656327537283 4.5191191903429315 
4.61787679580593 6.84572193494589 7.349179275979364 
4.607933001562998 4.248878555464256 3.8622992238318 
4.302280332113109 3.5413828890196255 7.440003240971783 
3.270220983608016 3.1697606945333625 3.9049779054113403 
6.046181905811422 6.7226145483874715 8.301089721739006 
6.5273496771779955 6.500922776978676 7.615654397200537 
4.023791610064498 5.444380503407961 5.821457984500716 
4.616291375435542 6.094251141087563 4.137070655578573 
3.458864540627453 4.662684396919839 6.959634113358886 
5.347139166939697 5.40741071389497 5.939721281869586 
3.8861879795055168 3.3600815984876404 4.848135833816322 
3.4272375884893256 3.0939925843116938 4.938457584635043 
3.4272375884893256 3.0939925843116938 4.938457584635043 
4.707198538689993 5.165214354858809 7.197353479335179 
6.099990065359284 4.8050724025058065 4.927339497817827 
3.8861879795055168 3.3600815984876404 4.848135833816322 
4.641054059271403 3.378540724931288 7.090610788762106 
3.9377379137567896 4.083509148185903 3.878317604898636 
2.977013480602096 2.1965037457064778 5.10293185024111 
5.947262641673028 7.833170849078049 6.805802269754416 
4.236014241931644 3.921891311785178 4.624024187507934 
5.564389705561639 4.11485777389432 6.306407091017058 
3.458864540627453 4.662684396919839 6.959634113358886 
3.900653735805593 2.7855042030167865 3.6953922798794183 
3.2387369724753015 2.347676576021788 8.727094877985264 
1.9098587379348495 4.385558583135626 5.461794504409062 
6.620043567776958 4.179268521324528 5.463383705910573 
6.615908071143065 6.808719427465303 7.568515597238679 
4.124188321941064 4.570649880692131 5.669827324444888 
2.8053906033133065 7.394911141733994 7.301070080844052 
6.035346870696053 4.854851671348481 6.6433190867526 
4.159324071922789 4.512591454009322 5.732458244262943 
5.896547883050791 6.6975974725079235 7.431029841573088 
5.896547883050791 6.6975974725079235 7.431029841573088 
3.724534740327548 5.66699186643975 9.289252624804476 
4.3275375385494375 2.6539714432668293 6.396728285747326 
4.7873106497528255 3.2865149598197894 3.036434045506542 
2.917246852970007 5.351488268686669 6.840287888358352 
4.082583676369734 4.355798947893651 3.800813781721894 
3.900653735805593 2.7855042030167865 3.6953922798794183 
6.351497012943945 1.519949529616275 5.7545484252556545 
6.2671078194595315 7.344014513513862 8.679710692408277 
6.803507168416912 5.481824738913185 6.231172610753558 
5.347139166939697 5.40741071389497 5.939721281869586 
4.057210494621506 6.816204041800549 5.948311173545565 
4.098896849527121 6.179711837060918 5.836294309780401 
4.023791610064498 5.444380503407961 5.821457984500716 
3.451442624906431 3.605774879512127 7.270209316749646 
7.874807630943128 6.941517372379876 9.617608472257693 
3.5124230655399056 3.8217687741170296 3.6199183590474675 
5.703421209308564 4.820790310239322 7.389143843965861 
6.804060229484996 6.892844667673526 9.466863412049584 
4.7597717968182405 5.038399649531875 6.384461474445173 
4.157907608681425 2.496655423710167 3.8087580582128124 
7.177359247633888 8.226390886499164 6.256217558015766 
4.236014241931644 3.921891311785178 4.624024187507934 
6.535813745995277 5.988687243400429 7.053613436898809 
5.770202460100378 6.200405801018208 7.037962822589322 
6.906993754966648 5.464728194598028 8.713829868115551 
3.669657733395723 3.178185012953467 4.078316659485656 
4.082583676369734 4.355798947893651 3.800813781721894 
3.7840979510011175 4.795394390644763 5.291058356708385 
4.2768431279473855 3.2293622861521363 9.095932354642295 
6.078833026737331 4.117261771046477 5.376540854203795 
6.535813745995277 5.988687243400429 7.053613436898809 
3.243101173823291 4.352949718745541 4.82634603242876 
3.3160508983161265 5.587850787836443 6.2039222925212005 
3.1145293965181517 3.3151519212666303 6.181667957790324 
5.770202460100378 6.200405801018208 7.037962822589322 
3.9451133717460607 5.815997198033242 6.355276159825371 
5.038256138192982 3.8812524823297805 9.550548400389756 
7.705192049627894 5.546369134752524 5.27992983816901 
3.488801781237947 5.436940982832459 7.723150335607791 
3.91909648976614 2.740014271996669 6.685051159828278 
5.564389705561639 4.11485777389432 6.306407091017058 
4.3134254572924275 4.683933144335631 5.4658997342622815 
3.702300188659065 5.229249862641425 5.131730610474487 
5.688360777398405 3.804387933150416 4.957848758897833 
4.157907608681425 2.496655423710167 3.8087580582128124 
5.430915134360567 3.4401741337646974 4.425315854254205 
4.808045821523616 6.340558217574749 6.501293943367772 
2.977013480602096 2.1965037457064778 5.10293185024111 
3.8713306974692947 4.762548768665182 4.909748677265247 
4.607933001562998 4.248878555464256 3.8622992238318 
3.8713306974692947 4.762548768665182 4.909748677265247 
3.6363235950634185 2.4005123756989524 6.255199560000693 
5.433123725366867 5.565836112824707 6.1320753380058655 
3.702300188659065 5.229249862641425 5.131730610474487 
5.2125716729286955 6.928198896485842 7.329830510193813 
3.7840979510011175 4.795394390644763 5.291058356708385 
3.1145293965181517 3.3151519212666303 6.181667957790324 
6.246563567383688 5.546351019926551 4.700679476409124 
1.9098587379348495 4.385558583135626 5.461794504409062 
7.154546058607605 6.13285346398408 7.351616518737304 
3.669657733395723 3.178185012953467 4.078316659485656 
4.124188321941064 4.570649880692131 5.669827324444888 
4.476911380323436 4.185944283417582 7.108757952467613 
4.476911380323436 4.185944283417582 7.108757952467613 
4.122988074685715 2.4759831249804645 4.7688735245868985 
4.638359658650459 5.747339894590139 4.584387456188551 
3.936261321992537 6.440085558090379 8.133482118728141 
4.690493458847402 5.313219286549783 5.770087030340237 
6.409376880241343 3.6185346064624966 6.734189837926892 
6.096440832981776 7.167638214289419 7.285241942439201 
4.1928738310694715 3.4563678751774747 7.715496524870115 
5.286719874421665 4.699912150799088 4.226467030244109 
4.712245803756728 4.629579360435014 5.978663503620808 
8.250415280318386 5.533772605013833 6.90826814616256 
4.122988074685715 2.4759831249804645 4.7688735245868985 
5.041577759101701 3.5129545517311422 5.728006380815957 
4.02962450270009 6.620063751853672 3.8776706668804444 
4.553588944224311 6.196555578527678 8.114516878188367 
4.319702598464001 2.465162595541473 3.8602788389270333 
4.3134254572924275 4.683933144335631 5.4658997342622815 
1.1727842601293343 3.2590249603725185 4.145637922366119 
4.868453550356143 4.91741849556436 7.530379193696947 
3.273107575161884 5.545591208217244 4.164295576759009 
5.061185384588256 5.189356819984096 4.306556168807496 
6.112074236194607 6.181945598534508 6.624093692578377 
4.736874785698884 5.50016826484063 5.536469055313463 
4.167916300825433 6.464672918884154 8.137910829934102 
4.2883654937427504 6.743636618804353 4.402221755308455 
6.5687011390360714 7.5553186953576015 7.1345281690215065 
1.9603607532204081 2.4890654128043477 3.7606696260048675 
4.7597717968182405 5.038399649531875 6.384461474445173 
3.936261321992537 6.440085558090379 8.133482118728141 
4.1928738310694715 3.4563678751774747 7.715496524870115 
5.1222962060806045 4.218548570719364 3.415568150887745 
6.351497012943945 1.519949529616275 5.7545484252556545 
5.104788525990944 4.33105471393734 7.421147280001244 
4.833457054435358 4.857164201510516 5.646628098256942 
5.688360777398405 3.804387933150416 4.957848758897833 
3.3104736938711334 4.65672633655756 4.098219897638197 
6.632358378090995 7.581146069722225 8.818017582723462 
4.618153332270834 4.886988687579878 6.269707034957318 
4.3275375385494375 2.6539714432668293 6.396728285747326 
3.3104736938711334 4.65672633655756 4.098219897638197 
