0.6400826236296592 0.6172559635919712 1.4184173963582913 
0.408665200569645 0.613723722639332 1.3554872544996242 
0.5537959435784074 0.699989297190374 1.2966018288667214 
0.5537959435784074 0.699989297190374 1.2966018288667214 
0.5327994114313542 0.6065336235192683 1.2931216002540524 
0.5550523515405217 0.6271144951837425 1.2875430417069724 
0.526531531037268 0.654336933954202 1.4558096223486867 
0.5856707371955064 0.6164526515546085 1.3091348990437632 
0.408665200569645 0.613723722639332 1.3554872544996242 
0.43151742192334475 0.5384962675249808 1.4552024212765438 
0.699448315056973 0.7658144803547686 1.3162097242121122 
0.5856707371955064 0.6164526515546085 1.3091348990437632 
0.5708474964863948 0.385167162944959 1.4247882647163084 
0.48300487976778617 0.29983282178939713 1.4771455935624505 
0.43151742192334475 0.5384962675249808 1.4552024212765438 
0.5708474964863948 0.385167162944959 1.4247882647163084 
0.5327994114313542 0.6065336235192683 1.2931216002540524 
0.5550523515405217 0.6271144951837425 1.2875430417069724 
0.49369176045021307 0.6281281010312604 1.3966560407191217 
0.5450252590874303 0.6230734642049198 1.460180128890955 
1.6784118384085196 2.62407471670361 2.5275430946985775 
2.6105101356203875 1.9979738242368472 3.174600555033501 
1.4176165028751075 3.2531177727476663 2.100230209715606 
2.2373549437565994 1.2755668951169155 3.4449156552678843 
1.8756324878399813 2.415293994536673 3.64426005374987 
1.3818791248920386 0.9271757693767279 2.2403053154735066 
3.0852503693940756 3.390209295027326 2.588070067423614 
2.978287316684417 2.582428728382404 3.811349672178417 
2.978287316684417 2.582428728382404 3.811349672178417 
2.957614011506267 0.9969446196973173 1.9560605168715792 
2.718165082738761 3.889213519871133 4.800099406144792 
1.703895996486137 1.6168171563834688 2.3417796016014356 
1.4891025197722967 1.9561353279808207 3.046819990723594 
2.984615035743052 1.7302264557324105 4.716577458652442 
3.2340680032474984 3.813405711380602 2.184674333185553 
3.102800487979982 3.909692210076015 3.596582221496501 
2.2271197972426657 2.2578104768772973 2.28781324859073 
1.2464285979174072 4.9075516541368875 5.365969844316854 
2.0819800378028366 2.181467250009133 4.007196945677219 
2.4785694114273187 1.8469096618417211 2.28191557272346 
1.5742146889279038 2.389433787491361 3.6812130011018884 
1.6784118384085196 2.62407471670361 2.5275430946985775 
1.266844236750832 0.9647860439861335 2.3273690869074226 
1.7334377937929617 1.958897908267829 2.0052760639568574 
1.0505252254113093 2.0200589012447114 3.23432297164628 
3.297685941757033 3.5066701865379963 3.3862454900990038 
1.717473983825799 1.8240860059598092 3.52571337276808 
2.740009839194468 2.8405219888735758 2.6357244826082913 
1.7306310869297314 2.3588989202695423 3.628193454218422 
1.1255916277240832 1.39729439451472 1.87796651714967 
2.282651002458322 0.7242298600427692 3.0164631541529383 
0.3250168195603358 1.8067372966340114 2.8264827005373334 
1.801499562854732 1.955093700575705 3.1373126146913157 
1.4367714499805304 1.9457004962550726 2.643907477671508 
2.4895202788088078 2.789922709086515 2.518506767818203 
2.8161699112738474 2.14594383899023 3.55879093612228 
2.7166283084957903 3.311214991443157 2.5247387764833302 
1.308274562723499 1.2107628662088628 2.2295604668868467 
1.8663970851584095 1.3339285605266358 3.843072577373438 
1.703895996486137 1.6168171563834688 2.3417796016014356 
2.6090539541106557 2.4979831907325867 3.858727361326849 
2.2250055153118606 3.9127967492746105 3.0157572623398305 
1.5323831247406727 2.0134403014874724 2.7850852839241487 
2.073314223884089 1.7692476403452408 2.8345529254817388 
3.436330860590583 4.3954570107333195 4.940903330915552 
2.213788899569815 2.2557101416424663 2.157667175275874 
0.7575975096341504 1.9347482124169713 2.109440576479122 
2.6796885020491956 3.0812401983356907 3.468655361561825 
3.314363445574366 2.184437805233776 2.195362321593888 
1.3959978553516792 1.6080100604129417 4.5754521205997305 
1.6409734060918708 2.7675801330088947 3.4918290926922513 
2.0634617415954204 2.0595450713343615 1.7856204159496536 
2.3784500468744527 3.5094799994961567 1.0921665669626692 
1.547623452881368 2.8001154801222876 2.340819868552519 
3.37641821753483 2.4654502417844357 2.740073680622418 
1.906717746662739 1.6033389157233635 3.149593870814933 
2.9361453044916033 3.04199806072558 2.3280424339350687 
2.960466152265363 3.483592466999065 3.542194938196752 
1.7657275862870558 2.4628735170706846 3.486225663151421 
3.3195808171567927 3.976676152374522 3.4344085869554735 
2.6796885020491956 3.0812401983356907 3.468655361561825 
1.4367714499805304 1.9457004962550726 2.643907477671508 
2.0022501381445186 2.622447771883502 2.427817173049602 
2.2302872491995642 2.9871422996347157 3.4325309071555177 
3.2228246249987986 1.567551760086337 2.9803525376194404 
3.158310577741475 2.2333195087563342 3.411250079291452 
1.6905689541010949 2.500216065657084 1.9503628574564864 
2.2302872491995642 2.9871422996347157 3.4325309071555177 
1.7334377937929617 1.958897908267829 2.0052760639568574 
2.5184733267694877 1.9051259039146171 1.6759769602300874 
2.724536385031441 2.178173800881805 1.3096436905662112 
2.912507917853371 2.927871157479278 3.3679377615275463 
2.2099572269255296 1.9647811976313505 3.620159964460774 
2.7694900833872023 2.29516940032957 2.9022814936075005 
1.8492764511599724 0.8562067997458862 2.5566064995077618 
1.629713587843433 1.7162140172865592 3.718872730806214 
2.0634617415954204 2.0595450713343615 1.7856204159496536 
1.8379643294101817 1.7618628900531004 2.7910821814395557 
1.6787654869182758 1.2508086341565885 2.8852240162491642 
2.5955281523810907 4.304376925164607 4.794231921009763 
2.216952303183617 1.921787295211857 3.1271777794025883 
2.537993539084293 2.6519295015130284 2.944924345817552 
1.5323831247406727 2.0134403014874724 2.7850852839241487 
1.4176165028751075 3.2531177727476663 2.100230209715606 
2.5035683495805148 3.712369721504788 2.9393357146684567 
0.8705198215594985 2.517867320915783 3.502540535789472 
2.171913254767844 4.753991998489765 2.8344737927334043 
1.905127317264083 1.1826099002625292 2.0606466507654524 
3.7712184445324466 2.7195488864292763 5.3126826699443646 
3.0852503693940756 3.390209295027326 2.588070067423614 
2.3984134275921725 4.277356870637964 2.429162778246446 
2.1664198826110797 3.791238576651758 2.523284752240513 
2.160575896766084 2.4160930121257245 4.148276434846155 
1.1601120250323327 1.9208826018684868 1.8907464931212605 
2.6467921518471083 1.8801081657427001 2.9890723833920294 
1.4667282611941936 1.9989015700869894 2.710847058876669 
1.2911444353996173 2.2629793780942578 3.1351659832158814 
2.5557259605598457 2.219799804657617 2.555478336115061 
3.5487246896407485 2.7842633669994536 3.6778056345003147 
0.7107823335461165 1.9835893165831886 1.8902879552006566 
2.111310065957374 3.872866102458548 4.418621910317296 
2.747976032723191 2.2158783507416095 3.7669521229795198 
2.171913254767844 4.753991998489765 2.8344737927334043 
0.7767413616578629 2.157186721390497 3.1645675990826514 
1.8241655045549572 2.220471138636048 2.314820264435932 
2.4895202788088078 2.789922709086515 2.518506767818203 
2.724536385031441 2.178173800881805 1.3096436905662112 
1.187641649764649 3.107328745439998 2.1018259208866903 
2.528994459130514 1.4065404814176952 3.3125483183420386 
3.141798863228425 2.5074461017376235 3.370172385659425 
2.7304795896475005 2.3085860125749225 5.078560574374419 
2.6467921518471083 1.8801081657427001 2.9890723833920294 
2.0835092495094214 2.452700879403131 2.839739523184733 
3.5814562073708966 2.1397971373496802 2.3084850862978334 
2.282651002458322 0.7242298600427692 3.0164631541529383 
1.6787654869182758 1.2508086341565885 2.8852240162491642 
3.5517795386395195 2.2820181271595317 4.660190238967429 
1.308274562723499 1.2107628662088628 2.2295604668868467 
1.1255916277240832 1.39729439451472 1.87796651714967 
2.8109369404026068 3.3797395990874177 3.2067716942071045 
2.9361453044916033 3.04199806072558 2.3280424339350687 
0.7575975096341504 1.9347482124169713 2.109440576479122 
1.7541055311889167 3.018078853127045 3.43949132266175 
2.4785694114273187 1.8469096618417211 2.28191557272346 
2.9449009185810118 2.1416256241573897 3.5211043825506123 
3.450240222806409 2.208816124637219 3.6603784761437814 
0.8705198215594985 2.517867320915783 3.502540535789472 
2.102057689133693 3.1696695417532883 2.744464116437678 
2.084389259073159 2.7048721765612482 4.2050331663888745 
1.384429751984744 2.446856372058218 2.93949262558393 
1.7541055311889167 3.018078853127045 3.43949132266175 
1.917079275626145 3.3402300594939183 2.832681083238864 
3.67796942556625 2.722693099811295 3.66948101986208 
1.830196770147861 2.1674353638842123 3.7424721255862696 
2.740009839194468 2.8405219888735758 2.6357244826082913 
1.8492764511599724 0.8562067997458862 2.5566064995077618 
0.3250168195603358 1.8067372966340114 2.8264827005373334 
0.7767413616578629 2.157186721390497 3.1645675990826514 
1.3818791248920386 0.9271757693767279 2.2403053154735066 
1.6408254555882322 2.5444198609950055 3.2234908762480368 
1.9146818963621428 1.097533046991725 2.4006573246182565 
1.9146818963621428 1.097533046991725 2.4006573246182565 
3.2677486123573365 1.8695321171737274 2.3652138803637404 
1.6056268811424972 2.2257971442657927 2.1835277288404624 
1.5024763716039378 2.674618040528657 4.151833830523255 
1.2911444353996173 2.2629793780942578 3.1351659832158814 
4.474512675232882 2.550309698379618 3.7965545475164815 
3.314363445574366 2.184437805233776 2.195362321593888 
1.0505252254113093 2.0200589012447114 3.23432297164628 
2.098894383458055 1.8435945288383297 3.4321353473724487 
2.7694900833872023 2.29516940032957 2.9022814936075005 
2.7190034414392485 1.5087208177340226 2.614769976733035 
2.592961824465976 1.5422669246602463 1.4158787600882046 
2.5184733267694877 1.9051259039146171 1.6759769602300874 
1.266844236750832 0.9647860439861335 2.3273690869074226 
3.158310577741475 2.2333195087563342 3.411250079291452 
2.216952303183617 1.921787295211857 3.1271777794025883 
1.6000051065868863 1.9158960458802572 2.784212366975721 
1.1601120250323327 1.9208826018684868 1.8907464931212605 
2.7190034414392485 1.5087208177340226 2.614769976733035 
1.6584227021855993 1.6242398168382883 3.298262738374407 
1.9285294680752105 0.5039810588566147 1.7122584079218872 
1.384429751984744 2.446856372058218 2.93949262558393 
2.912507917853371 2.927871157479278 3.3679377615275463 
3.1820244972947216 1.9304994851143364 1.437233608497151 
1.4618746688818227 2.0793262230166527 2.8076196271325013 
2.0022501381445186 2.622447771883502 2.427817173049602 
2.2356041110013436 2.5984191643547954 3.3947754534385814 
0.7107823335461165 1.9835893165831886 1.8902879552006566 
1.4618746688818227 2.0793262230166527 2.8076196271325013 
2.333636306544265 2.8964001599789935 2.8475682096981236 
1.7731811553293355 3.0854962412832383 2.414309333731219 
1.5646278822391917 1.6966760277810773 2.160136495720564 
1.905127317264083 1.1826099002625292 2.0606466507654524 
2.984615035743052 1.7302264557324105 4.716577458652442 
2.333636306544265 2.8964001599789935 2.8475682096981236 
1.5646278822391917 1.6966760277810773 2.160136495720564 
2.6520560455486666 1.2909262507446733 2.7167689082348283 
2.2271197972426657 2.2578104768772973 2.28781324859073 
2.5557259605598457 2.219799804657617 2.555478336115061 
1.6584227021855993 1.6242398168382883 3.298262738374407 
2.957614011506267 0.9969446196973173 1.9560605168715792 
1.9285294680752105 0.5039810588566147 1.7122584079218872 
1.6000051065868863 1.9158960458802572 2.784212366975721 
2.1595852534167443 1.6841645977066946 3.4480445044223895 
4.618102655749552 2.7253890775853047 5.67169837563643 
2.3984134275921725 4.277356870637964 2.429162778246446 
1.906717746662739 1.6033389157233635 3.149593870814933 
2.5470177395823272 1.3441629077511372 1.9488261970671366 
2.2099572269255296 1.9647811976313505 3.620159964460774 
