0.7763632504658882 0.6231807145343009 -0.8065489920581175 0.4919266765943409 0.09900300246975692 -0.002888431525760359 0.4503091473133933 0.02879708123185004 -0.6530492622295624 0.27324986739447304 0.21898027353346272 -0.05758000776142982 -0.012065263299947325 -0.41512964522150086 -0.4760185446944833 -0.787156224406526 -0.8915893922183034 -0.5322487296857816 -0.14227088856087916 -0.5683089331058874 -0.5997424356059331 -0.9112841084855332 -0.4922051274676636 -0.9897758622186063 0.8763499207003906 -0.9949424081367949 -0.2864850749507856 -0.5637130802850217 -0.5977986064549289 -0.5101780974677177 
0.7763632504658882 0.6231807145343009 -0.8065489920581175 0.4919266765943409 0.9288175983023386 0.93488853467851 0.45983013080332624 0.0668642072284506 0.2510051554735595 0.07391994252590078 0.21898027353346272 -0.05774917901076557 -0.012065263299947325 -0.41036479592559033 -0.47233782706691085 -0.7961237862815201 -0.8915893922183034 -0.5322487296857816 -0.1704369813727195 -0.5626735105994526 -0.5880094155929991 -0.9071146907978449 -0.5072821786753171 -0.9897758622186063 0.7435197576988091 -0.9953460441770877 -0.17220623804169793 -0.5636926174201371 -0.5977986064549289 -0.6174510366993904 
0.7763632504658882 0.6231807145343009 -0.8065489920581175 0.4919266765943409 0.9288175983023386 0.93488853467851 0.45983013080332624 0.0668642072284506 0.2510051554735595 0.07391994252590078 0.21898027353346272 -0.05774917901076557 -0.012065263299947325 -0.41036479592559033 -0.47233782706691085 -0.7961237862815201 -0.8915893922183034 -0.5322487296857816 -0.1704369813727195 -0.5626735105994526 -0.5880094155929991 -0.9071146907978449 -0.5072821786753171 -0.9897758622186063 0.7435197576988091 -0.9953460441770877 -0.17220623804169793 -0.5636926174201371 -0.5977986064549289 -0.6174510366993904 
0.7789232834281054 0.6137635113033995 0.6034058879380788 0.4919266765943409 0.9233392970813213 -0.002888431525760359 0.4503091473133933 0.028230351046095947 -0.6492950519171204 0.27324986739447304 0.21898027353346272 -0.05758000776142982 -0.012065263299947325 -0.4068131679789598 -0.46782401867416407 -0.7904381493029066 -0.822522585890242 -0.5322487296857816 -0.14335345106419717 -0.8232659520419963 -0.9631296268587979 -0.9071146907978449 -0.5099233933010044 -0.7205390356983239 0.2545757890513885 -0.993594465971701 -0.2864850749507856 -0.5636926174201371 -0.564119568063549 -0.6128624516736971 
0.7768715808714038 0.680841064360978 0.6034058879380788 0.4924131202995576 0.9255956506929995 0.9262127594682965 0.4463154912149131 0.028230351046095947 -0.06670893068152428 0.27324986739447304 0.5518557006308584 0.17151091623433792 -0.014321632134278702 -0.4068131679789598 -0.4738230959901499 -0.7904381493029066 -0.822522585890242 -0.5533581148379138 -0.17939981857845497 -0.8187454780399974 0.476770716778929 -0.9119884650890175 -0.5013585945609862 -0.7261636992129574 0.2545757890513885 -0.9835799488248164 -0.3030922510549054 -0.5663769770831241 -0.5705553065695423 -0.6077602141178896 
0.7768715808714038 0.680841064360978 0.6034058879380788 0.4924131202995576 0.9255956506929995 0.9262127594682965 0.4463154912149131 0.028230351046095947 -0.06670893068152428 0.27324986739447304 0.5518557006308584 0.17151091623433792 -0.014321632134278702 -0.4068131679789598 -0.4738230959901499 -0.7904381493029066 -0.822522585890242 -0.5533581148379138 -0.17939981857845497 -0.8187454780399974 0.476770716778929 -0.9119884650890175 -0.5013585945609862 -0.7261636992129574 0.2545757890513885 -0.9835799488248164 -0.3030922510549054 -0.5663769770831241 -0.5705553065695423 -0.6077602141178896 
0.7789232834281054 0.6137635113033995 0.6034058879380788 0.4919266765943409 0.9233392970813213 -0.002888431525760359 0.4503091473133933 0.028230351046095947 -0.6492950519171204 0.27324986739447304 0.21898027353346272 -0.05758000776142982 -0.012065263299947325 -0.4068131679789598 -0.46782401867416407 -0.7904381493029066 -0.822522585890242 -0.5322487296857816 -0.14335345106419717 -0.8232659520419963 -0.9631296268587979 -0.9071146907978449 -0.5099233933010044 -0.7205390356983239 0.2545757890513885 -0.993594465971701 -0.2864850749507856 -0.5636926174201371 -0.564119568063549 -0.6128624516736971 
0.7479534069035021 0.694066888078496 0.8041723026711306 0.47930736927262724 0.9259834210131948 0.9288927602449418 0.9799982202804137 0.428359992649212 -0.06670893068152428 0.26790567926440456 0.5682208668521053 0.17548151073410997 -0.6240742610612156 -0.19984272639391615 -0.4759443262613838 0.08131863389731982 -0.5388340587929846 -0.5515992831417598 -0.17939981857845497 -0.5525826891218649 0.47283172563960113 -0.8975911259830622 -0.7116421621819424 -0.9940764238057159 0.3293608785547628 -0.8207397686455451 -0.09384855948025835 -0.5633057835272298 -0.5803262894492865 -0.631446191619757 
0.7479534069035021 0.694066888078496 0.8041723026711306 0.47930736927262724 0.9259834210131948 0.9288927602449418 0.9799982202804137 0.428359992649212 -0.06670893068152428 0.26790567926440456 0.5682208668521053 0.17548151073410997 -0.6240742610612156 -0.19984272639391615 -0.4759443262613838 0.08131863389731982 -0.5388340587929846 -0.5515992831417598 -0.17939981857845497 -0.5525826891218649 0.47283172563960113 -0.8975911259830622 -0.7116421621819424 -0.9940764238057159 0.3293608785547628 -0.8207397686455451 -0.09384855948025835 -0.5633057835272298 -0.5803262894492865 -0.631446191619757 
0.7801668392829534 0.6926426840358475 0.2183982735818253 0.4924131202995576 0.09900300246975692 -0.005654973732829449 0.46065087354600054 0.028230351046095947 0.014026180611855121 0.2787606785868851 0.5440651833936664 -0.04491295128158282 -0.02162210943961498 -0.41512964522150086 -0.4676973661884635 -0.7904381493029066 -0.822522585890242 -0.3793694791477328 -0.14627972071442452 -0.6101035102388424 -0.5983530996006784 -0.909271846311121 -0.5013585945609862 -0.5441871354961021 0.2458019948991178 -0.9949424081367949 -0.3030922510549054 -0.5494365093568444 -0.5705553065695423 -0.5101780974677177 
0.7679154941202341 0.6977597687706831 0.8041723026711306 0.48909478548880103 0.9259834210131948 0.9243612599040393 0.4445553965697902 0.05913892600114805 -0.06670893068152428 0.264733228013595 0.5594276907271547 0.17984198255242712 0.06369950917100242 -0.4033413411486278 -0.4759443262613838 -0.7870877243305906 -0.8259720025486663 -0.5515992831417598 -0.17939981857845497 -0.5716574060102403 0.476770716778929 -0.9003438289594192 -0.4987941965577952 -0.7261636992129574 -0.6591174747295131 -0.5457623285595434 -0.09384855948025835 -0.5633057835272298 -0.019599505818148927 -0.5169765095616492 
0.7679154941202341 0.6977597687706831 0.8041723026711306 0.48909478548880103 0.9259834210131948 0.9243612599040393 0.4445553965697902 0.05913892600114805 -0.06670893068152428 0.264733228013595 0.5594276907271547 0.17984198255242712 0.06369950917100242 -0.4033413411486278 -0.4759443262613838 -0.7870877243305906 -0.8259720025486663 -0.5515992831417598 -0.17939981857845497 -0.5716574060102403 0.476770716778929 -0.9003438289594192 -0.4987941965577952 -0.7261636992129574 -0.6591174747295131 -0.5457623285595434 -0.09384855948025835 -0.5633057835272298 -0.019599505818148927 -0.5169765095616492 
0.7801668392829534 0.6926426840358475 0.2183982735818253 0.4924131202995576 0.09900300246975692 -0.005654973732829449 0.46065087354600054 0.028230351046095947 0.014026180611855121 0.2787606785868851 0.5440651833936664 -0.04491295128158282 -0.02162210943961498 -0.41512964522150086 -0.4676973661884635 -0.7904381493029066 -0.822522585890242 -0.3793694791477328 -0.14627972071442452 -0.6101035102388424 -0.5983530996006784 -0.909271846311121 -0.5013585945609862 -0.5441871354961021 0.2458019948991178 -0.9949424081367949 -0.3030922510549054 -0.5494365093568444 -0.5705553065695423 -0.5101780974677177 
0.7531590391655453 0.7003092670321465 0.8041723026711306 0.48909478548880103 0.6542492969054384 0.44808748283571287 0.9669510589504281 0.4287997892079548 0.5407835709910587 0.26412191305673655 0.21423027877763604 0.17984198255242712 -0.022938810035141987 0.4540108366715079 -0.28241229597547884 0.10225544760694946 -0.6705438354841802 -0.38519314445131964 -0.03188053640602912 -0.5616133139829353 0.46454981445504084 -0.8994894246260406 -0.7177649172835878 -0.9861249130511954 0.3293608785547628 -0.5283391796919079 -0.7079343594057905 -0.7426816827719124 -0.580809916639473 -0.5083351318542678 
0.7531590391655453 0.7003092670321465 0.8041723026711306 0.48909478548880103 0.6542492969054384 0.44808748283571287 0.9669510589504281 0.4287997892079548 0.5407835709910587 0.26412191305673655 0.21423027877763604 0.17984198255242712 -0.022938810035141987 0.4540108366715079 -0.28241229597547884 0.10225544760694946 -0.6705438354841802 -0.38519314445131964 -0.03188053640602912 -0.5616133139829353 0.46454981445504084 -0.8994894246260406 -0.7177649172835878 -0.9861249130511954 0.3293608785547628 -0.5283391796919079 -0.7079343594057905 -0.7426816827719124 -0.580809916639473 -0.5083351318542678 
0.7531590391655453 0.6977597687706831 0.8041723026711306 0.48909478548880103 0.6542492969054384 0.4536367444450418 0.4445553965697902 0.4287997892079548 0.5407835709910587 0.26412191305673655 0.21423027877763604 0.17984198255242712 0.07098171550391932 -0.4647346401913661 -0.28241229597547884 0.11049980164598572 -0.8186344306281461 -0.3848590627679209 -0.03188053640602912 -0.5633307747573945 0.476770716778929 -0.9003438289594192 -0.4987941965577952 -0.9861249130511954 -0.6673425612872027 -0.5358377555711107 -0.7113012524090871 -0.5633057835272298 -0.580809916639473 -0.5074791151981639 
0.7442381741757774 0.7601784188350307 0.8041214161728205 0.4886630879456568 0.6542492969054384 0.4514473853800156 0.970610971270461 0.425079149568816 0.7817310945674034 0.2811547883690121 0.2133927707295416 0.17984198255242712 -0.016426719243769827 0.4540108366715079 -0.28241229597547884 0.08383622987118938 -0.6683692703057325 -0.38359146149716583 -0.02776711637337801 -0.5554752322461864 -0.585264546425919 -0.258773531602946 -0.5068609022515641 -0.9861249130511954 0.33252537079047867 -0.5283391796919079 -0.7079343594057905 -0.7426816827719124 -0.5749241411327503 -0.5101780974677177 
0.7652392525560603 0.6970869169852894 0.8020986447302512 0.497785309921651 0.6519117613441512 0.9288927602449418 0.9737433103111972 0.08097152410709735 0.6663556312862289 0.27601116637374634 0.4877255408364324 0.19325276285871068 -0.01611025507940695 0.4540108366715079 -0.6954555319244813 0.08848987568487222 -0.4792146638189657 -0.373722142801814 -0.03867859269471844 -0.5524764118891785 -0.6011197420536158 -0.9001930039477712 -0.7177649172835878 -0.7282157765629537 0.3293608785547628 -0.536845648471636 -0.7206714136120925 -0.7238909626192493 -0.8383737269362462 -0.631446191619757 
0.7514582912039622 0.6970869169852894 0.8041723026711306 0.474513755137638 0.6542492969054384 0.9243612599040393 0.9669510589504281 0.4286479413855307 0.5701415963894207 0.272187706546838 0.559869024046776 0.17466563166935334 0.5703943688914339 0.4540108366715079 -0.28241229597547884 0.08848987568487222 -0.6798913525184983 -0.379506761978633 -0.01849294168812369 -0.5616133139829353 -0.5984236021409763 -0.8994894246260406 -0.7177649172835878 -0.26428841972164696 0.3293608785547628 -0.5412083538292967 -0.7206714136120925 -0.7350056569061918 -0.5749241411327503 -0.5115541289804484 
0.7649604631167988 0.6530910365513812 0.6663992101827965 0.7529937508961354 -0.01223619046168234 0.21472625155305805 0.3683714669194649 0.4080351617302549 0.2191637125251401 0.2602580804903498 0.19817735002344114 -0.06134071494278915 0.07138663748188913 -0.4033413411486278 -0.48577493766007407 -0.7870877243305906 -0.8155404055734482 -0.43775501595672106 -0.17939981857845497 -0.2601403335645068 -0.6121919889900471 -0.9742756998885556 -0.6661693962292099 -0.7261636992129574 -0.6646002141849788 -0.5457623285595434 -0.5122880165488877 -0.7421832163232236 -0.019599505818148927 -0.5260241380738635 
0.7442381741757774 0.6961994128713986 0.8114955502275621 0.4827542004088274 0.6549158492438323 0.44808748283571287 0.9669510589504281 0.8701433733896873 0.6477231274005385 0.28119808217632253 0.5594276907271547 0.18016998062690365 -0.013398128239194396 0.4540108366715079 -0.28241229597547884 0.08056587988703823 -0.6705438354841802 -0.38359146149716583 -0.022506902096039425 -0.6783218916958769 0.4828696190599945 -0.258773531602946 -0.7177649172835878 -0.9861249130511954 -0.6591174747295131 -0.536845648471636 -0.7174895338238673 -0.7504900761074306 -0.019599505818148927 -0.5101780974677177 
0.7531590391655453 0.6977597687706831 0.8041723026711306 0.48909478548880103 0.6542492969054384 0.4536367444450418 0.4445553965697902 0.4287997892079548 0.5407835709910587 0.26412191305673655 0.21423027877763604 0.17984198255242712 0.07098171550391932 -0.4647346401913661 -0.28241229597547884 0.11049980164598572 -0.8186344306281461 -0.3848590627679209 -0.03188053640602912 -0.5633307747573945 0.476770716778929 -0.9003438289594192 -0.4987941965577952 -0.9861249130511954 -0.6673425612872027 -0.5358377555711107 -0.7113012524090871 -0.5633057835272298 -0.580809916639473 -0.5074791151981639 
0.7442381741757774 0.6861411646271907 0.805430268841613 0.49661152815428605 0.6542492969054384 0.916130046963107 0.9886760058785037 0.4074833739588614 0.6524384353415994 0.2722652208157378 0.3703161346278614 0.1753977119433666 -0.02525471056231758 0.4518620256288822 0.800445518281355 -0.12797365840541694 -0.5279050386121684 -0.38359146149716583 -0.04147990313291907 -0.6739692393164273 -0.5848760080451808 -0.8994894246260406 -0.5153310485188866 -0.9919875945967327 0.32532939208187006 -0.8212574280732713 -0.7156085583108319 -0.74292920787459 -0.8059138594411915 -0.6164774241142026 
0.7442381741757774 0.694066888078496 0.8041723026711306 0.48909478548880103 0.6542492969054384 0.45520720992731245 0.970610971270461 0.425079149568816 0.6524384353415994 0.272187706546838 0.5594276907271547 0.17984198255242712 -0.013398128239194396 0.4540108366715079 -0.28216856586192907 0.08848987568487222 -0.674961654980464 -0.38359146149716583 -0.02776711637337801 -0.6739692393164273 -0.6066362845879386 -0.258773531602946 -0.7177649172835878 -0.9861249130511954 0.3293608785547628 -0.536845648471636 -0.7174895338238673 -0.7350056569061918 -0.5749241411327503 -0.5101780974677177 
0.7442381741757774 0.6861411646271907 0.805430268841613 0.49661152815428605 0.6542492969054384 0.916130046963107 0.9886760058785037 0.4074833739588614 0.6524384353415994 0.2722652208157378 0.3703161346278614 0.1753977119433666 -0.02525471056231758 0.4518620256288822 0.800445518281355 -0.12797365840541694 -0.5279050386121684 -0.38359146149716583 -0.04147990313291907 -0.6739692393164273 -0.5848760080451808 -0.8994894246260406 -0.5153310485188866 -0.9919875945967327 0.32532939208187006 -0.8212574280732713 -0.7156085583108319 -0.74292920787459 -0.8059138594411915 -0.6164774241142026 
0.7442381741757774 0.6987531678580384 0.842229125684873 0.48909478548880103 0.6519117613441512 0.9288927602449418 0.6178277198460114 0.05763389997036314 0.21454381664807548 0.17218130065857185 0.2133927707295416 0.1748290898273262 -0.01611025507940695 -0.2024092841187546 -0.279710802581764 -0.12797365840541694 -0.8098994508355044 -0.38853609698896446 -0.027851907157008693 -0.5525826891218649 -0.585264546425919 -0.255469814182976 -0.7177649172835878 -0.5522970880245802 0.32532939208187006 -0.8207397686455451 -0.7263388893481691 -0.7307007477212064 -0.8143090733678093 -0.631446191619757 
0.7652392525560603 0.641253462400183 0.805430268841613 0.497785309921651 0.6542492969054384 0.916130046963107 0.43581489353714986 0.08097152410709735 0.6524384353415994 0.27601116637374634 0.4827387388376849 0.18884706740042898 -0.02525471056231758 0.4540108366715079 -0.11464977883865214 -0.6218881599754833 -0.4792146638189657 -0.373722142801814 -0.03867859269471844 -0.5630988234989059 -0.8016875119424292 -0.9072260949992733 -0.525186562704658 -0.7282157765629537 -0.6592127674344607 -0.9873226211996595 -0.16262422814501967 -0.7350056569061918 -0.8358887809953599 -0.6212504434358378 
0.7649604631167988 0.6530910365513812 0.6663992101827965 0.7529937508961354 -0.01223619046168234 0.21472625155305805 0.3683714669194649 0.4080351617302549 0.2191637125251401 0.2602580804903498 0.19817735002344114 -0.06134071494278915 0.07138663748188913 -0.4033413411486278 -0.48577493766007407 -0.7870877243305906 -0.8155404055734482 -0.43775501595672106 -0.17939981857845497 -0.2601403335645068 -0.6121919889900471 -0.9742756998885556 -0.6661693962292099 -0.7261636992129574 -0.6646002141849788 -0.5457623285595434 -0.5122880165488877 -0.7421832163232236 -0.019599505818148927 -0.5260241380738635 
0.7436678394261331 0.6690516878530837 0.8377373318086054 0.5005009585939523 0.773973246579173 0.468635163707657 0.4591508140149589 0.8701433733896873 0.6497671984339904 0.4222324062574559 0.3636323742812781 -0.1306402915915514 -0.01566104457997372 -0.19965615905281284 0.2024937875502406 0.08131863389731982 0.38970280332234 -0.4344034705712345 -0.30920053287083443 -0.6739726305348539 -0.5889493106035004 -0.2591941311193804 -0.5157302190645123 -0.9923592426106198 -0.6550732172671505 -0.8173043546870061 -0.7257831426227109 -0.7467162965766819 -0.819276977858119 -0.6256993498135026 
0.7442381741757774 0.6987531678580384 0.842229125684873 0.48909478548880103 0.6519117613441512 0.9288927602449418 0.6178277198460114 0.05763389997036314 0.21454381664807548 0.17218130065857185 0.2133927707295416 0.1748290898273262 -0.01611025507940695 -0.2024092841187546 -0.279710802581764 -0.12797365840541694 -0.8098994508355044 -0.38853609698896446 -0.027851907157008693 -0.5525826891218649 -0.585264546425919 -0.255469814182976 -0.7177649172835878 -0.5522970880245802 0.32532939208187006 -0.8207397686455451 -0.7263388893481691 -0.7307007477212064 -0.8143090733678093 -0.631446191619757 
0.7436678394261331 0.6690516878530837 0.8377373318086054 0.5005009585939523 0.773973246579173 0.468635163707657 0.4591508140149589 0.8701433733896873 0.6497671984339904 0.4222324062574559 0.3636323742812781 -0.1306402915915514 -0.01566104457997372 -0.19965615905281284 0.2024937875502406 0.08131863389731982 0.38970280332234 -0.4344034705712345 -0.30920053287083443 -0.6739726305348539 -0.5889493106035004 -0.2591941311193804 -0.5157302190645123 -0.9923592426106198 -0.6550732172671505 -0.8173043546870061 -0.7257831426227109 -0.7467162965766819 -0.819276977858119 -0.6256993498135026 
0.7614265691850591 0.6978378809687772 0.805430268841613 0.497785309921651 0.9282611984406652 0.916130046963107 0.9886760058785037 0.4074833739588614 0.6524384353415994 0.2722652208157378 0.3703161346278614 0.17984198255242712 -0.02525471056231758 0.8471498282414562 -0.2791168671763151 0.2197546559720811 -0.5301414194050383 -0.3812753407356937 -0.03499784985103996 -0.5616133139829353 -0.7937824832129761 -0.8994894246260406 -0.5153310485188866 -0.7282157765629537 -0.6528776357608597 -0.548475604879508 -0.09384855948025835 -0.7350056569061918 -0.5749241411327503 -0.6164774241142026 
0.7642443800085487 0.687765884687441 0.805430268841613 0.7667101804579111 0.6488852320149279 0.9231887128343425 0.9886760058785037 0.41636430376357525 0.2191637125251401 0.2787606785868851 0.3703161346278614 -0.11628747146418672 -0.23928351875764461 -0.41512964522150086 -0.1168542630066164 0.6337983772179037 -0.822522585890242 -0.45253467252127216 -0.01849294168812369 -0.6970575453479095 -0.6023673358582475 -0.8165387504149102 -0.5153310485188866 -0.9926858209840729 -0.6646002141849788 -0.548475604879508 -0.5122880165488877 -0.7421832163232236 -0.8222314007145284 -0.5991131310579256 
0.7642443800085487 0.687765884687441 0.805430268841613 0.7667101804579111 0.6488852320149279 0.9231887128343425 0.9886760058785037 0.41636430376357525 0.2191637125251401 0.2787606785868851 0.3703161346278614 -0.11628747146418672 -0.23928351875764461 -0.41512964522150086 -0.1168542630066164 0.6337983772179037 -0.822522585890242 -0.45253467252127216 -0.01849294168812369 -0.6970575453479095 -0.6023673358582475 -0.8165387504149102 -0.5153310485188866 -0.9926858209840729 -0.6646002141849788 -0.548475604879508 -0.5122880165488877 -0.7421832163232236 -0.8222314007145284 -0.5991131310579256 
0.7652392525560603 0.6415572216127422 0.8188603266329713 0.4912597076584811 0.6474950047245225 0.2096887590809869 0.43581489353714986 0.08097152410709735 0.23170708539563378 0.059635927576315535 0.35208166851007755 -0.13236552238764604 -0.018545592630589885 -0.1868918095237764 -0.11670525112943927 0.08381711827809994 -0.6811490720755137 -0.3623247914643921 -0.014621098247107668 -0.5743096208033573 -0.6066362845879386 -0.2558465561403962 -0.31333698843833485 -0.3063525576982158 -0.6592127674344607 -0.9873226211996595 -0.5274613158211007 -0.7365873837604733 -0.8358887809953599 -0.531387065443976 
0.7484178275420565 0.6739251221496199 0.834294489702806 0.497785309921651 0.6502548184097791 0.913418336636248 0.436838950526625 0.4225543529110326 0.6524384353415994 0.4316844156662345 0.3547809811774618 -0.13096650996422438 -0.013398128239194396 -0.1881458462990604 -0.11593642756344817 0.08565699585948917 0.4224434323221591 -0.36679586905983763 -0.02408169088318257 -0.5630988234989059 0.05672740564461747 -0.258773531602946 -0.7273627563009691 -0.9923592426106198 -0.6592127674344607 -0.24586914004083815 -0.16262422814501967 -0.7350056569061918 -0.8098429496899412 -0.5101780974677177 
0.4230589525410829 0.6587577866720402 0.22560516360070437 0.48909478548880103 0.6474950047245225 0.4530950922690521 0.4677546765195617 0.05849599927183904 0.653020655902529 0.2808227033155247 0.20307044883735362 0.18920645692929403 -0.02525471056231758 -0.19179186143231608 -0.11093853638059555 -0.7703994974039996 -0.5362749357037468 -0.3797637293507415 -0.01849294168812369 -0.6739692393164273 -0.5339831595649035 -0.909271846311121 -0.011831900952200708 -0.9815705241208907 -0.4749203136354565 -0.536845648471636 -0.7257831426227109 -0.7286356735893295 -0.5766443422579116 -0.5110247141190121 
0.7652392525560603 0.641253462400183 0.805430268841613 0.497785309921651 0.6542492969054384 0.916130046963107 0.43581489353714986 0.08097152410709735 0.6524384353415994 0.27601116637374634 0.4827387388376849 0.18884706740042898 -0.02525471056231758 0.4540108366715079 -0.11464977883865214 -0.6218881599754833 -0.4792146638189657 -0.373722142801814 -0.03867859269471844 -0.5630988234989059 -0.8016875119424292 -0.9072260949992733 -0.525186562704658 -0.7282157765629537 -0.6592127674344607 -0.9873226211996595 -0.16262422814501967 -0.7350056569061918 -0.8358887809953599 -0.6212504434358378 
0.42206858430672 0.6502746106249064 0.8179590164521652 0.7529937508961354 0.7699535704641166 0.21472625155305805 0.43581489353714986 0.4340062880269752 0.21816168157329446 0.4222324062574559 -0.47336668913223257 0.18920645692929403 -0.02525471056231758 0.4540108366715079 -0.1241908138454114 0.08131863389731982 -0.5396893276996415 -0.38920262353949214 -0.29051541859821917 -0.6939930426754486 -0.5404821545289147 -0.957966797919624 -0.704036760048299 -0.9856149943745561 -0.6614579531743721 -0.5405031280978307 -0.5314564596457448 -0.7365873837604733 -0.8300038896453705 -0.6174510366993904 
0.42206858430672 0.6502746106249064 0.8179590164521652 0.7529937508961354 0.7699535704641166 0.21472625155305805 0.43581489353714986 0.4340062880269752 0.21816168157329446 0.4222324062574559 -0.47336668913223257 0.18920645692929403 -0.02525471056231758 0.4540108366715079 -0.1241908138454114 0.08131863389731982 -0.5396893276996415 -0.38920262353949214 -0.29051541859821917 -0.6939930426754486 -0.5404821545289147 -0.957966797919624 -0.704036760048299 -0.9856149943745561 -0.6614579531743721 -0.5405031280978307 -0.5314564596457448 -0.7365873837604733 -0.8300038896453705 -0.6174510366993904 
0.41992509348872453 0.6561588254076195 0.6663992101827965 0.7667101804579111 -0.01223619046168234 0.927802227139388 0.3657678966188714 0.4138127219613546 0.014026180611855121 0.2787606785868851 0.19817735002344114 -0.05328532475619692 -0.018545592630589885 -0.41512964522150086 -0.11408705484468205 0.09920631666283668 -0.822522585890242 -0.45149216957047056 -0.289142781423681 -0.6117853399039128 -0.5983530996006784 -0.9079876925559235 -0.6711533577224416 -0.29857442795252853 -0.6646002141849788 -0.5501718213141867 -0.5122880165488877 -0.7421832163232236 -0.8291541510703728 -0.5260241380738635 
0.75707448188674 0.6610665448446001 0.8377373318086054 0.48737569593670227 0.7699535704641166 0.2096887590809869 0.43581489353714986 0.08097152410709735 0.21816168157329446 0.4222324062574559 0.35006170063539926 0.029105928471379622 -0.014355056696878038 0.4396462211857386 -0.11408705484468205 -0.12656968763210918 0.38970280332234 -0.43518683433353283 -0.29373685085316203 -0.6939930426754486 -0.5058277480740381 -0.2591941311193804 -0.5157302190645123 -0.9887193740922878 -0.6592127674344607 -0.8187727013237094 -0.5314564596457448 -0.7365873837604733 -0.8113305295755363 -0.6174510366993904 
0.4230589525410829 0.6610665448446001 0.8377373318086054 0.49367293998463413 0.7640164015638797 0.4706068426497263 0.4591508140149589 0.05849599927183904 0.6497671984339904 0.4222324062574559 0.3636323742812781 -0.13096650996422438 -0.01566104457997372 -0.19179186143231608 -0.34004562995645715 0.08131863389731982 0.38970280332234 -0.4344034705712345 -0.30310940935282676 -0.675513491448173 -0.5934350389979983 -0.2591941311193804 -0.5157302190645123 -0.9815705241208907 -0.6550732172671505 -0.8173043546870061 -0.7257831426227109 -0.7282922142753651 -0.819276977858119 -0.6174510366993904 
0.41992509348872453 0.6561588254076195 0.6663992101827965 0.7667101804579111 -0.01223619046168234 0.927802227139388 0.3657678966188714 0.4138127219613546 0.014026180611855121 0.2787606785868851 0.19817735002344114 -0.05328532475619692 -0.018545592630589885 -0.41512964522150086 -0.11408705484468205 0.09920631666283668 -0.822522585890242 -0.45149216957047056 -0.289142781423681 -0.6117853399039128 -0.5983530996006784 -0.9079876925559235 -0.6711533577224416 -0.29857442795252853 -0.6646002141849788 -0.5501718213141867 -0.5122880165488877 -0.7421832163232236 -0.8291541510703728 -0.5260241380738635 
0.4230589525410829 0.6479408114539071 0.8020950045894342 0.49473929285430096 0.6607085529270991 0.2096887590809869 0.4338115529346573 0.08097152410709735 0.23373646025225908 0.7480886040907861 0.3371698056787644 -0.00590874520964285 -0.23509060859637554 -0.19026079344730817 -0.12151444447096374 -0.40220133173702227 0.38970280332234 -0.4361729213790376 -0.01849294168812369 -0.5743096208033573 0.07248627829186942 -0.26480494844319935 -0.5176388404797463 -0.9956371805264453 -0.5419823305158846 -0.8560627554128143 -0.521577269121637 -0.7365873837604733 -0.8191984825074587 -0.5998627431665462 
0.42206858430672 0.6583774171595881 0.8115950312327503 0.7529937508961354 0.17073313671276025 0.21472625155305805 0.43247990592777513 0.43710532106230854 0.6554921795502243 0.7480886040907861 0.34367165071399963 -0.10765874662730357 -0.017075822357034948 0.4540108366715079 -0.12644130559592337 0.08131863389731982 -0.6856254425446091 -0.43775501595672106 -0.017000999051408783 -0.6939930426754486 -0.62134727229939 -0.957966797919624 -0.704036760048299 -1.0 -0.6617416033730922 -0.5405031280978307 -0.5134339814512177 -0.7274171800684484 -0.8305927513811328 -0.5998627431665462 
0.426286901188636 0.6627591955396123 0.8281374498924117 0.49658086568255416 0.6488852320149279 0.4283749872699862 0.4294564060157644 0.4293089620634234 0.2191637125251401 0.4297592289606897 0.35006170063539926 -0.11628747146418672 -0.23928351875764461 -0.2024092841187546 -0.11587788047968225 -0.12797365840541694 -0.4792146638189657 -0.4519660986262868 -0.01849294168812369 -0.7015158767230789 -0.6121919889900471 -0.8188246774229766 -0.507488172067116 -0.9926858209840729 -0.6592127674344607 -0.5479943128184472 -0.2407102004640651 -0.7365873837604733 -0.8143090733678093 -0.5991131310579256 
0.426286901188636 0.6627591955396123 0.8281374498924117 0.49658086568255416 0.6488852320149279 0.4283749872699862 0.4294564060157644 0.4293089620634234 0.2191637125251401 0.4297592289606897 0.35006170063539926 -0.11628747146418672 -0.23928351875764461 -0.2024092841187546 -0.11587788047968225 -0.12797365840541694 -0.4792146638189657 -0.4519660986262868 -0.01849294168812369 -0.7015158767230789 -0.6121919889900471 -0.8188246774229766 -0.507488172067116 -0.9926858209840729 -0.6592127674344607 -0.5479943128184472 -0.2407102004640651 -0.7365873837604733 -0.8143090733678093 -0.5991131310579256 
0.4361011286548636 0.6530910365513812 0.8020950045894342 0.7529937508961354 0.6531086490976663 0.21472625155305805 0.4338115529346573 0.08097152410709735 0.2191637125251401 0.7480886040907861 0.35543178507786444 -0.10334986583086023 -0.017075822357034948 -0.19348457045693654 -0.13824888608380861 -0.40220133173702227 -0.4728603158603674 -0.43775501595672106 -0.08258887191992703 -0.253326915374404 -0.6121919889900471 -0.964577215516876 -0.5157302190645123 -1.0 -0.5419823305158846 -0.8560627554128143 -0.2407102004640651 -0.7365873837604733 -0.8113305295755363 -0.5912603583260694 
0.426286901188636 0.6627591955396123 0.8825658110261903 0.750554971044819 0.6488852320149279 0.42916533119552214 0.43875111983853055 0.4293089620634234 0.2191637125251401 0.4297592289606897 0.3401717028177506 -0.09972294533131065 -0.23928351875764461 -0.1936712812745889 -0.11587788047968225 -0.6175383905302804 -0.48849234758256704 -0.43818769558169657 -0.009691442448094466 -0.6936389807767104 -0.6121919889900471 -0.8284339603746351 -0.5157302190645123 -0.9926858209840729 -0.6592127674344607 -0.5463727682489415 -0.2407102004640651 -0.738201059328749 -0.8143090733678093 -0.5991131310579256 
0.4255215154136805 0.42565444991847995 0.8266168433858468 0.7464562971142 0.6488852320149279 0.42684748580476145 0.428960156616087 0.44269910603287066 0.22533585143238138 0.6948310407307561 0.18901045091076787 -0.09972294533131065 -0.009132734371079745 0.027266397534844167 -0.12784493531672597 0.08131863389731982 -0.6759632572627863 -0.29036229691170745 -0.01849294168812369 -0.253326915374404 -0.5293104574439209 -0.9554882886644468 -0.6645494023816696 -0.3082249751686826 -0.6433057408589568 -0.5511151712475839 -0.7589950923688825 -0.7099964359997644 -0.8091948431898108 -0.8456933297200859 
0.4361011286548636 0.6530910365513812 0.8020950045894342 0.7529937508961354 0.6531086490976663 0.21472625155305805 0.4338115529346573 0.08097152410709735 0.2191637125251401 0.7480886040907861 0.35543178507786444 -0.10334986583086023 -0.017075822357034948 -0.19348457045693654 -0.13824888608380861 -0.40220133173702227 -0.4728603158603674 -0.43775501595672106 -0.08258887191992703 -0.253326915374404 -0.6121919889900471 -0.964577215516876 -0.5157302190645123 -1.0 -0.5419823305158846 -0.8560627554128143 -0.2407102004640651 -0.7365873837604733 -0.8113305295755363 -0.5912603583260694 
0.4361011286548636 0.6627591955396123 0.8266168433858468 0.7464562971142 0.6488852320149279 0.4283749872699862 0.43875111983853055 0.4293089620634234 0.2191637125251401 0.41888077144917085 0.3579328379756341 -0.09972294533131065 -0.23928351875764461 0.4535875573062292 -0.12138440509040999 -0.6168868125196887 -0.4728603158603674 -0.352877455662487 -0.01849294168812369 -0.253326915374404 -0.6121919889900471 -0.8284339603746351 -0.5157302190645123 -0.9916688180908053 -0.6516644569556421 -0.5479943128184472 -0.2407102004640651 -0.738201059328749 -0.8113305295755363 -0.5991131310579256 
0.43411962355673117 0.4180180208165833 0.6462964022865341 0.49658086568255416 0.7699535704641166 0.4227993876303039 0.44193732203620545 0.08097152410709735 0.21816168157329446 0.42785824801679373 0.34367165071399963 -0.13392025817701378 -0.23509060859637554 -0.2024092841187546 -0.12531059185562982 -0.12797365840541694 -0.6917666926443666 -0.42977678607175157 -0.2946365140430867 -0.7015158767230789 -0.639274513834927 -0.24568507737411294 -0.5157302190645123 -0.9926858209840729 -0.6592127674344607 -0.8187727013237094 -0.2407102004640651 -0.7436710829934197 -0.8113305295755363 -0.541530491407154 
0.426286901188636 0.6627591955396123 0.8825658110261903 0.750554971044819 0.6488852320149279 0.42916533119552214 0.43875111983853055 0.4293089620634234 0.2191637125251401 0.4297592289606897 0.3401717028177506 -0.09972294533131065 -0.23928351875764461 -0.1936712812745889 -0.11587788047968225 -0.6175383905302804 -0.48849234758256704 -0.43818769558169657 -0.009691442448094466 -0.6936389807767104 -0.6121919889900471 -0.8284339603746351 -0.5157302190645123 -0.9926858209840729 -0.6592127674344607 -0.5463727682489415 -0.2407102004640651 -0.738201059328749 -0.8143090733678093 -0.5991131310579256 
0.7561906653117163 0.6583774171595881 0.8206776687065482 0.7398782017269162 0.7699535704641166 0.21411841225516187 0.4297732007406602 0.08097152410709735 0.21828327141437237 0.10038813612222812 0.3373963359991501 0.029105928471379622 -0.01723927167153026 0.4396462211857386 -0.11408705484468205 0.08131863389731982 -0.6856254425446091 -0.43657635735213807 -0.29373685085316203 -0.3612531932434091 -0.6254043681750826 -0.05662254674987374 -0.5157302190645123 -0.9803796727700577 -0.6646002141849788 -0.5405031280978307 -0.5134339814512177 -0.7274171800684484 -0.8299447936859844 -0.6010455355593911 
0.42206858430672 0.6583774171595881 0.8115950312327503 0.7529937508961354 0.17073313671276025 0.21472625155305805 0.43247990592777513 0.43710532106230854 0.6554921795502243 0.7480886040907861 0.34367165071399963 -0.10765874662730357 -0.017075822357034948 0.4540108366715079 -0.12644130559592337 0.08131863389731982 -0.6856254425446091 -0.43775501595672106 -0.017000999051408783 -0.6939930426754486 -0.62134727229939 -0.957966797919624 -0.704036760048299 -1.0 -0.6617416033730922 -0.5405031280978307 -0.5134339814512177 -0.7274171800684484 -0.8305927513811328 -0.5998627431665462 
0.415881337162791 0.6385119754134696 0.8041723026711306 0.7732816840594168 0.7690411348348795 0.4283749872699862 0.43025900790563776 0.06350217965796606 0.22340364605753063 0.7480886040907861 0.352781172248151 -0.007210571700200812 -0.01723927167153026 0.4078928819645513 -0.11587788047968225 0.08131863389731982 -0.6917666926443666 -0.45149216957047056 -0.023572580549566034 -0.6794320899901949 -0.6063272102411088 -0.24406916960333225 -0.3057703115693814 -0.9887193740922878 -0.6637760366757953 -0.5425419100893605 -0.5274613158211007 -0.7196336248121523 -0.8346721265302303 -0.8423233102183864 
0.4265295166974789 0.6298119174655663 0.8041723026711306 0.7447593171258698 0.7746867280630073 0.4283749872699862 0.43581489353714986 0.0616742613636695 0.21127129697124736 0.3818863031478144 0.3500346740653584 0.038690567854715814 -0.01764910675415713 -0.19026079344730817 -0.10432153232341582 0.32530670836458975 -0.17299563583293498 -0.4420540479998428 -0.0128286713902197 -0.6962585617175748 -0.6133355059686976 -0.247450915284165 -0.2995818547427769 -0.9887193740922878 -0.9437787422471873 -0.5350650829583443 -0.5297984209975837 -0.7263202029998551 -0.8358887809953599 -0.8566768702457148 
0.4193149649691621 0.6385119754134696 0.8206776687065482 0.7398782017269162 0.7651233430151908 0.2096887590809869 0.43581489353714986 0.08011800029547934 0.2197287321675924 0.10038813612222812 0.3373963359991501 -0.12420971707858008 -0.01723927167153026 0.4540108366715079 -0.12151444447096374 -0.3999168097753718 -0.493440929971243 -0.352877455662487 -0.29373685085316203 -0.6867339499875259 -0.62134727229939 -0.06354267812322045 -0.7043171860048366 -0.9815078423297866 -0.6598431596161345 -0.8241154004276945 -0.5303108992050842 -0.7401226769126505 -0.8299447936859844 -0.5998627431665462 
0.4255215154136805 0.42565444991847995 0.7909425450865377 0.778341084837832 0.7720934306091639 0.4275480260186078 0.43025900790563776 0.06350217965796606 0.21601133182731638 0.6948310407307561 0.1877069691344176 -0.12420971707858008 -0.009132734371079745 0.4460113005699608 -0.09751800312407367 0.08131863389731982 -0.6741964976118707 -0.46564579071544343 -0.010856900064928782 -0.6867305872812113 -0.5293104574439209 -0.24657122405123053 -0.6645494023816696 -0.9422362013748127 -0.9482292681038166 -0.8496073200050537 -0.7589950923688825 -0.7389134822469393 -0.8091948431898108 -0.8456933297200859 
0.42206858430672 0.6385119754134696 0.8041723026711306 0.7482466832450658 0.7690411348348795 0.4283749872699862 0.43581489353714986 0.4293089620634234 0.2191637125251401 0.05691907422016746 0.3373963359991501 -0.12420971707858008 -0.01723927167153026 0.4540108366715079 -0.11587788047968225 0.08131863389731982 -0.6841916755670352 -0.4420540479998428 -0.01849294168812369 -0.6872470372669992 -0.6121919889900471 -0.24717976935417027 -0.3057703115693814 -0.9887193740922878 -0.6637760366757953 -0.5434096043051588 -0.5274613158211007 -0.7196336248121523 -0.8358887809953599 -0.8566768702457148 
0.41992509348872453 0.4052002520459496 0.8041723026711306 0.7712204144144145 0.7720934306091639 0.4227993876303039 0.43025900790563776 0.06350217965796606 0.22340364605753063 0.06284882244678923 0.3500346740653584 -0.00166514214311144 -0.00801659014268757 0.4460113005699608 -0.11587788047968225 0.08131863389731982 -0.6917666926443666 -0.45149216957047056 -0.01849294168812369 -0.6867305872812113 -0.6121783423559353 -0.24406916960333225 -0.6645494023816696 -0.989985004501857 -0.9535419704438256 -0.8589343976987714 -0.5303108992050842 -0.7196336248121523 -0.8151221220343975 -0.8489998653302068 
0.42206858430672 0.6298119174655663 0.8041723026711306 0.7368706930629383 0.7746867280630073 0.7464507335976902 0.42877634305791373 0.05460343773103771 0.21127129697124736 0.05820171147731157 0.3373963359991501 -0.1266156675628774 -0.01764910675415713 -0.19026079344730817 -0.10432153232341582 0.3158143328897171 -0.6841916755670352 -0.4420540479998428 -0.0128286713902197 -0.6777672005547091 -0.6133355059686976 -0.2534033771919806 -0.3057703115693814 -0.9887193740922878 -0.6637760366757953 -0.5434096043051588 -0.5297984209975837 -0.7196336248121523 -0.832366113107104 -0.8566768702457148 
0.4265295166974789 0.6298119174655663 0.8041723026711306 0.7447593171258698 0.7746867280630073 0.4283749872699862 0.43581489353714986 0.0616742613636695 0.21127129697124736 0.3818863031478144 0.3500346740653584 0.038690567854715814 -0.01764910675415713 -0.19026079344730817 -0.10432153232341582 0.32530670836458975 -0.17299563583293498 -0.4420540479998428 -0.0128286713902197 -0.6962585617175748 -0.6133355059686976 -0.247450915284165 -0.2995818547427769 -0.9887193740922878 -0.9437787422471873 -0.5350650829583443 -0.5297984209975837 -0.7263202029998551 -0.8358887809953599 -0.8566768702457148 
0.4192537875455021 0.4353418280776151 0.7978792881662076 0.7529937508961354 0.17073313671276025 0.4227993876303039 0.43013593227570607 0.44269910603287066 0.22533585143238138 0.7405347433442936 0.18896812925005477 -0.00166514214311144 -0.018554136813225885 0.027266397534844167 -0.10585384520697062 0.08131863389731982 -0.6856254425446091 -0.45909579990921856 -0.2835766543113841 -0.7037531576852427 -0.62134727229939 -0.957966797919624 -0.6711533577224416 -0.29857442795252853 -0.9535419704438256 -0.5405031280978307 -0.7032517646468532 -0.7099964359997644 -0.8151221220343975 -0.8402587271552928 
0.4192537875455021 0.4353418280776151 0.7978792881662076 0.7529937508961354 0.17073313671276025 0.4227993876303039 0.43013593227570607 0.44269910603287066 0.22533585143238138 0.7405347433442936 0.18896812925005477 -0.00166514214311144 -0.018554136813225885 0.027266397534844167 -0.10585384520697062 0.08131863389731982 -0.6856254425446091 -0.45909579990921856 -0.2835766543113841 -0.7037531576852427 -0.62134727229939 -0.957966797919624 -0.6711533577224416 -0.29857442795252853 -0.9535419704438256 -0.5405031280978307 -0.7032517646468532 -0.7099964359997644 -0.8151221220343975 -0.8402587271552928 
0.434100124700399 0.4001374592504967 0.8041723026711306 0.7593559219992106 0.763956170617479 0.4227993876303039 0.43025900790563776 0.4138127219613546 0.22413339805879343 -0.17723981968791502 0.8372449977363501 0.9331270710254558 -0.013625755311243375 -0.18533655870566038 -0.09601609863739549 0.08095534627390126 -0.4318453773449775 -0.45909579990921856 -0.014021957640684141 -0.7015158767230789 -0.6098390800434242 -0.9043398131726592 -0.6788584583142236 -0.28946446133489445 -0.9536062679248574 -0.9692000038943245 -0.7032517646468532 -0.70523171722312 -0.8572364611847392 -0.8566768702457148 
0.4255215154136805 0.42565444991847995 0.8266168433858468 0.7464562971142 0.6488852320149279 0.42684748580476145 0.428960156616087 0.44269910603287066 0.22533585143238138 0.6948310407307561 0.18901045091076787 -0.09972294533131065 -0.009132734371079745 0.027266397534844167 -0.12784493531672597 0.08131863389731982 -0.6759632572627863 -0.29036229691170745 -0.01849294168812369 -0.253326915374404 -0.5293104574439209 -0.9554882886644468 -0.6645494023816696 -0.3082249751686826 -0.6433057408589568 -0.5511151712475839 -0.7589950923688825 -0.7099964359997644 -0.8091948431898108 -0.8456933297200859 
0.4265295166974789 0.6298119174655663 0.8041723026711306 0.7478899434324586 0.7690411348348795 0.4283749872699862 0.43581489353714986 0.06984293391435602 0.21127129697124736 0.3818863031478144 0.3472199648483588 0.03467571315152429 -0.026342181496530226 -0.19026079344730817 -0.10432153232341582 0.32530670836458975 -0.48366065906407546 -0.3739417577543538 -0.013381508114985959 -0.6962585617175748 -0.6188622406622779 -0.24657122405123053 -0.3057703115693814 -0.9887193740922878 -0.9437787422471873 -0.5350650829583443 -0.5274613158211007 -0.7263202029998551 -0.8404896278085263 -0.8566768702457148 
0.42206858430672 0.6298119174655663 0.8041723026711306 0.7368706930629383 0.7746867280630073 0.7464507335976902 0.42877634305791373 0.05460343773103771 0.21127129697124736 0.05820171147731157 0.3373963359991501 -0.1266156675628774 -0.01764910675415713 -0.19026079344730817 -0.10432153232341582 0.3158143328897171 -0.6841916755670352 -0.4420540479998428 -0.0128286713902197 -0.6777672005547091 -0.6133355059686976 -0.2534033771919806 -0.3057703115693814 -0.9887193740922878 -0.6637760366757953 -0.5434096043051588 -0.5297984209975837 -0.7196336248121523 -0.832366113107104 -0.8566768702457148 
0.41992509348872453 0.4052002520459496 0.8041723026711306 0.7712204144144145 0.7720934306091639 0.4227993876303039 0.43025900790563776 0.06350217965796606 0.22340364605753063 0.06284882244678923 0.3500346740653584 -0.00166514214311144 -0.00801659014268757 0.4460113005699608 -0.11587788047968225 0.08131863389731982 -0.6917666926443666 -0.45149216957047056 -0.01849294168812369 -0.6867305872812113 -0.6121783423559353 -0.24406916960333225 -0.6645494023816696 -0.989985004501857 -0.9535419704438256 -0.8589343976987714 -0.5303108992050842 -0.7196336248121523 -0.8151221220343975 -0.8489998653302068 
0.41992509348872453 0.41281486215653107 0.6485989021421801 0.7593559219992106 0.644303034423876 0.9322879450530565 0.3657678966188714 0.4138127219613546 0.23170708539563378 0.4214640881215239 0.19321589120960744 0.029105928471379622 -0.018545592630589885 -0.18294087695638012 -0.10585384520697062 -0.3825251238209487 -0.4369177053242139 -0.45149216957047056 -0.289142781423681 -0.7015158767230789 -0.6044585716724171 -0.9079876925559235 -0.6711533577224416 -0.29857442795252853 -0.9504296968755219 -0.9605666401652213 -0.7032517646468532 -0.7421832163232236 -0.8291541510703728 -0.5260241380738635 
0.4265295166974789 0.42058823962481595 0.8041723026711306 0.7478899434324586 0.7761303575617245 0.4227993876303039 0.4294228764861272 0.07520383132609487 0.20832788348344805 0.7480886040907861 0.3472199648483588 0.45122927720755257 -0.035556156198658165 -0.33449954421976225 -0.10432153232341582 0.32530670836458975 -0.6917666926443666 -0.4450690820371141 -0.007969741152335364 -0.6962585617175748 -0.6188622406622779 -0.24657122405123053 -0.3057703115693814 -0.9887193740922878 -0.9504086718269987 -0.5350650829583443 -0.5303108992050842 -0.7263202029998551 -0.8364537421275339 -0.5316248484785827 
0.41471107628457005 0.41281486215653107 0.6410440555980781 0.7593559219992106 0.7711100562645733 0.922936614780025 0.43009773413234365 0.4078413949046847 0.22157469354596576 0.43063226965086737 0.19877132694819621 0.6073113268636656 -0.017454544258397993 -0.1877384787380639 -0.10585384520697062 -0.372618773079161 -0.4369177053242139 -0.34369419422194564 -0.3003570634667686 -0.4354058005114101 -0.6132449702576013 -0.46216591382633343 -0.6796531142740289 -0.9976303359159077 -0.9535419704438256 -0.9605666401652213 -0.7032517646468532 -0.7401226769126505 -0.830648897126888 -0.5297154831319527 
0.4255215154136805 0.42565444991847995 0.7909425450865377 0.778341084837832 0.7720934306091639 0.4275480260186078 0.43025900790563776 0.06350217965796606 0.21601133182731638 0.6948310407307561 0.1877069691344176 -0.12420971707858008 -0.009132734371079745 0.4460113005699608 -0.09751800312407367 0.08131863389731982 -0.6741964976118707 -0.46564579071544343 -0.010856900064928782 -0.6867305872812113 -0.5293104574439209 -0.24657122405123053 -0.6645494023816696 -0.9422362013748127 -0.9482292681038166 -0.8496073200050537 -0.7589950923688825 -0.7389134822469393 -0.8091948431898108 -0.8456933297200859 
0.4137329044741236 0.40582876122295497 0.657134515733581 0.5061494602125591 0.7711100562645733 0.9322879450530565 0.43025900790563776 0.418198202304478 0.22157469354596576 0.4214640881215239 0.18574733318120248 -0.00166514214311144 -0.020439058328469137 -0.1877384787380639 -0.08978656967084618 0.08329212410609407 -0.41370616885709866 -0.352877455662487 -0.3003570634667686 -0.7053598790447142 -0.6084618670119089 -0.46216591382633343 -0.7042753372387064 -0.9976303359159077 -0.9437787422471873 -0.9591872351695437 -0.740583957711509 -0.7389134822469393 -0.8384306837666888 -0.2534844067246069 
0.41992509348872453 0.4230234960898421 0.8255647697245568 0.7593559219992106 0.9301454916109394 0.20705313954345486 0.3657678966188714 0.0686396624007411 0.20771965018884533 0.4214640881215239 0.18574733318120248 0.024065439251428716 -0.009132734371079745 0.5274132151814861 -0.12844118794812295 -0.39220132763862897 -0.41370616885709866 -0.45445912599875665 -0.29580003048412085 -0.7015158767230789 -0.5120194455886722 -0.46043976756071636 -0.6711533577224416 -0.29857442795252853 -0.9354928322570358 -0.8496073200050537 -0.7589950923688825 -0.7424079143085938 -0.6090553730902393 -0.5260241380738635 
0.4265295166974789 0.4052002520459496 0.6485989021421801 0.7593559219992106 0.7821432983516576 0.4227993876303039 0.43025900790563776 0.4138127219613546 0.21127129697124736 0.3901609121163465 0.3500346740653584 0.038690567854715814 -0.00801659014268757 -0.18294087695638012 -0.09648759015937917 0.32530670836458975 -0.6917666926443666 -0.45149216957047056 -0.0128286713902197 -0.6962585617175748 -0.6133355059686976 -0.247450915284165 -0.6645494023816696 -0.989985004501857 -0.9535419704438256 -0.36833692935785334 -0.7032517646468532 -0.7263202029998551 -0.8302388103871386 -0.536701551726728 
0.41471107628457005 0.40930362141681836 0.6410440555980781 0.7712204144144145 0.7720934306091639 0.4227993876303039 0.43009773413234365 0.06350217965796606 0.22340364605753063 0.4328368213392257 0.3500346740653584 -0.13406640072567622 -0.012030725053227673 -0.1877384787380639 -0.10585384520697062 -0.3823597743385415 -0.44476348794969167 -0.45149216957047056 -0.01849294168812369 -0.6864860154929381 -0.6107828346974581 -0.4559286117565713 -0.6796531142740289 -0.9930317043241818 -0.9537533556488753 -0.8589343976987714 -0.7032517646468532 -0.7401226769126505 -0.8305828493748161 -0.5297154831319527 
0.4265295166974789 0.4009821410402742 0.8284588688853839 0.7587480074701282 0.7742609012311361 0.20538998654725113 0.4352053934367638 0.0686396624007411 0.22766718657327345 0.08107027977018758 0.3493203435064475 0.024234583680963658 -0.005359018390491256 -0.19069294535613823 -0.11674936803559945 -0.3828439390616935 -0.47493530322887595 -0.4560509104978116 -0.30113231238152427 -0.4365560890434154 -0.6007828556635957 -0.24980504311564078 -0.15713940797018378 -0.9853018996411538 -0.9535419704438256 -0.8499534894516843 -0.7032163360236323 -0.7371215033602196 -0.8566774559282655 -0.5009013065677387 
0.41471107628457005 0.41281486215653107 0.6410440555980781 0.7593559219992106 0.7711100562645733 0.922936614780025 0.43009773413234365 0.4078413949046847 0.22157469354596576 0.43063226965086737 0.19877132694819621 0.6073113268636656 -0.017454544258397993 -0.1877384787380639 -0.10585384520697062 -0.372618773079161 -0.4369177053242139 -0.34369419422194564 -0.3003570634667686 -0.4354058005114101 -0.6132449702576013 -0.46216591382633343 -0.6796531142740289 -0.9976303359159077 -0.9535419704438256 -0.9605666401652213 -0.7032517646468532 -0.7401226769126505 -0.830648897126888 -0.5297154831319527 
0.41992509348872453 0.41281486215653107 0.6485989021421801 0.7593559219992106 0.644303034423876 0.9322879450530565 0.3657678966188714 0.4138127219613546 0.23170708539563378 0.4214640881215239 0.19321589120960744 0.029105928471379622 -0.018545592630589885 -0.18294087695638012 -0.10585384520697062 -0.3825251238209487 -0.4369177053242139 -0.45149216957047056 -0.289142781423681 -0.7015158767230789 -0.6044585716724171 -0.9079876925559235 -0.6711533577224416 -0.29857442795252853 -0.9504296968755219 -0.9605666401652213 -0.7032517646468532 -0.7421832163232236 -0.8291541510703728 -0.5260241380738635 
0.41471107628457005 0.40930362141681836 0.6410440555980781 0.7712204144144145 0.7720934306091639 0.4227993876303039 0.43009773413234365 0.06350217965796606 0.22340364605753063 0.4328368213392257 0.3500346740653584 -0.13406640072567622 -0.012030725053227673 -0.1877384787380639 -0.10585384520697062 -0.3823597743385415 -0.44476348794969167 -0.45149216957047056 -0.01849294168812369 -0.6864860154929381 -0.6107828346974581 -0.4559286117565713 -0.6796531142740289 -0.9930317043241818 -0.9537533556488753 -0.8589343976987714 -0.7032517646468532 -0.7401226769126505 -0.8305828493748161 -0.5297154831319527 
0.4265295166974789 0.4081975556608917 0.6410440555980781 0.7593559219992106 0.7761765880500596 0.2096887590809869 0.44048913494623904 0.4078413949046847 0.19630993363868943 0.39768871503418757 0.3493203435064475 0.024234583680963658 -0.00801659014268757 -0.18765894867992766 -0.09601609863739549 -0.3828439390616935 -0.4792146638189657 -0.7074711425442282 -0.29580003048412085 -0.4354058005114101 -0.6073502058311592 -0.25234850051758 -0.704036760048299 -0.9853018996411538 -0.9535419704438256 -0.013873375945069464 -0.7032163360236323 -0.7401226769126505 -0.830648897126888 -0.5088619440638756 
0.4265295166974789 0.6400297370804165 0.8296781476571614 0.7633034003535613 0.763956170617479 0.4227993876303039 0.43025900790563776 0.06350217965796606 0.22631511701192747 0.9485279175937025 0.3494049776056819 0.038690567854715814 0.003888357479508093 -0.17378069864454482 -0.08789147482635842 0.10354982525833406 -0.4792146638189657 -0.4524320025296266 -0.0128286713902197 -0.6789523036958847 -0.5938659042622699 -0.247450915284165 -0.6603129750307288 -0.989985004501857 -0.6592127674344607 -0.36833692935785334 -0.7032517646468532 -0.7263202029998551 -0.8305927513811328 -0.536701551726728 
0.42576119720456057 0.4052002520459496 0.8212809497223502 0.7593559219992106 0.9391564039942993 0.2096887590809869 0.4330288351344444 0.0686396624007411 0.48245688895687433 0.4214640881215239 0.18574733318120248 0.024234583680963658 -0.020439058328469137 0.5182985131659519 -0.1010029410308452 -0.3828439390616935 -0.41370616885709866 -0.7074711425442282 -0.29580003048412085 -0.7058732453273621 -0.6044585716724171 -0.25234850051758 -0.6711533577224416 -0.29857442795252853 -0.9354928322570358 -0.9605666401652213 -0.6971327677672116 -0.7382568555714589 -0.6212048559577632 -0.5260241380738635 
0.41992509348872453 0.4230234960898421 0.8255647697245568 0.7593559219992106 0.9301454916109394 0.20705313954345486 0.3657678966188714 0.0686396624007411 0.20771965018884533 0.4214640881215239 0.18574733318120248 0.024065439251428716 -0.009132734371079745 0.5274132151814861 -0.12844118794812295 -0.39220132763862897 -0.41370616885709866 -0.45445912599875665 -0.29580003048412085 -0.7015158767230789 -0.5120194455886722 -0.46043976756071636 -0.6711533577224416 -0.29857442795252853 -0.9354928322570358 -0.8496073200050537 -0.7589950923688825 -0.7424079143085938 -0.6090553730902393 -0.5260241380738635 
0.4265295166974789 0.41150057012872243 0.6485989021421801 0.7593559219992106 0.7761765880500596 0.2096887590809869 0.4349136447182836 0.4138127219613546 0.19557174649405257 0.39768871503418757 0.3562966199830464 0.04381035191800582 -0.00801659014268757 -0.18294087695638012 -0.09601609863739549 0.32530670836458975 -0.6906383654266846 -0.4512224207602842 -0.31054465528939507 -0.7015158767230789 -0.6044585716724171 -0.247450915284165 -0.6683538265665216 -0.989985004501857 -0.9535419704438256 -0.009488986483051631 -0.7032163360236323 -0.7401226769126505 -0.8320191195276971 -0.5088619440638756 
0.4265295166974789 0.41281486215653107 0.6532949687236232 0.7513008364441058 0.7776885933725514 0.9292420082103555 0.42782994779168815 -0.733366994199409 0.49206615922839503 0.4214640881215239 0.3562966199830464 0.03240323193095267 -0.025785503503376776 -0.18830459104058414 -0.09601609863739549 -0.3828439390616935 -0.6906383654266846 -0.7074711425442282 -0.289142781423681 -0.6959047044158735 -0.6044585716724171 -0.247450915284165 -0.6683538265665216 -0.29857442795252853 -0.9354928322570358 -0.9605666401652213 -0.7032163360236323 -0.7466552189022017 -0.6212048559577632 -0.5180869706115319 
0.4265295166974789 0.41150057012872243 0.6485989021421801 0.7593559219992106 0.7761765880500596 0.2096887590809869 0.4349136447182836 0.4138127219613546 0.19557174649405257 0.39768871503418757 0.3562966199830464 0.04381035191800582 -0.00801659014268757 -0.18294087695638012 -0.09601609863739549 0.32530670836458975 -0.6906383654266846 -0.4512224207602842 -0.31054465528939507 -0.7015158767230789 -0.6044585716724171 -0.247450915284165 -0.6683538265665216 -0.989985004501857 -0.9535419704438256 -0.009488986483051631 -0.7032163360236323 -0.7401226769126505 -0.8320191195276971 -0.5088619440638756 
0.4265295166974789 0.4081975556608917 0.6410440555980781 0.7593559219992106 0.7761765880500596 0.2096887590809869 0.44048913494623904 0.4078413949046847 0.19630993363868943 0.39768871503418757 0.3493203435064475 0.024234583680963658 -0.00801659014268757 -0.18765894867992766 -0.09601609863739549 -0.3828439390616935 -0.4792146638189657 -0.7074711425442282 -0.29580003048412085 -0.4354058005114101 -0.6073502058311592 -0.25234850051758 -0.704036760048299 -0.9853018996411538 -0.9535419704438256 -0.013873375945069464 -0.7032163360236323 -0.7401226769126505 -0.830648897126888 -0.5088619440638756 
0.42573242367263386 0.4181766345748174 0.6532949687236232 0.7513008364441058 0.936341456008127 -0.33015066651079295 0.3657678966188714 -0.733366994199409 0.20771965018884533 -0.17723981968791502 0.3581898231908588 -0.118803559781144 -0.0049133742918151466 -0.18751791062072595 -0.10420225512960661 -0.39082580622821267 -0.6906383654266846 0.11191818529218447 -0.289142781423681 -0.7015158767230789 -0.5120194455886722 -0.24153548306989764 -0.6683538265665216 -0.30736653057732166 -0.9354928322570358 -0.8496073200050537 -0.7589950923688825 -0.7424079143085938 -0.621954224358434 -0.7433795295521628 
0.4265295166974789 0.41281486215653107 0.6532949687236232 0.7513008364441058 0.7776885933725514 0.9292420082103555 0.42782994779168815 -0.733366994199409 0.49206615922839503 0.4214640881215239 0.3562966199830464 0.03240323193095267 -0.025785503503376776 -0.18830459104058414 -0.09601609863739549 -0.3828439390616935 -0.6906383654266846 -0.7074711425442282 -0.289142781423681 -0.6959047044158735 -0.6044585716724171 -0.247450915284165 -0.6683538265665216 -0.29857442795252853 -0.9354928322570358 -0.9605666401652213 -0.7032163360236323 -0.7466552189022017 -0.6212048559577632 -0.5180869706115319 
0.42576119720456057 0.4052002520459496 0.8212809497223502 0.7593559219992106 0.9391564039942993 0.2096887590809869 0.4330288351344444 0.0686396624007411 0.48245688895687433 0.4214640881215239 0.18574733318120248 0.024234583680963658 -0.020439058328469137 0.5182985131659519 -0.1010029410308452 -0.3828439390616935 -0.41370616885709866 -0.7074711425442282 -0.29580003048412085 -0.7058732453273621 -0.6044585716724171 -0.25234850051758 -0.6711533577224416 -0.29857442795252853 -0.9354928322570358 -0.9605666401652213 -0.6971327677672116 -0.7382568555714589 -0.6212048559577632 -0.5260241380738635 
0.42576119720456057 0.4052002520459496 0.8284588688853839 0.7593559219992106 0.9391564039942993 -0.33015066651079295 0.4352053934367638 0.0686396624007411 0.22766718657327345 0.7970128505292452 0.5316172381272887 0.024234583680963658 -0.025278824264192253 0.5182985131659519 -0.11674936803559945 0.3332187645940202 -0.4888562954949173 -0.4326184234642217 -0.29580003048412085 -0.4365560890434154 -0.5967611960538405 -0.24980504311564078 -0.6729606396992968 -0.29857442795252853 -0.9437787422471873 -0.8496073200050537 -0.6968176218562814 -0.7371215033602196 -0.6202614211861801 -0.1326072666000521 
0.432799826191074 0.4321096719258223 0.8278094856247555 -0.724600043338929 0.5018263364921993 0.4227993876303039 0.4472165640035597 0.4138127219613546 0.22766718657327345 0.7909551009269091 0.5316172381272887 -0.42418754546893944 0.004940649502419416 -0.18294087695638012 -0.11674936803559945 0.32530670836458975 -0.4888562954949173 -0.034291825982633466 -0.30107732903050277 -0.4365560890434154 -0.6044585716724171 -0.24980504311564078 -0.6664280798807742 0.7999009223855935 -0.9064669843082666 -0.8558831847001028 -0.7412704825695309 -0.7365288582967912 -0.8484437262174789 -0.1326072666000521 
0.4248299577357175 0.4321096719258223 0.8278094856247555 0.1211993678555135 0.9283204124612903 0.20538998654725113 0.4472165640035597 0.4138127219613546 0.23488532328274433 0.07634042434610507 0.5412765262477577 -0.12124256763886046 0.00979571103804425 -0.18294087695638012 -0.08789147482635842 0.32530670836458975 -0.4792146638189657 -0.4560509104978116 -0.29580003048412085 -0.4365560890434154 -0.6044585716724171 -0.25234850051758 -0.6734290518426682 0.7999009223855935 -0.9437787422471873 -0.8496073200050537 -0.7326528694599609 -0.7365288582967912 -0.8566774559282655 -0.6222265505603556 
0.42573242367263386 0.4181766345748174 0.6532949687236232 0.7513008364441058 0.936341456008127 -0.33015066651079295 0.3657678966188714 -0.733366994199409 0.20771965018884533 -0.17723981968791502 0.3581898231908588 -0.118803559781144 -0.0049133742918151466 -0.18751791062072595 -0.10420225512960661 -0.39082580622821267 -0.6906383654266846 0.11191818529218447 -0.289142781423681 -0.7015158767230789 -0.5120194455886722 -0.24153548306989764 -0.6683538265665216 -0.30736653057732166 -0.9354928322570358 -0.8496073200050537 -0.7589950923688825 -0.7424079143085938 -0.621954224358434 -0.7433795295521628 
0.432799826191074 0.4321096719258223 0.8278094856247555 -0.724600043338929 0.5018263364921993 0.4227993876303039 0.4472165640035597 0.4138127219613546 0.22766718657327345 0.7909551009269091 0.5316172381272887 -0.42418754546893944 0.004940649502419416 -0.18294087695638012 -0.11674936803559945 0.32530670836458975 -0.4888562954949173 -0.034291825982633466 -0.30107732903050277 -0.4365560890434154 -0.6044585716724171 -0.24980504311564078 -0.6664280798807742 0.7999009223855935 -0.9064669843082666 -0.8558831847001028 -0.7412704825695309 -0.7365288582967912 -0.8484437262174789 -0.1326072666000521 
