0.9326491991173547 0.044504747178737786 
0.930901033052224 0.05046379799099414 
0.9296780774995849 0.0606630525047184 
0.9296658527727862 0.06611744083107374 
0.9293997206178413 0.06704610363766403 
0.9293018850173054 0.09239704627205013 
0.9293781501939133 0.08869957721170807 
0.9293781501939133 0.08869957721170807 
0.9293733558041359 0.10258866245573556 
0.9293958544299397 0.11144224820837491 
0.9293958544299397 0.11144224820837491 
0.9293018850173054 0.09239704627205013 
0.9293733558041359 0.10258866245573556 
0.7500903514084367 0.17394929752089064 
0.7500903514084367 0.17394929752089064 
0.7214643145263693 0.17464578645631057 
0.7201818187839458 0.17768796279353766 
0.6910412881518301 0.18267852123153505 
0.6848971061836063 0.1931927350349897 
0.6848971061836063 0.1931927350349897 
0.6741537128610245 0.20615520590623246 
0.6712331330088309 0.21418626248163172 
0.6712111208403173 0.22387431330310875 
0.6709973997562919 0.23626842416455363 
0.6708899757629261 0.24560341778907457 
0.6707310971507957 0.24468627218493647 
0.670588367706998 0.24348743111275234 
0.670588367706998 0.24348743111275234 
0.6708899757629261 0.24560341778907457 
0.6705371603338928 0.29432119872014667 
0.6705371603338928 0.29432119872014667 
0.6706874191784048 0.2843013273623112 
0.6706134424019683 0.29659153252906567 
0.6706441722897188 0.36851460870482333 
0.6706441722897188 0.36851460870482333 
0.5866189107259554 0.4034607123994099 
0.438824647121946 0.40355646833482234 
0.5866189107259554 0.4034607123994099 
0.5652389719526407 0.4036354389266973 
0.42877079579930766 0.4036436328550279 
0.43296778728783136 0.4036287157184037 
0.4054379127273079 0.40368412523671954 
0.43296778728783136 0.4036287157184037 
0.438824647121946 0.40355646833482234 
0.44018883438031015 0.4036467370472156 
0.42877079579930766 0.4036436328550279 
0.4054379127273079 0.40368412523671954 
0.40436929496411583 0.4037885205907938 
0.39344846400126754 0.4040151095313185 
0.37573506778857474 0.4043997117678351 
0.3734031190446204 0.41051703439317905 
0.3638234206387864 0.4181977752702813 
0.3510821812000924 0.42354207853587417 
0.3510821812000924 0.42354207853587417 
0.34243583558103946 0.43492095296980077 
0.339574568842449 0.44899273770829357 
0.339574568842449 0.44899273770829357 
0.33952472356774316 0.47997873374676814 
0.338155491745304 0.5059636975362888 
0.3379942057579909 0.5019199630771611 
0.33798208572099414 0.474387326571057 
0.33756182173138727 0.5443729840542555 
0.33756182173138727 0.5443729840542555 
0.33748926997032386 0.5819084426656166 
0.33788594106618014 0.6172688473152406 
0.33748926997032386 0.5819084426656166 
0.3375994774120996 0.5786181973829616 
0.3375994774120996 0.5786181973829616 
0.3376515060758327 0.7403730632072256 
0.2438566392995142 0.7755426897582347 
0.18165448330257708 0.7755706102164099 
0.2481867421962586 0.7753344133936988 
0.2481867421962586 0.7753344133936988 
0.17312278767740613 0.7747376113911825 
0.20260460149578033 0.7755291967606337 
0.1707194507206972 0.7755177156897134 
0.20260460149578033 0.7755291967606337 
0.17312278767740613 0.7747376113911825 
0.1707194507206972 0.7755177156897134 
0.16454397086378025 0.7757268018195294 
0.17147617343028881 0.7756493744954408 
0.16454397086378025 0.7757268018195294 
0.16208510639504792 0.7757679255686222 
0.1443646708615894 0.7768073828294411 
0.12762342786341832 0.7767248662507811 
0.12762342786341832 0.7767248662507811 
0.1203423254196187 0.7767969942324189 
0.1005626872732138 0.7770647345053104 
0.1005626872732138 0.7770647345053104 
0.09373373061748214 0.7786336309180991 
0.08356509933823689 0.7845980620505769 
0.07636101080133723 0.7847288051386658 
0.06976329689585543 0.791866792709569 
0.061128836147340736 0.8152460924751244 
0.05382161620136719 0.8173728333554758 
0.03439007047155248 0.9322207880083369 
0.03439007047155248 0.9322207880083369 
0.020567820355352557 0.9468533655226273 
0.02094624205202872 0.9470340598188255 
0.012576990544058825 0.973244399952605 
