0.9299381992832536 -0.9022892393511299 -0.8163955234765704 -0.7955196701827315 -0.6512982645636174 -0.6200863737591085 -0.5246746181255544 -0.5288055715115818 -0.32810210401705986 -0.4098628375591089 -0.11887298457833267 -0.006906883664228158 0.07809601728223904 0.155072209044819 0.2230526901238366 0.3795707339050973 0.4795876045174145 0.5715892121316641 0.6394659642934234 0.6760695151098132 0.74467539504072 0.7984335929267634 0.8929510107140552 0.9469568129323829 0.9649860822003952 0.9180464389595516 0.939699040651611 0.8280904519783454 0.9527554376164897 0.9462097689371217 
0.9290522509555585 -0.8786443279965671 -0.8380365342042746 -0.6357141022894164 -0.7116975440680804 -0.6272889873107249 -0.5544902203934339 -0.3075259142665445 -0.34024309893159566 -0.27263093148775996 -0.15769767265996823 -0.010698445511078802 -0.01398402387785164 0.0918892251695186 0.23813457322805492 0.384573098761277 0.4779597887512324 0.5820341495505039 0.6130458644023596 0.7320899898793833 0.7417558240280605 0.7960432342928883 0.866474931360553 0.949684113748343 0.9351513565025006 0.9180464389595516 0.9287771589168887 0.8236301692337723 0.9847292567205992 0.9767617317468802 
0.9290522509555585 -0.7150546932054964 -0.8306690437429078 -0.6322898313198594 -0.7239132992995173 -0.6238826146263724 -0.5599435606325966 -0.30822179723844767 -0.34698835342290185 -0.2178191508609145 -0.16679897062189017 -0.022937737122014516 -0.002308395707746725 0.10086014611675882 0.24691798974662815 0.38993265192947457 0.4311555847862822 0.5855105260393142 0.6188309988945776 0.8599862592502419 0.7721788563999232 0.7803128960167767 0.8812339836662633 0.956834178747389 0.9316864799072813 0.8812039642713837 0.9983445426150409 0.8193249144712003 0.9833678726871169 0.9649919069966864 
0.9290522509555585 -0.6942360756066637 -0.8306690437429078 -0.6357141022894164 -0.7315272934769262 -0.8376103407384405 -0.5573188262349729 -0.30822179723844767 -0.34911775600221323 -0.22522891657471086 -0.16679897062189017 -0.022937737122014516 -0.002308395707746725 0.09998051609831032 0.23813457322805492 0.38020244777648166 0.434407665837914 0.583181221812267 0.6188309988945776 0.8643797861065527 0.7606248690124006 0.7705687283115576 0.8812339836662633 0.948662806939629 0.9257975777083342 0.8800086879712492 0.9983445426150409 0.8200758205595966 0.9833678726871169 0.9678331489244293 
0.9288932560433354 -0.6973218968581055 -0.848415359764013 -0.6363339076658397 -0.7311663763164343 -0.621364289845415 -0.5524142808611321 -0.31069816405839146 -0.352757326801081 -0.22407833330732013 -0.1718099072137683 -0.07194068269644371 0.006937498629860667 0.09512512393862681 0.25817912896973916 0.39934426344404456 0.4395032455925464 0.6004966212632222 0.6072786642248804 0.8599862592502419 0.7721788563999232 0.6110302376934835 0.8847646515234673 0.956834178747389 0.9547958226726072 0.9012169750477724 0.9888765167751712 0.8193249144712003 0.9833678726871169 0.9676732083763275 
0.9288932560433354 -0.6942360756066637 -0.8306690437429078 -0.6357141022894164 -0.7315272934769262 -0.6282046613533762 -0.5573188262349729 -0.31069816405839146 -0.3584940039503458 0.14815322997871871 -0.16679897062189017 -0.01714570786638947 0.006937498629860667 0.10100334330479672 0.24475296888327608 0.38993265192947457 0.42741320588391807 0.583181221812267 0.6174774660591326 0.8643797861065527 0.752687507651956 0.6110302376934835 0.8847646515234673 0.948662806939629 0.9547958226726072 0.8851809387032715 0.994075335101279 0.8246655379897608 0.9833678726871169 0.9678331489244293 
0.9289202615699175 -0.7114780603501406 -0.8306690437429078 -0.6389474211824261 -0.7311663763164343 -0.6282046613533762 -0.5573188262349729 -0.31069816405839146 -0.36106986604277413 -0.22407833330732013 -0.1718099072137683 -0.5000292809021227 -0.002308395707746725 0.09512512393862681 0.24475296888327608 0.38993265192947457 0.4311555847862822 0.583181221812267 0.6098641236765272 0.8599862592502419 0.7721788563999232 0.6110302376934835 0.8847646515234673 0.956834178747389 0.9428716062387367 0.9012169750477724 0.9864715754432417 0.8193249144712003 0.9833678726871169 0.9678331489244293 
0.9289202615699175 -0.7114780603501406 -0.8306690437429078 -0.6389474211824261 -0.7311663763164343 -0.6282046613533762 -0.5573188262349729 -0.31069816405839146 -0.36106986604277413 -0.22407833330732013 -0.1718099072137683 -0.5000292809021227 -0.002308395707746725 0.09512512393862681 0.24475296888327608 0.38993265192947457 0.4311555847862822 0.583181221812267 0.6098641236765272 0.8599862592502419 0.7721788563999232 0.6110302376934835 0.8847646515234673 0.956834178747389 0.9428716062387367 0.9012169750477724 0.9864715754432417 0.8193249144712003 0.9833678726871169 0.9678331489244293 
0.9288932560433354 -0.692165039436089 -0.8410621882903521 -0.6368437169876794 -0.7315272934769262 -0.6238826146263724 -0.5573188262349729 -0.3057634910277165 -0.3584940039503458 -0.2178191508609145 -0.16679897062189017 -0.01672827238914238 0.006937498629860667 0.10100334330479672 0.25817912896973916 0.38552847893903475 0.4311555847862822 0.5912734046878781 0.6250530846055689 0.8643797861065527 0.7629596929665935 0.27329682625453855 0.8847646515234673 0.9409430709060699 0.9547958226726072 0.8826464492976924 0.9888765167751712 0.8161164268184784 0.9879635743229285 0.962772030130684 
0.9288932560433354 -0.8688233702907475 -0.8385138255168162 -0.6371540433657684 -0.740208462951164 -0.6282046613533762 -0.5624559724286986 -0.3057634910277165 -0.35396997026146326 -0.21555513091521158 -0.16679897062189017 -0.024188779690502565 -0.002308395707746725 0.09998051609831032 0.23813457322805492 0.38020244777648166 0.434407665837914 0.583181221812267 0.6250530846055689 0.8643797861065527 0.7456356869354994 0.2694354507934193 0.8847646515234673 0.9277347889537702 0.9547958226726072 0.6373273118251337 0.9950517553803014 0.8161164268184784 0.9793251117512062 0.9678331489244293 
0.9288932560433354 -0.8688233702907475 -0.8385138255168162 -0.6371540433657684 -0.740208462951164 -0.6282046613533762 -0.5624559724286986 -0.3057634910277165 -0.35396997026146326 -0.21555513091521158 -0.16679897062189017 -0.024188779690502565 -0.002308395707746725 0.09998051609831032 0.23813457322805492 0.38020244777648166 0.434407665837914 0.583181221812267 0.6250530846055689 0.8643797861065527 0.7456356869354994 0.2694354507934193 0.8847646515234673 0.9277347889537702 0.9547958226726072 0.6373273118251337 0.9950517553803014 0.8161164268184784 0.9793251117512062 0.9678331489244293 
0.9288932560433354 -0.6942360756066637 -0.8306690437429078 -0.6357141022894164 -0.7315272934769262 -0.6282046613533762 -0.5573188262349729 -0.31069816405839146 -0.3584940039503458 0.14815322997871871 -0.16679897062189017 -0.01714570786638947 0.006937498629860667 0.10100334330479672 0.24475296888327608 0.38993265192947457 0.42741320588391807 0.583181221812267 0.6174774660591326 0.8643797861065527 0.752687507651956 0.6110302376934835 0.8847646515234673 0.948662806939629 0.9547958226726072 0.8851809387032715 0.994075335101279 0.8246655379897608 0.9833678726871169 0.9678331489244293 
0.9288932560433354 -0.692165039436089 -0.8410621882903521 -0.6368437169876794 -0.7315272934769262 -0.6238826146263724 -0.5573188262349729 -0.3057634910277165 -0.3584940039503458 -0.2178191508609145 -0.16679897062189017 -0.01672827238914238 0.006937498629860667 0.10100334330479672 0.25817912896973916 0.38552847893903475 0.4311555847862822 0.5912734046878781 0.6250530846055689 0.8643797861065527 0.7629596929665935 0.27329682625453855 0.8847646515234673 0.9409430709060699 0.9547958226726072 0.8826464492976924 0.9888765167751712 0.8161164268184784 0.9879635743229285 0.962772030130684 
0.6859820594537278 0.5325060260399611 0.40832560312992733 0.6735209715578057 0.6271663293929217 0.8490042710311929 0.882680562304044 0.9348642395490062 0.8459955845195517 0.9983222083995656 0.9878608572287109 0.992524263526653 0.9894630169385025 0.933596555156832 0.8647181659388258 0.9190721261896111 0.9421563210856485 0.7980702434116633 0.8061006043706002 0.5952461013198991 0.43029082082973424 0.4368014357306121 0.5353165459334985 0.24322876957712433 0.4265577504785935 0.04989447164314182 0.41401637965031335 -0.09905933066186685 -0.16375079673737017 -0.26789405754656936 
0.6859820594537278 0.5325060260399611 0.40832560312992733 0.6735209715578057 0.6271663293929217 0.8490042710311929 0.882680562304044 0.9348642395490062 0.8459955845195517 0.9983222083995656 0.9878608572287109 0.992524263526653 0.9894630169385025 0.933596555156832 0.8647181659388258 0.9190721261896111 0.9421563210856485 0.7980702434116633 0.8061006043706002 0.5952461013198991 0.43029082082973424 0.4368014357306121 0.5353165459334985 0.24322876957712433 0.4265577504785935 0.04989447164314182 0.41401637965031335 -0.09905933066186685 -0.16375079673737017 -0.26789405754656936 
0.6859820594537278 0.5325060260399611 0.41298608957342875 0.6785308831645712 0.627180474521517 0.8487602284283344 0.886023934291458 0.9348642395490062 0.8206785069406303 0.9956932134955685 0.9878608572287109 0.9900935863511835 0.9894630169385025 0.9252160381854666 0.9566559704905085 0.9190721261896111 0.9421563210856485 0.8355896100493017 0.8095031175439229 0.5952461013198991 0.5331414702535575 0.4316660746762369 0.5273878694479871 0.24828663686247057 0.42760348795401915 0.045527930486797825 -0.21362894350328432 -0.09649263326921396 -0.15055063379549893 -0.25907809431195483 
0.6834669403488222 0.5236040856654375 0.486229975995353 0.6793383967140754 0.6392453101591848 0.8039069758670225 0.882680562304044 0.9376886104304066 0.6852186443343897 0.9983222083995656 0.9530406537040814 0.975608629220163 0.9930642448254101 0.9216820583444653 0.9511658975239135 0.9190721261896111 0.9362150759626738 0.7980378888156084 0.7723313216350234 0.7136889862034471 0.8713657833848614 0.4316660746762369 0.505883280787906 0.23528924662395145 0.4290676969739996 0.19385710432332745 0.10635917511237478 -0.09649263326921396 -0.16270980921345576 -0.22452256942069496 
0.6806697678234446 0.41623663095053093 0.486229975995353 0.6793383967140754 0.6392453101591848 0.8809336224920195 0.8714817345227176 0.9333686387938009 0.8577886711122696 0.9906064810683105 0.9594287657450906 0.975608629220163 0.9894630169385025 0.9216820583444653 0.9740613868671621 0.9190721261896111 0.9362150759626738 0.8004621562304517 0.7723313216350234 0.7136889862034471 0.758892169854555 0.4316660746762369 0.5158896053234248 0.2236525226379462 0.4290676969739996 0.19385710432332745 0.10635917511237478 -0.09649263326921396 -0.16375079673737017 -0.22452256942069496 
0.6786217505998643 0.41623663095053093 0.42023516730014465 0.6832762244490757 0.6271663293929217 0.8490042710311929 0.882680562304044 0.9348642395490062 0.8517987607191572 0.9983222083995656 0.9878608572287109 0.9900935863511835 0.9894630169385025 0.933596555156832 0.9514658106628566 0.9103135985846682 0.9421563210856485 0.8355896100493017 0.8061006043706002 0.5899279058816054 0.7045489313720363 0.7359912972086229 0.5273878694479871 0.24322876957712433 0.4218363038738374 0.050771954068431144 0.10635917511237478 -0.10300988708504835 -0.15055063379549893 -0.1564995104580604 
0.6786217505998643 0.41623663095053093 0.42023516730014465 0.6832762244490757 0.6271663293929217 0.8490042710311929 0.882680562304044 0.9348642395490062 0.8517987607191572 0.9983222083995656 0.9878608572287109 0.9900935863511835 0.9894630169385025 0.933596555156832 0.9514658106628566 0.9103135985846682 0.9421563210856485 0.8355896100493017 0.8061006043706002 0.5899279058816054 0.7045489313720363 0.7359912972086229 0.5273878694479871 0.24322876957712433 0.4218363038738374 0.050771954068431144 0.10635917511237478 -0.10300988708504835 -0.15055063379549893 -0.1564995104580604 
0.6728987705127111 0.29561216113918803 0.4092015871687007 0.5085808826250287 0.5493839819361237 0.5224827535619451 0.7323648910581532 0.6183846495017651 0.8258237268035529 1.0 0.9687952130549748 1.0 0.9894630169385025 0.9627228418144544 0.9582194677779472 0.9131382083749494 0.9199749780710085 0.8378699838614119 0.840246445035334 0.97174146114125 0.7480944586941825 0.7772898606304666 0.5740586324557955 0.24322876957712433 0.42510627820990826 0.18990274235611676 0.20672613051377586 0.05484073079541285 -0.016879474360294546 -0.14839879178543394 
0.6702705791379094 0.333442973298548 0.4208752068175001 0.39358152359702714 0.5556100453638808 0.5248082649811419 0.720714216463913 0.6273930828905794 0.8468128337987202 0.6639163791563982 0.9570373391158712 0.9886275682693527 0.997923691852948 0.9474826648603885 0.9887212494955834 0.8907526568447696 0.9590958071768979 0.8243666177661779 0.8543485398642583 0.7175027520435995 0.7520743425505784 0.5011811640027449 0.5854209144819186 0.3769536156758009 0.42483541851587275 0.2118782474389846 0.21018949926136507 0.29084154086065594 0.01478894154674139 -0.15016320551315357 
0.6702705791379094 0.42747364072970795 0.40816525394354114 0.5184778118300396 0.5571882545933675 0.5248082649811419 0.7253752497596471 0.6281310844071374 0.8268646531038021 0.6853230256209358 0.9489123826124962 0.9978840012646181 0.9781994403032084 0.9532636431751204 0.9713930568673387 0.9006735414412258 0.9608760114697743 0.8243666177661779 0.8543485398642583 0.7136889862034471 0.7486060635812337 0.5025866304308314 0.5854209144819186 0.2276474146635748 0.42830778410125747 0.2118782474389846 0.21000898202907833 0.2910780794737715 0.01563026272970584 -0.13985226320083097 
0.6702705791379094 0.38981807475201563 0.40949044663020456 0.47558383903944945 0.5411344659253026 0.5248082649811419 0.7199070959012083 0.6088432544595678 0.8422157389021733 0.6797046659921782 0.939382671135942 0.7383955525873714 0.9727783456093838 0.8491092238549791 0.987159216052827 0.9059946969813499 0.9608760114697743 0.8238754181995762 0.8410483648116662 0.7175027520435995 0.7544822609192313 0.4968997330624839 0.6224443063943922 0.21819130106971246 0.42525651377215107 0.20192308898019404 0.22239250630799723 0.33142337829642543 0.01829034852197877 -0.14384681081211023 
0.6702705791379094 -0.06753187367446374 0.4252365182971698 0.4918975331908174 0.5631866004628063 0.5247976257026868 0.7206203304519109 0.6176490244021265 0.8422157389021733 0.6880730563384974 0.9385910778355028 0.7208825418449435 0.9727783456093838 0.8491092238549791 0.9901079730720138 0.9091969296710055 0.9608760114697743 0.8301959566753817 0.8566703978105847 0.7175027520435995 0.7642128059221168 0.505890862928381 0.6180052227876465 0.3713497802237275 0.43796303126623054 0.20799689917532552 0.22809713462288297 0.2867075467154937 0.023379048608378115 -0.3226698433607891 
0.6702705791379094 0.3915787125107846 0.41092237784177826 0.4918975331908174 0.5493839819361237 0.5248082649811419 0.7199070959012083 0.6281310844071374 0.8428673864455509 0.6797046659921782 0.9413239472120017 0.7089138709984321 0.9727783456093838 0.8491092238549791 0.9901079730720138 0.9059946969813499 0.9608760114697743 0.8301959566753817 0.8621470422428639 0.7175027520435995 0.7529706501369087 0.4968997330624839 0.6224443063943922 0.3769536156758009 0.4230655685216938 0.2118782474389846 0.22809713462288297 0.2813714082284201 0.02730479698364262 -0.46131118417509975 
0.6702705791379094 0.38826734641414373 0.39700810788054297 0.21030090326159145 0.5622182012400481 0.5369070644396299 0.720714216463913 0.6176490244021265 0.841584568476111 0.6968306694887098 0.939382671135942 0.7208825418449435 0.9909973266340756 0.9389252820877952 0.987159216052827 0.8860590259092015 0.9608760114697743 0.8329863152929428 0.8559766587824666 0.7175027520435995 0.7588464362810887 0.7741353404134167 0.6182448234155763 0.24419966670845006 0.4230655685216938 0.20799689917532552 0.22809713462288297 0.33864617539582026 0.0273389059841965 -0.32035502900336926 
0.6702705791379094 0.38826734641414373 0.39700810788054297 0.21030090326159145 0.5622182012400481 0.5369070644396299 0.720714216463913 0.6176490244021265 0.841584568476111 0.6968306694887098 0.939382671135942 0.7208825418449435 0.9909973266340756 0.9389252820877952 0.987159216052827 0.8860590259092015 0.9608760114697743 0.8329863152929428 0.8559766587824666 0.7175027520435995 0.7588464362810887 0.7741353404134167 0.6182448234155763 0.24419966670845006 0.4230655685216938 0.20799689917532552 0.22809713462288297 0.33864617539582026 0.0273389059841965 -0.32035502900336926 
0.6702705791379094 -0.06753187367446374 0.4252365182971698 0.4918975331908174 0.5631866004628063 0.5247976257026868 0.7206203304519109 0.6176490244021265 0.8422157389021733 0.6880730563384974 0.9385910778355028 0.7208825418449435 0.9727783456093838 0.8491092238549791 0.9901079730720138 0.9091969296710055 0.9608760114697743 0.8301959566753817 0.8566703978105847 0.7175027520435995 0.7642128059221168 0.505890862928381 0.6180052227876465 0.3713497802237275 0.43796303126623054 0.20799689917532552 0.22809713462288297 0.2867075467154937 0.023379048608378115 -0.3226698433607891 
0.6702705791379094 0.3915787125107846 0.3987853957617656 -0.24548215838165666 0.5558018034663005 0.5369070644396299 0.7306366153352359 0.6152607545183505 0.841584568476111 0.6880730563384974 0.9448682128172676 0.7311169100460114 0.9909973266340756 0.9389252820877952 0.987085150438361 0.8928651191171451 0.9608760114697743 0.8329863152929428 0.862332307631976 0.7175027520435995 0.7588464362810887 0.769273784472281 0.6179405533863163 0.24512173702721346 0.42525651377215107 0.20799689917532552 0.23397430247670764 0.33864617539582026 0.03440324327151584 -0.137867013413493 
0.6702705791379094 0.3915787125107846 0.3987853957617656 -0.24548215838165666 0.5558018034663005 0.5369070644396299 0.7306366153352359 0.6152607545183505 0.841584568476111 0.6880730563384974 0.9448682128172676 0.7311169100460114 0.9909973266340756 0.9389252820877952 0.987085150438361 0.8928651191171451 0.9608760114697743 0.8329863152929428 0.862332307631976 0.7175027520435995 0.7588464362810887 0.769273784472281 0.6179405533863163 0.24512173702721346 0.42525651377215107 0.20799689917532552 0.23397430247670764 0.33864617539582026 0.03440324327151584 -0.137867013413493 
0.6702705791379094 0.38981807475201563 0.40949044663020456 0.8738012896303835 0.5571882545933675 0.5442214255895333 0.720714216463913 0.6268504057102483 0.8524373459632489 0.6885011191723714 0.939382671135942 0.7383955525873714 0.9962513254041908 0.9452457044695993 0.987085150438361 0.8947215782740228 0.9608760114697743 0.8238754181995762 0.8543485398642583 0.7167615577562267 0.7623413114305329 0.5025866304308314 0.6223765034943672 0.2378022046798189 0.42525651377215107 0.2060888121349136 0.23397430247670764 0.33142337829642543 0.024448918053155282 -0.5659848804317766 
0.6702705791379094 0.3915787125107846 0.3987853957617656 0.4826476660078905 0.5582177502144975 -0.05597585485895325 0.7199070959012083 0.9940983065073188 0.8422157389021733 0.6880730563384974 0.9385910778355028 0.7208825418449435 0.9727783456093838 0.9389252820877952 0.987159216052827 0.9059946969813499 0.9608760114697743 0.8248593649213918 0.8581647602510919 0.7175027520435995 0.7642128059221168 0.4968997330624839 0.6179405533863163 0.21668814404709438 0.4230655685216938 0.20799689917532552 0.22809713462288297 0.2795670674718128 0.02730479698364262 -0.14384681081211023 
0.6702705791379094 0.3915787125107846 0.39700810788054297 -0.4823275323062626 0.5517494093231975 0.5248082649811419 0.7128645885370969 0.6281310844071374 0.8422157389021733 0.6844709057145615 0.9411938989562358 0.7208825418449435 0.9727783456093838 0.9389252820877952 0.9889530473705088 0.9059946969813499 0.9608760114697743 0.8329863152929428 0.8581647602510919 0.7175027520435995 0.7529706501369087 0.4968997330624839 0.6262586200764187 0.25048485241002516 0.4230655685216938 0.21355412373818103 0.22787494614958528 0.2795670674718128 0.027702030955239956 -0.46131118417509975 
0.6702705791379094 0.3915787125107846 0.39700810788054297 -0.4823275323062626 0.5517494093231975 0.5248082649811419 0.7128645885370969 0.6281310844071374 0.8422157389021733 0.6844709057145615 0.9411938989562358 0.7208825418449435 0.9727783456093838 0.9389252820877952 0.9889530473705088 0.9059946969813499 0.9608760114697743 0.8329863152929428 0.8581647602510919 0.7175027520435995 0.7529706501369087 0.4968997330624839 0.6262586200764187 0.25048485241002516 0.4230655685216938 0.21355412373818103 0.22787494614958528 0.2795670674718128 0.027702030955239956 -0.46131118417509975 
0.356439837580933 0.5995814434284782 -0.31811698801217037 0.7346904321241959 0.6909637414551019 0.8755613963635379 0.5148890833518345 0.9561385497171213 0.8649976972953082 0.9958538764022355 0.9965393972700174 0.9879189927997136 0.9069986127520315 0.9440105781806113 0.5884718203404091 0.8745361914273108 0.9337096195475868 0.7405581746621104 0.28897758298583637 0.571476156115567 0.4332057135746035 0.40692152816477456 0.5288685267194654 0.2220838316548853 -0.09117155992005922 0.0037588475317004346 0.054702186505369926 -0.20475581350839372 -0.130887467236459 -0.39184372840688564 
0.356439837580933 0.5995814434284782 0.9313681023578029 0.7537476816824434 0.8698242068359276 0.8624286346475497 0.5248750590492424 0.9341235147750108 0.8610059201156682 0.9958538764022355 0.9989684756804408 0.9907566877735928 0.9248635077265696 0.949741270865518 0.8931053944311341 0.8834597820652544 0.9481714886146596 0.7411865020393551 0.28897758298583637 0.5794664365281778 0.5489956440827243 0.41262417809600827 0.03485990945752793 0.2220838316548853 -0.08588049307391543 5.055370589675083E-5 0.0845148418212685 -0.20475581350839372 -0.13107200384274414 -0.39184372840688564 
0.356439837580933 0.5995814434284782 -0.31811698801217037 0.7346904321241959 0.6909637414551019 0.8755613963635379 0.5148890833518345 0.9561385497171213 0.8649976972953082 0.9958538764022355 0.9965393972700174 0.9879189927997136 0.9069986127520315 0.9440105781806113 0.5884718203404091 0.8745361914273108 0.9337096195475868 0.7405581746621104 0.28897758298583637 0.571476156115567 0.4332057135746035 0.40692152816477456 0.5288685267194654 0.2220838316548853 -0.09117155992005922 0.0037588475317004346 0.054702186505369926 -0.20475581350839372 -0.130887467236459 -0.39184372840688564 
0.35580735819781706 0.604805811403249 0.42111748259424175 0.7373066815148467 0.8735206780350124 0.8755613963635379 0.5084198873708781 0.9561385497171213 0.9479179973267444 0.9919820815710384 0.9686201537692789 0.9834724092520626 0.9262183465939664 0.949741270865518 0.9135705865132088 0.8582331986036235 0.9337096195475868 0.7414619118541392 0.31207223708759324 0.5781146340095691 0.4389686701198192 0.4045198444317065 0.5449000507505746 0.2129618629508695 -0.08588049307391543 -0.004492456670188107 0.8698329777030323 -0.20915434582723696 -0.130887467236459 -0.39184372840688564 
0.35580735819781706 0.5848162005225195 0.7517706930276495 0.7445063295724308 0.6920506809588184 0.8614579791550026 0.5234930351365963 0.9407321233839464 0.9506286862770184 0.9936822958183619 0.9891850781282802 0.9859635928114712 0.920552796579141 0.9542654336749529 0.8999847285260688 0.854214740361321 0.9481714886146596 0.7372117621391806 0.28897758298583637 0.5781146340095691 0.5489956440827243 0.4113668835225761 0.03485990945752793 0.19682962689071437 -0.08588049307391543 -0.009764629120346036 0.054702186505369926 -0.21460879575529906 -0.130887467236459 -0.39009361000361764 
0.35580735819781706 0.5775983514373828 0.5050266474033118 0.7398866469512381 0.8649115763520333 0.8755613963635379 0.5158183596601116 0.9407321233839464 0.941473521934555 0.9936822958183619 0.9686201537692789 0.9859635928114712 0.8406607327240301 0.9580991105884377 0.9135705865132088 0.8638630397337446 0.9337096195475868 0.7405010912060453 0.28897758298583637 0.5773260302564147 0.4466427369665717 0.4045198444317065 0.03485990945752793 0.2129618629508695 -0.0807249872286439 -0.009764629120346036 0.060152028114367984 -0.21460879575529906 -0.12930484176358045 -0.3970900673491949 
0.35580735819781706 0.5649974276398585 0.7091624596147665 0.7376729060387005 0.8649115763520333 0.8648436395029137 0.5148890833518345 0.9497485174832977 0.9484144493888063 1.0 0.9977045570388721 0.9942955442348895 0.8406607327240301 0.9542654336749529 0.909749760943322 0.8638630397337446 0.9337096195475868 0.7405010912060453 0.7511239168746605 0.5773260302564147 0.5186392293751471 0.4113668835225761 0.5468173064604459 0.20795240873080464 -0.09117155992005922 0.0030025055578176488 -0.20925467491153626 -0.21721932222302492 -0.12930484176358045 -0.3945952508552768 
0.35580735819781706 0.5775983514373828 0.5050266474033118 0.7398866469512381 0.8649115763520333 0.8755613963635379 0.5158183596601116 0.9407321233839464 0.941473521934555 0.9936822958183619 0.9686201537692789 0.9859635928114712 0.8406607327240301 0.9580991105884377 0.9135705865132088 0.8638630397337446 0.9337096195475868 0.7405010912060453 0.28897758298583637 0.5773260302564147 0.4466427369665717 0.4045198444317065 0.03485990945752793 0.2129618629508695 -0.0807249872286439 -0.009764629120346036 0.060152028114367984 -0.21460879575529906 -0.12930484176358045 -0.3970900673491949 
0.356439837580933 0.5995814434284782 0.9313681023578029 0.7537476816824434 0.8698242068359276 0.8624286346475497 0.5248750590492424 0.9341235147750108 0.8610059201156682 0.9958538764022355 0.9989684756804408 0.9907566877735928 0.9248635077265696 0.949741270865518 0.8931053944311341 0.8834597820652544 0.9481714886146596 0.7411865020393551 0.28897758298583637 0.5794664365281778 0.5489956440827243 0.41262417809600827 0.03485990945752793 0.2220838316548853 -0.08588049307391543 5.055370589675083E-5 0.0845148418212685 -0.20475581350839372 -0.13107200384274414 -0.39184372840688564 
0.35580735819781706 0.5995814434284782 0.3953341288837773 0.7376729060387005 0.8649115763520333 0.8624286346475497 0.5148890833518345 0.9440900065559474 0.9522660811338276 0.9956093884180114 0.9880165816038506 0.9907566877735928 0.9248635077265696 0.949741270865518 0.8931053944311341 0.8588255727330413 0.36437679296400316 0.7411865020393551 0.7529941454075931 0.5794664365281778 0.5186392293751471 0.4019646128581802 0.502980109161155 0.2220838316548853 -0.08588049307391543 0.0058221563128012625 0.0845148418212685 -0.20619805920189016 -0.13535793789028358 -0.39484408956741385 
0.35580735819781706 0.5848162005225195 0.7517706930276495 0.7445063295724308 0.6920506809588184 0.8614579791550026 0.5234930351365963 0.9407321233839464 0.9506286862770184 0.9936822958183619 0.9891850781282802 0.9859635928114712 0.920552796579141 0.9542654336749529 0.8999847285260688 0.854214740361321 0.9481714886146596 0.7372117621391806 0.28897758298583637 0.5781146340095691 0.5489956440827243 0.4113668835225761 0.03485990945752793 0.19682962689071437 -0.08588049307391543 -0.009764629120346036 0.054702186505369926 -0.21460879575529906 -0.130887467236459 -0.39009361000361764 
0.35580735819781706 0.5649974276398585 0.7091624596147665 0.7376729060387005 0.8649115763520333 0.8648436395029137 0.5148890833518345 0.9497485174832977 0.9484144493888063 1.0 0.9977045570388721 0.9942955442348895 0.8406607327240301 0.9542654336749529 0.909749760943322 0.8638630397337446 0.9337096195475868 0.7405010912060453 0.7511239168746605 0.5773260302564147 0.5186392293751471 0.4113668835225761 0.5468173064604459 0.20795240873080464 -0.09117155992005922 0.0030025055578176488 -0.20925467491153626 -0.21721932222302492 -0.12930484176358045 -0.3945952508552768 
0.35580735819781706 0.5649974276398585 0.7091624596147665 0.7383670536153347 0.8649115763520333 0.865420297313831 0.8788834901772679 0.9407321233839464 0.9506286862770184 1.0 0.9780373609014068 0.9879189927997136 0.8406607327240301 0.9542654336749529 0.909749760943322 0.854214740361321 0.9337096195475868 0.7579822321666279 0.2825073893844912 0.5773260302564147 0.5217852132968395 0.4113668835225761 0.5468173064604459 0.20795240873080464 -0.08588049307391543 2.566319943145788E-5 0.04469086883307461 -0.20549654832281222 -0.12930484176358045 -0.38876723933549 
0.35580735819781706 0.5590881669571347 0.7182547078168775 0.730206880091853 0.708394445228824 0.8614579791550026 0.8762516718557227 0.9407321233839464 0.9631755197627834 0.9841688459619519 0.9980778506462648 0.9834724092520626 0.9306094133094176 0.9168425894456612 0.9257542160832385 0.8790657522101478 0.9324650784949862 0.7591237759548516 0.775724171910852 0.5846614125932194 0.5489956440827243 0.4113668835225761 0.5415614968790948 0.21233430650111085 0.4487052622423364 -0.009764629120346036 -0.15813403195267586 -0.20657039962579352 -0.1255167722170114 -0.3969763464832612 
0.3554941837898368 0.5663694635001615 0.7091624596147665 0.7344812341969233 0.7123009245535765 0.8683636470361805 0.8788834901772679 0.9407321233839464 0.9534076447148739 0.9993802887493317 0.9980778506462648 0.9879189927997136 0.9306094133094176 0.9168425894456612 0.8923290723846989 0.8790657522101478 0.9309218888640323 0.7531375382787698 0.8047721600154156 0.5773260302564147 0.5583900534604819 0.39231592947685284 0.5189789202100994 0.23543852335135046 0.004591221303088385 -0.024805199782398552 -0.15813403195267586 -0.18480798156726053 -0.1255167722170114 -0.38494351150193845 
0.35354232125298146 0.5313878614758507 0.7422098253299132 0.723973169735654 0.6962613221711781 0.8763706317780653 0.8790486902700944 0.9247481542031235 0.9658981623127573 0.992122392758537 0.9976387636934924 0.9819891552179972 0.9537800422770958 0.9257057543381869 0.9347560565513793 0.854214740361321 0.658599451578152 0.5930327666754416 0.7927743988741937 0.5757423314336877 0.5652804393921504 0.4163320082906327 0.502980109161155 0.2259662100803624 0.3207749717395932 0.019425449151986303 -0.15111000090411333 -0.18745326276388638 -0.1490919734880814 -0.38037029140886275 
0.3495728100364462 0.5487788685138903 0.7859366912756045 0.7297634787646672 0.7044957913802032 0.8624286346475497 0.8844764498342144 0.9500476344583936 0.9478999550105346 0.9958538764022355 0.9880165816038506 0.9741003818071294 0.9264995415137932 0.9548898955539105 0.9240758376839374 0.854214740361321 0.9363374115929755 0.7477046808828974 0.7723313216350234 0.5757423314336877 0.5590046016350659 0.43042956119666576 0.502980109161155 0.22332593617317822 0.38658704807500577 0.015113507129234776 0.06409651289490917 -0.18998643109101718 -0.13535793789028358 -0.3769041360859868 
0.34525180634259306 0.4134383609817914 0.4268546532355768 0.7133110701367972 0.6843381327188011 0.8063826249428622 0.7496505665111258 0.8078351901105546 0.8787629425024681 0.9881820282099012 0.961200205894536 0.9906071930404571 0.9953568712836935 0.8959196458698965 0.9896562259468644 0.9750606924008443 0.9350039511477365 0.7964819180185816 0.8215443750273885 0.6899585970832742 0.6725160610219414 0.6680107231190979 0.49250799873731765 0.46768034155858335 0.3570463630721527 0.17166749982698193 0.18888319393842612 0.15712796833643378 -0.014322474068691481 -0.2684459584676702 
0.34525180634259306 0.4134383609817914 0.4268546532355768 0.7133110701367972 0.6843381327188011 0.8063826249428622 0.7496505665111258 0.8078351901105546 0.8787629425024681 0.9881820282099012 0.961200205894536 0.9906071930404571 0.9953568712836935 0.8959196458698965 0.9896562259468644 0.9750606924008443 0.9350039511477365 0.7964819180185816 0.8215443750273885 0.6899585970832742 0.6725160610219414 0.6680107231190979 0.49250799873731765 0.46768034155858335 0.3570463630721527 0.17166749982698193 0.18888319393842612 0.15712796833643378 -0.014322474068691481 -0.2684459584676702 
0.3401874369717258 0.28509637873289406 0.3974280515876196 0.7057378704151694 0.5428943166082543 0.802845006569581 0.7451987388452548 0.900566547733202 0.8878731198482126 0.8929023099644791 0.9801436804621042 0.9906071930404571 0.9918907192460759 0.9088823564938102 0.987109745067368 0.9713978883577062 0.9417313068626184 0.8179724651984908 0.8564975638855122 0.680484650407334 0.8209270014351069 0.4910345564136142 0.57527184567102 0.4892441749587597 0.3570463630721527 0.17863412158149553 0.19079221521840983 0.16881116408914967 -0.02285789045155842 -0.2075516510245961 
0.338476345764311 0.29496806027043715 0.4188160114751946 0.708284729741698 0.5994365103574454 0.8239928790386067 0.7493025610678968 0.900566547733202 0.8787629425024681 1.0 0.9801436804621042 0.8484722935152851 0.9926504887884426 0.9088823564938102 0.9698719310761623 0.9254144422845516 0.942128231930054 0.7591169714550384 0.8603828535037551 0.680484650407334 0.7432338821357114 0.48884248552407356 0.57527184567102 0.4834144494064195 0.3559750137012554 0.17863412158149553 0.20739064738264812 0.16881116408914967 -0.02285789045155842 -0.21495819356722154 
0.338476345764311 0.29496806027043715 0.4188160114751946 0.708284729741698 0.5994365103574454 0.8239928790386067 0.7493025610678968 0.900566547733202 0.8787629425024681 1.0 0.9801436804621042 0.8484722935152851 0.9926504887884426 0.9088823564938102 0.9698719310761623 0.9254144422845516 0.942128231930054 0.7591169714550384 0.8603828535037551 0.680484650407334 0.7432338821357114 0.48884248552407356 0.57527184567102 0.4834144494064195 0.3559750137012554 0.17863412158149553 0.20739064738264812 0.16881116408914967 -0.02285789045155842 -0.21495819356722154 
0.338476345764311 -0.18320300260627917 0.4303334196998943 0.7005959536738002 0.5848520426612827 0.8809336224920195 0.7386349532415573 0.7926685269563843 0.8787629425024681 0.8960472813753649 0.9801436804621042 0.8461561367850654 1.0 0.9044122424355928 0.9677845499113328 0.9751603712854413 0.942128231930054 0.7631924526487832 0.8599223889515535 0.6809837889217036 0.7150368639515143 0.5020566967344813 0.5715704873849861 0.45408812344481264 0.37299556331969647 0.1761994045080091 0.18723721714749056 0.16404565934904236 0.004989646447162998 -0.22030341834611655 
0.3355171852708063 -0.18320300260627917 0.42557693471010277 0.7065824224367064 0.5564640459218557 0.8734686521713425 0.7191380854463846 0.617535023104982 0.8497269319907454 0.6087681351579342 0.9801436804621042 0.8359825969928442 0.9925738662035853 0.9532636431751204 0.9773000208030069 0.9254144422845516 0.9417313068626184 0.8234674051210072 0.8580733222984673 0.6861307937927562 0.8352986964536613 0.48500570495522255 0.6436027918801324 0.4808888032950442 0.4409409257494452 0.17566549813951202 0.22708102176878797 0.3463085407105161 0.03123460445895994 -0.22073019188007806 
0.3346189422762398 0.423003630999079 0.4199192935449318 0.49220640420755546 0.5498193429873587 0.5178414252408798 0.7035375026626244 0.7000927144395428 0.8535085491151976 0.6975301043903732 0.9637282013493536 0.717661742161411 0.9878290538227013 0.9034412912473743 0.9773000208030069 0.9693844430427575 0.9737886358616987 0.8277223898278675 0.8563733791457454 0.32978341278048007 0.8265336352070632 0.4913706170535619 0.6339914790012495 0.5623960960805363 0.44024756284304445 0.18583248964651003 0.22077440876198354 0.3463085407105161 0.03123460445895994 -0.22945483478587148 
0.3355171852708063 0.29496806027043715 0.4351802190594676 0.7176725803105333 0.5561279025994135 0.5248082649811419 0.710757379540307 0.8078351901105546 0.8340783554544715 0.6853230256209358 0.9801436804621042 0.7180618770615703 0.9754137529929251 0.9109971207065457 0.9850824314174622 0.9254144422845516 0.9655072427653728 0.817922908278966 0.8580733222984673 0.680484650407334 0.8265336352070632 0.4922183594722913 0.6618252915501276 0.4836350013264292 0.42917221616262025 0.20130759946263957 0.28237741505893177 0.38435184888704343 0.031871093734896 -0.2191746409899679 
0.3355171852708063 -0.1911490934955899 0.42186788032543077 0.7065824224367064 0.5413061216258793 0.5250375272997128 0.7191380854463846 0.6942931205451108 0.8503773664239533 0.6087681351579342 0.9725153764889876 0.8270068236633761 1.0 0.9532636431751204 0.978361093497767 0.9254144422845516 0.9736334754222848 0.8234674051210072 0.8580733222984673 0.32978341278048007 0.822210527801192 0.48500570495522255 0.6407815161958332 0.4803002563004764 0.44781846317440854 0.17373601824052393 0.22708102176878797 0.5418955279696149 0.03875962354719691 -0.22646279574099842 
0.3355171852708063 -0.1911490934955899 0.42186788032543077 0.7065824224367064 0.5413061216258793 0.5250375272997128 0.7191380854463846 0.6942931205451108 0.8503773664239533 0.6087681351579342 0.9725153764889876 0.8270068236633761 1.0 0.9532636431751204 0.978361093497767 0.9254144422845516 0.9736334754222848 0.8234674051210072 0.8580733222984673 0.32978341278048007 0.822210527801192 0.48500570495522255 0.6407815161958332 0.4803002563004764 0.44781846317440854 0.17373601824052393 0.22708102176878797 0.5418955279696149 0.03875962354719691 -0.22646279574099842 
0.3355171852708063 -0.21396617573773907 0.42186788032543077 0.706825100729459 0.5413061216258793 0.5270746324401483 0.7035375026626244 0.7031437331390992 0.8562097492402487 0.6975301043903732 0.9801436804621042 0.7057849391272933 0.9964463865820086 0.9532636431751204 0.9806534542476513 0.9693844430427575 0.9736334754222848 0.8320651191117658 0.8623433615421778 0.32978341278048007 0.8265336352070632 0.48500570495522255 0.6391414053813409 0.478664608986573 0.439995450412635 -0.2718045063899468 0.28249039924469577 0.3463085407105161 0.031871093734896 -0.2191746409899679 
0.3355171852708063 0.30076560540726494 0.42557693471010277 0.5005894449795381 0.5564640459218557 0.8734686521713425 0.7201514985107708 0.806529073244459 0.8340783554544715 0.6853230256209358 0.9777330763421866 0.7180618770615703 0.9753070334174936 0.9498138144694522 0.9850824314174622 0.9693844430427575 0.9754033432069781 0.8234674051210072 0.8563733791457454 0.6859255121646395 0.83756112537672 0.4945829871198406 0.6618252915501276 -0.4920917613464544 0.43541820908239137 0.17566549813951202 0.28237741505893177 0.38435184888704343 0.031871093734896 -0.22605486998426558 
0.3355171852708063 -0.21396617573773907 0.42186788032543077 0.706825100729459 0.5413061216258793 0.5270746324401483 0.7035375026626244 0.7031437331390992 0.8562097492402487 0.6975301043903732 0.9801436804621042 0.7057849391272933 0.9964463865820086 0.9532636431751204 0.9806534542476513 0.9693844430427575 0.9736334754222848 0.8320651191117658 0.8623433615421778 0.32978341278048007 0.8265336352070632 0.48500570495522255 0.6391414053813409 0.478664608986573 0.439995450412635 -0.2718045063899468 0.28249039924469577 0.3463085407105161 0.031871093734896 -0.2191746409899679 
0.3355171852708063 -0.18952992901335847 0.42557693471010277 0.7259144571145285 0.5564640459218557 0.5248082649811419 0.710757379540307 0.694026493987588 0.8340783554544715 0.6025000124838062 0.970387161691948 0.8270068236633761 0.9793408331757649 0.9169858178841502 0.9798911616475418 0.9254144422845516 0.9736334754222848 0.8234674051210072 0.8580733222984673 0.6861307937927562 0.835901001502814 0.48621232251013713 0.6436027918801324 0.4836350013264292 0.4409409257494452 -0.3543259103682621 0.28237741505893177 0.5361839196029113 0.031871093734896 -0.22646279574099842 
0.3355171852708063 -0.18952992901335847 0.42557693471010277 0.7259144571145285 0.5564640459218557 0.5248082649811419 0.710757379540307 0.694026493987588 0.8340783554544715 0.6025000124838062 0.970387161691948 0.8270068236633761 0.9793408331757649 0.9169858178841502 0.9798911616475418 0.9254144422845516 0.9736334754222848 0.8234674051210072 0.8580733222984673 0.6861307937927562 0.835901001502814 0.48621232251013713 0.6436027918801324 0.4836350013264292 0.4409409257494452 -0.3543259103682621 0.28237741505893177 0.5361839196029113 0.031871093734896 -0.22646279574099842 
0.3355171852708063 -0.20980581625738082 0.42186788032543077 0.7043574589995253 0.5413061216258793 0.5250375272997128 0.710196074798106 0.6942931205451108 0.8503773664239533 0.7056312280457805 0.9725022110868405 0.7131219538369721 0.9964463865820086 0.9446190170514835 0.9710387020645687 0.9693844430427575 0.9724664077630554 0.8358935920760845 0.8623433615421778 0.32978341278048007 0.822210527801192 0.39460470136519166 0.6391414053813409 0.478664608986573 0.4458208250295258 -0.8798918799890276 0.22072259691079502 0.3463085407105161 0.03315513990524799 -0.2191746409899679 
0.05216706204360427 0.9037384407161653 0.979607401346933 0.9764224607725336 0.7733366966576813 0.975229466130613 0.8537304885602104 0.9797598390905118 0.7342588807619252 0.9031427172438206 0.7077854845839339 0.7931459899874893 0.9807411907630423 0.7192195553601289 0.7833190698079681 0.4998848238863465 0.42367480069432106 0.29251752884451004 -0.46454896644218424 0.1172890834359923 -0.6788030005806289 -0.04034131772383237 -0.07202088668221737 -0.30407861361920224 -0.8417386026159748 -0.4849610228768916 -0.43423731882776484 -0.6622514674903973 -0.5336776609929788 -0.8218311694399428 
0.05216706204360427 0.8983697499060865 0.7244046823619367 0.9679502838682692 0.9891660938746402 0.9624205844491212 0.886284149978764 0.9497126561191347 0.7383774909939722 0.9003078255706876 0.6718291886896117 0.7931459899874893 0.9991142478580723 0.7104113270450517 0.6180149432170603 0.5013201188284935 0.4062920727268975 0.29251752884451004 -0.32636915800821875 0.11278749813153105 0.4208628852359926 -0.034191195258251525 -0.3866308312725858 -0.3207379843437862 -0.8417386026159748 -0.4807622745439149 -0.4285648958958772 -0.687813208234011 -0.6638473439304335 -0.7987527689214745 
0.05216706204360427 0.9046808667465812 0.7170815083435291 0.986034375745745 0.7776825548561181 0.975229466130613 0.8537304885602104 0.9750178939022924 0.73374270455791 0.9028248613378087 0.7077854845839339 0.7892571360872607 0.9886409225785289 0.7192195553601289 0.13871118835384075 0.4998848238863465 0.3975456190088269 0.28930254208384626 -0.3336353696699341 0.1172890834359923 -0.6788030005806289 -0.04034131772383237 -0.08416479806497885 -0.3203703223629718 -0.8417386026159748 -0.4849610228768916 -0.4285648958958772 -0.6622514674903973 -0.5336776609929788 -0.8218311694399428 
0.05216706204360427 0.9046808667465812 0.7170815083435291 0.986034375745745 0.7776825548561181 0.975229466130613 0.8537304885602104 0.9750178939022924 0.73374270455791 0.9028248613378087 0.7077854845839339 0.7892571360872607 0.9886409225785289 0.7192195553601289 0.13871118835384075 0.4998848238863465 0.3975456190088269 0.28930254208384626 -0.3336353696699341 0.1172890834359923 -0.6788030005806289 -0.04034131772383237 -0.08416479806497885 -0.3203703223629718 -0.8417386026159748 -0.4849610228768916 -0.4285648958958772 -0.6622514674903973 -0.5336776609929788 -0.8218311694399428 
0.05216706204360427 0.9027559464680325 0.9774702704525733 0.9817731050255224 0.7733366966576813 0.9623474296674132 0.8776416070182013 0.9631887513063027 0.7252167489202261 0.9068222281631572 0.6718291886896117 0.7931459899874893 0.6980703591238541 0.7270396389093662 0.7772302126377971 0.49741792963395576 0.08423942511309135 0.2878423783014781 -0.34130504984095783 0.10712811776016606 0.4208628852359926 -0.2109431748655779 -0.08042965937183039 -0.30587280832014735 -0.519838718261001 -0.4756853371105055 -0.4923844501573451 -0.6877554456931299 -0.5357291795054344 -0.8141683606540354 
0.05216706204360427 0.9027779430705161 0.9843655056332915 0.9817731050255224 0.7733366966576813 0.9536768393414384 0.8537304885602104 0.9695859623845365 0.73374270455791 0.9003078255706876 0.7077854845839339 0.7931459899874893 0.6901709524046205 0.7192195553601289 0.13871118835384075 0.49741792963395576 0.39607964195748474 0.2878423783014781 -0.34130504984095783 0.11661029994447834 0.4208628852359926 -0.03647709256299693 -0.08042965937183039 -0.31441270329746585 -0.8417386026159748 -0.4828059746283778 -0.4285648958958772 -0.6849308804093976 -0.5379044044727391 -0.8360373006801993 
0.05216706204360427 0.9027779430705161 0.9843655056332915 0.9764224607725336 0.7733366966576813 0.9592860901078282 0.8537304885602104 0.9714816698298033 0.73374270455791 0.9003078255706876 0.7070437296338439 0.7931459899874893 0.9807411907630423 0.7192195553601289 0.7862374504082639 0.49741792963395576 0.4577031559319824 0.2878423783014781 -0.3336353696699341 0.11661029994447834 0.4208628852359926 -0.03647709256299693 -0.08042965937183039 -0.32313829698283064 -0.5157239871115409 -0.4756853371105055 -0.5009768063238116 -0.6849308804093976 -0.5336776609929788 -0.8384849661591721 
0.05216706204360427 0.9027779430705161 0.9843655056332915 0.9817731050255224 0.7733366966576813 0.9536768393414384 0.8537304885602104 0.9695859623845365 0.73374270455791 0.9003078255706876 0.7077854845839339 0.7931459899874893 0.6901709524046205 0.7192195553601289 0.13871118835384075 0.49741792963395576 0.39607964195748474 0.2878423783014781 -0.34130504984095783 0.11661029994447834 0.4208628852359926 -0.03647709256299693 -0.08042965937183039 -0.31441270329746585 -0.8417386026159748 -0.4828059746283778 -0.4285648958958772 -0.6849308804093976 -0.5379044044727391 -0.8360373006801993 
0.05216706204360427 0.9027559464680325 0.9774702704525733 0.9817731050255224 0.7733366966576813 0.9623474296674132 0.8776416070182013 0.9631887513063027 0.7252167489202261 0.9068222281631572 0.6718291886896117 0.7931459899874893 0.6980703591238541 0.7270396389093662 0.7772302126377971 0.49741792963395576 0.08423942511309135 0.2878423783014781 -0.34130504984095783 0.10712811776016606 0.4208628852359926 -0.2109431748655779 -0.08042965937183039 -0.30587280832014735 -0.519838718261001 -0.4756853371105055 -0.4923844501573451 -0.6877554456931299 -0.5357291795054344 -0.8141683606540354 
0.05216706204360427 0.9027779430705161 0.9843655056332915 0.9764224607725336 0.7733366966576813 0.9592860901078282 0.8537304885602104 0.9714816698298033 0.73374270455791 0.9003078255706876 0.7070437296338439 0.7931459899874893 0.9807411907630423 0.7192195553601289 0.7862374504082639 0.49741792963395576 0.4577031559319824 0.2878423783014781 -0.3336353696699341 0.11661029994447834 0.4208628852359926 -0.03647709256299693 -0.08042965937183039 -0.32313829698283064 -0.5157239871115409 -0.4756853371105055 -0.5009768063238116 -0.6849308804093976 -0.5336776609929788 -0.8384849661591721 
0.05216706204360427 0.9046808667465812 0.9774702704525733 0.9706686320609823 0.9848587464402261 0.9624205844491212 0.8698877993415157 0.9631887513063027 0.73374270455791 0.9003078255706876 0.7077854845839339 0.7931459899874893 0.9807411907630423 0.7192195553601289 0.7833190698079681 0.49741792963395576 0.4164871439272639 0.29251752884451004 -0.3336353696699341 0.11661029994447834 0.4208628852359926 -0.034191195258251525 -0.08042965937183039 -0.3140781942506855 -0.5184674778640517 -0.4756853371105055 -0.4285648958958772 -0.6782706088661814 -0.5430696770774329 -0.8141683606540354 
0.05216706204360427 0.9020377313395617 0.7222267888030948 0.986034375745745 0.7776825548561181 0.9562275445799113 0.8537304885602104 0.9631887513063027 0.73374270455791 0.9003078255706876 0.6651852684997313 0.7892571360872607 0.9814805829099775 0.7192195553601289 0.815910051409187 0.49741792963395576 0.4114723186618218 0.28930254208384626 0.1005858148703134 0.1172890834359923 0.4221763318384071 -0.03937497891552576 -0.0781113608206153 -0.3140781942506855 -0.8417386026159748 -0.4756853371105055 -0.43314006881092365 -0.6727877140562419 -0.5371341839138581 -0.8141683606540354 
0.05216706204360427 0.9046808667465812 0.9774702704525733 0.9706686320609823 0.9848587464402261 0.9624205844491212 0.8698877993415157 0.9631887513063027 0.73374270455791 0.9003078255706876 0.7077854845839339 0.7931459899874893 0.9807411907630423 0.7192195553601289 0.7833190698079681 0.49741792963395576 0.4164871439272639 0.29251752884451004 -0.3336353696699341 0.11661029994447834 0.4208628852359926 -0.034191195258251525 -0.08042965937183039 -0.3140781942506855 -0.5184674778640517 -0.4756853371105055 -0.4285648958958772 -0.6782706088661814 -0.5430696770774329 -0.8141683606540354 
0.05216706204360427 0.9046808667465812 0.9843655056332915 0.9760119743343365 0.9893712653908562 0.9512585544939978 0.8497482783040962 0.9558913256384524 0.73374270455791 0.9055308234724749 0.6731639555319643 0.7951017445370936 0.9823847517690082 0.7192195553601289 0.8219676976386545 0.4995112757312326 0.42207786589353524 0.28930254208384626 -0.3336353696699341 0.11661029994447834 0.4208628852359926 -0.034191195258251525 -0.08042965937183039 -0.32313829698283064 -0.5246975414594985 -0.4756853371105055 -0.5078607140912943 -0.6849308804093976 -0.6260708616662942 -0.8141683606540354 
0.050828576901644475 0.9046808667465812 0.7315080604631463 0.9679502838682692 0.9891660938746402 0.958375855202425 0.8537304885602104 0.9497126561191347 0.7383774909939722 0.9152030643995045 0.6651852684997313 0.8015280157619364 0.8978071531889502 0.7192195553601289 0.4791135562882418 0.49741792963395576 0.4108615731940533 0.28930254208384626 0.09486396245987344 0.1172890834359923 0.4221763318384071 -0.034191195258251525 -0.0781113608206153 -0.3207379843437862 -0.8359604814302427 -0.482248477320916 -0.4285648958958772 -0.6949887052470524 -0.5440567641972619 -0.7898772846934821 
0.050828576901644475 0.9046808667465812 0.737714030596725 0.9794759278898634 0.9848587464402261 0.9515978323342117 0.6491655502337292 0.9538203585225263 0.7308155753105747 0.9152030643995045 0.6718291886896117 0.7931459899874893 0.9876650894710872 0.7049516622739348 0.7833190698079681 0.5016119337434068 0.4197098473184349 0.2823237459079164 0.1015030413684821 0.11899611503017651 -0.3493895154552469 -0.034191195258251525 -0.08042965937183039 -0.3140781942506855 -0.5301988547922707 -0.4756853371105055 -0.4923844501573451 -0.6782706088661814 -0.6195548554181942 -0.7900391786415866 
0.050828576901644475 0.9046808667465812 0.737714030596725 0.9794759278898634 0.9848587464402261 0.9515978323342117 0.6491655502337292 0.9538203585225263 0.7308155753105747 0.9152030643995045 0.6718291886896117 0.7931459899874893 0.9876650894710872 0.7049516622739348 0.7833190698079681 0.5016119337434068 0.4197098473184349 0.2823237459079164 0.1015030413684821 0.11899611503017651 -0.3493895154552469 -0.034191195258251525 -0.08042965937183039 -0.3140781942506855 -0.5301988547922707 -0.4756853371105055 -0.4923844501573451 -0.6782706088661814 -0.6195548554181942 -0.7900391786415866 
0.050828576901644475 0.9027374110038375 0.7604706571037243 0.9797212647573341 0.9893712653908562 0.9655496836265963 0.878241808313172 0.9636240952288138 0.7343739447285468 0.9068222281631572 0.6718291886896117 0.7931459899874893 0.9886494361425766 0.6928845718192777 0.7836564676853294 0.5102125012061013 0.08423942511309135 0.2823237459079164 -0.041289588941194735 0.10712811776016606 0.07036336918853925 -0.026322183398022628 -0.08042965937183039 -0.3052102752750593 -0.5310908050622849 -0.4637680127537344 -0.4923844501573451 -0.6688506089859868 -0.540289996065335 -0.7835135081023344 
0.050828576901644475 0.9046808667465812 0.7353791626137431 0.986034375745745 0.9549387034369453 0.9562275445799113 0.878948534033452 0.9538203585225263 0.726641898360003 0.9152030643995045 0.6751327262915455 0.8019784699222595 0.7389487800131964 0.7192195553601289 0.49140677001902017 0.5016119337434068 0.6731758380823207 0.28930254208384626 -0.04542754217295681 0.11899611503017651 0.07004536543786122 -0.026322183398022628 -0.07397762804480104 -0.3206962847519108 -0.5335447072553985 -0.4756853371105055 -0.5772243727306423 -0.6655464620302828 -0.6195548554181942 -0.7900391786415866 
0.050828576901644475 0.9046808667465812 0.7353791626137431 0.986034375745745 0.9549387034369453 0.9562275445799113 0.878948534033452 0.9538203585225263 0.726641898360003 0.9152030643995045 0.6751327262915455 0.8019784699222595 0.7389487800131964 0.7192195553601289 0.49140677001902017 0.5016119337434068 0.6731758380823207 0.28930254208384626 -0.04542754217295681 0.11899611503017651 0.07004536543786122 -0.026322183398022628 -0.07397762804480104 -0.3206962847519108 -0.5335447072553985 -0.4756853371105055 -0.5772243727306423 -0.6655464620302828 -0.6195548554181942 -0.7900391786415866 
0.050828576901644475 0.9046808667465812 0.9774702704525733 0.9706686320609823 0.9549387034369453 0.9624205844491212 0.8698877993415157 0.9530598169483693 0.7299611445960478 0.9152030643995045 0.6751327262915455 0.8018492525949823 0.7406806778025087 0.7192195553601289 0.47693624780647176 0.49741792963395576 0.4108615731940533 0.40359135788800027 0.10332105276613099 0.11937153738005549 0.07004536543786122 -0.026322183398022628 -0.032868702720011966 -0.31071495841908076 -0.1603095862805423 -0.5552058807086397 -0.4285648958958772 -0.6755535780678248 -0.5440567641972619 -0.7900391786415866 
0.050828576901644475 0.9045711448030629 0.7630917071045202 0.9795354552662151 0.9842858298736363 0.948442228174538 0.878948534033452 0.9421335773760475 0.7512347389460683 0.9154939899336243 0.9895462821173044 0.8087988242700661 0.7466753123094393 0.7233969743145825 0.49053704340814563 0.5029901028897319 0.41733916437296986 0.327278179562345 0.4578846364074982 0.28732896273316477 0.07004536543786122 -0.01854495048295231 -0.3435797710016458 -0.2743673336541146 -0.5371502164722448 -0.47811408490588886 -0.5003070501443851 -0.5828452719707476 -0.7526622112766181 -0.7666649892640814 
0.04763763108463214 0.9045711448030629 0.7580685094037591 0.9634582774312026 0.8833956308099565 0.9525695328287814 0.8772367870039661 0.9530598169483693 0.8925559547969488 0.9220001139120343 0.8399122768290482 0.7987298029613191 0.8166920144973775 0.7490708087587165 0.4849535113806984 0.5690962780348298 0.4080518149144783 0.40359135788800027 0.10361921596103041 0.11324645718903349 0.07004536543786122 0.022050312641215757 -0.032868702720011966 -0.24812216671886528 -0.16035493365323408 -0.4612939464909641 -0.4936442819919494 -0.577531364603902 -0.5440567641972619 -0.7839358206722346 
0.050828576901644475 0.9045711448030629 0.7630917071045202 0.977908106872681 0.871741814088723 0.9560778067195351 0.8726134987398237 0.947218909321787 0.8925559547969488 0.8919980678930532 0.8399122768290482 0.50826132431455 0.7466753123094393 0.7233969743145825 0.48145803263321746 0.5611045392205866 0.41767418423272507 0.31211377258433276 0.10361921596103041 0.11324645718903349 0.07004536543786122 0.03054719261430846 -0.3435797710016458 -0.24812216671886528 -0.5346855131493158 -0.47888453042956813 -0.5003070501443851 -0.6688506089859868 -0.7477744723007959 -0.7835135081023344 
0.03801466402908624 0.7814571147452413 0.7261097261821282 0.9308233763392525 0.9505668479363171 0.9502962260660845 0.8724541023677176 0.9495926103322777 0.8601070915855484 0.9967599997841028 0.8428854847685309 0.8079368483072391 0.9932528673036113 0.7218108537484571 0.9780466830817788 0.559672541010327 0.6800310340299394 0.4645274089315937 0.4381312201905981 0.286003636716311 0.19800051843240626 0.02672600378722754 -0.07850666713897617 -0.21488136372934072 -0.13897643697405154 -0.2727796705869116 -0.5101939088376013 -0.44016170560830914 -0.5380553923061568 -0.7221221670710076 
0.03723574975771778 0.7863327542364383 0.9180919666149024 0.9336703995170034 0.9573664413079485 0.9390822101266764 0.8903429122598621 0.9489123325993352 0.8542407862421362 0.9877804554994187 0.9848367937570423 0.925598266599856 0.9932528673036113 0.73163159703828 0.9707382939825046 0.5501709553592625 0.6800310340299394 0.4645274089315937 0.4381312201905981 0.28880952941620425 0.2895463010822591 0.03240394669217077 0.04986128664027212 -0.2046073727302774 -0.13897643697405154 -0.28085593244129126 -0.50052171032883 -0.5085604699250088 -0.5377288048979318 -0.7361579052064555 
0.00947336313288666 0.5313878614758507 0.42023516730014465 0.7166445391218806 0.40361825336485757 0.8490042710311929 0.8765401632644245 0.6988710624803511 0.8517987607191572 0.9983222083995656 0.9921832221831457 0.9900935863511835 0.9871144115768151 0.9257057543381869 0.9721536358905501 0.9103135985846682 0.9333563269348955 0.8355896100493017 0.8110719074178712 0.5781146340095691 0.758827652285774 0.7359912972086229 0.5273878694479871 0.2163967611805096 0.437050909768906 0.19385710432332745 -0.15111000090411333 0.18204933959196373 -0.15055063379549893 -0.1564995104580604 
0.00947336313288666 0.5313878614758507 0.42023516730014465 0.7166445391218806 0.40361825336485757 0.8490042710311929 0.8765401632644245 0.6988710624803511 0.8517987607191572 0.9983222083995656 0.9921832221831457 0.9900935863511835 0.9871144115768151 0.9257057543381869 0.9721536358905501 0.9103135985846682 0.9333563269348955 0.8355896100493017 0.8110719074178712 0.5781146340095691 0.758827652285774 0.7359912972086229 0.5273878694479871 0.2163967611805096 0.437050909768906 0.19385710432332745 -0.15111000090411333 0.18204933959196373 -0.15055063379549893 -0.1564995104580604 
0.00947336313288666 0.4009560100923826 0.4117899616498719 0.5172992988340592 0.7937776750750706 0.8353458014862465 0.8399957146244705 0.9354221875514617 0.9267948266644315 0.9819168222698489 0.9904141906830992 0.9478734998649412 0.99878987953642 0.8797975859181028 0.8785359763582286 0.976055900332832 0.9370681445013362 0.8214967230307204 0.8168692875231619 0.6009841680035621 0.7589285227389229 0.5020566967344813 0.5399273951636655 0.800817138908972 0.4465011961056995 -0.05740566126561801 0.20521100604828554 0.16404565934904236 -0.1996176464741017 -0.27776693310421335 
0.00947336313288666 0.4169833522458175 0.40555021941919467 0.5116996670660318 0.7948853707473084 0.8353458014862465 0.8452962414814911 0.9354221875514617 0.9330139343993703 0.9819168222698489 0.996644162426588 0.9528903159868355 1.0 0.8797975859181028 0.8785359763582286 0.9823817572262511 0.9370681445013362 0.8214967230307204 0.847265543141334 0.6009841680035621 0.7589285227389229 0.5020566967344813 0.5399273951636655 0.800817138908972 0.4465011961056995 -0.05740566126561801 0.20521100604828554 0.16404565934904236 -0.1996176464741017 -0.27776693310421335 
0.007076339397209983 0.4009560100923826 0.4208752068175001 0.5172992988340592 0.712067279658797 0.8338866691042764 0.7253752497596471 0.9354221875514617 0.8211926437725534 0.9819168222698489 0.9798257352256166 0.9777768849973373 0.9908065191055497 0.8799978283228084 0.8785359763582286 0.8859010282909225 0.9053818470978686 0.8243666177661779 0.8645957242703688 0.601085319972231 0.7498904200334975 0.5025866304308314 0.5854209144819186 0.800817138908972 0.4465011961056995 -0.05740566126561801 0.20521100604828554 0.32667022953636193 0.021488680571927286 -0.27776693310421335 
