1.0 0.19900558806575833 0.22284588764109312 0.38414744769622833 0.2760284281754537 0.5963981771497486 -0.29360465451031464 0.7660854174324008 0.9166892841025462 0.8254077206422616 0.9667557882859756 0.9463256752615532 0.48508674482739794 0.9959830303192005 0.9930177528975204 0.9685112130085778 0.6913787811340135 0.9561568364728799 0.9006343194135917 0.8499148221286477 0.6538216537839253 0.7467574282597301 0.4591152616576066 0.583657188104663 0.28505499461994105 0.4099702940516861 0.6775441449168261 0.20910578394523435 -0.09635106535425407 0.062464860819941334 
1.0 0.2099664588778668 0.30764592848299943 0.38089026287727124 0.47027988029212936 0.4733140283209163 0.6612495167267647 0.720288000430057 0.8777333867552477 0.9218425912996159 1.0 0.8454391373052835 0.8789826817391383 1.0 1.0 0.9529350916303077 0.8919266071280879 0.8715170130044366 0.8913362952627846 0.8447149792157749 0.8424451999545566 0.6795199592539345 0.5803907828380448 0.675375952017383 0.49027344535655487 0.3316820004951898 0.3779440372258763 0.12229185580178642 0.08964398794644776 0.06371300814828228 
0.9707054027444233 -0.3993695355325262 -0.25493164138238733 -0.2437133283078337 0.005924537737804344 0.091448988238328 0.18765305429691653 0.36407452075777413 0.3790991585271699 0.5626637208977819 0.5979798924889509 0.6797086294571776 0.7855509439962067 0.8057043087541531 0.8737707163034069 0.9458393860985266 0.933478245060636 0.9514735348532952 0.9743388035300411 0.9750897270091587 0.9906572032234069 0.9422015225587643 0.8768405062936097 0.8612337339601335 0.893867805614737 0.8070655441421193 0.7224689547727954 0.7070101283006083 0.6217274440248659 0.4688566756694171 
0.9687987315785469 -0.36508974851634124 -0.24129775005840004 -0.19751895774938671 -0.056866324909198615 0.10212111932018189 0.1755293393843692 0.3523866344565906 0.3665462932986341 0.42462034532072834 0.5511959636930471 0.6871885737253629 0.7121994575441941 0.7713203934512207 0.8421514762661003 0.9377043333539788 0.9275416532170232 0.947327782449398 0.9848607149708968 0.9317633931073468 0.9939239520390947 0.9654184052223703 0.9279815399669563 1.0 0.8765382227162639 0.6792334457661691 0.7905070747693116 0.7385406689453681 0.6248945475194374 0.3354900277170204 
0.968094554106637 -0.38203386927030014 -0.23978287324462366 -0.174316925923492 -0.0679320594794287 0.10212111932018189 0.1425692419598757 0.3523866344565906 0.35012147275598904 0.4118736381160659 0.5513007881134416 0.6865661948121126 0.7050597539628742 0.7376304010618249 0.8421514762661003 0.9318342983767116 0.9288427896766029 0.9378936627164166 0.9884184448755163 0.9167054461843085 0.9872552028575211 0.9690499039463655 0.9358932795687577 1.0 0.8933988320134066 0.6791406477252054 0.7897468713837394 0.7385406689453681 0.6295939277996148 0.27272663559214105 
0.9621523658292529 -0.4994699191055261 -0.42222674471378757 -0.3010720653698178 -0.2132221168691884 -0.21323036376999738 -0.008186754258290886 0.4107836200154484 0.19980223689332854 0.1390407741687424 0.4623210222056835 0.5366783982709049 0.6060249125039587 0.7272903960806043 0.7635186982799407 0.8354090685625699 0.8847465852611354 0.966759366047705 0.9647501691268672 0.8353790410794952 0.9645898498952352 0.8913284621502919 1.0 0.761493456216723 0.9267566696613823 0.8296438737995722 0.8907310777894617 0.8465678912364991 0.6527335474542478 0.5175977570072827 
0.9612392467688701 -0.4994699191055261 -0.42222674471378757 -0.3010720653698178 -0.2132221168691884 -0.22286237737471945 -0.008186754258290886 0.393648029830836 0.19980223689332854 0.11556699379326138 0.4623210222056835 0.5366783982709049 0.6069228217771822 0.6786880464605812 0.7413484696664242 0.8169086673724932 0.8847465852611354 0.966759366047705 0.9687759044843229 0.8353790410794952 0.9645898498952352 0.8913284621502919 1.0 0.7043977820567615 0.9267566696613823 0.8865197159300667 0.8907310777894617 0.8883945048842768 0.6914501665668764 0.5224670723346156 
0.9593747775002639 -0.4790787063688849 -0.4489691724607373 -0.3010720653698178 -0.2132221168691884 -0.22286237737471945 -0.050193913883005085 0.4199167194180701 0.19980223689332854 0.09333405474980054 0.4623210222056835 0.5366783982709049 0.5678847042498134 0.6578725395087096 0.701875116236066 0.8051685974179588 0.8847465852611354 0.966759366047705 0.9019192042469648 0.6837980404851968 0.9720126656276913 0.8913284621502919 1.0 0.761493456216723 0.9267566696613823 0.8296438737995722 0.8907310777894617 0.8465678912364991 0.7187539236045195 0.5444588446729457 
0.958761181056299 -0.462566866126604 -0.45472835133698875 -0.30550186788721767 -0.22899221021752472 -0.07661548495534894 0.016776538451267392 0.26369445810664827 0.17891182775571918 0.11718491319397145 0.3863765621601346 0.6624228691176863 0.5868621246462276 0.5954630154455572 0.6999275011726309 0.8083677436204009 0.8910714536209771 1.0 0.9798414605145163 0.5965725025204178 0.9344319140448883 0.935297229958715 1.0 0.7261093530146272 0.941741769481012 0.8767749568235395 0.9141122338901656 0.8506914512806959 0.7208627415045493 0.4455849120086058 
0.958761181056299 -0.45237125975828346 -0.4680995652104636 -0.2944733707687216 -0.24476230356586104 -0.08143149175770997 -0.004227041361089702 0.26369445810664827 0.15956572322483792 0.05809335932834517 0.3863765621601346 0.6624228691176863 0.5868621246462276 0.5954630154455572 0.6691057101506936 0.8083677436204009 0.8910714536209771 0.9974929541642705 0.9798414605145163 0.5207820022232685 0.9484255812310427 0.935297229958715 1.0 0.7261093530146272 0.9613321174867709 0.8767749568235395 0.9141122338901656 0.9274075056624463 0.7208627415045493 0.4590154558414373 
0.9565971891712748 -0.48065776483737493 -0.4399849825582841 -0.2585338029786952 -0.24476230356586104 -0.22093597465377504 -0.09220107350771928 0.4251546555838638 0.161110027831566 -0.02484905298145204 0.38470429822871155 0.580333836310201 0.5297444959956681 0.5884546829368149 0.6402315341921914 0.7749281262733477 0.8410317247980287 0.9807248168192252 0.9798414605145163 0.6721211843202267 0.9814444248561461 0.7918935291110266 1.0 0.5974319690250947 0.9424289480659894 0.9433955580605613 0.9306547671739999 1.0 0.7313724709232471 0.4920154175212669 
0.9565971891712748 -0.4586874936322437 -0.475711600207687 -0.27901507113282564 -0.24476230356586104 -0.23249439097944152 -0.09220107350771928 0.4290498188206917 0.161110027831566 -0.02484905298145204 0.32575921600194335 0.6152242922246369 0.5297444959956681 0.5884546829368149 0.6402315341921914 0.7749281262733477 0.7967306145419814 0.9357086383951198 0.9798414605145163 0.5322170398908983 1.0 0.7918935291110266 1.0 0.5974319690250947 0.9659373656729002 0.9433955580605613 0.9306547671739999 1.0 0.7847742997547913 0.5713199323386088 
0.9565971891712748 -0.4586874936322437 -0.475711600207687 -0.27901507113282564 -0.24476230356586104 -0.23249439097944152 -0.09220107350771928 0.4290498188206917 0.161110027831566 -0.02484905298145204 0.32575921600194335 0.6152242922246369 0.5297444959956681 0.5884546829368149 0.6402315341921914 0.7749281262733477 0.7967306145419814 0.9357086383951198 0.9798414605145163 0.5322170398908983 1.0 0.7918935291110266 1.0 0.5974319690250947 0.9659373656729002 0.9433955580605613 0.9306547671739999 1.0 0.7847742997547913 0.5713199323386088 
0.9539141526196605 -0.4586874936322437 -0.5061952079357546 -0.28933824817969456 -0.2605323969141974 -0.162742149531409 -0.09220107350771928 0.3103722308967266 0.14678730815155686 -0.028499956045494317 0.3122231722318514 0.6774777590749014 0.5297444959956681 0.5225409926192914 0.621464314452727 0.7614074638022632 0.7998930487219023 0.9507140312031549 0.9798414605145163 0.386595376627755 0.9927683657593752 0.76746384962644 1.0 0.5974319690250947 1.0 0.966961099572545 0.9306547671739999 1.0 0.79907166622574 0.5448850940661615 
0.9528321566771484 -0.4586874936322437 -0.5061952079357546 -0.28933824817969456 -0.2605323969141974 -0.162742149531409 -0.13618808958103407 0.3103722308967266 0.14678730815155686 -0.06997116220039293 0.2819144991527558 0.6538784706283767 0.5011856816703883 0.5225409926192914 0.6070272264734758 0.7614074638022632 0.7527226291824044 0.7723011652589091 0.9798414605145163 0.386595376627755 1.0 0.6957619992025958 1.0 0.5330932770303284 1.0 0.966961099572545 0.9306547671739999 1.0 0.831027445350861 0.6010373323147472 
0.7125863542970049 0.8746035235621944 0.725994942391574 0.9712511784757218 1.0 0.9275504073018823 0.9583913023396822 0.9654759347975996 0.9833536352916057 0.9527054156004936 0.8301275355482559 0.8895576446561396 0.8719712057386836 0.7031058681240481 0.748933142792408 0.5312767082839929 0.6981280970062876 0.438074101314452 0.770484896133549 0.20440202934002724 0.05926625091042692 -0.021215587548229664 -0.00853371326183048 -0.17367816647998868 -0.6249604396182256 -0.511655005128036 -0.4645242394616944 -0.5615916394303454 -1.0 -0.7558393287161287 
0.7125863542970049 0.8746035235621944 0.725994942391574 0.9712511784757218 1.0 0.9275504073018823 0.9583913023396822 0.9654759347975996 0.9833536352916057 0.9527054156004936 0.8301275355482559 0.8895576446561396 0.8719712057386836 0.7031058681240481 0.748933142792408 0.5312767082839929 0.6981280970062876 0.438074101314452 0.770484896133549 0.20440202934002724 0.05926625091042692 -0.021215587548229664 -0.00853371326183048 -0.17367816647998868 -0.6249604396182256 -0.511655005128036 -0.4645242394616944 -0.5615916394303454 -1.0 -0.7558393287161287 
0.7112666225664204 0.9261414703593717 0.7640430397274225 0.9803059877396225 1.0 0.982335833936255 0.9570662213863961 0.9654759347975996 1.0 0.915098956573571 0.8485343827150785 0.8583362912385224 0.7923990304064291 0.6732821645886037 0.7646589238277763 0.5310201796399847 0.7028690043134671 0.4672611686654956 0.769732082249441 0.2229748698107302 0.1456190863885088 -0.023292973121049235 -0.010401715277059777 -0.22133420936781112 -0.6126528583323239 -0.5492344126261459 -0.4853024724064894 -0.5615916394303454 -0.98535881744363 -0.755464164715757 
0.697199775211192 0.6923192459422631 0.5471524982744147 0.8487606462261186 0.8345945818099245 0.9507041105470753 1.0 1.0 1.0 0.9767118198657925 0.9014597119861258 1.0 0.8962175671738992 0.9125744032657662 0.8049245498020047 0.824599267215165 0.7596395443980389 0.671378420372702 0.6699691956847766 0.5293570651748102 0.6040025431257168 0.19242575932822048 0.2562134209666057 0.04738725795923343 0.07909472967750494 -0.11875995599884948 -0.13110811965580915 -0.3096341767049809 -0.12274829064954562 -0.5448862619715511 
0.6946726481777084 0.6657175558004178 0.6230813819667236 0.8487606462261186 0.8597845333156351 0.8998269943830883 1.0 0.9387119543582019 1.0 0.9883559099328962 0.940698048564512 1.0 0.9015338326396141 0.9125744032657662 0.8154517027166028 0.824599267215165 0.6072140451796343 0.671378420372702 0.6680687316857592 0.5409111601336929 0.6040025431257168 0.18604045178338874 0.2562134209666057 0.04738725795923343 0.010628852177333253 -0.11875995599884948 -0.22527807155153967 -0.3096341767049809 -0.2149701879289999 -0.5448862619715511 
0.6924754540768708 0.6308488396940117 0.7034174063614098 0.8838258088528528 0.8597845333156351 0.8602469334608291 1.0 0.9367627026783862 1.0 0.9911958552710073 0.9967362144564951 1.0 0.9015338326396141 0.9892440467916449 0.825978855631201 0.8647992157977604 0.7263426720683701 0.671378420372702 0.6680687316857592 0.5524652550925757 0.6076183602460292 0.18604045178338874 0.2562134209666057 0.04738725795923343 0.010628852177333253 -0.11875995599884948 -0.22527807155153967 -0.34901211913142904 -0.31434076844392855 -0.5316688428353274 
0.6864016263384702 0.5208377314367719 0.6483787780128711 0.6824247859483925 0.7139337736528503 0.8703697884765238 0.8083200110364958 0.955629735793273 1.0 0.9891540159912763 0.8942491335072325 0.9457381158683739 0.9570750447265985 0.7350834554121409 0.8752152216737836 0.861952090982052 0.8610213594773263 0.7459963549366251 0.75874812726512 0.5919012945483301 0.5733622192364664 0.39021381127605576 0.41911808264340633 0.24444225518144766 0.18571309739749708 -0.023211888406430493 0.09179487514080899 -0.24888326010487571 -0.1543596025394436 -0.489653932789122 
0.6502163724810306 -0.1355094146844324 -0.0963832356468837 0.10933206100412268 0.21342584494354394 0.2272264879930882 0.4630766237861944 0.5429896291530399 0.6187285175856213 0.649133414900674 0.6778662940630269 0.8103858811369005 0.7168653093855564 0.8690896042009548 0.9916431771137209 1.0 0.8591458871702832 0.9644124907278375 0.9067955525827804 0.9360767418923972 0.8818681838538551 0.8684957633347221 0.5954653162945287 0.8241785996862535 0.7692251663618523 0.6821390577448077 0.6972305028782347 0.5378595906185968 0.6769325278088654 0.274459806339494 
0.6464983982410404 -0.21632290796800352 -0.1334928622506981 0.0422568367917122 0.14419532860012363 0.15525676635391042 0.2245235235035336 0.3923848026171635 0.6080391928961568 0.6512367495012816 0.6951029197639109 0.7595288141397809 0.803969169510224 0.8578784437676743 0.888370980500347 0.9622452299988518 0.9162277707095825 0.9385053885677943 0.9897477550823173 0.9250244264481966 0.9989098068858918 0.8813084105518187 0.8137931770955814 0.8044473532150394 0.7465987334933673 0.7483871719378785 0.6816080922675148 0.5349090591500172 0.5779552380566988 0.4418412322255826 
0.6425733707913737 -0.22962375303892618 -0.1334928622506981 0.0422568367917122 0.07287393661274884 0.13312778511222845 0.2170860680342865 0.36174077979626446 0.4723112582321118 0.6458706030753729 0.6805538391727812 0.7892548301671811 0.7874485673055643 0.8578784437676743 0.888370980500347 0.8845288834198465 0.9623502521655349 0.9406404981201751 0.9855816077737748 0.9123310342734474 0.9914231608755015 0.8818861712539919 0.9063793750314626 0.8044473532150394 0.8138872920296598 0.790193069558719 0.6816080922675148 0.5966889116870009 0.5182810432588534 0.5061861089959147 
0.6390675450910835 -0.13501916511301743 -0.22442542755013872 -0.14940157405076077 0.0015525446253740471 0.11099880387054645 0.20900103854530117 0.3340875222358815 0.41164315247447303 0.6227634288058406 0.5858128103768018 0.7284544002579323 0.7646582921089893 0.7391669885275727 0.882527595776994 0.8118455537327223 0.9867749340519902 0.942775607672556 0.9887121454731695 0.897849559574733 0.9839365148651114 0.8721321182701817 0.9404648130408628 0.8055969604283697 0.8531440092086238 0.8025997113993031 0.7443828233969654 0.7472723189268998 0.5545408918346201 0.5705309857662467 
0.6342059651027043 -0.24210507357703726 -0.1944814820700494 -0.09089106771042357 -0.07522977146742461 0.15749599293015262 0.13810302705489308 0.21185165191774843 0.3003912770544455 0.4507556940506212 0.5213835536260908 0.5473484289438565 0.6809238159929041 0.8246379128859257 0.8211740681470852 0.8791138237395336 0.9486249986618529 0.9334223353743194 0.9947149474786543 0.9150060129370454 0.9867125500881818 0.8568408586690637 0.9988258056705821 0.7640893485408011 0.9163246618012846 0.7164349899206948 0.8002193339944622 0.8415644316918311 0.6723716626751248 0.4638222051919795 
0.6313318244383206 -0.28749049463527393 -0.23707533332719669 -0.0826830166603014 -0.07666705152259819 0.006020090804442074 0.14667189790016455 0.3273417927388718 0.28046733715520134 0.44010121165282473 0.49667473496750614 0.5473484289438565 0.6809238159929041 0.8369758289037627 0.8211740681470852 0.8791138237395336 0.9217997323465454 0.9334223353743194 0.9947149474786543 0.8464494990436975 0.9675595305142799 0.8568007698455447 1.0 0.742645232020935 0.9163246618012846 0.7164349899206948 0.7994507818507042 0.827304134873484 0.6839612907294843 0.4638222051919795 
0.6255932930676849 -0.4761635784164923 -0.4503595606308694 -0.22678316638349272 -0.377174524309728 0.1437678785691016 0.01461887795852198 0.18738609589677085 0.11852788672968306 0.2823098676301494 0.4428901445761596 0.3322778461992588 0.5578965593372397 0.827163330332087 0.7072498979726927 0.966142474020178 0.8737944584493575 0.9026324085135337 0.9740832560109608 0.9942229525205586 1.0 0.8849897761846909 1.0 0.765371523503015 0.9253571445907065 0.7889083067654038 0.8770664947880338 0.9271500298835353 0.7149446019289424 0.694700887785962 
0.6215810375529902 -0.7126355518359402 -0.5401919283355068 -0.3262495739035219 -0.377174524309728 -0.2461316937813415 -0.10031023825422812 0.19597139785961565 0.11485891845036011 0.11128538582054659 0.2609171727574001 0.33135490223615194 0.5443640543330932 0.793902512731232 0.7533632974712633 0.9053032976364126 0.8201439258187426 0.8605642872683539 0.9710872892297142 0.9401014075011247 0.9635905205619062 0.8309367130275145 1.0 0.6771007631247836 0.9626825562678298 0.7914371716961426 0.9583038240882943 0.9364535259450739 0.7922864253458384 0.7195975139278319 
0.6215810375529902 -0.7126355518359402 -0.5401919283355068 -0.3262495739035219 -0.377174524309728 -0.4057172004707599 -0.10031023825422812 0.3342570985533401 0.07868000693119473 0.26955988911230233 0.2609171727574001 0.33135490223615194 0.5282136389171689 0.793902512731232 0.7533632974712633 0.8199661231733963 0.8201439258187426 0.8263455676780105 0.9680939089028161 0.8609587397785938 0.961693960852196 0.8511677910395014 1.0 0.6198055112500225 0.9626825562678298 0.7914371716961426 0.9583038240882943 0.9246670118494575 0.7922864253458384 0.7092267903985481 
0.6215810375529902 -0.7117577660877035 -0.5385277640594708 -0.3557534189102054 -0.377174524309728 -0.4057172004707599 -0.12400989825586728 0.37804056449979595 0.07868000693119473 0.2820242677819973 0.2554134652336987 0.33135490223615194 0.49105022178312574 0.8269934141405626 0.73400028194415 0.8199661231733963 0.8122000531216591 0.8168264733882291 0.9680939089028161 0.851336702166766 0.961693960852196 0.8512457208773351 0.9986580636235223 0.606964541334368 0.9636429853740907 0.8130187926795844 0.9583038240882943 0.9246670118494575 0.8038760534001979 0.5340536946051226 
0.6204990416104781 -0.711582208938056 -0.536379345283182 -0.3380511119061953 -0.377174524309728 -0.43343409459120824 -0.11707804749795722 0.4656074963927076 0.07868000693119473 0.2237319574445078 0.2609171727574001 0.3126958224476263 0.5282136389171689 0.8336115944224287 0.7221949821935484 0.8199661231733963 0.8201439258187426 0.8275990905958752 0.9680939089028161 0.8571099247338627 0.961693960852196 0.8511677910395014 1.0 0.6459973203055298 0.9646034144803515 0.7914371716961426 0.9516079991503309 0.9246670118494575 0.7922864253458384 0.5340536946051226 
0.6191909818673569 -0.9284222236834561 -0.5365157721456696 -0.34479484790772297 -0.3915473248614637 -0.5167496290100266 -0.12328387132389002 0.39993229747302383 0.05046864006519397 0.34393637066328375 0.24624061936086294 0.26844128679399304 0.5114555712224285 0.8137570535768304 0.6683535195862984 0.7241805178633229 0.7989602652931864 0.7870156676010205 0.9617950150170212 0.8494122946444006 0.9561616501332121 0.8512568537113113 0.9969806431529252 0.5939961041126638 0.9557629937629892 0.8777636556299102 0.9485337905752985 0.8793792860787172 0.8386449375632763 0.5774280217252022 
0.6191909818673569 -0.9284222236834561 -0.5365157721456696 -0.34479484790772297 -0.3915473248614637 -0.5167496290100266 -0.12328387132389002 0.39993229747302383 0.05046864006519397 0.34393637066328375 0.24624061936086294 0.26844128679399304 0.5114555712224285 0.8137570535768304 0.6683535195862984 0.7241805178633229 0.7989602652931864 0.7870156676010205 0.9617950150170212 0.8494122946444006 0.9561616501332121 0.8512568537113113 0.9969806431529252 0.5939961041126638 0.9557629937629892 0.8777636556299102 0.9485337905752985 0.8793792860787172 0.8386449375632763 0.5774280217252022 
0.6191909818673569 -1.0 -0.5340195257316156 -0.36502605591230597 -0.40017100519250515 -0.5167496290100266 -0.14042161301443298 0.4656074963927076 0.05046864006519397 0.3652453354588768 0.24624061936086294 0.26844128679399304 0.5014007306055842 0.8336115944224287 0.6683535195862984 0.6667091546772788 0.7989602652931864 0.7870156676010205 0.9580156786855444 0.8417146645549384 0.9561616501332121 0.8513459163831213 0.9946322544940893 0.5768323217897746 0.9540967589988829 0.8777636556299102 0.9485337905752985 0.8793792860787172 0.8386449375632763 0.47510406690294515 
0.6178638639509673 -1.0 -0.5340195257316156 -0.36502605591230597 -0.40017100519250515 -0.5424802470133354 -0.14042161301443298 0.4656074963927076 0.05046864006519397 0.4174629556090875 0.24624061936086294 0.26844128679399304 0.48469229427356786 0.8336115944224287 0.6616233367603922 0.6667091546772788 0.7543295952784187 0.7870156676010205 0.9580156786855444 0.8417146645549384 0.9561616501332121 0.8385851746290108 0.9946322544940893 0.5768323217897746 0.9540967589988829 0.862980662224037 0.9485337905752985 0.8793792860787172 0.8386449375632763 0.45638783907967806 
0.4196250820857521 0.9687453885410451 0.7294979632734101 0.9719127192721171 0.490124032064057 0.7769415689811763 0.5880634616635513 0.571101993182644 0.07974467308711003 0.5212565027882029 0.32198299409533016 0.2967993527082927 0.08206062390547278 0.05177876120193042 -0.1581859663511985 -0.11978451681795727 -0.03423167070326116 -0.4541976683415271 -0.2649601732780478 -0.5077461589464228 -0.5383658600632126 -0.7684190960826149 -0.6948448694275782 -0.85284512002881 -0.7725842656378159 -0.9962065198599457 -1.0 -0.9111785938450596 -0.5955881464587729 -0.9826072794904996 
0.4196250820857521 0.9687453885410451 0.7294979632734101 0.9719127192721171 0.490124032064057 0.7769415689811763 0.5880634616635513 0.571101993182644 0.07974467308711003 0.5212565027882029 0.32198299409533016 0.2967993527082927 0.08206062390547278 0.05177876120193042 -0.1581859663511985 -0.11978451681795727 -0.03423167070326116 -0.4541976683415271 -0.2649601732780478 -0.5077461589464228 -0.5383658600632126 -0.7684190960826149 -0.6948448694275782 -0.85284512002881 -0.7725842656378159 -0.9962065198599457 -1.0 -0.9111785938450596 -0.5955881464587729 -0.9826072794904996 
0.4196250820857521 1.0 0.7294979632734101 0.9820283232744086 0.490124032064057 0.7769415689811763 0.5880634616635513 0.571101993182644 0.07974467308711003 0.484493210315301 0.32198299409533016 0.2967993527082927 0.08206062390547278 0.04185149077913125 -0.1548208749382454 -0.09104883522493518 -0.0119163356958773 -0.4541976683415271 -0.2649601732780478 -0.5077461589464228 -0.5383658600632126 -0.7620832565414647 -0.6948448694275782 -0.8442632288673654 -0.7717511482557627 -0.9962065198599457 -1.0 -0.9111785938450596 -0.5955881464587729 -0.9826072794904996 
0.4196250820857521 1.0 0.7294979632734101 0.9820283232744086 0.490124032064057 0.7769415689811763 0.5880634616635513 0.571101993182644 0.07974467308711003 0.484493210315301 0.32198299409533016 0.2967993527082927 0.08206062390547278 0.04185149077913125 -0.1548208749382454 -0.09104883522493518 -0.0119163356958773 -0.4541976683415271 -0.2649601732780478 -0.5077461589464228 -0.5383658600632126 -0.7620832565414647 -0.6948448694275782 -0.8442632288673654 -0.7717511482557627 -0.9962065198599457 -1.0 -0.9111785938450596 -0.5955881464587729 -0.9826072794904996 
0.4222324624284294 1.0 0.7309418476370462 0.9719127192721171 0.5797797646603116 0.8623054773258578 0.6347742629258637 0.6259999048100786 0.4872488492113858 0.5090087545174748 0.32864387411982604 0.29915204441906784 0.3090518270818894 0.019630793420129133 -0.055511887185161146 -0.11978451681795727 0.0011285237723105551 -0.4688237518093716 -0.2047064644174974 -0.5967108297784527 -0.5434665049661752 -0.8197419629845328 -0.7141230657670524 -0.8481453256732386 -0.5983314673847008 -1.0 -0.9984628957124838 -0.9773561371146298 -0.6372474872378981 -1.0 
0.41840349372037466 0.9820865869683553 0.7837950462546618 0.9555120648128752 0.9263078558457876 0.8271454845010654 0.7980266488245381 0.7708536672423885 0.6605659556734018 0.48539557176969206 0.3124712920249933 0.33693304748978337 0.36120529873896223 0.17134624421610073 0.14223916117562824 -0.0803204892594972 -0.11434028063801013 -0.42423423588667963 -0.10678446072722897 -0.5142335300724774 -0.3214310450706917 -0.7436538771549646 -0.6156639855880274 -0.8760083833777126 -0.7152589910012153 -1.0 -0.9925590214803105 -0.9506048964824863 -0.6903245138191101 -0.9736242964000614 
0.41457452501231995 0.9820865869683553 0.8076671029636209 0.9555120648128752 0.9263078558457876 0.8506536623803388 0.9612790347232125 0.7708536672423885 0.8173251802784616 0.48539557176969206 0.308480961121286 0.37471405056049895 0.4197392262277586 0.17134624421610073 0.14223916117562824 -0.0803204892594972 -0.2298090850483308 -0.3423847953580994 -0.09922577082382616 -0.4639465639834526 -0.3214310450706917 -0.7436538771549646 -0.5087587414293067 -0.8861777880398719 -0.8269331868769956 -1.0 -0.985118042960621 -0.9012097929649725 -0.7206381359339665 -0.9472485928001229 
0.4135224375274914 1.0 0.8632695672293677 0.8956688134381194 0.898423953934607 0.8423634733943344 0.8216174679751134 0.8328202472499204 0.8504409439923739 0.44315903221175695 0.2987930121355723 0.37471405056049895 0.40697831456431155 0.09232368739402846 0.20375531589609783 -0.1561189756496552 0.016878734297551656 -0.37632122157502124 -0.10017341636898658 -0.3841706365706272 -0.40583918652066664 -0.7908001166266011 -0.5202833238827872 -0.85953306153157 -0.6398174092848882 -0.934866099332138 -0.9541594336915599 -0.9453406515647339 -0.7661649448666776 -0.9513161324000751 
0.41221874735615277 1.0 0.8632695672293677 0.8956688134381194 0.8593452078571739 0.8269430573275254 0.8216174679751134 0.8053712914362031 0.6466888559302361 0.44315903221175695 0.2991317104724587 0.37471405056049895 0.40697831456431155 0.10839767128492911 0.16756118767136818 -0.1561189756496552 -8.013629402342029E-4 -0.3588623240923853 -0.13030027079926176 -0.33583948610988124 -0.40583918652066664 -0.7651386831756422 -0.5093022893365724 -0.85953306153157 -0.6398174092848882 -0.934866099332138 -0.9541594336915599 -0.9453406515647339 -0.745335274477115 -0.9426197721453249 
0.38083199814576657 0.9063255628468762 0.7671779274652903 1.0 0.9887258057958905 1.0 0.8084278744215712 0.9941924510343454 0.8815837303802043 0.9490537285685894 0.8519630562541423 0.8581738191922361 0.899604798808062 0.7742040504705426 0.7447056471482332 0.5712794327365396 0.7004853962833828 0.42179501789820706 0.6585615105918033 0.1415843280601868 0.15968356893626579 -0.034120412840537406 0.008316751438547536 -0.24981563834498843 -0.27225830572819165 -0.4852401720235908 -0.5015428686163736 -0.6088776670443108 -0.6903560145240876 -0.7497897198188286 
0.37932307886651845 0.9063255628468762 0.7671779274652903 1.0 0.9887258057958905 0.9739903616369601 0.9849292804196972 0.9941924510343454 0.9166924526380769 0.9621453951907561 0.8519630562541423 0.8581738191922361 0.899604798808062 0.7874062145241592 0.7447056471482332 0.5712794327365396 0.7004853962833828 0.39052594884188296 0.6585615105918033 0.1415843280601868 0.1598466181205999 -0.034120412840537406 0.018128212877079712 -0.2469911843204043 -0.35601395263502683 -0.4852401720235908 -0.5015428686163736 -0.5878576868355341 -0.6903560145240876 -0.7497699686959762 
0.3785030007042265 0.9108706912613473 0.7944526731504822 1.0 0.9843512777215069 0.9739903616369601 0.9849292804196972 0.9934733595385778 0.9382602991168527 0.9621453951907561 0.8519630562541423 0.8581738191922361 0.9009340706271606 0.7874062145241592 0.7447056471482332 0.5509132770256995 0.6750599745535917 0.400974467990172 0.6566662195014825 0.14580814903097883 0.17239422509338811 -0.034120412840537406 0.035392722534916536 -0.18379443168943724 -0.35601395263502683 -0.45567418521184444 -0.5015428686163736 -0.5878576868355341 -0.6903560145240876 -0.7320111239489018 
0.3767910645643733 0.9108706912613473 0.851679710816998 1.0 0.9843512777215069 0.9739903616369601 1.0 1.0 0.9382602991168527 0.9034564648986902 0.8319712959616363 0.9113162862321468 0.8831209454906369 0.8017300812015159 0.7447056471482332 0.5509132770256995 0.6750599745535917 0.3305758703320472 0.6476561672743187 0.14580814903097883 0.1090881190059069 -0.06002887697139958 0.035392722534916536 -0.18379443168943724 -0.35601395263502683 -0.44828268850890785 -0.4786225854621536 -0.587325712424424 -0.7055488091504247 -0.7320111239489018 
0.3665633813520872 0.6966018363266828 0.7294080052224217 0.8276073121049343 0.8602947233973391 0.9286191724436799 0.9293219896746381 0.9269532983580264 0.9166924526380769 0.9132666427799953 0.8519630562541423 0.8581738191922361 0.899604798808062 0.930724706909834 0.7191872229829394 0.7860758946635109 0.8537582705631984 0.5980699811368141 0.6585615105918033 0.34273219241628583 0.40808434200659516 0.189565498705494 0.2269171109708402 -0.0010566455955604015 -0.35601395263502683 -0.1986933237942627 -0.31135014624541757 -0.4233653913854215 -0.43960252025598967 -0.6049927894835949 
0.3578705428315154 0.6029543186417314 0.6483787780128711 0.7505971457234546 0.7139337736528503 0.8703697884765238 0.8798906818173617 0.955629735793273 1.0 0.9891540159912763 1.0 0.9822936242296679 1.0 0.9037468183300021 0.8752152216737836 0.8627088721108263 0.8610213594773263 0.7634643685141591 0.75874812726512 0.5890075862728197 0.5733622192364664 0.39021381127605576 0.3905705690801767 0.20366756120532994 0.13931901615132591 -0.021502175355742593 0.026660138145629245 -0.24888326010487571 -0.1543596025394436 -0.4226346849996827 
0.35626391832453186 0.5760074185451421 0.681017980252421 0.7186633865775391 0.7431378352028972 0.8666222727251758 0.8732048725031657 0.9567198362731828 1.0 0.9844296305110074 1.0 1.0 1.0 0.9886622963956648 0.7936197012999162 0.8842140834008629 0.7861149700111656 0.7638482848586124 0.7138791779286048 0.5669008181864955 0.5078455645151208 0.40843128518441707 0.36537725313498587 0.17600438140431435 0.1569683596292974 -0.010177719964775563 -0.031545853360003026 -0.25887309593530894 -0.238903999972126 -0.4166625985818364 
0.35298360567536397 0.5760074185451421 0.6481653474484654 0.7186633865775391 0.7431378352028972 0.8666222727251758 0.8732048725031657 0.8690505978252714 1.0 0.9844296305110074 0.9729279124598161 1.0 1.0 0.9886622963956648 0.8346886299315813 0.866533141773461 0.7861149700111656 0.7638482848586124 0.7138791779286048 0.6089487454298617 0.5078455645151208 0.40843128518441707 0.412078152193722 0.3369031874479901 0.1569683596292974 -0.010177719964775563 -0.05388314248548866 -0.25887309593530894 -0.238903999972126 -0.4166625985818364 
0.35053358510284716 0.5617984856858133 0.5828869429693655 0.7373723634584577 0.7129406476459512 0.8556633112488536 0.8863097049868929 0.7700159941194229 0.9430345493387747 0.9697700177746792 0.9458558249196323 0.9954455136195918 0.987852739396969 0.9563268294177316 0.9978796706793163 0.8273469888560224 0.8235629080303462 0.7754281786857424 0.7718380120175061 0.5845930244662483 0.5751764451124148 0.4110717320744858 0.4581191012345845 0.09636265072886532 0.1824886688660155 0.136636541049377 0.048560510838650504 -0.2141421814526365 -0.23627568318910352 -0.3313686018769962 
0.3495975022792869 0.5603789008139737 0.6017726166333479 0.7330400727726969 0.7131626444207972 0.8556633112488536 0.8863097049868929 0.7700159941194229 0.9592104341978566 0.9697700177746792 0.9323197811495403 0.9954455136195918 0.9949417666609677 0.9692540906458302 0.9978796706793163 0.7831300281308481 0.876834704826166 0.7754281786857424 0.7587636823262061 0.6087848538160254 0.5845871503420059 0.4351471710488757 0.45696824819558024 0.1768120537507032 0.1856051628289961 0.15240048640318865 0.046689520756404056 -0.34506173659857825 -0.23627568318910352 -0.32248917950345896 
0.31399566472473883 -0.18302471611568513 -0.08154319444256115 0.052822822936668505 0.044769639987332625 0.21968634684406269 0.2650812628724732 0.4644731137740914 0.6293717013987858 0.6094700789015968 0.8332886851500454 0.7694085632087675 0.8109379997153043 0.8614287645863972 0.9436330909051434 0.9589046691465611 0.9191559640978104 0.9727126845184306 1.0 0.8863012998703743 0.7730196549493045 0.9611913664057912 0.7253084340873558 0.8137602589246314 0.7332663178109405 0.6722217671875469 0.5987089664543793 0.5225133843554006 0.5767984192805944 0.383607231393025 
0.31388928751748413 -0.20105038614063675 -0.07342485026087689 -0.027049449312316898 0.13689715456344484 0.29707210201748957 0.43292713682886863 0.3827912734095277 0.6647919758598366 0.6095145121178369 0.7776839267971631 0.7629193073701588 0.8995294044263349 0.85697125457588 1.0 0.9460802267936761 0.8967144552233637 0.9859193520497234 1.0 0.9712675333673884 0.8188512703248869 0.887941321934909 0.7951750589644911 0.8170023635287729 0.760917349119901 0.7508790997568302 0.5371023901963545 0.5162836155949415 0.4278488193591214 0.4579003684258447 
0.31173656456463733 -0.20085657410642216 -0.10986326827972515 -0.06117423819926249 0.0664912607741995 0.20984242742869547 0.31867068094610124 0.3622407438534731 0.4764551030082885 0.6151590502517659 0.7626976966785822 0.760299590447951 0.798049368090997 0.7994317832010791 0.9233438633939701 0.9392178956115272 1.0 0.982263809604466 0.9995793893007241 0.925975976556326 0.8966690968429515 0.9137393580319164 0.870886512840497 0.9184506120477646 0.7837500602239216 0.6826528718675449 0.6602376007789521 0.5966647222807366 0.4005386679802455 0.469528523295899 
0.3072555870190137 -0.1805932877440616 -0.13743006832329122 -0.18507310466681315 0.05140741898365013 0.151412469321891 0.2583394930199905 0.32477053619830176 0.41815312647359687 0.5340218375820498 0.676554411700775 0.7301134846806575 0.785240434297507 0.8120945432623813 0.8473860418563324 0.9303706948555596 0.9276602508166358 0.9945769609084647 1.0 0.9541193518675147 0.9945094457278609 0.8927930309860466 0.8870748010433565 0.8650685580001155 0.8269252028787188 0.8110559459377589 0.749653435938084 0.7949612110542015 0.5801739928388703 0.5944983183353586 
0.2991753742718879 -0.5707197911562745 -0.31974627512176523 -0.23789560538113091 -0.13023653471113095 0.08648888303008082 0.042217086803748555 0.20565651913375824 0.302468421234103 0.3285935387762451 0.6031100004302812 0.6873686559381671 0.6380493492359258 0.6638902711144823 0.8129358619854339 0.8877889491068574 0.86068008615586 0.9678667326639014 0.9936307241355236 0.9357059658476008 0.9997828460155153 0.9648196696363349 0.9689821794333926 0.9423068623778503 0.9221063605964794 0.8852147610759269 0.8511707725881161 0.7766255779458024 0.7079528206887233 0.5062260860138533 
0.29158889352999173 -0.5073022236957446 -0.41967667175341256 -0.23437827087366342 -0.22669494376964103 -0.08372785448296097 -0.04125460466584382 0.15960264935208934 0.10388025057108288 0.3361855213600934 0.36790224744300715 0.4846387616287405 0.5758349112390646 0.5819834813807367 0.7547109380042294 0.8069081322805713 0.868894840590928 0.9675683947916482 0.9918220428181734 0.8613602210626626 1.0 0.9224758309753547 1.0 0.9086495632067408 0.9569348321644178 0.9693933129171967 0.9369174853614956 0.8190659964776565 0.7950211383614134 0.5177632883441592 
0.29158889352999173 -0.5078577350647456 -0.41967667175341256 -0.22484219053566173 -0.21159634999116803 -0.033407282261451586 -0.04780702090770741 0.2483524833970019 0.14082963700296 0.3361855213600934 0.40089062574727286 0.4649080401541948 0.5224172285580535 0.5819834813807367 0.7547109380042294 0.8273555796187221 0.868894840590928 0.9617784478780832 0.9996813796213058 0.8717002048922624 0.9995656920310305 0.9130467062058862 0.9787151934067273 0.989306089934882 0.9569348321644178 0.8959861824101204 0.8968643032621688 0.8238983761498512 0.7937069799699021 0.4764816015051697 
0.28841758660625405 -0.6580134151796033 -0.5403117447551864 -0.23194526851535435 -0.31101546245928097 0.05565734193599861 -0.20883860749425703 -0.03382522947358907 0.09701623378993843 0.2173589312417659 0.2726384128242687 0.6366275597143085 0.43958535922142505 0.5212059148805079 0.6280481618237543 0.9134050266647853 0.7441000331207291 0.9317341473691847 0.9199954962677506 0.8892836150805593 0.9847730120401937 0.8209432524422926 0.9919225842378757 0.9302485093419864 0.911186902943963 0.8154393094052984 0.9083534564658062 0.7227492853623809 0.930041991791154 0.6460715095247487 
0.2834528871432329 -0.6805553517094179 -0.5986674120960703 -0.4605876876019056 -0.3679820716428819 0.017750332600400015 -0.20883860749425703 -0.43888398269326234 -0.09588287632995104 0.08753490579824269 0.23457572110299107 0.38380011039182416 0.44942401853429115 0.5212059148805079 0.571103693158832 0.8785903740925651 0.7441000331207291 0.9468163824594983 0.9086002482784433 0.90668702685165 0.9740707346154209 0.7510033870638679 1.0 0.87538060700544 0.9400369212023962 0.9151230217906019 0.951953899037002 0.8870786793450901 0.8816627243061564 0.6894283481663697 
0.2795750581226851 -0.6314685143381289 -0.5986674120960703 -0.4605876876019056 -0.4395470742240997 0.02944051799857339 -0.24803861327509183 -0.43888398269326234 -0.1848444324344553 -0.019705163578105617 0.1778834616794438 0.38380011039182416 0.44942401853429115 0.5043492726183718 0.571103693158832 0.8947598004214128 0.7593171128829228 0.9468163824594983 0.8529534666384155 0.90668702685165 0.9688661315202705 0.6940586240635801 1.0 0.87538060700544 0.9597903066564082 0.9003985156287895 0.9624828711662262 0.8870786793450901 0.858340699631243 0.6185322215786193 
0.2834528871432329 -0.570463256333108 -0.5878487760605793 -0.31338510476643766 -0.35513883687809744 0.024452810686194607 -0.23139262712361824 -0.32977443621589325 0.04402184911064844 0.139465852289756 0.18834265961150018 0.6399620771902435 0.41523645607831583 0.49283105779158237 0.5536684185127501 0.9731091038996019 0.7272009710680725 0.9317341473691847 0.8730015405869997 0.8976657218640913 0.9769051700063693 0.6944461858146221 0.9959612921189378 0.87538060700544 0.9421692410912905 0.8771175437771612 0.951953899037002 0.7585613919292253 0.8611743274850929 0.5294090921684373 
0.2806619285651585 -0.5598397404370253 -0.6548968029415068 -0.4451540074976214 -0.45414546762171665 0.07903771273234536 -0.2823386183333223 -0.4049270888669699 -0.08090687841907007 0.00287879248906929 0.15925389397717415 0.7084679592199723 0.33867680365543007 0.48781382072552165 0.4908760612819569 0.9393708694598473 0.7692015442116991 0.8933588242596692 0.8087019329876949 0.8779484439056038 0.9648038448386209 0.7070537264417169 0.9980456024397047 0.9181562472659117 0.9506936738519869 0.7835149674429175 0.9294114007242547 0.686970701597474 0.8833979424413272 0.5113807655618543 
0.2800659088974405 -0.5598397404370253 -0.6548968029415068 -0.4251297304352493 -0.4328212427528275 0.11387339447669778 -0.2774386176107179 -0.4049905462337057 -0.08090687841907007 0.004144391123658789 0.15925389397717415 0.7122410107027406 0.34018401682554295 0.4881350110948077 0.4908760612819569 0.9329978595972137 0.7638688957782818 0.8885233548598649 0.819764816400375 0.8779484439056038 0.9552438838273489 0.7070537264417169 1.0 0.9181562472659117 0.9506936738519869 0.7810396378041615 0.9294114007242547 0.6873185006675759 0.8833979424413272 0.5092325787580461 
0.27697664411054407 -0.5598397404370253 -0.6543398750751177 -0.21060161733104882 -0.48992796891232554 0.043688650080027466 -0.3341265795886448 -0.37423650947728815 -0.12538765647132222 -0.04651094551957519 0.12959427027275916 0.3607006023299785 0.33716959048531725 0.4707965832787424 0.4908760612819569 0.9173730652194286 0.7576351305924597 0.8933588242596692 0.762853894386047 0.7953314437281827 0.9792293845816661 0.7005561752526486 0.9970684036595572 0.9181562472659117 0.9752516900955673 0.7728517880355643 0.918140151567881 0.686970701597474 0.8734721482390412 0.3564899228179127 
0.27752007933178074 -0.5598397404370253 -0.682454570497836 -0.21060161733104882 -0.497227165611134 0.10968140279831803 -0.3341265795886448 -0.35725806256414194 -0.07341887946362959 -0.03521896748598774 0.12027948642162434 0.5230345267440526 0.2817959830458867 0.4707965832787424 0.4908760612819569 0.9457438793224807 0.7576351305924597 0.8933588242596692 0.762853894386047 0.7809621522551595 0.9771982412408413 0.7070537264417169 0.9960912048794095 0.9181562472659117 0.9752516900955673 0.7144100139426284 0.918140151567881 0.5869167127236659 0.8860007696440833 0.3564899228179127 
0.09548825111411544 0.8701509720666862 0.6237787118757074 0.8172914880578372 0.47265866216792857 0.552964782654221 0.4973509573751679 0.4538071538763645 0.16532679086196084 0.3793195249532917 -0.15165848281224453 0.07814933372294226 0.08844450593796067 -0.09770327862372805 -0.4911073094808424 -0.3063082953945675 -0.03400990019557691 -0.5035301224127755 -0.25869200509519785 -0.574796856712506 -0.5013540339501491 -0.7674287611919557 -0.6784826764648754 -0.9533702919631516 -0.8006290311624107 -0.8702610977183542 -0.8695376859429608 -0.9996522009298981 -0.7823835649346087 -0.9957036263923833 
0.09391092520644205 0.8993947440147618 0.5959284921741315 0.8578395347370411 0.4197764943242195 0.6229610206673926 0.5150725183381258 0.546755979573091 0.0017235043504267439 0.34863986870892283 -0.028100805842664306 0.13078503465932223 0.016647764963118206 -0.04637125875707978 -0.40309647768919565 -0.23161177888033846 -0.03714314562784417 -0.42771558572046864 -0.300400711092656 -0.5624897005391089 -0.3981838746041677 -0.7603757434241023 -0.6784826764648754 -0.9373294268654747 -0.784587130500948 -0.9662463862643491 -0.828056301686435 -0.999652200929898 -0.7089670171701055 -1.0 
0.09548825111411544 0.8701509720666862 0.6237787118757074 0.8172914880578372 0.47265866216792857 0.552964782654221 0.4973509573751679 0.4538071538763645 0.16532679086196084 0.3793195249532917 -0.15165848281224453 0.07814933372294226 0.08844450593796067 -0.09770327862372805 -0.4911073094808424 -0.3063082953945675 -0.03400990019557691 -0.5035301224127755 -0.25869200509519785 -0.574796856712506 -0.5013540339501491 -0.7674287611919557 -0.6784826764648754 -0.9533702919631516 -0.8006290311624107 -0.8702610977183542 -0.8695376859429608 -0.9996522009298981 -0.7823835649346087 -0.9957036263923833 
0.09391092520644205 0.8993947440147618 0.5959284921741315 0.8578395347370411 0.4197764943242195 0.6229610206673926 0.5150725183381258 0.546755979573091 0.0017235043504267439 0.34863986870892283 -0.028100805842664306 0.13078503465932223 0.016647764963118206 -0.04637125875707978 -0.40309647768919565 -0.23161177888033846 -0.03714314562784417 -0.42771558572046864 -0.300400711092656 -0.5624897005391089 -0.3981838746041677 -0.7603757434241023 -0.6784826764648754 -0.9373294268654747 -0.784587130500948 -0.9662463862643491 -0.828056301686435 -0.999652200929898 -0.7089670171701055 -1.0 
0.09280869746373052 0.9091426679974537 0.6602619075693381 0.8534072900912091 0.4206917430049105 0.659278403368949 0.5722071347881824 0.534367726019342 -0.0038335803212674047 0.3179602124645539 0.017083030519339085 0.16363010453158472 0.10046178270732042 0.0019642671471572157 -0.3629826617507581 -0.23726237865751232 -0.05422540109596375 -0.4459701985497353 -0.2720563256101023 -0.5624897005391089 -0.3981838746041677 -0.7590933765572199 -0.6690491615612824 -0.9533702919631516 -0.7927577859441415 -0.8921812729674843 -0.9748630826098226 -0.999652200929898 -0.7089670171701055 -0.9946295329904793 
0.09288471317012442 0.8701509720666862 0.6284598317088097 0.8305882219953333 0.4637361254834049 0.602163801926673 0.5722071347881824 0.5281297274081266 0.129119867901281 0.3793195249532917 -0.048444364413035554 0.13078503465932223 0.09324333092739598 -0.06115409532168736 -0.4421883975256496 -0.23034872580869026 -0.029632785462972728 -0.5035301224127755 -0.25869200509519785 -0.5624897005391089 -0.3981838746041677 -0.7590933765572199 -0.6784826764648754 -0.9533702919631516 -0.7927577859441415 -0.8543229978750528 -0.9665952149993297 -0.9998261004649491 -0.7745531765564574 -0.9940924862895273 
0.09068025768470137 0.9091426679974537 0.654615024765048 0.8622717793828731 0.44630216609922635 0.703355868050924 0.6003884013747427 0.5849791404297489 0.20785087277111752 0.3581106101695167 0.049846727985526404 0.1964751744038472 0.10046178270732042 0.012169567440733643 -0.3629826617507581 -0.19066584646197005 -0.06547927868967501 -0.37059384230322656 -0.29210280638245895 -0.5624897005391089 -0.3981838746041677 -0.7539639090896901 -0.6454653743022998 -0.9426763818980337 -0.794517640838597 -0.9380581036961901 -0.9831309502203155 -0.999478301394847 -0.6966297176904398 -0.9935554395885753 
0.09052822627191358 0.9481343639282211 0.7238660592903949 0.9167744048662887 0.42614271881166865 0.7163930048112251 0.609289261848674 0.616452749384079 0.2524220469375612 0.41526622057927975 0.08261042545171372 0.2293202442761097 0.10768023448724487 0.012811948179305789 -0.17995003932043 -0.1656085170523043 -0.06756697770575451 -0.3311403104850592 -0.29878496663991116 -0.5624897005391089 -0.39772478113037724 -0.7539639090896901 -0.6407486168505032 -0.9319824718329157 -0.7940033375319473 -0.9678978231523472 -0.9913988178308084 -0.999304401859796 -0.6936888842645557 -0.9935554395885753 
0.09052822627191358 0.9481343639282211 0.7238660592903949 0.9167744048662887 0.42614271881166865 0.7163930048112251 0.609289261848674 0.616452749384079 0.2524220469375612 0.41526622057927975 0.08261042545171372 0.2293202442761097 0.10768023448724487 0.012811948179305789 -0.17995003932043 -0.1656085170523043 -0.06756697770575451 -0.3311403104850592 -0.29878496663991116 -0.5624897005391089 -0.39772478113037724 -0.7539639090896901 -0.6407486168505032 -0.9319824718329157 -0.7940033375319473 -0.9678978231523472 -0.9913988178308084 -0.999304401859796 -0.6936888842645557 -0.9935554395885753 
0.08870384931846002 0.9461556453468687 0.7031942127835035 0.8800007579662013 0.5580013541505309 0.7213590592122965 0.6586077084480448 0.654588166572055 0.31922155979078154 0.42367362473722914 0.213665215316463 0.23605643653208216 0.11005943268619103 0.04350345251681626 -0.26514483784037246 -0.10518467915911792 -0.02754792501740423 -0.4103373337827982 -0.29878496663991116 -0.5378753881923145 -0.3563211956607623 -0.7437049741546307 -0.6124480721397241 -0.8134498078473577 -0.7761353680603752 -0.9735594308523652 -1.0 -1.0 -0.6933062404138028 -0.9914072527847672 
0.08753602194989038 0.9496728249725281 0.7716071235524485 0.9259567386191592 0.5204073935822546 0.7412232768165816 0.6347742629258637 0.6590205194006818 0.25638346626752284 0.452128021386657 0.24977114157608538 0.2689516715190229 0.1185275382344061 0.04607297547110484 -0.17547127387105585 -0.11978451681795727 -0.030889797860332698 -0.4023116602677943 -0.30338784084435966 -0.5323030341728392 -0.4393414747652594 -0.7231871042845117 -0.6181747806998679 -0.811242822298251 -0.7907005727175425 -0.9962065198599457 -1.0 -1.0 -0.6948368158168141 -0.9868393042310128 
0.08753602194989038 0.9448206568921891 0.7716071235524485 0.9259567386191592 0.5204073935822546 0.8212842274851568 0.6921238925422383 0.6590205194006818 0.4147477259920622 0.452128021386657 0.24977114157608538 0.2689516715190229 0.1965062044568111 -0.030132045386958545 -0.17547127387105585 -0.11978451681795727 -0.030889797860332698 -0.4023116602677943 -0.23346489198145925 -0.5323030341728392 -0.4393414747652594 -0.6866210949443539 -0.6181747806998679 -0.7908641150862472 -0.7907005727175425 -0.9890371291624381 -1.0 -0.9841333986928271 -0.7856293571188508 -0.983994231250132 
0.08695210826560554 0.9547091106571749 0.7510229123579788 0.9809278393239966 0.5204073935822546 0.7710196032230093 0.6466909856869543 0.6838914010796933 0.3787379665956434 0.49480961636079873 0.32198299409533016 0.30841311446811426 0.13421409556254563 0.04735773694824913 -0.042511873344191986 -0.11925644006438511 -0.08108949177579886 -0.3839186316910095 -0.32434662941246134 -0.5378896686489039 -0.5031827678756075 -0.7043288547455749 -0.6181747806998679 -0.8123463150728043 -0.7834179703889588 -0.9962065198599457 -1.0 -1.0 -0.7224522710649568 -0.9707170379413776 
0.08449539369413445 0.9535980879191729 0.8736618939496694 1.0 0.6298646378098017 0.8607017861897059 0.6922105576324635 0.6746872270157585 0.506714729612924 0.4705589217903456 0.3879597507038616 0.2689516715190229 0.02737873020052349 0.04607297547110484 -0.042511873344191986 -0.07836154538808368 -0.030889797860332698 -0.3142157871995271 -0.30799071504880815 -0.5172097009897043 -0.5379514770640903 -0.7231871042845117 -0.5611323890117981 -0.7306749922919711 -0.7873978079031376 -0.9962065198599457 -0.9707185925699273 -0.9903352406556107 -0.6956021035183197 -0.9679864149145163 
0.08449539369413445 0.9535980879191729 0.9455166419035904 1.0 0.6877847218990653 0.8150588491382817 0.6981689190130088 0.6746872270157585 0.506714729612924 0.4705589217903456 0.38462931069161366 0.338524766811789 0.02737873020052349 0.12102778106691112 0.05906994857325357 -0.0379522854443344 -0.0719988056343874 -0.20598886214300735 -0.3678107975462901 -0.4694807574829357 -0.5178096085188064 -0.6654805501650327 -0.48840527726193245 -0.712775486991754 -0.7873978079031376 -0.9936744345455505 -0.9714871447136855 -0.9903352406556107 -0.7382044954318491 -0.9544190272871093 
0.07841451724216998 0.9364513091861906 0.8690681512669927 1.0 0.7765677973248366 0.8814809605494469 0.773306967680794 0.7459180882368138 0.5073440229177519 0.6105417899798358 0.6744892615347255 0.4859414802221587 0.23999696278258068 0.257819664244863 0.10158043844102294 0.035004435401170264 -0.12620072723075257 -0.21571331187499354 -0.1589390689141104 -0.4952345957680238 -0.48634221572340397 -0.5969481900831746 -0.745539253297349 -0.7925193542480772 -0.6501855600465142 -0.9592206494573501 -0.9329909681700332 -0.9763739975742917 -0.7986717970414166 -0.9864326123725929 
0.07655798435274375 0.9364513091861906 0.8690681512669927 1.0 0.7765677973248366 0.8814809605494469 0.773306967680794 0.8079447753939344 0.6359500792398604 0.6105417899798358 0.6744892615347255 0.4859414802221587 0.2660167651310011 0.257819664244863 0.10158043844102294 0.035004435401170264 -0.12620072723075257 -0.17905672205365497 -0.1589390689141104 -0.4892162487711321 -0.4695016635712005 -0.670572955474315 -0.5323032250818167 -0.77269239342335 -0.6501855600465142 -0.9592206494573501 -0.9329909681700332 -0.9682667973856542 -0.8748913230178763 -1.0 
0.07323161043229404 1.0 1.0 1.0 0.8680324924931807 0.9589259853224169 0.8412721830738908 0.8173225208998881 0.65735334436292 0.6945778120769824 0.42378077176992957 0.5550557145666883 0.41056274318581765 0.13541914090885637 0.2955821481870094 0.03304488022639142 -0.13452279998401367 -0.06505785748525252 -0.09391643407013696 -0.3464919707676443 -0.40716464015559073 -0.5283792383511913 -0.47969435002621647 -0.6782443706781722 -0.6848182402394071 -0.873880886807347 -0.8656720059413261 -1.0 -0.834956881105729 -0.9568329753132843 
0.07323161043229404 1.0 1.0 1.0 0.8680324924931807 0.9938349680036227 0.8353138216933456 0.8048870800603825 0.65735334436292 0.6945778120769824 0.4567691500741953 0.5550557145666883 0.3981729983055677 0.13477676017028423 0.2955821481870094 0.03278084184960534 -0.13452279998401367 -0.07425437177364493 -0.1303923945797622 -0.343698653529612 -0.4071646401555908 -0.5378083631206596 -0.5367238478379781 -0.6782443706781722 -0.6884595414036989 -0.873880886807347 -0.8488810066839918 -1.0 -0.834956881105729 -0.8754942523887363 
0.0631741560558747 0.9298836545412144 0.951479191706069 1.0 0.9246352630701584 0.9550674736815067 0.953960009414083 0.9208290313716194 0.8129181560476699 0.7619764290066391 0.682907860289659 0.6741782297854818 0.5546817834895659 0.454327087393838 0.517661701785136 0.33664852901383713 0.024813145301223086 0.004577087011586437 -1.5370309299325702E-4 -0.2170286196336333 -0.1578686475033713 -0.3284356229946298 -0.5303627039341006 -0.5692340896350845 -0.5830423603227259 -0.652996853508748 -0.8185779071876325 -0.8140780657188422 -0.7977126860904298 -0.8379632290562391 
0.05923202061910642 0.9305850898838339 0.8768904615543536 1.0 1.0 0.9661336501209807 1.0 0.9476596869355824 0.8742800285843739 0.809207972793127 0.8318228007655801 0.6492797785483471 0.595897990386115 0.5518655903638171 0.44726336949980044 0.5038580678297878 0.1814387385311254 0.1530856980760372 0.2035996694925516 -0.16346441262043668 -0.17817299918617047 -0.14580719992595195 -0.4654717398119217 -0.5621963064106739 -0.5227964069257981 -0.6726649206611689 -0.7475495637695856 -0.8163497506080549 -0.7789659426827473 -0.8683760251352122 
0.04232608591336747 0.7647844541222326 0.8435964969057136 0.9865824988729084 0.7380948089341477 0.9330455626107148 0.9777914571438993 0.9799444794318388 0.9414896192194682 0.9397731752220897 0.9254455494702502 0.9742831122032944 0.7603461315327583 0.7751950127427247 0.6814877567406084 0.6558703544582993 0.5010359594438596 0.5126198511371547 0.5099095430661449 0.24855830742808754 0.3128412580937213 0.05442579334925571 -0.02468167585683459 -0.16793369171350106 -0.34283109698941727 -0.38149243132633565 -0.5630324236461809 -0.6033533242534557 -0.6850061321765207 -0.770626788683781 
0.04222902936949323 0.7611184290288777 0.8859208467009196 1.0 0.9183357910724563 0.927572307457385 0.9741981488760252 0.9779269323142368 0.9839547260176494 0.9534039544574066 0.9640789994059253 0.9808341512619382 0.7719878975390094 0.7845299411024251 0.7381683378083443 0.6558703544582993 0.6015503000055176 0.5315049337622103 0.5851392893456834 0.1330154530257451 0.10292116525205403 -0.06796866333210153 -0.03488231490793203 -0.13782515895959158 -0.32299953616209925 -0.30944344995407147 -0.4866299851070301 -0.5828094079655124 -0.6167640237017502 -0.8076321938550675 
0.02983309003837177 0.8456889010759858 0.6570596650857914 0.6803164097633011 0.7374538816535098 1.0 0.9759257636300586 0.916430496433434 0.9841223857759369 0.9644320041882152 0.9499441640580232 0.9858606606570544 0.8408646884487829 0.947735307606353 0.8301099126888782 0.7041698310163992 0.8352325174076616 0.6444737531838419 0.6135643737143059 0.6815903730048642 0.49482790447981234 0.24080144092959704 0.10559576554132277 -0.025385149060579426 -0.1652994688940953 -0.18495265944740027 -0.1756761653718716 -0.41584623945205074 -0.5155772593959191 -0.5749352269777537 
0.023427002657173606 0.7859945864214877 0.6768563854499798 0.767324088971352 0.7966282390237321 0.8045327803907971 0.8287422596217429 0.9687253487684921 0.9105110311567755 0.988192114053378 0.8963072712902611 1.0 0.877776792645371 0.8582286652547447 0.8581339853609509 0.7948236915453849 0.8749258174434401 0.8256366268453518 0.6415969949071029 0.7048616101288925 0.5390095005858053 0.36489538958467704 0.3900238674897921 0.2130884544788066 0.11408054429587763 0.031223595021402553 0.0021535837900796273 -0.22407818385238404 -0.20243796081067317 -0.5604877853555079 
0.02078267245859387 0.779385963194199 0.6768563854499798 0.767324088971352 0.7966282390237321 0.8045327803907971 0.8545966217584787 0.9904482097744411 0.9105110311567755 0.988192114053378 0.9860509227175623 1.0 0.931730584213609 0.9260451861811907 0.8581339853609509 0.8743947264416826 0.8819081081283273 0.8256366268453518 0.6415969949071029 0.7048616101288925 0.5390095005858053 0.4319116039591292 0.3900238674897921 0.25911735404828695 0.11749372543121303 0.07887262376803995 0.0021535837900796273 -0.22407818385238404 -0.20243796081067317 -0.5554606644379323 
0.009289507214873694 0.6238140898373479 0.5307408324490498 0.41095961572702017 0.6890969432301672 0.7535345953648702 0.8012660090303352 0.774997001446988 0.93119946714956 0.91869534121125 0.9930254613587812 0.895121524943679 0.9489087691914819 0.9372885003590737 0.7990442578009831 0.900437497567159 1.0 0.8094441542277018 0.8692500962809103 0.753566451956797 0.6074974159886058 0.7137660572520678 0.503731847079581 0.43602703658095776 0.2555971918787742 0.13621140599565562 0.20603244008081895 0.23509684932266048 0.002056982212802233 -0.2570702477454995 
0.003650566518784426 0.36643199305312446 0.35551696234264973 0.4420623847812196 0.5282344236439372 0.7080304509075712 0.7339316890472465 0.4709470737814557 0.9761060854169274 0.9578824626149837 0.916541471968488 0.9144607467650634 0.8834352282548775 0.9752046890377666 0.9622101125297337 0.9371750868954042 0.9276725682869287 0.8127763392301534 0.8311512763936112 0.8113660197171283 0.7982461648377868 0.8010551033946829 0.6466112167306644 0.3093108286188506 0.3363311707568306 0.24631775794956323 0.3015909023601242 0.2889868353870563 -3.6742796857533455E-4 0.16095867371833267 
0.0 0.13475087541243735 0.330054226443183 -0.04938385391987685 0.4769056962944258 0.6879984502929859 0.6175372722155611 -0.1015022129321578 0.730261384174902 0.8613924699383642 0.8966864895237874 0.6584777406073347 1.0 0.7613722713185506 0.9865954274213031 0.9466973076009275 0.9875225538557488 0.5906330469441394 0.8999636652217331 0.9719573310072904 0.8174168298340008 0.9357627786522947 0.6655410983317815 0.7372978824920755 0.5140614207390228 0.6716327511336516 0.36267882065614887 0.058213568914824376 0.08458199239910152 0.5093188755259395 
