0.9967265965035735 0.3210402044340975 -0.36456735573485677 0.6455902487555585 -0.004142369407512015 0.4667874282144318 0.11995923214568367 0.8122455902907126 0.10151619670214922 0.8287787978718383 -0.5252201068716706 0.550254276218427 0.7333915720265353 0.9799189427755801 0.9076454937209617 0.9408731107219933 -0.07375694803668444 0.9589704521244873 0.29476892755580497 0.5080489049307857 0.44187196391917694 0.7157594789961785 0.4704985507694214 0.9624620534500291 -0.14863661507908887 0.51870145350239 0.2581587237806952 0.1550996132716601 0.08270179213113933 -0.18837953152983325 
0.9967265965035735 0.3250889759085417 0.012711095477851268 0.0687421265764301 -0.004142369407512015 0.47106438878111595 0.3772920704518161 0.5168928267413562 0.44207419184842367 0.8287787978718383 0.42805701126617074 0.5665326738475135 -0.39589333474766897 0.9765072953509237 0.7639294118517392 0.6310268172307885 -0.0761884313363345 0.9589704521244873 0.8542804323358717 0.4958233579788495 0.08449665384213835 0.7157594789961785 0.4704985507694214 0.9527516287808423 -0.13789964060544305 0.5181662005024996 0.3197485417016578 0.16951192823086841 0.10839835180055246 -0.19703146016496537 
0.9967265965035735 0.3210402044340975 -0.36456735573485677 0.6455902487555585 -0.004142369407512015 0.4667874282144318 0.11995923214568367 0.8122455902907126 0.10151619670214922 0.8287787978718383 -0.5252201068716706 0.550254276218427 0.7333915720265353 0.9799189427755801 0.9076454937209617 0.9408731107219933 -0.07375694803668444 0.9589704521244873 0.29476892755580497 0.5080489049307857 0.44187196391917694 0.7157594789961785 0.4704985507694214 0.9624620534500291 -0.14863661507908887 0.51870145350239 0.2581587237806952 0.1550996132716601 0.08270179213113933 -0.18837953152983325 
0.9913309372535367 0.3250889759085417 -0.36456735573485677 0.08052810641042935 -0.004142369407512015 0.570151380352665 0.1198555388650787 0.8123927316540256 0.44207419184842367 0.8303458619152051 0.4249997956951887 0.5477410323791162 -0.39589333474766897 0.96263086287768 0.499710437862175 0.9628811090887357 -0.0761884313363345 0.8914497769946111 0.8359991709478541 0.4958233579788495 0.47184461784262793 0.708135414259575 0.4856712589819898 0.9527516287808423 -0.13789964060544305 0.51248658721144 0.3159500399281149 0.16678651512661502 0.1058975925475973 -0.20954852548804667 
0.9907319656812783 0.3193505222434878 -0.36456735573485677 0.0773548164495929 -0.004142369407512015 0.570151380352665 0.3594065722541657 0.9887229381835754 0.10151619670214922 0.8303458619152051 0.3471041750391537 0.5570546737188301 0.7426076579237078 0.9799189427755801 0.9076454937209617 0.9628811090887357 -0.07375694803668444 0.9051103158629625 0.29476892755580497 0.4958233579788495 0.44187196391917694 0.6983704667848847 0.4701364950910339 0.9355257153167845 -0.1458614381164493 0.5181431992673031 0.31962845878917995 0.15214459614497722 0.09768925651447091 -0.21934809906056324 
0.9907319656812783 0.3230054581785587 -0.36456735573485677 0.6455902487555585 -0.004142369407512015 0.570878758820602 0.11995923214568367 0.8122455902907126 0.10151619670214922 0.8303458619152051 0.4925311327537537 0.5482235561186783 0.7333915720265353 0.9799189427755801 0.9076454937209617 0.9364855457202195 -0.07375694803668444 0.9028897641289724 0.29476892755580497 0.4958233579788495 0.44187196391917694 0.6840377840961109 0.4625039295127784 0.9574038821636971 -0.14256659467637545 0.51870145350239 0.2574505135190936 0.1550996132716601 0.08270179213113933 -0.21934809906056324 
0.9907319656812783 0.3230054581785587 -0.36456735573485677 0.6455902487555585 -0.004142369407512015 0.570878758820602 0.11995923214568367 0.8122455902907126 0.10151619670214922 0.8303458619152051 0.4925311327537537 0.5482235561186783 0.7333915720265353 0.9799189427755801 0.9076454937209617 0.9364855457202195 -0.07375694803668444 0.9028897641289724 0.29476892755580497 0.4958233579788495 0.44187196391917694 0.6840377840961109 0.4625039295127784 0.9574038821636971 -0.14256659467637545 0.51870145350239 0.2574505135190936 0.1550996132716601 0.08270179213113933 -0.21934809906056324 
1.0 0.7361750038507463 -0.3484506345193666 0.09701874259557101 0.019174105593796807 0.4786978874943907 0.3740218013189564 0.8123927316540256 0.8712547501954573 0.886838895297364 0.3535986502495606 0.552404099051299 0.7222459627309017 0.9711118531556729 -0.3536180859043712 0.9455940800468567 -0.09823115703184875 0.898146742552813 0.8542804323358717 0.3591578462021858 0.4636621412759288 0.7147486310335212 0.4815504070261555 0.9558711294201759 -0.1595446810201052 0.5271001374669563 0.23994093121268065 0.14173334476072416 0.10752025356232418 -0.21557961073283025 
1.0 0.7361750038507463 0.0010467631565955118 0.05640819956759027 0.019174105593796807 0.5784405646062063 0.804652267381192 0.5180304467096211 0.8828880302005141 0.8768463176471339 0.42793285605109 0.5663250732513658 0.7401639400692522 0.9711118531556729 -0.3536180859043712 0.6214895817421774 0.83020630591196 0.9035750060786638 0.40883246113923377 0.37706968693645343 0.47229083114743686 0.7082077524584757 0.49355496146614186 0.9625409468862349 -0.15033702138502533 0.5288813595533163 -0.9254402320323247 0.14317589057028204 0.10752025356232418 -0.21557961073283025 
0.9911953894850491 0.7305962531041852 -0.3631828631056147 0.0687421265764301 0.010466614244133369 0.570151380352665 0.1198555388650787 0.8123927316540256 0.10963378350068101 0.6224478073831179 0.35520478070322276 0.5477410323791162 0.7423124361895874 0.9711244553217191 0.9076454937209617 0.945095820065985 -0.07375694803668444 0.9035750060786638 0.29476892755580497 0.49533819454102673 0.43672565917171907 0.7157594789961785 0.47412409829143326 0.9446061493904288 -0.13789964060544305 0.51248658721144 0.3145244051223815 0.16678651512661502 0.09768925651447091 -0.20954852548804667 
0.9911953894850491 0.7305962531041852 -0.3631828631056147 0.0687421265764301 0.010466614244133369 0.570151380352665 0.1198555388650787 0.8123927316540256 0.10963378350068101 0.6224478073831179 0.35520478070322276 0.5477410323791162 0.7423124361895874 0.9711244553217191 0.9076454937209617 0.945095820065985 -0.07375694803668444 0.9035750060786638 0.29476892755580497 0.49533819454102673 0.43672565917171907 0.7157594789961785 0.47412409829143326 0.9446061493904288 -0.13789964060544305 0.51248658721144 0.3145244051223815 0.16678651512661502 0.09768925651447091 -0.20954852548804667 
0.9907319656812783 0.3193505222434878 -0.36456735573485677 0.0773548164495929 -0.004142369407512015 0.570151380352665 0.3594065722541657 0.9887229381835754 0.10151619670214922 0.8303458619152051 0.3471041750391537 0.5570546737188301 0.7426076579237078 0.9799189427755801 0.9076454937209617 0.9628811090887357 -0.07375694803668444 0.9051103158629625 0.29476892755580497 0.4958233579788495 0.44187196391917694 0.6983704667848847 0.4701364950910339 0.9355257153167845 -0.1458614381164493 0.5181431992673031 0.31962845878917995 0.15214459614497722 0.09768925651447091 -0.21934809906056324 
1.0 0.47711319135673175 0.0010467631565955118 0.07684762866858444 0.013916649559355995 0.5770113557178783 0.36342285343713077 0.518810086671331 0.10168825569085206 0.5899749104790665 0.42793285605109 0.5391966794201097 0.7427248338503208 0.9821482745464566 0.7639294118517392 0.3367286975990538 -0.10659323015777294 0.9035750060786638 0.28651656916104223 0.3606392947958187 0.4716690906797687 0.7082077524584757 0.5055099879072826 0.955204235562278 0.19143423410744176 0.5217722757356822 0.3710356147496487 0.14317589057028204 -0.014972314435123557 -0.21127759027627796 
1.0 0.7361750038507463 -0.3631828631056147 0.05640819956759027 0.013916649559355995 0.4786978874943907 0.804652267381192 0.518810086671331 0.10530121829051776 0.8303458619152051 0.42793285605109 0.5465921563588682 0.7420145121634992 0.9821482745464566 0.7741801607473804 0.6275311743230724 -0.07004816631142555 0.9035750060786638 0.40883246113923377 0.37706968693645343 0.4716690906797687 0.7082077524584757 0.49355496146614186 0.955204235562278 -0.1528157594460424 0.5217722757356822 -0.0449559376921943 0.14317589057028204 0.09768925651447091 -0.21469863645144788 
1.0 0.2860244367842593 0.0038239852185475323 0.4113499086968382 0.0021821527451108807 0.5677937078821202 0.1198555388650787 0.8123927316540256 0.10003836720443705 0.8287787978718383 0.43239483427035325 0.5416566375879865 0.7344569673214987 0.970594310525276 0.9100986833578589 0.95162495370502 0.8302838634775358 0.7652193282540862 0.3032599981580974 0.3606392947958187 0.46327458708032393 0.735231901057535 0.47412409829143326 0.937316548051027 -0.14487461631137208 0.5219344610579765 0.3145244051223815 0.14317589057028204 0.09768925651447091 -0.20796835946358241 
1.0 0.47711319135673175 0.0010467631565955118 0.07684762866858444 0.013916649559355995 0.5770113557178783 0.36342285343713077 0.518810086671331 0.10168825569085206 0.5899749104790665 0.42793285605109 0.5391966794201097 0.7427248338503208 0.9821482745464566 0.7639294118517392 0.3367286975990538 -0.10659323015777294 0.9035750060786638 0.28651656916104223 0.3606392947958187 0.4716690906797687 0.7082077524584757 0.5055099879072826 0.955204235562278 0.19143423410744176 0.5217722757356822 0.3710356147496487 0.14317589057028204 -0.014972314435123557 -0.21127759027627796 
1.0 0.3193505222434878 0.0010467631565955118 0.06973015440391285 0.013916649559355995 0.47907776745459707 0.37590792665133954 0.5168928267413562 0.8749946442342716 0.8287787978718383 0.42805701126617074 0.5659504659597724 0.7344569673214987 0.9765072953509237 0.7639294118517392 0.34117791883056486 -0.10459672823902737 0.898146742552813 0.8542804323358717 0.3606392947958187 0.477718825788444 0.7142028837387377 0.47336921253798364 0.9558711294201759 -0.14487461631137208 0.5219344610579765 0.3652403579405071 0.14684487911214683 0.09768925651447091 -0.2015258479889354 
1.0 0.2860244367842593 0.0038239852185475323 0.4113499086968382 0.0021821527451108807 0.5677937078821202 0.1198555388650787 0.8123927316540256 0.10003836720443705 0.8287787978718383 0.43239483427035325 0.5416566375879865 0.7344569673214987 0.970594310525276 0.9100986833578589 0.95162495370502 0.8302838634775358 0.7652193282540862 0.3032599981580974 0.3606392947958187 0.46327458708032393 0.735231901057535 0.47412409829143326 0.937316548051027 -0.14487461631137208 0.5219344610579765 0.3145244051223815 0.14317589057028204 0.09768925651447091 -0.20796835946358241 
1.0 0.29361598893487295 -0.354801512690314 0.0916651810234069 9.430995214729865E-4 0.5677937078821202 0.8696358736094008 0.8258002907997162 0.8759645474461975 0.12014350736565516 0.42793285605109 0.546800197768302 0.742973268824891 0.9677468989837318 0.501284447184798 0.9553587856134901 0.838160096531922 0.9021943755343409 0.8417483580244512 0.3674748014910644 0.47306332849795857 0.7100182173671299 0.4920801480655385 0.3679622433502576 -0.1603077706492586 0.5187682102028753 0.2428338532670705 0.16152222910528566 0.07896836126425283 -0.21341567973492928 
1.0 0.28452091498089915 0.0010467631565955118 0.06919535033821254 0.013916649559355995 0.5677937078821202 0.12960253812408762 0.5168928267413562 0.8875617217770705 0.5899749104790665 0.43239483427035325 0.5486207854639987 0.7344569673214987 0.970594310525276 0.9100986833578589 0.34117791883056486 0.8318466670434183 0.7585493399316845 0.8540447656356437 0.3606392947958187 0.47110731243525816 0.735231901057535 0.23061428024366326 0.952713576047242 -0.14487461631137208 0.5219344610579765 -0.0449559376921943 0.14317589057028204 0.0938737771742545 -0.20796835946358241 
1.0 0.4711116436307801 0.0010467631565955118 0.07684762866858444 0.013916649559355995 0.5718715014262769 0.37590792665133954 0.518810086671331 0.8684110939434957 0.5899749104790665 0.42805701126617074 0.5610060833029764 0.7427248338503208 0.3101542140500948 0.7639294118517392 0.6206905984687443 -0.07004816631142555 0.898146742552813 0.8527463308871674 0.3606392947958187 0.4739249311474518 0.7142028837387377 0.46898144191941893 0.8457920434260202 -0.16170270106572449 0.5094889196723531 0.31498006289534286 0.14063809222080398 -0.032425821472712814 -0.2015258479889354 
1.0 0.3193505222434878 0.0010467631565955118 0.06973015440391285 0.013916649559355995 0.47907776745459707 0.37590792665133954 0.5168928267413562 0.8749946442342716 0.8287787978718383 0.42805701126617074 0.5659504659597724 0.7344569673214987 0.9765072953509237 0.7639294118517392 0.34117791883056486 -0.10459672823902737 0.898146742552813 0.8542804323358717 0.3606392947958187 0.477718825788444 0.7142028837387377 0.47336921253798364 0.9558711294201759 -0.14487461631137208 0.5219344610579765 0.3652403579405071 0.14684487911214683 0.09768925651447091 -0.2015258479889354 
1.0 0.7330205780949144 -0.34621252982747547 0.612263206378548 -0.010657895722068829 0.4794279010721966 0.814397909925457 0.8171760305921603 0.8840633220470777 0.8287787978718383 0.42793285605109 0.5509367094431847 0.7426011961175916 0.9834282533755254 0.7639294118517392 0.34117791883056486 0.838160096531922 0.9070269463592291 0.8527463308871674 0.35726998366937185 0.4729021146621612 0.7639723081429883 0.4656027395521607 0.9446061493904288 -0.15009607167845507 0.5085506446389535 0.31498006289534286 0.16663595422985586 0.08919697515591599 -0.20796835946358241 
1.0 0.7245089305296005 -0.3631828631056147 0.05640819956759027 0.010466614244133369 0.570151380352665 0.8127567956896119 0.518810086671331 0.8828880302005141 0.5899749104790665 0.42793285605109 0.5495457911725001 0.7420145121634992 0.3101542140500948 0.7659396497742795 0.626030317664765 0.8343341688751647 0.9035750060786638 0.8480884589553987 0.372245406722146 0.05217308642107499 0.7142028837387377 0.46898144191941893 0.9446061493904288 -0.1528157594460424 0.5085506446389535 0.31498006289534286 0.16149779437243192 0.09768925651447091 -0.20954852548804667 
1.0 0.7330205780949144 -0.34621252982747547 0.612263206378548 -0.010657895722068829 0.4794279010721966 0.814397909925457 0.8171760305921603 0.8840633220470777 0.8287787978718383 0.42793285605109 0.5509367094431847 0.7426011961175916 0.9834282533755254 0.7639294118517392 0.34117791883056486 0.838160096531922 0.9070269463592291 0.8527463308871674 0.35726998366937185 0.4729021146621612 0.7639723081429883 0.4656027395521607 0.9446061493904288 -0.15009607167845507 0.5085506446389535 0.31498006289534286 0.16663595422985586 0.08919697515591599 -0.20796835946358241 
1.0 0.47711319135673175 -0.354801512690314 0.09819562628939998 0.013916649559355995 0.5770113557178783 0.863001342565185 0.5839150859796935 0.10168825569085206 0.12383302889743665 0.4188803711298137 0.5388374668138334 0.7427248338503208 0.9826613203500947 0.7639294118517392 0.3367286975990538 0.838160096531922 0.9105520865476179 0.8417483580244512 0.3606392947958187 0.47005045654768807 0.7015903878148774 0.4844139759847161 0.3679622433502576 -0.1603077706492586 0.5187682102028753 -0.02878783565830441 0.31277512930611384 -0.014972314435123557 -0.21127759027627796 
1.0 0.29361598893487295 -0.354801512690314 0.0916651810234069 9.430995214729865E-4 0.5677937078821202 0.8696358736094008 0.8258002907997162 0.8759645474461975 0.12014350736565516 0.42793285605109 0.546800197768302 0.742973268824891 0.9677468989837318 0.501284447184798 0.9553587856134901 0.838160096531922 0.9021943755343409 0.8417483580244512 0.3674748014910644 0.47306332849795857 0.7100182173671299 0.4920801480655385 0.3679622433502576 -0.1603077706492586 0.5187682102028753 0.2428338532670705 0.16152222910528566 0.07896836126425283 -0.21341567973492928 
1.0 0.47711319135673175 -0.354801512690314 0.09819562628939998 0.013916649559355995 0.5770113557178783 0.863001342565185 0.5839150859796935 0.10168825569085206 0.12383302889743665 0.4188803711298137 0.5388374668138334 0.7427248338503208 0.9826613203500947 0.7639294118517392 0.3367286975990538 0.838160096531922 0.9105520865476179 0.8417483580244512 0.3606392947958187 0.47005045654768807 0.7015903878148774 0.4844139759847161 0.3679622433502576 -0.1603077706492586 0.5187682102028753 -0.02878783565830441 0.31277512930611384 -0.014972314435123557 -0.21127759027627796 
1.0 0.7245089305296005 -0.3631828631056147 0.05640819956759027 0.010466614244133369 0.570151380352665 0.8127567956896119 0.518810086671331 0.8828880302005141 0.5899749104790665 0.42793285605109 0.5495457911725001 0.7420145121634992 0.3101542140500948 0.7659396497742795 0.626030317664765 0.8343341688751647 0.9035750060786638 0.8480884589553987 0.372245406722146 0.05217308642107499 0.7142028837387377 0.46898144191941893 0.9446061493904288 -0.1528157594460424 0.5085506446389535 0.31498006289534286 0.16149779437243192 0.09768925651447091 -0.20954852548804667 
1.0 0.28452091498089915 0.0010467631565955118 0.06919535033821254 0.013916649559355995 0.5677937078821202 0.12960253812408762 0.5168928267413562 0.8875617217770705 0.5899749104790665 0.43239483427035325 0.5486207854639987 0.7344569673214987 0.970594310525276 0.9100986833578589 0.34117791883056486 0.8318466670434183 0.7585493399316845 0.8540447656356437 0.3606392947958187 0.47110731243525816 0.735231901057535 0.23061428024366326 0.952713576047242 -0.14487461631137208 0.5219344610579765 -0.0449559376921943 0.14317589057028204 0.0938737771742545 -0.20796835946358241 
0.9909366625019673 0.29361598893487295 -0.3484506345193666 0.09452636051005604 0.01560284244049731 0.4786978874943907 0.36477960114446345 0.8123927316540256 0.7600205023791498 0.3455532357638549 0.356945403778198 0.5532862605951441 0.742973268824891 0.9718701870312363 0.501284447184798 0.9553587856134901 -0.07004816631142555 0.9021943755343409 0.8479323816201412 0.3690499849094926 0.47306332849795857 0.7082077524584757 0.4920801480655385 0.9558711294201759 -0.12253316018577103 -0.08660318508632847 0.2428338532670705 0.1591964152289908 0.09768925651447091 -0.2078468483593028 
1.0 0.7245089305296005 -0.3631828631056147 0.08502834350256602 0.013916649559355995 0.5770113557178783 0.36342285343713077 0.5190047415950042 0.116911833371704 -0.13064589094786894 0.42793285605109 0.5682910056233377 0.7504704882279843 0.9829128195580839 0.7659396497742795 0.33724489582247813 0.8343341688751647 0.898146742552813 0.8480884589553987 0.372245406722146 0.05217308642107499 0.7165240253427274 0.47336921253798364 0.9558711294201759 0.19143423410744176 0.5217722757356822 0.36703594656184463 0.14684487911214683 0.09768925651447091 -0.20954852548804667 
1.0 0.7245089305296005 -0.3631828631056147 0.08502834350256602 0.013916649559355995 0.5770113557178783 0.36342285343713077 0.5190047415950042 0.116911833371704 -0.13064589094786894 0.42793285605109 0.5682910056233377 0.7504704882279843 0.9829128195580839 0.7659396497742795 0.33724489582247813 0.8343341688751647 0.898146742552813 0.8480884589553987 0.372245406722146 0.05217308642107499 0.7165240253427274 0.47336921253798364 0.9558711294201759 0.19143423410744176 0.5217722757356822 0.36703594656184463 0.14684487911214683 0.09768925651447091 -0.20954852548804667 
1.0 0.3014496878239742 -0.354801512690314 0.09033708585106687 9.430995214729865E-4 0.7909517443227976 0.8775379272570328 0.8123927316540256 0.7600205023791498 0.3507742613604885 0.5782309466850848 0.5435877583414758 0.05114451315063443 0.9677468989837318 0.9128894525626836 0.6104972475294808 0.26047374120307826 0.8878451634788888 0.11345593681779301 0.3690499849094926 0.4579523987075194 0.7127532449038942 0.4914867820818577 0.9519473880224091 -0.1472739660545037 0.5166664768561762 -0.025414700126363356 0.31277512930611384 0.09172587599680146 -0.2015258479889354 
0.9909366625019673 0.29361598893487295 -0.354801512690314 0.09452636051005604 9.430995214729865E-4 0.4786978874943907 0.36477960114446345 0.8123927316540256 0.7709930716656745 0.5976384513898816 0.36196227135151565 0.5441104270573184 0.742973268824891 -0.019672317150168483 0.49482783558960197 0.433536554675106 -0.10288272504779007 0.9064042176768862 0.8479323816201412 0.3690499849094926 0.47306332849795857 0.7112994309865117 0.48335428540775144 0.9558711294201759 -0.12253316018577103 -0.0969048557897015 -0.045133015839123325 0.15531719147087997 0.07571643906348634 -0.20114127970799375 
1.0 0.734108451842327 -0.3631828631056147 0.04257543298366295 0.6966854308815049 0.5422627136679765 0.8081627154364065 0.5323107391521557 0.8840633220470777 0.5996945835753756 0.3448193902047856 0.5495457911725001 0.04803963898272704 0.3101542140500948 0.49896364915295566 0.626030317664765 0.8382637963826729 0.9035750060786638 0.8480884589553987 0.44225267285637815 0.11330829120085047 0.7338575418245139 0.46898144191941893 0.9455607523772348 -0.1528157594460424 0.5187179086124966 0.31498006289534286 0.16152222910528566 0.09158022301948474 -0.2117988266925019 
1.0 0.28452091498089915 -0.3599879680916663 0.6157329474677254 -0.01449585640908235 0.5677937078821202 0.12960253812408762 0.7984391123375517 0.8828880302005141 0.33874552226550325 0.42805701126617074 0.5511055949314723 0.7344569673214987 0.2960762862662484 0.9100986833578589 0.9552328483784961 0.8393131663661082 0.7585493399316845 0.11345593681779301 0.36360988576584485 0.477718825788444 0.735231901057535 0.4920801480655385 0.42299676668437547 -0.13376656270763523 0.5050381532656214 -0.0449559376921943 0.15130341612010859 0.08192775691871841 -0.20796835946358241 
0.993077323794673 0.290111038009237 -0.354801512690314 0.6018712769719088 -0.01449585640908235 0.5677937078821202 0.8775379272570328 0.5839150859796935 0.8828880302005141 0.3464226289065108 0.42185519788351405 0.5436967550982738 0.7344569673214987 0.9677468989837318 0.9159674735853229 0.6104972475294808 0.8422549155139262 0.7560745907988419 0.11267948550305829 0.36360988576584485 0.4743920003817573 0.7127532449038942 0.4920801480655385 0.9519473880224091 -0.13376656270763523 0.5050381532656214 -0.0449559376921943 0.31277512930611384 0.08192775691871841 -0.20796835946358241 
1.0 0.29361598893487295 -0.34826656560294034 0.09033708585106687 9.430995214729865E-4 0.5677937078821202 0.8775379272570328 0.5839150859796935 0.8759645474461975 0.5976384513898816 0.42185519788351405 0.5388374668138334 0.742973268824891 0.9677468989837318 0.4903631404848453 0.6104972475294808 0.26047374120307826 0.7496973997701698 0.12480899811884326 0.3690499849094926 0.4825493077609462 0.7127532449038942 0.4920801480655385 0.9558711294201759 -0.1603077706492586 0.5187682102028753 -0.025414700126363356 0.31277512930611384 0.07571643906348634 -0.2015258479889354 
0.3815816092081694 0.7266879663071004 0.6181978717183332 0.6376245972797415 0.362738033062314 0.8693164761746989 0.8034615656917055 0.5387174393348833 0.7953162026914086 0.34520150479845835 0.6748891785273945 0.983031564043694 0.06755583282953037 0.4977097662561887 0.4986945314605989 0.35017807709374943 0.4144800460345398 0.7564669279097778 -0.1743978199123115 0.5241638601034367 -0.11165375563235602 -0.19974709905374938 -0.018275312412198715 -0.45069115835585 0.15719721898776437 -0.7171169377832052 0.02196213598871203 -0.3989139119143153 -0.5898179679564338 -0.4909980136310508 
0.993077323794673 0.290111038009237 -0.354801512690314 0.6018712769719088 -0.01449585640908235 0.5677937078821202 0.8775379272570328 0.5839150859796935 0.8828880302005141 0.3464226289065108 0.42185519788351405 0.5436967550982738 0.7344569673214987 0.9677468989837318 0.9159674735853229 0.6104972475294808 0.8422549155139262 0.7560745907988419 0.11267948550305829 0.36360988576584485 0.4743920003817573 0.7127532449038942 0.4920801480655385 0.9519473880224091 -0.13376656270763523 0.5050381532656214 -0.0449559376921943 0.31277512930611384 0.08192775691871841 -0.20796835946358241 
0.39170099727449714 0.7315181725485856 0.6132976177887821 0.6273864316670954 0.35543364801571714 0.8628153265219373 -0.2899749351168286 0.5427452178312798 0.6616884873224287 0.34520150479845835 0.43036670454460824 0.952395074051074 0.068716572196619 0.9607820446862345 0.5004583134483446 0.34733013147879555 0.4276911008870318 0.7694179184690324 -0.4174873278678032 0.5241638601034367 -0.11644988745688235 -0.23378355530120773 -0.007810636186243192 -0.9101352252279415 0.14846292934262886 -0.724482316979575 -0.9778467584010896 -0.39287773103178614 -0.5898179679564338 -0.45597880832227383 
0.3790824500111639 0.7433892005214672 0.6173199071905359 0.6376245972797415 0.36080316612828556 0.8628153265219373 0.8888486851340036 0.5241754019823411 0.7992541314555006 0.35530133490576443 0.43036670454460824 0.9518124111628409 0.0620215343920075 0.9607820446862345 0.48971317639748957 0.35017807709374943 0.42422176027926023 0.5978069338450516 0.4243948812159775 0.5241638601034367 -0.11165375563235602 -0.8393439863062926 -0.01047888605990343 -0.4455470441615446 0.15719721898776437 -0.7137724528705603 0.031414989601782226 -0.3989139119143153 -0.5898179679564338 -0.2165004243069134 
0.39170099727449714 0.7315181725485856 0.6132976177887821 0.6273864316670954 0.35543364801571714 0.8628153265219373 -0.2899749351168286 0.5427452178312798 0.6616884873224287 0.34520150479845835 0.43036670454460824 0.952395074051074 0.068716572196619 0.9607820446862345 0.5004583134483446 0.34733013147879555 0.4276911008870318 0.7694179184690324 -0.4174873278678032 0.5241638601034367 -0.11644988745688235 -0.23378355530120773 -0.007810636186243192 -0.9101352252279415 0.14846292934262886 -0.724482316979575 -0.9778467584010896 -0.39287773103178614 -0.5898179679564338 -0.45597880832227383 
0.3815816092081694 0.7266879663071004 0.010627509504457773 0.6259762822313162 0.36080316612828556 0.8693164761746989 0.8803704131832616 0.5387174393348833 0.8990780031777121 0.35377614069241015 0.6748891785273945 0.9518124111628409 0.05198082730078904 0.9607820446862345 0.499710437862175 -0.2580734938369842 0.2564076913585294 0.7694179184690324 0.4232632651183963 0.3673200458743353 -0.12051487910556431 -0.19974709905374938 -0.01789456935637934 -0.4455470441615446 0.15579793795761435 -0.7171169377832052 0.013772306419981383 -0.39397718455730324 -0.599138916509284 -0.4909980136310508 
0.3790824500111639 0.7409083676655965 0.6064299616166665 0.6351393519850945 0.8394076471139186 0.8628153265219373 0.8888486851340036 0.5247835319636606 0.6714894599023106 0.35530133490576443 0.43036670454460824 0.9599430071794433 0.0620215343920075 0.9607820446862345 0.4964749633989629 0.35017807709374943 0.42422176027926023 0.5978069338450516 0.1180026217256076 0.5241638601034367 -0.11165375563235602 -0.2202562747193868 -8.773191467720039E-4 -0.4455470441615446 0.15719721898776437 -0.7080167238200338 0.031414989601782226 -0.3951197559726394 -0.6089157446206435 -0.2137125167181171 
0.3790824500111639 0.7433892005214672 0.6173199071905359 0.6376245972797415 0.36080316612828556 0.8628153265219373 0.8888486851340036 0.5241754019823411 0.7992541314555006 0.35530133490576443 0.43036670454460824 0.9518124111628409 0.0620215343920075 0.9607820446862345 0.48971317639748957 0.35017807709374943 0.42422176027926023 0.5978069338450516 0.4243948812159775 0.5241638601034367 -0.11165375563235602 -0.8393439863062926 -0.01047888605990343 -0.4455470441615446 0.15719721898776437 -0.7137724528705603 0.031414989601782226 -0.3989139119143153 -0.5898179679564338 -0.2165004243069134 
0.3790824500111639 0.7433892005214672 0.615741723032576 0.6376245972797415 0.8468847301366101 0.7982103617270104 0.826999515201107 0.5252257657902348 0.6616884873224287 0.3535791221827285 0.6748891785273945 0.9810102346565837 0.05530513468928032 0.968897046950572 0.6909209719040968 0.35017807709374943 0.42422176027926023 0.5978069338450516 -0.4150206559814209 0.21311150210038185 0.900623731236168 -0.2187834442676185 -0.5847263103187919 -0.44085114908995393 0.15719721898776437 -0.6992223799300412 0.02196213598871203 -0.3972167697585099 -0.6089157446206435 -0.2137125167181171 
0.39170099727449714 0.7266879663071004 0.6008892282561057 0.6332791414643588 0.35543364801571714 0.8693164761746989 0.8120322733261165 0.5387174393348833 0.6616884873224287 0.34520150479845835 0.5645753111600433 0.983031564043694 0.418227090293637 0.4977097662561887 0.5011563798680974 0.35017807709374943 0.42422176027926023 0.5900581450332698 -0.4174873278678032 0.04092775879113408 0.900623731236168 -0.2187834442676185 -0.018275312412198715 -0.9019972548028098 0.15719721898776437 -0.7247520980785621 0.02196213598871203 -0.39851130557636466 -0.599138916509284 -0.19642569648602465 
0.3815816092081694 0.7266879663071004 0.6181978717183332 0.6376245972797415 0.362738033062314 0.8693164761746989 0.8034615656917055 0.5387174393348833 0.7953162026914086 0.34520150479845835 0.6748891785273945 0.983031564043694 0.06755583282953037 0.4977097662561887 0.4986945314605989 0.35017807709374943 0.4144800460345398 0.7564669279097778 -0.1743978199123115 0.5241638601034367 -0.11165375563235602 -0.19974709905374938 -0.018275312412198715 -0.45069115835585 0.15719721898776437 -0.7171169377832052 0.02196213598871203 -0.3989139119143153 -0.5898179679564338 -0.4909980136310508 
0.3790824500111639 0.7409083676655965 0.6064299616166665 0.6351393519850945 0.8394076471139186 0.8628153265219373 0.8888486851340036 0.5247835319636606 0.6714894599023106 0.35530133490576443 0.43036670454460824 0.9599430071794433 0.0620215343920075 0.9607820446862345 0.4964749633989629 0.35017807709374943 0.42422176027926023 0.5978069338450516 0.1180026217256076 0.5241638601034367 -0.11165375563235602 -0.2202562747193868 -8.773191467720039E-4 -0.4455470441615446 0.15719721898776437 -0.7080167238200338 0.031414989601782226 -0.3951197559726394 -0.6089157446206435 -0.2137125167181171 
0.39170099727449714 0.7266879663071004 0.6127729958953327 0.6332791414643588 0.35543364801571714 0.8693164761746989 0.826999515201107 0.5427452178312798 0.8962788172361573 0.8411624681806491 0.6748891785273945 0.969378690219516 0.05198082730078904 0.9798400268637031 0.49447124740089016 -0.25676086488656413 -0.25526782886484045 0.5978069338450516 -0.4174873278678032 0.22178495352655814 -0.11644988745688235 -0.2182467648136881 -0.01047888605990343 -0.9101352252279415 0.1591593109614703 -0.7247520980785621 -0.9778467584010896 -0.39397718455730324 -0.599138916509284 -0.18704206513617833 
0.38499852150694797 0.7371242199751379 0.6064299616166665 0.6376245972797415 0.8394076471139186 0.8628153265219373 0.8857453887036709 0.5241754019823411 0.6625806258184295 0.35530133490576443 0.43036670454460824 0.9518124111628409 0.07132090108533999 0.9607820446862345 0.4964749633989629 0.347583588774649 0.42422176027926023 0.5978069338450516 0.4243948812159775 0.5241638601034367 -0.11165375563235602 -0.23158263549297325 -0.012801396350848763 -0.453185960246071 0.15631196633443392 -0.724482316979575 0.37521527812163763 -0.709617205586468 -0.5898179679564338 0.1358281567054936 
0.3879546382071831 0.7237002130396039 0.615741723032576 0.6273864316670954 0.592188779800051 0.8678612876026344 0.8120322733261165 0.5469316601363775 0.6616884873224287 0.34520150479845835 0.5645753111600433 0.967704509797964 0.06376659875699488 -0.013102927896813095 0.672940560322067 0.34733013147879555 0.4276911008870318 0.7694179184690324 0.43142579986210006 -0.28789275379927126 -0.25005206628330595 -0.19095382694176058 -0.007810636186243192 -0.45768315505993035 0.12006821327158446 -0.7153547041915057 0.021842006006730072 -0.39564817896799714 -0.599138916509284 -0.45878040707260825 
0.3931965587398767 0.42773514402943186 0.615741723032576 0.6210101301802582 0.8522545381097903 0.8831759098237306 0.8378325760695322 0.523829059899332 0.8990780031777121 0.35814131603907884 0.5635660208239841 0.9681900478460257 0.04738248115463488 0.7028486233856559 0.6857420311259038 0.3283453219925519 0.4054107503896976 0.7632080374887248 -0.4291877557652694 -0.27891978832476255 -0.2547024405319562 -0.23158263549297325 -0.01980140298585689 -0.44112304678333586 0.15631196633443392 -0.7153547041915057 0.3784478135202236 -0.38960685672238893 -0.5946057559976377 0.1358281567054936 
0.39170099727449714 0.7266879663071004 0.6127729958953327 0.6332791414643588 0.35543364801571714 0.8693164761746989 0.826999515201107 0.5427452178312798 0.8962788172361573 0.8411624681806491 0.6748891785273945 0.969378690219516 0.05198082730078904 0.9798400268637031 0.49447124740089016 -0.25676086488656413 -0.25526782886484045 0.5978069338450516 -0.4174873278678032 0.22178495352655814 -0.11644988745688235 -0.2182467648136881 -0.01047888605990343 -0.9101352252279415 0.1591593109614703 -0.7247520980785621 -0.9778467584010896 -0.39397718455730324 -0.599138916509284 -0.18704206513617833 
0.3815816092081694 0.7266879663071004 0.010627509504457773 0.6259762822313162 0.36080316612828556 0.8693164761746989 0.8803704131832616 0.5387174393348833 0.8990780031777121 0.35377614069241015 0.6748891785273945 0.9518124111628409 0.05198082730078904 0.9607820446862345 0.499710437862175 -0.2580734938369842 0.2564076913585294 0.7694179184690324 0.4232632651183963 0.3673200458743353 -0.12051487910556431 -0.19974709905374938 -0.01789456935637934 -0.4455470441615446 0.15579793795761435 -0.7171169377832052 0.013772306419981383 -0.39397718455730324 -0.599138916509284 -0.4909980136310508 
0.3833453048935942 0.4273715033313095 0.6230816956361612 0.611571112046967 0.5956385670213195 0.8668674368482151 0.8261889694653656 0.525003207197814 0.9007326858061699 0.35377614069241015 0.5683500077083299 0.9695489772119729 0.42785402581038867 0.7009597636196854 0.05588789476220628 0.3415128485360213 0.42422176027926023 0.7632080374887248 -0.42418290325483055 0.20564484214650303 -0.2629347820343714 -0.23139570273067386 -0.038491927689133724 -0.45768315505993035 0.15719721898776437 -0.7280199557041447 0.3784478135202236 -0.38960685672238893 -0.5988735898666883 0.3537374008401546 
0.38499852150694797 0.7371242199751379 0.6064299616166665 0.6376245972797415 0.8394076471139186 0.8628153265219373 0.8857453887036709 0.5241754019823411 0.6625806258184295 0.35530133490576443 0.43036670454460824 0.9518124111628409 0.07132090108533999 0.9607820446862345 0.4964749633989629 0.347583588774649 0.42422176027926023 0.5978069338450516 0.4243948812159775 0.5241638601034367 -0.11165375563235602 -0.23158263549297325 -0.012801396350848763 -0.453185960246071 0.15631196633443392 -0.724482316979575 0.37521527812163763 -0.709617205586468 -0.5898179679564338 0.1358281567054936 
0.3836847394090433 0.7266879663071004 0.6071968709243762 0.6224512834735427 0.5956385670213195 0.8709656326654462 0.8206717243825359 0.5387174393348833 0.8990780031777121 0.34520150479845835 0.5683500077083299 0.9518124111628409 0.42409844589687046 0.9607820446862345 0.5011563798680974 0.3176245711074858 0.2564076913585294 0.7694179184690324 0.4232632651183963 0.047069927653632826 -0.11656983722001232 -0.19095382694176058 -0.01789456935637934 -0.45555095809402435 0.15719721898776437 -0.7171169377832052 0.37001174688785593 -0.39851130557636466 -0.5872094680276577 -0.49235805116150544 
0.3879546382071831 0.7237002130396039 0.615741723032576 0.6273864316670954 0.592188779800051 0.8678612876026344 0.8120322733261165 0.5469316601363775 0.6616884873224287 0.34520150479845835 0.5645753111600433 0.967704509797964 0.06376659875699488 -0.013102927896813095 0.672940560322067 0.34733013147879555 0.4276911008870318 0.7694179184690324 0.43142579986210006 -0.28789275379927126 -0.25005206628330595 -0.19095382694176058 -0.007810636186243192 -0.45768315505993035 0.12006821327158446 -0.7153547041915057 0.021842006006730072 -0.39564817896799714 -0.599138916509284 -0.45878040707260825 
0.3833453048935942 0.42773514402943186 0.615741723032576 0.6210101301802582 0.8522223262100622 0.8628153265219373 0.8261889694653656 0.5188758324037389 0.9022400989529316 0.35530133490576443 0.6688540135350646 0.9779768214388268 0.05530513468928032 -0.2632292286879452 0.6874222034532678 0.32197427443977333 0.4081125292428267 0.7512432212558189 -0.7718780379889645 0.5162634641303775 -0.1117358354350189 -0.223303776350151 -0.028902842138460703 -0.44112304678333586 0.1523938326456647 -0.7195945737953393 0.021754222586142492 -0.39408733182371875 -0.5973031546732954 0.13759946787789668 
0.39170099727449714 0.7266879663071004 0.6071968709243762 0.6349031178537536 0.590223341685815 0.8678612876026344 0.8120322733261165 0.5469316601363775 0.6616884873224287 0.34520150479845835 0.5645753111600433 -0.35919537533503076 0.418227090293637 0.7009597636196854 0.5011563798680974 0.3195085249649298 0.42422176027926023 0.7694179184690324 -0.42418290325483055 0.20564484214650303 -0.2718170709972857 -0.19095382694176058 -0.01598028799681961 -0.45768315505993035 0.15719721898776437 -0.7149465231189907 0.018543825213073552 -0.39564817896799714 -0.6040906928356162 -0.19642569648602465 
0.38358920389618795 0.42773514402943186 0.615741723032576 0.14623490493066682 0.5881900184313471 0.8831759098237306 0.826999515201107 0.525003207197814 0.8990780031777121 0.35530133490576443 0.6748891785273945 0.9684552049914132 0.05530513468928032 0.7028486233856559 0.6905421570063359 0.35744518658576696 0.4081125292428267 0.7632080374887248 0.4287859393995892 0.20236981246297567 -0.2561849160477578 -0.8107961016863168 -0.015169257470271603 -0.9227798469898749 0.15719721898776437 -0.7153547041915057 -0.6796097954739385 -0.38960685672238893 -0.58461300399513 -0.44974243898813493 
0.3931965587398767 0.7266879663071004 0.6127729958953327 0.635823817244905 0.5956385670213195 0.8749299685194729 0.826999515201107 0.525003207197814 0.8990780031777121 0.35377614069241015 0.6748891785273945 0.969378690219516 0.05198082730078904 0.7009597636196854 0.6905421570063359 0.32197427443977333 0.4081125292428267 0.5978069338450516 -0.4174873278678032 0.21311150210038185 -0.11644988745688235 -0.23158263549297325 -0.038491927689133724 -0.9155905550661796 0.15719721898776437 -0.6323185147294756 -0.6796097954739385 -0.38960685672238893 -0.599138916509284 -0.44974243898813493 
0.3836847394090433 0.7266879663071004 0.6071968709243762 0.6224512834735427 0.5956385670213195 0.8709656326654462 0.8206717243825359 0.5387174393348833 0.8990780031777121 0.34520150479845835 0.5683500077083299 0.9518124111628409 0.42409844589687046 0.9607820446862345 0.5011563798680974 0.3176245711074858 0.2564076913585294 0.7694179184690324 0.4232632651183963 0.047069927653632826 -0.11656983722001232 -0.19095382694176058 -0.01789456935637934 -0.45555095809402435 0.15719721898776437 -0.7171169377832052 0.37001174688785593 -0.39851130557636466 -0.5872094680276577 -0.49235805116150544 
0.3876432805194928 0.43275084850591883 0.6071968709243762 0.611571112046967 0.5956385670213195 0.8668674368482151 0.8206717243825359 0.525003207197814 0.9100333895133917 0.3502385202438426 0.5683500077083299 0.9781615361235492 0.4223623205482313 0.7009597636196854 0.45716105869847823 0.3176245711074858 0.4173657334480018 0.7572209973589298 -0.42418290325483055 0.21083685360856871 -0.1256671978164982 -0.2237306059818313 -0.018894718653578627 -0.45555095809402435 0.15719721898776437 -0.7280199557041447 0.37001174688785593 -0.39851130557636466 -0.5872094680276577 0.3537374008401546 
0.39170099727449714 0.7266879663071004 0.6071968709243762 0.6349031178537536 0.590223341685815 0.8678612876026344 0.8120322733261165 0.5469316601363775 0.6616884873224287 0.34520150479845835 0.5645753111600433 -0.35919537533503076 0.418227090293637 0.7009597636196854 0.5011563798680974 0.3195085249649298 0.42422176027926023 0.7694179184690324 -0.42418290325483055 0.20564484214650303 -0.2718170709972857 -0.19095382694176058 -0.01598028799681961 -0.45768315505993035 0.15719721898776437 -0.7149465231189907 0.018543825213073552 -0.39564817896799714 -0.6040906928356162 -0.19642569648602465 
0.3769820115347754 0.4300899829690765 0.7132069112849659 0.6333575142387111 0.3558111210812094 0.4960939207577435 0.8124442238112544 0.5138234490827303 0.46303870013033266 0.35530133490576443 0.559471855941242 0.9627960442320167 0.057078551458649505 -0.013102927896813095 0.06868894962164855 0.34733013147879555 0.7349658468584155 0.7642190964820145 0.43786953500329745 0.20797641203070616 -0.24043036887867958 -0.22629004717259787 -0.02108695566620641 -0.47652400512800575 0.15719721898776437 -0.7239967571238696 -0.041007070300409704 -0.3857728423543705 -0.5921716663034874 0.35851009442316445 
0.39840811921006253 0.4300899829690765 0.7132069112849659 0.8372612838394791 0.6000344691118218 0.8552861717629952 0.8120322733261165 0.523673636722074 0.47929503901928816 0.34520150479845835 0.5662737292867807 0.967704509797964 0.4202944038830029 -0.008155710031884596 0.5011563798680974 0.3195085249649298 0.39879172763992715 0.7694179184690324 0.4372477664312336 0.20564484214650303 -0.25005206628330595 0.8747602586020289 -0.007810636186243192 -0.45768315505993035 0.15719721898776437 -0.7153547041915057 0.018543825213073552 -0.38960685672238893 -0.599138916509284 -0.45878040707260825 
0.0 0.48776353070481415 -0.006290269188991796 0.6210101301802582 0.8522545381097903 0.5652458928810553 0.8231853395322577 -0.19783078670008103 0.7707390275601231 0.35814131603907884 0.7417754370303407 0.5206755394297091 0.16108443285093055 0.7028486233856559 0.6857420311259038 0.3411569753179195 0.7279186416237539 0.7632080374887248 0.9360045988026956 0.911198648861768 -0.2547024405319562 0.45253480265084844 0.9033988804573554 -0.4688217567031124 0.8309110947817735 0.6527309765792391 0.3750871045182342 0.8571046157163986 -0.20989885643108208 -0.20891628973500082 
0.379170988811051 0.4300899829690765 0.7132069112849659 0.6333575142387111 0.3618379283771056 0.8698942041285013 0.836479255085219 0.5138234490827303 0.47929503901928816 0.35530133490576443 0.6718374055649589 0.969342132971979 0.06376659875699488 -0.013102927896813095 0.6905421570063359 0.34733013147879555 0.39879172763992715 0.7642190964820145 0.440899928666124 0.52076508016159 -0.24467605679189547 0.8747602586020289 -0.017618089353625438 -0.46553996177392365 0.15719721898776437 -0.7153547041915057 0.3784478135202236 -0.38960685672238893 -0.5921716663034874 -0.45878040707260825 
0.379170988811051 0.4300899829690765 0.7132069112849659 0.6333575142387111 0.3618379283771056 0.8698942041285013 0.836479255085219 0.5138234490827303 0.47929503901928816 0.35530133490576443 0.6718374055649589 0.969342132971979 0.06376659875699488 -0.013102927896813095 0.6905421570063359 0.34733013147879555 0.39879172763992715 0.7642190964820145 0.440899928666124 0.52076508016159 -0.24467605679189547 0.8747602586020289 -0.017618089353625438 -0.46553996177392365 0.15719721898776437 -0.7153547041915057 0.3784478135202236 -0.38960685672238893 -0.5921716663034874 -0.45878040707260825 
0.38358920389618795 0.42773514402943186 0.615741723032576 0.14623490493066682 0.5881900184313471 0.8831759098237306 0.826999515201107 0.525003207197814 0.8990780031777121 0.35530133490576443 0.6748891785273945 0.9684552049914132 0.05530513468928032 0.7028486233856559 0.6905421570063359 0.35744518658576696 0.4081125292428267 0.7632080374887248 0.4287859393995892 0.20236981246297567 -0.2561849160477578 -0.8107961016863168 -0.015169257470271603 -0.9227798469898749 0.15719721898776437 -0.7153547041915057 -0.6796097954739385 -0.38960685672238893 -0.58461300399513 -0.44974243898813493 
0.39840811921006253 0.4300899829690765 0.7132069112849659 0.8372612838394791 0.6000344691118218 0.8552861717629952 0.8120322733261165 0.523673636722074 0.47929503901928816 0.34520150479845835 0.5662737292867807 0.967704509797964 0.4202944038830029 -0.008155710031884596 0.5011563798680974 0.3195085249649298 0.39879172763992715 0.7694179184690324 0.4372477664312336 0.20564484214650303 -0.25005206628330595 0.8747602586020289 -0.007810636186243192 -0.45768315505993035 0.15719721898776437 -0.7153547041915057 0.018543825213073552 -0.38960685672238893 -0.599138916509284 -0.45878040707260825 
0.007320145898317978 0.48435340657706155 0.28172897752230774 0.40388839560515094 0.8327426714592322 0.5669429214826894 0.8124442238112544 0.5119482129486663 0.46303870013033266 0.6598580702159427 0.548068983328944 0.5206755394297091 0.1579794872420152 0.5060287746759706 0.6860034575505304 0.8822869020915413 0.7302864872073017 0.7626773556474837 0.10181631529033064 0.9743774713141652 0.7243452079832592 -0.22736259557297403 0.9116330360142216 -0.47158590474301454 0.8309110947817735 -0.6283923845838287 -0.04827993115995641 -0.5887410933293544 -0.6094143467862176 -0.20827896453401912 
0.0 0.48257033096641394 0.9363978985913062 -0.5925208572958653 0.8499744841636399 0.577788588805382 0.8448456275899537 0.49518961171275255 0.08522197591674918 0.7623895628877286 0.7464946362922473 0.6205303924323257 0.15258485522942444 0.5285129669526814 0.6785054479559288 0.35756975649512046 0.9373238604690796 0.7447209340615096 0.7556962437551342 -0.036552011353010005 0.4890941324079579 0.6454865315313759 0.6928496161180655 -0.4688217567031124 0.15808180540369787 0.6486409292629177 0.37954829158866 0.6357848667658519 -0.2039546400781063 -0.21389380100572453 
0.0 0.48257033096641394 -0.006290269188991796 0.6384946901336087 0.5868260756700412 0.5669429214826894 0.4095170696236253 0.4855600478750439 0.7848480415208279 0.6526668606685294 0.6084828724774629 0.5185479711956517 0.15258485522942444 0.502281850713091 0.943400969622521 0.8723360368133003 0.9446845736971206 0.7440010664120804 0.9360045988026956 0.911198648861768 -0.2629347820343714 0.6455604442932895 0.6890584581315791 -0.4688217567031124 0.16282088960598134 0.6527309765792391 0.3750871045182342 0.46751265319619567 -0.015787235003990267 -0.20827896453401912 
0.0 0.48776353070481415 -0.006290269188991796 0.6210101301802582 0.8522545381097903 0.5652458928810553 0.8231853395322577 -0.19783078670008103 0.7707390275601231 0.35814131603907884 0.7417754370303407 0.5206755394297091 0.16108443285093055 0.7028486233856559 0.6857420311259038 0.3411569753179195 0.7279186416237539 0.7632080374887248 0.9360045988026956 0.911198648861768 -0.2547024405319562 0.45253480265084844 0.9033988804573554 -0.4688217567031124 0.8309110947817735 0.6527309765792391 0.3750871045182342 0.8571046157163986 -0.20989885643108208 -0.20891628973500082 
0.0 0.48257033096641394 0.6122443792245611 -0.5871413842846317 0.5745952117903201 0.5973602411968331 0.40453266563758283 0.49518961171275255 0.5024918173448133 0.7623895628877286 0.9349806631854947 0.517011331417391 0.15258485522942444 0.05804089565682191 0.5046353171580068 0.87684858200336 0.9481527227410896 0.7408030132006147 0.7642685724533155 0.3049131931981401 0.3196929937059553 0.4541155464576623 0.937789886503804 -0.4781829226241686 0.16282088960598134 0.646638589574369 0.18605329600542783 -0.008601902848345272 -0.033576018252090514 -0.21412955832573977 
0.005547955707769174 0.4786419397458241 0.28172897752230774 0.6280383546878016 0.8499744841636399 0.5871352893088008 0.8448456275899537 0.48843378240730506 0.08886468288090121 0.9965946897930515 0.73640770383176 0.6291278343959313 0.15258485522942444 0.5125352071769465 0.6775701452241936 0.35756975649512046 0.7321720119813124 0.7447209340615096 0.7556962437551342 0.29835103152152626 0.3208983410722799 0.479834240438296 0.9038140263619994 -0.46860241812759423 0.16282088960598134 0.6549831718848113 0.37954829158866 -0.5887410933293544 -0.20962952565207252 -0.21389380100572453 
0.0 0.460213539635979 -0.056391683797177024 0.35250695613247873 0.5854632745949964 0.8697809821097753 0.815071439622297 0.5244244921937263 0.48667249816322034 0.7695744934738495 0.567530761801534 0.5258546217254515 0.16108443285093055 0.5112819902680367 0.9415522566553287 0.8822869020915413 0.7084029055533143 0.7504503991644524 0.07721408890264325 0.3088028602357214 0.32708229327879934 0.4541155464576623 0.9129857176802437 -0.46511807838478375 0.160193793789304 0.6486409292629177 0.37897657804684576 0.8571046157163986 -0.033576018252090514 -0.2019120182265687 
0.0 0.4806499085705978 -0.056391683797177024 0.6384946901336087 0.5919374454373022 0.8702373191170141 0.8157897070450066 0.4855600478750439 0.7886148475410286 0.6526668606685294 0.5990714682026359 0.5185479711956517 0.16189832905255394 0.502281850713091 0.9415522566553287 0.885550244424696 0.7084029055533143 0.7423850014220341 0.9360045988026956 0.3088028602357214 0.3264799076312518 -0.30601320507179497 0.9129857176802437 -0.46511807838478375 0.16282088960598134 0.6691625682978256 0.37897657804684576 0.4684544437480924 -0.20082085467569233 -0.20827896453401912 
0.0 0.48257033096641394 0.9363978985913062 -0.5925208572958653 0.8499744841636399 0.5881415114978834 0.4095170696236253 0.49518961171275255 0.5024918173448133 0.7623895628877286 0.9323644899034628 0.517011331417391 0.15258485522942444 0.502281850713091 0.5046353171580068 0.35756975649512046 0.9446845736971206 0.7408030132006147 0.7570379175467106 0.3049131931981401 0.4890941324079579 0.44905624554634777 0.9038140263619994 -0.4688217567031124 0.16282088960598134 0.6486409292629177 0.37954829158866 -0.009560056669439376 -0.2039546400781063 -0.21257905768781202 
1.6387573323352247E-4 0.460213539635979 -0.056391683797177024 0.416696909110202 0.5778800520157447 0.5848351085457196 0.8369478146004622 0.4954779786428034 0.21018513056071253 0.7695744934738495 0.9323644899034628 0.5258546217254515 0.16019201004030179 0.49878960347554113 0.5173945524514123 0.35139624161878513 0.7023404730148611 0.7459290306412797 0.9360045988026956 0.20504994865104 0.48630639083429134 0.462053700759677 0.9319757963958323 -0.45292052035808894 0.16575929227653538 0.6486409292629177 0.38173773679426765 0.8571046157163986 -0.033576018252090514 -0.19784552523380924 
1.6387573323352247E-4 0.460213539635979 -0.056391683797177024 0.416696909110202 0.5778800520157447 0.5848351085457196 0.8369478146004622 0.4954779786428034 0.21018513056071253 0.7695744934738495 0.9323644899034628 0.5258546217254515 0.16019201004030179 0.49878960347554113 0.5173945524514123 0.35139624161878513 0.7023404730148611 0.7459290306412797 0.9360045988026956 0.20504994865104 0.48630639083429134 0.462053700759677 0.9319757963958323 -0.45292052035808894 0.16575929227653538 0.6486409292629177 0.38173773679426765 0.8571046157163986 -0.033576018252090514 -0.19784552523380924 
0.0 0.48257033096641394 0.6122443792245611 -0.5871413842846317 0.5745952117903201 0.5973602411968331 0.40453266563758283 0.49518961171275255 0.5024918173448133 0.7623895628877286 0.9349806631854947 0.517011331417391 0.15258485522942444 0.05804089565682191 0.5046353171580068 0.87684858200336 0.9481527227410896 0.7408030132006147 0.7642685724533155 0.3049131931981401 0.3196929937059553 0.4541155464576623 0.937789886503804 -0.4781829226241686 0.16282088960598134 0.646638589574369 0.18605329600542783 -0.008601902848345272 -0.033576018252090514 -0.21412955832573977 
0.0 0.48257033096641394 0.28172897752230774 0.6384946901336087 0.5745952117903201 0.5669429214826894 0.8220086628304281 0.489474056814888 0.7791330496602699 0.7623895628877286 0.732643783003166 0.5185479711956517 0.15258485522942444 -0.5150946257507671 0.9415522566553287 0.8812358121285349 0.9566360244099746 0.7584962410221482 0.9360045988026956 0.2065195519490092 0.36923522445315415 0.6330329474834939 0.6890584581315791 -0.46511807838478375 0.8309110947817735 0.6686433643151757 0.18605329600542783 -0.009560056669439376 -0.19723027892682518 -0.21412955832573977 
0.0021008048558878033 0.48257033096641394 0.6122443792245611 -0.5925208572958653 0.5745952117903201 0.5882764566579441 0.4084423963824659 0.49518961171275255 0.7791330496602699 0.7623895628877286 0.9349806631854947 0.517011331417391 0.08469012617781191 0.5056237166848271 0.5046353171580068 0.8812358121285349 0.9498110303943706 0.7408030132006147 0.7570379175467106 0.2178326577247701 0.3208983410722799 0.4541155464576623 0.937789886503804 -0.4688217567031124 0.16282088960598134 0.6524957125443631 0.18605329600542783 -0.009560056669439376 -0.20949977697424962 -0.21412955832573977 
1.6387573323352247E-4 -0.16399848968034392 -0.0673934242734394 0.416696909110202 0.5778800520157447 0.5803185939358444 0.8369478146004622 0.4954779786428034 0.5144523364178926 -0.6724563966408345 0.9349806631854947 0.6216978833755761 0.16108443285093055 0.49878960347554113 0.9362334709532034 0.8841133818153128 0.7310020664968435 0.7415244830954905 0.46092398743536706 0.3088028602357214 0.4857698724655878 0.4444077711298508 0.9319757963958323 -0.4550675576166878 0.9078811890379762 0.6749771581804896 0.11368028212674419 -0.5421719086384312 -0.20522879461817653 -0.21702115318420942 
0.0 0.48257033096641394 0.28172897752230774 -0.5938362368993035 0.5868260756700412 0.8702373191170141 0.8231853395322577 0.5244244921937263 0.7791330496602699 0.7695744934738495 0.732643783003166 0.5206755394297091 0.16108443285093055 0.5112819902680367 0.9415522566553287 0.3411569753179195 0.7310020664968435 0.7504503991644524 0.07721408890264325 0.20564484214650303 0.7243452079832592 0.4541155464576623 0.9129857176802437 -0.46511807838478375 0.8309110947817735 0.6686433643151757 0.3890893594957952 0.8571046157163986 -0.20082085467569233 -0.20827896453401912 
0.0 0.4796823041192241 0.28172897752230774 0.6384946901336087 0.5745952117903201 0.5669429214826894 0.4061519037510466 0.489474056814888 0.771580576874055 0.7623895628877286 0.9323644899034628 0.5185479711956517 0.15607012037207443 -0.5150946257507671 0.5046353171580068 0.885592026403727 0.9425151972308494 0.7584962410221482 0.9260724260027032 0.2065195519490092 0.4897958152744483 0.44239838538345766 0.8997160684216289 -0.6448301613657987 0.8386799401798207 0.6686433643151757 0.18605329600542783 -0.009560056669439376 -0.2039546400781063 -0.21412955832573977 
0.005861641140317013 0.48257033096641394 0.6209211272112214 -0.382381362495229 0.5778800520157447 0.5881415114978834 0.8369478146004622 0.5068970344935533 0.7791330496602699 -0.6724563966408345 0.7324818379753778 0.6216978833755761 0.16099901869337335 0.5082368883764109 0.9319276525316735 0.8853959114904467 0.7310020664968435 0.7504503991644524 0.4633214412732184 0.21181215141079324 0.4857698724655878 0.4541155464576623 0.9319757963958323 -0.46511807838478375 0.8140384825891555 0.6749771581804896 0.3897307784306814 -0.5421719086384312 -0.20962952565207252 -0.2213349421767469 
0.0 0.4796823041192241 0.28172897752230774 0.6384946901336087 0.5745952117903201 0.5669429214826894 0.4061519037510466 0.489474056814888 0.771580576874055 0.7623895628877286 0.9323644899034628 0.5185479711956517 0.15607012037207443 -0.5150946257507671 0.5046353171580068 0.885592026403727 0.9425151972308494 0.7584962410221482 0.9260724260027032 0.2065195519490092 0.4897958152744483 0.44239838538345766 0.8997160684216289 -0.6448301613657987 0.8386799401798207 0.6686433643151757 0.18605329600542783 -0.009560056669439376 -0.2039546400781063 -0.21412955832573977 
0.0 0.48257033096641394 0.28172897752230774 0.6384946901336087 0.5745952117903201 0.5669429214826894 0.8220086628304281 0.489474056814888 0.7791330496602699 0.7623895628877286 0.732643783003166 0.5185479711956517 0.15258485522942444 -0.5150946257507671 0.9415522566553287 0.8812358121285349 0.9566360244099746 0.7584962410221482 0.9360045988026956 0.2065195519490092 0.36923522445315415 0.6330329474834939 0.6890584581315791 -0.46511807838478375 0.8309110947817735 0.6686433643151757 0.18605329600542783 -0.009560056669439376 -0.19723027892682518 -0.21412955832573977 
1.6387573323352247E-4 -0.15927643830557764 -0.0673934242734394 0.42509887782356587 0.8499744841636399 0.5881415114978834 0.8369478146004622 0.4954779786428034 0.5144523364178926 -0.6724563966408345 0.9349806631854947 0.621472170344935 0.15258485522942444 0.49878960347554113 0.9362334709532034 -0.6186592494364942 0.9536628450310495 0.7415244830954905 0.46092398743536706 0.29984527597128435 0.4857698724655878 0.44905624554634777 0.9319757963958323 -0.4512024211122801 0.16282088960598134 0.6486409292629177 0.11368028212674419 -0.5421719086384312 -0.20522879461817653 -0.21474716664263932 
1.6387573323352247E-4 -0.16399848968034392 -0.0673934242734394 0.416696909110202 0.5778800520157447 0.5803185939358444 0.8369478146004622 0.4954779786428034 0.5144523364178926 -0.6724563966408345 0.9349806631854947 0.6216978833755761 0.16108443285093055 0.49878960347554113 0.9362334709532034 0.8841133818153128 0.7310020664968435 0.7415244830954905 0.46092398743536706 0.3088028602357214 0.4857698724655878 0.4444077711298508 0.9319757963958323 -0.4550675576166878 0.9078811890379762 0.6749771581804896 0.11368028212674419 -0.5421719086384312 -0.20522879461817653 -0.21702115318420942 
1.6387573323352247E-4 -0.15927643830557764 -0.0673934242734394 0.42509887782356587 0.8499744841636399 0.5881415114978834 0.8369478146004622 0.4954779786428034 0.5144523364178926 -0.6724563966408345 0.9349806631854947 0.621472170344935 0.15258485522942444 0.49878960347554113 0.9362334709532034 -0.6186592494364942 0.9536628450310495 0.7415244830954905 0.46092398743536706 0.29984527597128435 0.4857698724655878 0.44905624554634777 0.9319757963958323 -0.4512024211122801 0.16282088960598134 0.6486409292629177 0.11368028212674419 -0.5421719086384312 -0.20522879461817653 -0.21474716664263932 
0.0 0.4737318853997552 0.6230432251482407 0.63842561020558 0.8499744841636399 0.5881415114978834 0.8369478146004622 0.5011917233607794 0.5024918173448133 -0.6670910690391173 0.9323644899034628 0.5251270395791635 0.15258485522942444 0.5089911070191239 0.5127000668314301 0.35139624161878513 0.9449205154376475 0.7504503991644524 0.9360045988026956 0.20504994865104 0.4890941324079579 0.6357127015784291 0.6890584581315791 0.8841092219833029 0.16282088960598134 0.6486409292629177 0.3897307784306814 0.6357848667658519 -0.21280497400165876 -0.19784552523380924 
0.005861641140317013 0.47903742525267223 -0.0673934242734394 0.4245090847599496 0.576996417432692 0.5881415114978834 0.8142019544850674 0.4954779786428034 0.5061221155837824 -0.6724563966408345 0.9349806631854947 0.517011331417391 0.16108443285093055 0.5082368883764109 0.9362334709532034 0.8822869020915413 0.9555399805850788 0.7606501320783152 0.4633214412732184 0.3088028602357214 0.48715438989962023 -0.005005613035985457 0.9157196928142086 -0.4550675576166878 0.9012059569806379 0.6749771581804896 0.11368028212674419 -0.5944882671329572 -0.20522879461817653 -0.19999196196582708 
