1.0621464285888838 0.059016277804554866 
1.0125126144650594 0.06234788316353545 
0.962931628404136 0.05839214390324061 
0.9521600849739672 0.06872246240362026 
0.9572079599467189 0.06724256003317819 
0.952754675440922 0.071833117462472 
0.9516360661649929 0.07697403191885015 
0.9510262623842238 0.06925804240497307 
0.9521600849739672 0.06872246240362026 
0.9508663263234142 0.08923473322320559 
0.9512608236133823 0.09509683491043042 
0.9512608236133823 0.09509683491043042 
0.9501785058288 0.09721164198607571 
0.9510262623842238 0.06925804240497307 
0.9507186365218516 0.07317303097205582 
0.9508663263234142 0.08923473322320559 
0.9513092908741307 0.08466921389242073 
0.9518873171138476 0.0872923010739016 
0.9513092908741307 0.08466921389242073 
0.9516360661649929 0.07697403191885015 
0.9507186365218516 0.07317303097205582 
0.9501785058288 0.09721164198607571 
0.9515671135124391 0.13588857087673295 
0.9523067491327593 0.13812253468037733 
0.8970016329461159 0.1616698937208217 
0.882711847467015 0.16415443823229342 
0.8970016329461159 0.1616698937208217 
0.8610528397948147 0.1652834678463921 
0.8799524741144547 0.16391086970255447 
0.8610528397948147 0.1652834678463921 
0.8600306532096949 0.1665377675501012 
0.8600306532096949 0.1665377675501012 
0.852662369643134 0.16788235944381438 
0.852829889701624 0.17377472217270054 
0.8515954998037356 0.1746437828363535 
0.8502317026121334 0.1809275057479418 
0.8502317026121334 0.1809275057479418 
0.8501585845642927 0.176150895670449 
0.8504962677194389 0.1888624118356791 
0.8504962677194389 0.1888624118356791 
0.8498380199421183 0.20522751555246244 
0.849662227893849 0.20916585588145326 
0.8490434304814116 0.21573249784760468 
0.849662227893849 0.20916585588145326 
0.8498380199421183 0.20522751555246244 
0.8502586170913468 0.23465219598653192 
0.8501585845642927 0.176150895670449 
0.8495171713391999 0.25851085169145044 
0.8486972405434225 0.194566117705218 
0.8487553729082419 0.23724486446155812 
0.8495171713391999 0.25851085169145044 
0.8495025508076828 0.20074482396813384 
0.8487553729082419 0.23724486446155812 
0.8490434304814116 0.21573249784760468 
0.84964810335819 0.28068496796388526 
0.8494650012722041 0.2861218607627605 
0.84964810335819 0.28068496796388526 
0.8486972405434225 0.194566117705218 
0.8496304430915446 0.3144170455638889 
0.8160563441908631 0.3828807836876613 
0.8266575858631238 0.38496064138654046 
0.8149205634696998 0.38550094934532464 
0.8160563441908631 0.3828807836876613 
0.7920637938520576 0.386638719622673 
0.7001372794531622 0.38587291537481433 
0.7920637938520576 0.386638719622673 
0.7555772274782946 0.3854240037782894 
0.7555772274782946 0.3854240037782894 
0.7007829294333231 0.3859716465194777 
0.6789272334009172 0.3867124427347645 
0.7001372794531622 0.38587291537481433 
0.7505322207446703 0.3866340298303625 
0.6538360634196553 0.38643505027495234 
0.7377999439566144 0.386910498008596 
0.664399484220148 0.38609607392573214 
0.6789272334009172 0.3867124427347645 
0.6474247151302358 0.38626885377086406 
0.6538360634196553 0.38643505027495234 
0.6392891552792759 0.3886242282331753 
0.6667275613903128 0.3871655704629345 
0.6667275613903128 0.3871655704629345 
0.6376959069539955 0.3868585999554244 
0.637412959085177 0.3877838360053715 
0.664399484220148 0.38609607392573214 
0.6381206559778815 0.3882104067719614 
0.6637294201947669 0.3854785757181678 
0.6629492320814037 0.38692416470121543 
0.6449967826228766 0.3859684758694528 
0.6637294201947669 0.3854785757181678 
0.6449967826228766 0.3859684758694528 
0.6474247151302358 0.38626885377086406 
0.640130551214622 0.38716807934426817 
0.636451006307193 0.3880285225027891 
0.640130551214622 0.38716807934426817 
0.6315270345270094 0.388514203948789 
0.636194693205782 0.389783348883002 
0.6225671965777007 0.39072268276126493 
0.6286116505453786 0.4046183580617573 
0.6274135580837007 0.42297182368676944 
0.6231316604020573 0.46204788145257775 
