0.8279719648754444 0.22301382446540174 
0.8279719648754444 0.22301382446540174 
0.8103017039466853 0.22921410431710537 
0.7206730035716319 0.23006786798851128 
0.7046328729238717 0.23219738787277175 
0.7197899187382316 0.23188432547876894 
0.6893624026781077 0.23460695063208103 
0.696321920106839 0.2307649418484231 
0.6861086568739202 0.2372570289722369 
0.6861086568739202 0.2372570289722369 
0.6893624026781077 0.23460695063208103 
0.6869050150158157 0.24309857303227442 
0.6888504732960022 0.24321348579308225 
0.6692677696862965 0.23600419195255384 
0.6757703511091446 0.24007428551542534 
0.671766908367304 0.24513861910196205 
0.6761668525590631 0.25137950229543216 
0.6472474853930552 0.25139325406099144 
0.6608217720490054 0.2538038719765501 
0.6608217720490054 0.2538038719765501 
0.6656035275718857 0.25136437980749554 
0.659053465487191 0.26342195953170994 
0.6472474853930552 0.25139325406099144 
0.6547978889751609 0.24950998060834745 
0.6649645126354967 0.2669763286488701 
0.656441316484896 0.26258613726758506 
0.6506554442008694 0.25849682875664676 
0.6539084066017234 0.2742943335420115 
0.6586885096904033 0.2751452245434021 
0.6448923822844088 0.27656527848931534 
0.6547978889751609 0.24950998060834745 
0.6527796236881782 0.2810895290804819 
0.6554625412539756 0.2694895157842913 
0.6509573319464967 0.2890131847290367 
0.6565510723067441 0.287648163901812 
0.6448923822844088 0.27656527848931534 
0.6493743250036695 0.29675939215161706 
0.6506554442008694 0.25849682875664676 
0.6490961460033842 0.3078507034471438 
0.6294538719057977 0.2707461152509199 
0.6331220418425565 0.30878628616970516 
0.6382319225056104 0.3132131415135986 
0.6294411098064684 0.2994144711651665 
0.6177074370171785 0.3107045472457851 
0.6331220418425565 0.30878628616970516 
0.6274820517149933 0.3033160947740405 
0.6303774069118457 0.3160557657353355 
0.6280221487377773 0.31606649785866664 
0.6200521035773648 0.2977648815575339 
0.6233316519925776 0.320426056609786 
0.6200521035773648 0.2976997726418564 
0.6233316519925776 0.320426056609786 
0.6177074370171785 0.3107045472457851 
0.6197309191459909 0.3298197892556567 
0.6197309191459909 0.3298197892556567 
0.593344014952977 0.349824778375456 
0.5827044874321747 0.3543208459059431 
0.617754474720936 0.36113058543562176 
0.5827044874321747 0.3543208459059431 
0.5861691857103618 0.3556763293045886 
0.5471202168445866 0.35232499327324784 
0.5749512863348974 0.3484893420090631 
0.5471202168445866 0.35232499327324784 
0.5806744304150552 0.33362755420883894 
0.5606449369187256 0.3431408742508652 
0.5806744304150552 0.33362755420883894 
0.5749512863348974 0.3484893420090631 
0.5828667712808588 0.3647086711915123 
0.5522637173324361 0.3405976580673832 
0.5606449369187256 0.3431408742508652 
0.5733107073476247 0.3685389111677841 
0.5598908255779615 0.3644042508599452 
0.5733107073476247 0.3685389111677841 
0.564118245369904 0.37149506773063057 
0.5656121758308519 0.366092165295267 
0.548305054349419 0.35628775365871024 
0.5598723885147107 0.34603886884697727 
0.5522637173324361 0.3405976580673832 
0.5598908255779615 0.3644042508599452 
0.5525635166373016 0.3719632576054244 
0.5562807750752425 0.38916599659192247 
0.5575727143399934 0.3967023220324366 
0.5525635166373016 0.3719632576054244 
0.548305054349419 0.35628775365871024 
0.5509248119841669 0.4109510068269532 
0.5236561294014181 0.4178434664479237 
0.5424518512698381 0.3737334504527385 
0.5424518512698381 0.3737334504527385 
0.5358318849870448 0.41992477001062933 
0.5366011776024175 0.4247915422199078 
0.5236561294014181 0.4178434664479237 
0.5358318849870448 0.41992477001062933 
0.534976539293409 0.43581026040829707 
0.5269015511658353 0.4463736510301799 
0.5269015511658353 0.4463736510301799 
0.5226202233349746 0.4624365973492808 
0.5242042242055087 0.5058249109129538 
0.5226202233349746 0.4624365973492808 
0.5203494887351141 0.5360761807806464 
0.5179745278696763 0.6107073225102042 
