0.6144525656648965 0.7826764975026821 0.74908512822554 0.7451732988420915 0.7206737921571458 0.7092708777843533 0.9833318544972997 0.6680358019184075 0.6686050234033224 0.6335670093265563 0.6103417821980387 0.5978383287136101 0.5773352275229368 0.5721185330258601 0.5622256817790332 0.5426465264155369 0.5180097697022512 0.5183814820847934 0.48377160058334223 0.4934450725839993 0.4968559545041578 0.4659736821547793 0.4294579399040849 0.4433204888540625 0.4197139254585843 0.41662125866325295 0.3896427240040052 0.4047458065567486 0.3469843926330168 0.3868991037148841 
0.6144525656648965 0.7826764975026821 0.74908512822554 0.7451732988420915 0.7206737921571458 0.7092708777843533 0.9833318544972997 0.6680358019184075 0.6686050234033224 0.6335670093265563 0.6103417821980387 0.5978383287136101 0.5773352275229368 0.5721185330258601 0.5622256817790332 0.5426465264155369 0.5180097697022512 0.5183814820847934 0.48377160058334223 0.4934450725839993 0.4968559545041578 0.4659736821547793 0.4294579399040849 0.4433204888540625 0.4197139254585843 0.41662125866325295 0.3896427240040052 0.4047458065567486 0.3469843926330168 0.3868991037148841 
0.6112918852613919 0.7806120338430993 0.7585146729710889 0.7426727386633903 0.7302612585902112 0.7027480747446241 0.6867770105006792 0.658274583395061 0.6701465780809683 0.6335670093265563 0.6342482269987405 0.5960725060859668 0.5889529626622078 0.5683891319445704 0.9708631356944906 0.5384328881799701 0.5237653503381506 0.506927251690356 0.48261166812144374 0.48719072186674756 0.48726141692868724 0.46336374514619677 0.43483706859195176 0.43427810797176547 0.4033313006877242 0.4080391275868204 0.39362707769811717 0.3941799428950917 0.36898794560916165 0.38263364516619414 
0.6162008748245903 0.7806120338430993 0.7536384492881716 0.7443171452841371 0.7140950243581837 0.703050064138272 0.6804528919419974 0.6726641190365529 0.6456205961824996 0.6369586119966059 0.615237399432219 0.6113136684520696 0.5773352275229368 0.5732773168250042 0.5497367465358227 0.5426465264155369 0.5043124785021667 0.510204233824426 0.5014480427147877 0.4896607952908391 0.49155753543791775 0.4659736821547793 0.47707429524650136 0.4410200843102176 0.4106269149911196 0.42385518959058444 0.40945294211003447 0.39639135224250177 0.36976715446282354 0.36543120034871035 
0.6105252547327535 0.7806120338430993 0.7522622524566404 0.738704114446988 0.722961141666563 0.7054747052641924 0.6874049297496077 0.658274583395061 0.6416531459476048 0.6399676226213248 0.6189049504531184 0.5960725060859668 0.5951227745605842 0.5683891319445704 0.5618691165708556 0.5426465264155369 0.5113733436642481 0.5168916356651629 0.4799093084397632 0.48719072186674756 0.49015136861696357 0.46136989254667093 0.49261812889075607 0.43427810797176547 0.4147689315869097 0.40382772132171524 0.39362707769811717 0.39252545519549 0.36898794560916165 0.37719452140576615 
0.611279286525064 0.7806120338430993 0.7557825218537407 0.7420163444099825 0.9447681312816966 0.7028673421062633 0.6749353023651232 0.6679202267412339 0.6475014663488371 0.643289949210256 0.6261792377638284 0.5960725060859668 0.5839707026532247 0.5683891319445704 0.570930026666922 0.5426465264155369 0.5007911387155448 0.5019598029246003 0.5014480427147877 0.48945286695791945 0.5039466967962682 0.463060203709502 0.43524853583125966 0.43167653078464224 0.4147689315869097 0.4213483188665716 0.3896427240040052 0.3902238860789934 0.3738632303305272 0.38215427053088336 
0.611279286525064 0.7806120338430993 0.756643785037761 0.7454222058632151 0.7255700134760404 0.7028673421062633 0.6804528919419974 0.6675993104388055 0.6456205961824996 0.6399676226213248 0.6189049504531184 0.5960725060859668 0.6163840514879746 0.5706793891829121 0.564071584777844 0.5426465264155369 0.511983057959225 0.5019598029246003 0.4996989153572858 0.48547875540953744 0.4908831147558342 0.46123567423323614 0.43524853583125966 0.43167653078464224 0.4106269149911196 0.4171911289264636 0.39362707769811717 0.41236530970408497 0.36898794560916165 0.3723574050762067 
0.6112786500080677 0.7846929463699496 0.7605344607666419 0.7410964058817372 0.7160756851533647 0.6998407963172224 0.6803825948521733 0.6739553089588937 0.6456085701299876 0.6335670093265563 0.6189049504531184 0.6013017593149127 0.5773352275229368 0.5672598632566586 0.5579587754700784 0.5426465264155369 0.5237653503381506 0.5065308256218187 0.48377160058334223 0.4792183925435253 0.5043100656154216 0.4659736821547793 0.47707429524650136 0.4291569539128483 0.43725094468260267 0.41662125866325295 0.3896427240040052 0.39252545519549 0.3469843926330168 0.38263364516619414 
0.6117470302997025 0.779519585715442 0.9297072208144088 0.7379118779250277 0.7255700134760404 0.701350163486598 0.6749353023651232 0.6739553089588937 0.6487147754138606 0.6399676226213248 0.6256697249008081 0.5952423856871957 0.5881912598894348 0.5719979483060685 0.5556480059858095 0.5340037247708866 0.5113733436642481 0.5144557850868502 0.5097779090937217 0.4792183925435253 0.4888376599878604 0.4719824261213201 0.4763450871313794 0.43427810797176547 0.42630235451630955 0.40819948071314954 0.4058618540674284 0.38749848316806274 0.3620557019277144 0.3813751612624943 
0.6117470302997025 0.779519585715442 0.9297072208144088 0.7379118779250277 0.7255700134760404 0.701350163486598 0.6749353023651232 0.6739553089588937 0.6487147754138606 0.6399676226213248 0.6256697249008081 0.5952423856871957 0.5881912598894348 0.5719979483060685 0.5556480059858095 0.5340037247708866 0.5113733436642481 0.5144557850868502 0.5097779090937217 0.4792183925435253 0.4888376599878604 0.4719824261213201 0.4763450871313794 0.43427810797176547 0.42630235451630955 0.40819948071314954 0.4058618540674284 0.38749848316806274 0.3620557019277144 0.3813751612624943 
0.611279286525064 0.7806120338430993 0.756643785037761 0.7454222058632151 0.7255700134760404 0.7028673421062633 0.6804528919419974 0.6675993104388055 0.6456205961824996 0.6399676226213248 0.6189049504531184 0.5960725060859668 0.6163840514879746 0.5706793891829121 0.564071584777844 0.5426465264155369 0.511983057959225 0.5019598029246003 0.4996989153572858 0.48547875540953744 0.4908831147558342 0.46123567423323614 0.43524853583125966 0.43167653078464224 0.4106269149911196 0.4171911289264636 0.39362707769811717 0.41236530970408497 0.36898794560916165 0.3723574050762067 
0.6117470302997025 0.7843361090338496 0.7510032153104196 0.7465585608814398 0.721192234406957 0.704615806785752 0.682075195516292 0.6735822482786964 0.6416531459476048 0.6357419000374778 0.6256697249008081 0.5960725060859668 0.5939108088692279 0.561573885560083 0.5618691165708556 0.5361925290700118 0.5113278816264533 0.4992786019933494 0.5014480427147877 0.48945286695791945 0.5039466967962682 0.45855941200688094 0.43524853583125966 0.42402974576142266 0.4147689315869097 0.4213483188665716 0.3896427240040052 0.3941799428950917 0.3738632303305272 0.3884360078184536 
0.611279286525064 0.7813436846924245 0.7522622524566404 0.7368112285105511 0.713859507531326 0.701350163486598 0.6874049297496077 0.6751656843702464 0.6331620049953652 0.6338492112976456 0.6189049504531184 0.6113136684520696 0.5737210203101056 0.5652592735857572 0.554768640902688 0.5426465264155369 0.5406960322340371 0.5164466443115777 0.5003546482662196 0.48719072186674756 0.4908831147558342 0.4657608599079097 0.4763450871313794 0.42451413159077694 0.4212594471931106 0.40382772132171524 0.39362707769811717 0.3906605703541659 0.36976715446282354 0.3573350035539222 
0.611279286525064 0.7782028871187392 0.7605344607666419 0.7406633021743986 0.722961141666563 0.701350163486598 0.6804528919419974 0.6659071513436614 0.6654665952991815 0.6375564139051155 0.6197261495734889 0.5960725060859668 0.5893534032124519 0.560855436330939 0.5650155103539736 0.5448327890453649 0.5078747757111091 0.5189519967461992 0.4799093084397632 0.48719072186674756 0.49211788114694477 0.4719824261213201 0.43290897544205237 0.4318028754605672 0.4267618849691032 0.4241744495621711 0.3975822316324749 0.39639135224250177 0.37555748996198707 0.384434710665146 
0.611279286525064 0.7770753707057554 0.763196317357073 0.7381548496745645 0.722961141666563 0.7027480747446241 0.6804528919419974 0.6751656843702464 0.6654665952991815 0.639171302943924 0.6197261495734889 0.6008339454239571 0.5893534032124519 0.5678779221238018 0.5618691165708556 0.5426465264155369 0.5113278816264533 0.5189519967461992 0.4851869278108454 0.48719072186674756 0.49015136861696357 0.4659736821547793 0.47707429524650136 0.4240668637093814 0.4106269149911196 0.4241744495621711 0.3902915485354599 0.39639135224250177 0.3773537249198068 0.36543120034871035 
0.611279286525064 0.7846929463699496 0.7605344607666419 0.7410449730316834 0.722961141666563 0.7057685934205321 0.6804528919419974 0.6751656843702464 0.6456205961824996 0.6335670093265563 0.6189049504531184 0.6042458878613952 0.5773352275229368 0.5672598632566586 0.5683565751160963 0.5384328881799701 0.5374822320905911 0.510204233824426 0.48377160058334223 0.46886256214027455 0.49211788114694477 0.4659736821547793 0.47707429524650136 0.43167653078464224 0.4106269149911196 0.40382772132171524 0.3902915485354599 0.4125483861574559 0.36976715446282354 0.38263364516619414 
0.611279286525064 0.7813436846924245 0.7510525028627631 0.7465585608814398 0.713859507531326 0.703050064138272 0.6804528919419974 0.6714267700010348 0.6533473800122759 0.6338492112976456 0.6189049504531184 0.6113136684520696 0.5773352275229368 0.5732773168250042 0.5577255958872523 0.5295748741515048 0.5406960322340371 0.4930333719089067 0.5014480427147877 0.48735107393112775 0.49211788114694477 0.46610205665269494 0.43238781907461604 0.42402974576142266 0.41743643084009835 0.4241744495621711 0.3842950267269563 0.39639135224250177 0.36976715446282354 0.3868991037148841 
0.611279286525064 0.7844320955436218 0.7610977130884535 0.7381548496745645 0.722961141666563 0.7102005067652059 0.6762182887816162 0.6751656843702464 0.6487147754138606 0.6246567810164624 0.6197261495734889 0.5979595657312714 0.5893534032124519 0.5719979483060685 0.5632552858681221 0.5519368475072554 0.5113278816264533 0.5189519967461992 0.5068419711482602 0.49437801142333965 0.49211788114694477 0.4719824261213201 0.43238781907461604 0.4318028754605672 0.4267618849691032 0.40819948071314954 0.4058618540674284 0.38749848316806274 0.37555748996198707 0.3934960046418359 
0.611279286525064 0.7813436846924245 0.7623137013674512 0.7368112285105511 0.722961141666563 0.701350163486598 0.6900413363049397 0.6751656843702464 0.6409359295204846 0.6335670093265563 0.6189049504531184 0.5962178039230486 0.5773352275229368 0.5672598632566586 0.554768640902688 0.5426465264155369 0.5406960322340371 0.5172786157866321 0.5014480427147877 0.46195964890072433 0.49211788114694477 0.4659736821547793 0.47707429524650136 0.4291569539128483 0.4206168932290911 0.40382772132171524 0.39192828415155356 0.37639642322226813 0.36976715446282354 0.38263364516619414 
0.611279286525064 0.7813436846924245 0.7623137013674512 0.7368112285105511 0.722961141666563 0.701350163486598 0.6900413363049397 0.6751656843702464 0.6409359295204846 0.6335670093265563 0.6189049504531184 0.5962178039230486 0.5773352275229368 0.5672598632566586 0.554768640902688 0.5426465264155369 0.5406960322340371 0.5172786157866321 0.5014480427147877 0.46195964890072433 0.49211788114694477 0.4659736821547793 0.47707429524650136 0.4291569539128483 0.4206168932290911 0.40382772132171524 0.39192828415155356 0.37639642322226813 0.36976715446282354 0.38263364516619414 
0.611279286525064 0.7813436846924245 0.7605344607666419 0.7368112285105511 0.7159916725234465 0.6950610608178052 0.6804528919419974 0.6653048926716507 0.6296491243783984 0.6338492112976456 0.6174489680173154 0.6025808034587913 0.5789993586140612 0.5678779221238018 0.554768640902688 0.52595975172183 0.5284531431339876 0.5264572116984877 0.4894009396208177 0.4967941670675453 0.47638896660283836 0.4664040126673679 0.4694073051341294 0.4432011022763258 0.40744728333953606 0.4104154440443906 0.40391198867635875 0.38907056808030077 0.37209274765090655 0.3934960046418359 
0.611279286525064 0.7737370808043891 0.7605344607666419 0.7327964756238046 0.722961141666563 0.6999998773063403 0.6803740398290402 0.6751656843702464 0.6456205961824996 0.6320306942296928 0.6025272043107349 0.6025808034587913 0.5889529626622078 0.5672598632566586 0.5660175552875143 0.5448327890453649 0.5179209942361748 0.5189519967461992 0.48355207406793477 0.48719072186674756 0.49211788114694477 0.46010622899364706 0.4345175382607924 0.4318028754605672 0.4147689315869097 0.39939036140816897 0.40074259922464045 0.41094525023596096 0.36898794560916165 0.384434710665146 
0.611279286525064 0.7844320955436218 0.7610977130884535 0.7381548496745645 0.722961141666563 0.7102005067652059 0.6762182887816162 0.6751656843702464 0.6487147754138606 0.6246567810164624 0.6197261495734889 0.5979595657312714 0.5893534032124519 0.5719979483060685 0.5632552858681221 0.5519368475072554 0.5113278816264533 0.5189519967461992 0.5068419711482602 0.49437801142333965 0.49211788114694477 0.4719824261213201 0.43238781907461604 0.4318028754605672 0.4267618849691032 0.40819948071314954 0.4058618540674284 0.38749848316806274 0.37555748996198707 0.3934960046418359 
0.611279286525064 0.7855060021945378 0.7605344607666419 0.7368112285105511 0.722961141666563 0.701350163486598 0.6874049297496077 0.6679202267412339 0.6371742260645539 0.64234345502128 0.616435237307685 0.5960725060859668 0.5803842035023447 0.5683891319445704 0.5618691165708556 0.5426465264155369 0.5188676554680707 0.5274267050728657 0.4799093084397632 0.48719072186674756 0.49015136861696357 0.4658687436099021 0.43238781907461604 0.4510710967559489 0.4267618849691032 0.40382772132171524 0.39742546356627695 0.3951287347743629 0.37015997225396097 0.3928634909097872 
0.611279286525064 0.7813436846924245 0.7605344607666419 0.7410449730316834 0.7271530709855129 0.7118670924401418 0.6694687301077552 0.6578516292595006 0.6394463361234239 0.6338492112976456 0.6174489680173154 0.6025808034587913 0.5820388552618242 0.5669171618072446 0.5639672238651455 0.5252568529900056 0.5311125885939447 0.531246365364935 0.5090098049261825 0.4967941670675453 0.48932219222160667 0.4759894612163552 0.468508986100777 0.43167653078464224 0.4180128930174679 0.3981853747362343 0.4059987261661985 0.38907056808030077 0.36976715446282354 0.3934960046418359 
0.611279286525064 0.7813436846924245 0.7605344607666419 0.7410449730316834 0.722372689571291 0.6999998773063403 0.6728841498233628 0.6751656843702464 0.6357782293427418 0.6338492112976456 0.6189049504531184 0.6025808034587913 0.5820388552618242 0.5672598632566586 0.5639672238651455 0.5349915312867559 0.5311125885939447 0.48772575731786777 0.49754275645340856 0.4967941670675453 0.48298552690694485 0.4759894612163552 0.4694073051341294 0.43167653078464224 0.4180128930174679 0.3981853747362343 0.40940028610767876 0.38907056808030077 0.36976715446282354 0.3934960046418359 
0.6100162488645714 0.7855060021945378 0.5854667515869103 0.7404422684898764 0.7197032908985249 0.7102005067652059 0.688085551398746 0.6653048926716507 0.6514111399482034 0.6246567810164624 0.616435237307685 0.6024728970477773 0.5812482603930338 0.5719979483060685 0.554768640902688 0.5519368475072554 0.5283461911786036 0.5286826597091387 0.5068419711482602 0.4967941670675453 0.47638896660283836 0.464434124384258 0.43238781907461604 0.44026803776083234 0.40863462131845324 0.4104154440443906 0.4059987261661985 0.38749848316806274 0.3657467033155844 0.3934960046418359 
0.6100162488645714 0.7813436846924245 0.7623137013674512 0.7368112285105511 0.7288220725259299 0.701350163486598 0.6818626816621007 0.6775732730692317 0.6443259590958627 0.6335670093265563 0.6100150243494323 0.6036017638869032 0.5745065301752184 0.5672212254435205 0.554768640902688 0.5295748741515048 0.5113278816264533 0.4930333719089067 0.5014480427147877 0.46195964890072433 0.4885898417074605 0.46383579081223997 0.43238781907461604 0.42402974576142266 0.41743643084009835 0.40382772132171524 0.42291947311766187 0.36687053066152686 0.36898794560916165 0.3868991037148841 
0.611279286525064 0.7906519660555783 0.7605344607666419 0.750990546964938 0.7271530709855129 0.7118670924401418 0.6872766325648588 0.6578516292595006 0.6456205961824996 0.6338492112976456 0.6174489680173154 0.6025808034587913 0.5830974275773988 0.5672598632566586 0.5602426320021022 0.5384328881799701 0.5374822320905911 0.5026563203373018 0.4799093084397632 0.4967941670675453 0.4859379230007923 0.4711811773988684 0.47707429524650136 0.43167653078464224 0.4180128930174679 0.4089766069779493 0.39742546356627695 0.40998731855147513 0.36976715446282354 0.38761879946725836 
0.611279286525064 0.7813436846924245 0.7605344607666419 0.7368112285105511 0.722372689571291 0.7067243945146273 0.6874049297496077 0.6679202267412339 0.6371742260645539 0.626375118059658 0.6174489680173154 0.6152837957688367 0.5820388552618242 0.573054958333903 0.5639672238651455 0.5386562914136106 0.5188676554680707 0.5274267050728657 0.5022047509277667 0.48719072186674756 0.49015136861696357 0.49475461579822166 0.43238781907461604 0.44572024502891966 0.4180128930174679 0.4021776576177812 0.40031460801532487 0.3951287347743629 0.3735507007071104 0.3512119936813499 
0.611279286525064 0.7855060021945378 0.7605344607666419 0.7368112285105511 0.722961141666563 0.701350163486598 0.6874049297496077 0.6679202267412339 0.6371742260645539 0.64234345502128 0.616435237307685 0.5960725060859668 0.5803842035023447 0.5683891319445704 0.5618691165708556 0.5426465264155369 0.5188676554680707 0.5274267050728657 0.4799093084397632 0.48719072186674756 0.49015136861696357 0.4658687436099021 0.43238781907461604 0.4510710967559489 0.4267618849691032 0.40382772132171524 0.39742546356627695 0.3951287347743629 0.37015997225396097 0.3928634909097872 
0.6080128657264086 0.914541471629681 0.7561791907548008 0.7462704523545398 0.7101101001833198 0.700370337812849 0.6740920845913864 0.6653048926716507 0.6514111399482034 0.6338492112976456 0.6174489680173154 0.6051649335774333 0.577989191100488 0.562437351982906 0.5577255958872523 0.5605994400255988 0.5284531431339876 0.4993530674135098 0.5017581677682992 0.48951958336415513 0.49211788114694477 0.46610205665269494 0.439413154081603 0.41824552711859475 0.40744728333953606 0.4090680352465285 0.388196186872118 0.37663701234774943 0.3735507007071104 0.3675135807498249 
0.6125237749512532 0.7855060021945378 0.7655628651053175 0.7417002645415098 0.7200757565402548 0.7118670924401418 0.6943044521309051 0.6753031329923411 0.6514111399482034 0.6252632279127112 0.6174489680173154 0.6112156845328209 0.5843800727843025 0.5526275735725749 0.5579587754700784 0.5440328769767497 0.5478874457467733 0.5286826597091387 0.5068419711482602 0.4694464511553337 0.4958641022034894 0.4794206660721351 0.439413154081603 0.43812428163601064 0.4298822556102226 0.4195760424591012 0.4059987261661985 0.3862731521242777 0.3657467033155844 0.38582289322665403 
0.611279286525064 0.7737370808043891 0.7605344607666419 0.7327964756238046 0.7221294848342138 0.701350163486598 0.6834410637059463 0.6578516292595006 0.6409359295204846 0.616640979318295 0.6189049504531184 0.6025808034587913 0.5875373748883975 0.5669171618072446 0.5474930084303563 0.5216413374071722 0.5352273909032417 0.51121913174703 0.5014480427147877 0.48719072186674756 0.48932219222160667 0.46010622899364706 0.47675557997948975 0.4318028754605672 0.41988734554286355 0.3981853747362343 0.39192828415155356 0.41094525023596096 0.3758724467929239 0.3934960046418359 
0.6100162488645714 0.7761873667045084 0.5854667515869103 0.7327964756238046 0.722961141666563 0.6999998773063403 0.6803740398290402 0.6732605342273823 0.6514111399482034 0.6246567810164624 0.6149431568227505 0.6025808034587913 0.5812482603930338 0.5672598632566586 0.554768640902688 0.5495138177928335 0.5179209942361748 0.5344459266230073 0.48355207406793477 0.48719072186674756 0.47429711600543767 0.464434124384258 0.42811037142176317 0.4736732407613383 0.40863462131845324 0.41211123078828515 0.4024014916995878 0.3852771712925466 0.36898794560916165 0.384434710665146 
0.611279286525064 0.7813436846924245 0.7605344607666419 0.7368112285105511 0.722372689571291 0.7067243945146273 0.6874049297496077 0.6679202267412339 0.6371742260645539 0.626375118059658 0.6174489680173154 0.6152837957688367 0.5820388552618242 0.573054958333903 0.5639672238651455 0.5386562914136106 0.5188676554680707 0.5274267050728657 0.5022047509277667 0.48719072186674756 0.49015136861696357 0.49475461579822166 0.43238781907461604 0.44572024502891966 0.4180128930174679 0.4021776576177812 0.40031460801532487 0.3951287347743629 0.3735507007071104 0.3512119936813499 
0.6138352940715632 0.7813436846924245 0.7655628651053175 0.7368112285105511 0.7200757565402548 0.701350163486598 0.6925191046145038 0.6645629870043057 0.6497714683627928 0.6252632279127112 0.6100150243494323 0.6032592443377937 0.5843800727843025 0.5489014114810047 0.5598724628461922 0.5440328769767497 0.5113278816264533 0.48755001247548885 0.5014480427147877 0.46195964890072433 0.4885898417074605 0.46383579081223997 0.439413154081603 0.4423796952056184 0.41743643084009835 0.40382772132171524 0.40391198867635875 0.3827162957142907 0.37209274765090655 0.3900563399351746 
0.6100162488645714 0.7855060021945378 0.5854667515869103 0.7404422684898764 0.7197032908985249 0.7102005067652059 0.688085551398746 0.6653048926716507 0.6514111399482034 0.6246567810164624 0.616435237307685 0.6024728970477773 0.5812482603930338 0.5719979483060685 0.554768640902688 0.5519368475072554 0.5283461911786036 0.5286826597091387 0.5068419711482602 0.4967941670675453 0.47638896660283836 0.464434124384258 0.43238781907461604 0.44026803776083234 0.40863462131845324 0.4104154440443906 0.4059987261661985 0.38749848316806274 0.3657467033155844 0.3934960046418359 
0.5964870632172337 0.6293284311937839 0.7439778620504273 0.731691500820093 0.7167663011158929 0.6896161117173002 0.6760846632196641 0.6558680528095703 0.6255272892536774 0.6199354088013216 0.6059165964470529 0.5694817521229446 0.5793195899705892 0.5568837478924438 0.5588216333301097 0.5226982626128603 0.4971989101901593 0.5198357269835284 0.4771725856348809 0.48770392727300255 0.4531758150488171 0.438576311591869 0.43813698540193036 0.44811565185124513 0.4161891444992233 0.4088708371775229 0.3991092067480661 0.35458891069128146 0.3540456478870802 0.3332951123667879 
0.5964870632172337 0.8392394149628389 0.7553624006355486 0.7297023570573508 0.7109253331475315 0.575281836199567 0.6760846632196641 0.6541768506895931 0.6236452978730793 0.6248591995725162 0.6000871557594287 0.5810191963712423 0.5575402259236435 0.5608878906161467 0.5444664534771195 0.5273087175819059 0.5046261576593178 0.4991074126057865 0.47364952916583775 0.48770392727300255 0.44327721392752323 0.4532999816828546 0.43590208576134676 0.42981316874198694 0.40533666169168314 0.41092971446975607 0.39971145131241637 0.3847216987699488 0.36938981550948796 0.34056664573640383 
0.5964870632172337 0.7846929463699496 0.7542236511608885 0.7297023570573508 0.7088522818105416 0.6813317412016411 0.6666501786600781 0.6487506182990653 0.6288419290701971 0.623344931645292 0.6189049504531184 0.5755249741838478 0.5699405215773696 0.5540868313585503 0.5460993310048625 0.5426465264155369 0.5237653503381506 0.49394840396070305 0.4810556458626847 0.49126271449984366 0.45433900789331527 0.44994601274139084 0.4207060107945958 0.4307123882994753 0.403200544347506 0.4083160681792283 0.3985226875246944 0.3939260389176367 0.363505329372667 0.35865763066575174 
0.5964870632172337 0.6293284311937839 0.7464155231616372 0.7430456713337927 0.71167616905211 0.690177973101458 0.6695117187334781 0.6472082662293002 0.6247182108563671 0.6347305678032695 0.6097822451657254 0.5694817521229446 0.5649377573385134 0.5568837478924438 0.5444664534771195 0.5218986030996494 0.4982338336249877 0.49394840396070305 0.4771725856348809 0.48770392727300255 0.43330318403399537 0.4408043645611645 0.4244765821985779 0.4370059483954769 0.3965051606107325 0.4054628192239642 0.38640282556957145 0.3482666181957971 0.35946831965600257 0.34056664573640383 
0.596474289306591 0.630318002804264 0.7512853543484483 0.7281306565467102 0.7167663011158929 0.6813910369244087 0.6666501786600781 0.655259020246381 0.6230137880395727 0.6133047475845652 0.5997719559625904 0.5810191963712423 0.5700395106604944 0.5642426260735668 0.5358514402583073 0.5155348989546266 0.5098818049043876 0.5185143159560228 0.48175938695870973 0.4904852127679627 0.4531758150488171 0.4408043645611645 0.44477248870748703 0.4307123882994753 0.4285409374328155 0.4088708371775229 0.3766327146403812 0.35458891069128146 0.36938981550948796 0.3353930542360522 
0.5931396759047276 0.7784862109712832 0.7464155231616372 0.9286544387847455 0.7088522818105416 0.6815194611393837 0.6695117187334781 0.6487506182990653 0.6288419290701971 0.623344931645292 0.6058489712109186 0.5810191963712423 0.5737664739704296 0.5568837478924438 0.5444664534771195 0.5181922396690989 0.4982338336249877 0.49751867264503924 0.47804696813720265 0.4904852127679627 0.44566177179680666 0.4408043645611645 0.44477248870748703 0.4370059483954769 0.3965051606107325 0.3831894736034855 0.38640282556957145 0.35458891069128146 0.3725481103175274 0.34056664573640383 
0.5964870632172337 0.7846929463699496 0.7542236511608885 0.7297023570573508 0.7088522818105416 0.6813317412016411 0.6666501786600781 0.6487506182990653 0.6288419290701971 0.623344931645292 0.6189049504531184 0.5755249741838478 0.5699405215773696 0.5540868313585503 0.5460993310048625 0.5426465264155369 0.5237653503381506 0.49394840396070305 0.4810556458626847 0.49126271449984366 0.45433900789331527 0.44994601274139084 0.4207060107945958 0.4307123882994753 0.403200544347506 0.4083160681792283 0.3985226875246944 0.3939260389176367 0.363505329372667 0.35865763066575174 
0.5964870632172337 0.630318002804264 0.7512853543484483 0.7305815955966298 0.7110386284324147 0.9424024601455316 0.6585501700156626 0.6541768506895931 0.6424596282435978 0.6256846090404053 0.5997719559625904 0.5810191963712423 0.5637582161728187 0.5608878906161467 0.5358514402583073 0.5155348989546266 0.5098818049043876 0.4991074126057865 0.4898751982872664 0.48770392727300255 0.4531758150488171 0.4558118048735074 0.4209138220730878 0.42610225553971204 0.40533666169168314 0.4088708371775229 0.3691113249126822 0.3847216987699488 0.36938981550948796 0.34056664573640383 
0.5964870632172337 0.7784862109712832 0.5798182397744307 0.9286544387847455 0.7109253331475315 0.680687979762477 0.6695117187334781 0.6462551041299077 0.6299385539027436 0.623344931645292 0.6058489712109186 0.5810191963712423 0.5737664739704296 0.5568837478924438 0.5405338036220079 0.5181922396690989 0.5088456046343262 0.49751867264503924 0.47733187454852666 0.48955205217217834 0.44566177179680666 0.44856894342390496 0.4304316954541265 0.4495885653269236 0.3965051606107325 0.4088708371775229 0.39971145131241637 0.3910154323874233 0.3725481103175274 0.3325114999384043 
0.5964870632172337 0.625561072323606 0.7542236511608885 0.7297023570573508 0.7088522818105416 0.6813317412016411 0.6824897745615126 0.6487506182990653 0.6288419290701971 0.6347305678032695 0.6058489712109186 0.5902298565291672 0.5737664739704296 0.5568837478924438 0.5444664534771195 0.5491494527717519 0.4982338336249877 0.49394840396070305 0.47804696813720265 0.4904852127679627 0.44327721392752323 0.44994601274139084 0.4306632416986616 0.42981316874198694 0.3985627971865718 0.41092971446975607 0.39971145131241637 0.40073780089498046 0.35946831965600257 0.34056664573640383 
0.5928666624346638 0.6306919223804721 0.7512853543484483 0.7281306565467102 0.7167663011158929 0.6896161117173002 0.6760846632196641 0.655259020246381 0.6424596282435978 0.6199354088013216 0.5997719559625904 0.5712379080009495 0.5700395106604944 0.5548987471365459 0.5430505553944738 0.5217611104350378 0.5098818049043876 0.5198357269835284 0.48175938695870973 0.48770392727300255 0.4531758150488171 0.4408043645611645 0.4209138220730878 0.4307123882994753 0.3962960968265914 0.4088708371775229 0.3766327146403812 0.35458891069128146 0.36938981550948796 0.34490612143462446 
0.5964870632172337 0.7784862109712832 0.7489103161985842 0.9286544387847455 0.7143082169244138 0.6739602689658233 0.6754038698781529 0.655259020246381 0.6288419290701971 0.623344931645292 0.5968460916962852 0.5755249741838478 0.5737664739704296 0.5603834543330817 0.5449343153843312 0.5155348989546266 0.4982338336249877 0.4930548058335748 0.4700177444859933 0.4904852127679627 0.44566177179680666 0.4390204462696818 0.4382290203657634 0.4370059483954769 0.403200544347506 0.37992186075489187 0.39971145131241637 0.355347908271696 0.36762306973494596 0.34923444236014356 
0.5928666624346638 0.6306919223804721 0.7512853543484483 0.7281306565467102 0.7167663011158929 0.6896161117173002 0.6760846632196641 0.655259020246381 0.6424596282435978 0.6199354088013216 0.5997719559625904 0.5712379080009495 0.5700395106604944 0.5548987471365459 0.5430505553944738 0.5217611104350378 0.5098818049043876 0.5198357269835284 0.48175938695870973 0.48770392727300255 0.4531758150488171 0.4408043645611645 0.4209138220730878 0.43059095637688044 0.3962960968265914 0.4088708371775229 0.3766327146403812 0.35458891069128146 0.36938981550948796 0.34490612143462446 
0.5964870632172337 0.7784862109712832 0.7489103161985842 0.9286544387847455 0.7143082169244138 0.6739602689658233 0.6754038698781529 0.655259020246381 0.6288419290701971 0.623344931645292 0.5968460916962852 0.5755249741838478 0.5737664739704296 0.5603834543330817 0.5449343153843312 0.5155348989546266 0.4982338336249877 0.4930548058335748 0.4700177444859933 0.4904852127679627 0.44566177179680666 0.4390204462696818 0.4382290203657634 0.4370059483954769 0.403200544347506 0.37992186075489187 0.39971145131241637 0.355347908271696 0.36762306973494596 0.34923444236014356 
0.5931396759047276 0.7784862109712832 0.7464155231616372 0.9286544387847455 0.7088522818105416 0.6815194611393837 0.6695117187334781 0.6487506182990653 0.6288419290701971 0.623344931645292 0.6058489712109186 0.5810191963712423 0.5737664739704296 0.5568837478924438 0.5444664534771195 0.5181922396690989 0.4982338336249877 0.49751867264503924 0.47804696813720265 0.4904852127679627 0.44566177179680666 0.4408043645611645 0.44477248870748703 0.4370059483954769 0.3965051606107325 0.3831894736034855 0.38640282556957145 0.35458891069128146 0.3725481103175274 0.34056664573640383 
0.5964870632172337 0.6306919223804721 0.7512853543484483 0.9286544387847455 0.7039172716471435 0.6739602689658233 0.6760846632196641 0.6544488778585956 0.6299385539027436 0.6199354088013216 0.5997719559625904 0.5712379080009495 0.5737664739704296 0.5568837478924438 0.5449343153843312 0.5217611104350378 0.5098818049043876 0.5198357269835284 0.4700177444859933 0.49313978112604656 0.44566177179680666 0.44856894342390496 0.4304316954541265 0.43059095637688044 0.396996095890469 0.4044568344500662 0.39284289034662523 0.3910154323874233 0.3725481103175274 0.34490612143462446 
0.5964870632172337 0.6306919223804721 0.7512853543484483 0.9286544387847455 0.7039172716471435 0.6739602689658233 0.6760846632196641 0.6544488778585956 0.6299385539027436 0.6199354088013216 0.5997719559625904 0.5712379080009495 0.5737664739704296 0.5568837478924438 0.5449343153843312 0.5217611104350378 0.5098818049043876 0.5198357269835284 0.4700177444859933 0.49313978112604656 0.44566177179680666 0.44856894342390496 0.4304316954541265 0.43059095637688044 0.396996095890469 0.4044568344500662 0.39284289034662523 0.3910154323874233 0.3725481103175274 0.34490612143462446 
0.49217912313410644 0.6975480470908798 0.7583083838453325 0.6544137864475695 0.6260323095116747 0.6094108956677237 0.5763660006261158 0.5642607838037992 0.5470334026246748 0.5053851022032889 0.6613836936278664 0.49416086623547445 0.4450770398357 0.44803763911561906 0.4639354755518672 0.4242183864431142 0.399084336837049 0.3702161953556878 0.3570392592842579 0.3567565156817751 0.35208397375372935 0.35295926947846673 0.31216405367407823 0.30829777100870537 0.30681801878569553 0.27954549296014947 0.2802757315645745 0.2637897022013388 0.27194317800623624 0.2508751632622396 
0.49217912313410644 0.7089093258096926 0.7583083838453325 0.6544137864475695 0.6302265842086066 0.6094108956677237 0.5818554137578191 0.5752594483078205 0.5526195183707443 0.5116465997467005 0.6613836936278664 0.49416086623547445 0.4560358909101731 0.44803763911561906 0.45761910353509244 0.4183198485349944 0.399084336837049 0.38808306618917443 0.3570392592842579 0.36543342903435005 0.319567869554257 0.32722509502057534 0.31945453672475255 0.31790224191680744 0.2903791815818228 0.28708421168180753 0.26387041189171595 0.2637897022013388 0.27194317800623624 0.24829702090487366 
0.5964870632172337 0.6289453508131254 0.7512853543484483 0.7281306565467102 0.7167663011158929 0.6803796951369574 0.6765602828898085 0.6543713505486817 0.6351663699002458 0.6323534431361011 0.6015119531073502 0.5652881941394631 0.5700395106604944 0.5558166689652623 0.5445007686345466 0.5244893290461246 0.4962191943127473 0.5155357363905456 0.48175938695870973 0.47422329867886526 0.4531758150488171 0.46367589496590617 0.4175701332904442 0.469024583493176 0.3962960968265914 0.4177076904424955 0.38631199761464496 0.35404499758916214 0.3649237711449957 0.39059814093311807 
0.49217912313410644 0.7089093258096926 0.7583083838453325 0.6544137864475695 0.6302265842086066 0.6094108956677237 0.5818554137578191 0.5752594483078205 0.5526195183707443 0.5116465997467005 0.6613836936278664 0.49416086623547445 0.4560358909101731 0.44803763911561906 0.45761910353509244 0.4183198485349944 0.399084336837049 0.38808306618917443 0.3570392592842579 0.36543342903435005 0.319567869554257 0.32722509502057534 0.31945453672475255 0.31790224191680744 0.2903791815818228 0.28708421168180753 0.26387041189171595 0.2637897022013388 0.27194317800623624 0.24829702090487366 
0.49217912313410644 0.6975480470908798 0.762625929380539 0.6430898147458142 0.6186248272304664 0.6023760082371363 0.5855101588828868 0.5543781711614595 0.538115500046325 0.5053851022032889 0.6613836936278664 0.49497125810715054 0.48367818010210284 0.45493735587252015 0.46135930833815836 0.4242183864431142 0.4023155140315716 0.37717251426342224 0.3631092151180389 0.3506369938624097 0.3383939773183317 0.35295926947846673 0.31216405367407823 0.30829777100870537 0.27753967890617165 0.27954549296014947 0.2802757315645745 0.2797004136497162 0.26198243307690405 0.2508751632622396 
0.4916933774946813 0.7015860006681173 0.7518690888560381 0.6552266042217069 0.6302265842086066 0.6028370393568692 0.584082076758711 0.5721072967094513 0.5377709304092044 0.5168082512291671 0.33875305081215895 0.48543540745094904 0.45436053243322083 0.43704162587605744 0.43998986820453556 0.417863818566974 0.395187947002434 0.39067426164098956 0.35811157097102414 0.3612919809858047 0.336251320900722 0.3501373793602165 0.32100812125058525 0.2996723320305594 0.29867746443894827 0.28895139225558036 0.27878114046127594 0.28553401361215536 0.2598787290041066 0.22138914273763147 
0.4967013518808939 0.7068540130041073 0.7556712706447474 0.6473027789139553 0.6302265842086066 0.6119436833398099 0.5818554137578191 0.5533919044229031 0.5377709304092044 0.5109022366500386 0.3392299787579799 0.483538658192365 0.45436053243322083 0.43704162587605744 0.44972291272829057 0.4282090700905681 0.37896202263372203 0.39067426164098956 0.3566205313231913 0.3617619541931532 0.34342899029440177 0.3487676717481538 0.3207144509458165 0.3034199484055776 0.2893560560297305 0.28708421168180753 0.26987883163204524 0.2967101281251898 0.26198243307690405 0.25284733261204173 
0.4916933774946813 0.7015860006681173 0.7518690888560381 0.6552266042217069 0.6302265842086066 0.6028370393568692 0.584082076758711 0.5721072967094513 0.5377709304092044 0.5168082512291671 0.33875305081215895 0.48543540745094904 0.45436053243322083 0.43704162587605744 0.43998986820453556 0.417863818566974 0.395187947002434 0.39067426164098956 0.35811157097102414 0.3612919809858047 0.336251320900722 0.3501373793602165 0.32100812125058525 0.2996723320305594 0.29867746443894827 0.28895139225558036 0.27878114046127594 0.28553401361215536 0.2598787290041066 0.22138914273763147 
0.49478029388306977 0.6977806089222199 0.7606578481101458 0.6463452371074074 0.6302265842086066 0.5962576821892978 0.5696070412170122 0.5727841729349977 0.5517190534501669 0.52447382233756 0.6507138086734833 0.48543540745094904 0.4547078799926277 0.43704162587605744 0.45570490686204906 0.4183198485349944 0.40835480744077024 0.39067426164098956 0.37013004540070615 0.3656861643497655 0.3371842904777583 0.32722509502057534 0.31313320569103076 0.30650491373444 0.2903791815818228 0.29190124476222834 0.2727802102859258 0.2642214686580546 0.2358586665704773 0.24829702090487366 
0.49217912313410644 0.7015860006681173 0.7600808516615184 0.6533904389961867 0.6302265842086066 0.6047874500854195 0.5658617770890068 0.5642606555974903 0.5422133327547355 0.5096085724697755 0.6490272189135879 0.48543540745094904 0.4638917272175136 0.43704162587605744 0.4463671708370093 0.43404057481738856 0.402661554655834 0.39067426164098956 0.35169829479254433 0.3567565156817751 0.336251320900722 0.3487676717481538 0.3126760926815103 0.3188117602451625 0.2901557282889282 0.27875793323136155 0.274935987901165 0.2697116858047338 0.2536824792436613 0.2535853569743641 
0.49478029388306977 0.6977806089222199 0.7606578481101458 0.6463452371074074 0.6302265842086066 0.5962576821892978 0.5696070412170122 0.5727841729349977 0.5517190534501669 0.52447382233756 0.6507138086734833 0.48543540745094904 0.4547078799926277 0.43704162587605744 0.45570490686204906 0.4183198485349944 0.40835480744077024 0.39067426164098956 0.37013004540070615 0.3656861643497655 0.3371842904777583 0.32722509502057534 0.31313320569103076 0.30650491373444 0.2903791815818228 0.29190124476222834 0.2727802102859258 0.2642214686580546 0.2358586665704773 0.24829702090487366 
0.4967013518808939 0.7068540130041073 0.7556712706447474 0.6473027789139553 0.6302265842086066 0.6119436833398099 0.5818554137578191 0.5533919044229031 0.5377709304092044 0.5109022366500386 0.3392299787579799 0.483538658192365 0.45436053243322083 0.43704162587605744 0.44972291272829057 0.4282090700905681 0.37896202263372203 0.39067426164098956 0.3566205313231913 0.3617619541931532 0.34342899029440177 0.3487676717481538 0.3207144509458165 0.3034199484055776 0.2893560560297305 0.28708421168180753 0.26987883163204524 0.2967101281251898 0.26198243307690405 0.25284733261204173 
0.49217912313410644 0.6975885736632419 0.7528778285961969 0.6473027789139553 0.6153683112038887 0.6028370393568692 0.5824644630652049 0.5721072967094513 0.5472251100349628 0.52447382233756 0.6490272189135879 0.48543540745094904 0.44637728167357743 0.43704162587605744 0.43998986820453556 0.4123245099216817 0.4075695463274946 0.38282196966549586 0.34795409963884943 0.3185247447928147 0.3383939773183317 0.33863243012949346 0.32100812125058525 0.30829777100870537 0.28123931092489846 0.28895139225558036 0.27878114046127594 0.28553401361215536 0.25956138335852685 0.24971100678049907 
0.49217912313410644 0.7052359214486484 0.7606578481101458 0.6473027789139553 0.6243619003102159 0.6047874500854195 0.5801756354223204 0.5642606555974903 0.5469730462234419 0.5267430007618282 0.6490272189135879 0.48543540745094904 0.4547078799926277 0.43704162587605744 0.4463671708370093 0.42795115114237314 0.399084336837049 0.3699637281690767 0.35811157097102414 0.3567565156817751 0.32796441090543166 0.32722509502057534 0.32100812125058525 0.3099156181041134 0.2789699370384149 0.28895139225558036 0.2727802102859258 0.2697116858047338 0.25590246039874626 0.2142105178078868 
0.49217912313410644 0.7015860006681173 0.7600808516615184 0.6533904389961867 0.6302265842086066 0.6047874500854195 0.5658617770890068 0.5642606555974903 0.5422133327547355 0.5096085724697755 0.6490272189135879 0.48543540745094904 0.4638917272175136 0.43704162587605744 0.4463671708370093 0.43404057481738856 0.402661554655834 0.39067426164098956 0.35169829479254433 0.3567565156817751 0.336251320900722 0.3487676717481538 0.3126760926815103 0.3188117602451625 0.2901557282889282 0.27875793323136155 0.274935987901165 0.2697116858047338 0.2536824792436613 0.2535853569743641 
0.4909647149208328 0.698659160682374 0.7600808516615184 0.6473027789139553 0.6287628718308086 0.5962576821892978 0.5824644630652049 0.5642606555974903 0.5422133327547355 0.52447382233756 0.6507138086734833 0.48543540745094904 0.4638917272175136 0.4319790765137077 0.4463671708370093 0.4183198485349944 0.40835480744077024 0.38724540819945696 0.35811157097102414 0.3656861643497655 0.336251320900722 0.3358685639843971 0.3126760926815103 0.32219348578332996 0.2863771373235659 0.3177382757713525 0.28242096095807084 0.28460038974550084 0.290456861561853 0.2535853569743641 
0.4916933774946813 0.7015860006681173 0.7556712706447474 0.6473027789139553 0.6302265842086066 0.6056995115402714 0.5658617770890068 0.5533919044229031 0.5377709304092044 0.5036313960467111 0.3392299787579799 0.4783451684595775 0.45436053243322083 0.43704162587605744 0.44972291272829057 0.4286383146415642 0.402661554655834 0.39067426164098956 0.35811157097102414 0.3617619541931532 0.336251320900722 0.3487676717481538 0.32100812125058525 0.3188117602451625 0.2893560560297305 0.28895139225558036 0.27352622176323704 0.2967101281251898 0.25590246039874626 0.2535853569743641 
0.4909647149208328 0.698659160682374 0.7600808516615184 0.6473027789139553 0.6287628718308086 0.5962576821892978 0.5824644630652049 0.5642606555974903 0.5422133327547355 0.52447382233756 0.6507138086734833 0.48543540745094904 0.4638917272175136 0.4319790765137077 0.4463671708370093 0.4183198485349944 0.40835480744077024 0.38724540819945696 0.35811157097102414 0.3656861643497655 0.336251320900722 0.3358685639843971 0.3126760926815103 0.32219348578332996 0.2863771373235659 0.3177382757713525 0.28242096095807084 0.28460038974550084 0.290456861561853 0.2535853569743641 
0.49301159968129077 0.6971554025568109 0.7608012089264883 0.6473027789139553 0.6260323095116747 0.5886563679078141 0.5879207468565101 0.580956761065234 0.5297395408719808 0.5267430007618282 0.6490272189135879 0.48543540745094904 0.4638917272175136 0.43704162587605744 0.4463671708370093 0.42795115114237314 0.399084336837049 0.3759104697340415 0.34795409963884943 0.34738429410193256 0.32796441090543166 0.3337992967533268 0.31378381727870497 0.3083460309263275 0.27753967890617165 0.2980424117141076 0.2727802102859258 0.2697116858047338 0.25590246039874626 0.2508751632622396 
0.49301159968129077 0.6971554025568109 0.7658146055657419 0.6473027789139553 0.6194877595200345 0.5886563679078141 0.568645123269069 0.580956761065234 0.5310819745572207 0.52447382233756 0.6622326532391057 0.48222352354510645 0.45436053243322083 0.43704162587605744 0.4440675464579207 0.4123245099216817 0.399084336837049 0.3750385882399486 0.34795409963884943 0.3567565156817751 0.3383939773183317 0.3343909593604131 0.31313320569103076 0.30829777100870537 0.27753967890617165 0.2831939790926324 0.27878114046127594 0.28553401361215536 0.25956138335852685 0.24417727139199052 
0.49217912313410644 0.695095398120543 0.762650230352401 0.6448863955266877 0.6260323095116747 0.6122085931139085 0.5713680364488312 0.5730552716623611 0.5517190534501669 0.52447382233756 0.6539705589354068 0.48543540745094904 0.46451103132291166 0.43704162587605744 0.4460894653392119 0.4242183864431142 0.399084336837049 0.3743210769249138 0.373890018932208 0.36437045533698204 0.3372602138883117 0.3212765240478564 0.31143044026983274 0.30724840789838265 0.2893560560297305 0.3004855336862518 0.26559114096207487 0.2724779795975031 0.25590246039874626 0.2508751632622396 
0.49217912313410644 0.7018054219188496 0.7528778285961969 0.6524639339097538 0.6153683112038887 0.6028370393568692 0.5833627923898905 0.5604881230104779 0.5376161613724006 0.5290545126105627 0.6613836936278664 0.49262066512154373 0.4454103598864156 0.45068025442707677 0.43998986820453556 0.4242183864431142 0.399084336837049 0.38296276922511524 0.35773403661795633 0.3506369938624097 0.336251320900722 0.33863243012949346 0.31889088716720326 0.30829777100870537 0.29364209360972104 0.27954549296014947 0.2802757315645745 0.2975673083597116 0.2545127609343676 0.2508751632622396 
0.49217912313410644 0.7052359214486484 0.7606578481101458 0.6473027789139553 0.6243619003102159 0.6047874500854195 0.5801756354223204 0.5642606555974903 0.5469730462234419 0.5267430007618282 0.6490272189135879 0.48543540745094904 0.4547078799926277 0.43704162587605744 0.4463671708370093 0.42795115114237314 0.399084336837049 0.3699637281690767 0.35811157097102414 0.3567565156817751 0.32796441090543166 0.32722509502057534 0.32100812125058525 0.3099156181041134 0.2789699370384149 0.28895139225558036 0.2727802102859258 0.2697116858047338 0.25590246039874626 0.2142105178078868 
0.4916933774946813 0.7015860006681173 0.7556712706447474 0.6473027789139553 0.6302265842086066 0.6056995115402714 0.5658617770890068 0.5533919044229031 0.5377709304092044 0.5036313960467111 0.3392299787579799 0.4783451684595775 0.45436053243322083 0.43704162587605744 0.44972291272829057 0.4286383146415642 0.402661554655834 0.39067426164098956 0.35811157097102414 0.3617619541931532 0.336251320900722 0.3487676717481538 0.32100812125058525 0.3188117602451625 0.2893560560297305 0.28895139225558036 0.27352622176323704 0.2967101281251898 0.25590246039874626 0.2535853569743641 
0.4907689330823568 0.6910113758086455 0.7647215667643362 0.6543849923855102 0.6217840486151166 0.6119436833398099 0.5713680364488312 0.5690117949561173 0.5517190534501669 0.52447382233756 0.6529260198696465 0.4929087354143732 0.4548354290124538 0.45493735587252015 0.4286141469556337 0.4242183864431142 0.40835480744077024 0.3759104697340415 0.3789825565383693 0.3656861643497655 0.34341668111848533 0.3212765240478564 0.31313320569103076 0.30650491373444 0.2834632314087468 0.29190124476222834 0.2708099953975549 0.2697116858047338 0.2358586665704773 0.2508751632622396 
0.49301159968129077 0.7022256631211701 0.7606578481101458 0.6554716904784591 0.6260323095116747 0.6119436833398099 0.5804187369914198 0.580956761065234 0.5288867154636847 0.52447382233756 0.6529260198696465 0.5000383007780773 0.4547078799926277 0.4724302679277555 0.43998986820453556 0.4242183864431142 0.41168426467613517 0.3759104697340415 0.34795409963884943 0.34738429410193256 0.3383939773183317 0.3309201815853807 0.31313320569103076 0.3029278416337906 0.27753967890617165 0.2580511607642298 0.27878114046127594 0.2697116858047338 0.2549639126008584 0.2508751632622396 
0.49217912313410644 0.6980335011115638 0.762650230352401 0.6473027789139553 0.6260323095116747 0.6112816985477855 0.5733633548972381 0.5730552716623611 0.5186555539496908 0.5394036752315912 0.6529260198696465 0.4783451684595775 0.4632385400512692 0.43704162587605744 0.4362104199633481 0.4242183864431142 0.399084336837049 0.3743210769249138 0.3472051117422603 0.3613422427967795 0.3383939773183317 0.3358685639843971 0.3176883364709621 0.3086408568062381 0.2893560560297305 0.28895139225558036 0.26559114096207487 0.209368883966648 0.25560336685818197 0.2508751632622396 
0.4907689330823568 0.6910113758086455 0.7647215667643362 0.6543849923855102 0.6217840486151166 0.6119436833398099 0.5713680364488312 0.5690117949561173 0.5517190534501669 0.52447382233756 0.6529260198696465 0.4929087354143732 0.4548354290124538 0.45493735587252015 0.4286141469556337 0.4242183864431142 0.40835480744077024 0.3759104697340415 0.3789825565383693 0.3656861643497655 0.34341668111848533 0.3212765240478564 0.31313320569103076 0.30650491373444 0.2834632314087468 0.29190124476222834 0.2708099953975549 0.2697116858047338 0.2358586665704773 0.2508751632622396 
0.49217912313410644 0.695095398120543 0.762650230352401 0.6448863955266877 0.6260323095116747 0.6122085931139085 0.5713680364488312 0.5730552716623611 0.5517190534501669 0.52447382233756 0.6539705589354068 0.48543540745094904 0.46451103132291166 0.43704162587605744 0.4460894653392119 0.4242183864431142 0.399084336837049 0.3743210769249138 0.373890018932208 0.36437045533698204 0.3372602138883117 0.3212765240478564 0.31143044026983274 0.30724840789838265 0.2893560560297305 0.3004855336862518 0.26559114096207487 0.2724779795975031 0.25590246039874626 0.2508751632622396 
0.4907689330823568 0.6980335011115638 0.7647215667643362 0.6611728597355594 0.6302265842086066 0.6056995115402714 0.5713680364488312 0.5730552716623611 0.5517190534501669 0.5075816506704997 0.6592916878523253 0.4783451684595775 0.4632385400512692 0.45493735587252015 0.4286141469556337 0.4242183864431142 0.39958328088975065 0.3947008404831349 0.3472051117422603 0.3656861643497655 0.34341668111848533 0.33863243012949346 0.3029886728777668 0.30829777100870537 0.2893560560297305 0.27732965863003295 0.2708099953975549 0.3178966387450053 0.2433599668133205 0.2508751632622396 
0.4878063778646796 0.7018054219188496 0.762650230352401 0.6448863955266877 0.6243619003102159 0.6128113169717063 0.5804187369914198 0.5718783175768299 0.5399599142509138 0.533676407372112 0.6544510412345084 0.4757641502255448 0.4547078799926277 0.4574391492131848 0.4264032797627701 0.4242183864431142 0.39981942297443396 0.3774775250999205 0.36480277476294404 0.3506369938624097 0.33568098052306033 0.33863243012949346 0.31889088716720326 0.2679512255591141 0.2897310710324433 0.2831636152089533 0.27771585759900935 0.2816837359997039 0.25590246039874626 0.2744838567246344 
0.49217912313410644 0.7052359214486484 0.7589263840487123 0.6473027789139553 0.6260323095116747 0.6119436833398099 0.5804187369914198 0.5730552716623611 0.5385694521657862 0.5272717013090141 0.6529260198696465 0.5000383007780773 0.4547078799926277 0.43704162587605744 0.4463671708370093 0.4242183864431142 0.41168426467613517 0.3759104697340415 0.35811157097102414 0.3626440257513839 0.3383939773183317 0.3380108382880916 0.3176883364709621 0.3017653326001977 0.2944908611545156 0.2640770387535188 0.2727802102859258 0.27297995107757594 0.25560336685818197 0.21265217809472034 
0.49217912313410644 0.7052359214486484 0.7589263840487123 0.6473027789139553 0.6260323095116747 0.6119436833398099 0.5804187369914198 0.5730552716623611 0.5385694521657862 0.5272717013090141 0.6529260198696465 0.5000383007780773 0.4547078799926277 0.43704162587605744 0.4463671708370093 0.4242183864431142 0.41168426467613517 0.3759104697340415 0.35811157097102414 0.3626440257513839 0.3383939773183317 0.3380108382880916 0.3176883364709621 0.3017653326001977 0.2944908611545156 0.2640770387535188 0.2727802102859258 0.27297995107757594 0.25560336685818197 0.21265217809472034 
0.48399466168594013 0.6960617282301798 0.7537823014111653 0.648472408460701 0.6243619003102159 0.6056995115402714 0.5712291634079147 0.5398283611525722 0.5376161613724006 0.5059075964062656 0.6677875808532194 0.47962102510712346 0.45651488325263917 0.45493735587252015 0.42391846420352153 0.4359004774702703 0.40035306617188676 0.37133738244350867 0.36952741413732065 0.3601424448295584 0.32167423888938207 0.32886310034489075 0.308305610556705 0.30922267813063287 0.2812635985896041 0.28794273952687505 0.273472875658678 0.3057917308597794 0.2527043489290151 0.24456128024960788 
0.49204069682556345 0.7018054219188496 0.7550236040038243 0.6516020887001523 0.6243619003102159 0.6056995115402714 0.5793999813205325 0.5642606555974903 0.540511898334816 0.533676407372112 0.6575013067448965 0.4433087574450205 0.446358469328924 0.46809889003134664 0.4287253629093185 0.4242183864431142 0.3928377455083437 0.3774775250999205 0.3735208542906367 0.3506369938624097 0.3312902137221033 0.33863243012949346 0.31889088716720326 0.27345760470871117 0.2897310710324433 0.2831636152089533 0.2713224366549714 0.2975673083597116 0.2563305670660436 0.26469371190697605 
0.4878063778646796 0.7018054219188496 0.762650230352401 0.6448863955266877 0.6243619003102159 0.6128113169717063 0.5804187369914198 0.5718783175768299 0.5399599142509138 0.533676407372112 0.6544510412345084 0.4757641502255448 0.4547078799926277 0.4574391492131848 0.4264032797627701 0.4242183864431142 0.39981942297443396 0.3774775250999205 0.36480277476294404 0.3506369938624097 0.33568098052306033 0.33863243012949346 0.31889088716720326 0.2679512255591141 0.2897310710324433 0.2831636152089533 0.27771585759900935 0.2816837359997039 0.25590246039874626 0.2744838567246344 
0.48399466168594013 0.6960617282301798 0.7537823014111653 0.648472408460701 0.6243619003102159 0.6056995115402714 0.5712291634079147 0.5398283611525722 0.5376161613724006 0.5059075964062656 0.6677875808532194 0.47962102510712346 0.45651488325263917 0.45493735587252015 0.42391846420352153 0.4359004774702703 0.40035306617188676 0.37133738244350867 0.36952741413732065 0.3601424448295584 0.32167423888938207 0.32886310034489075 0.308305610556705 0.30922267813063287 0.2812635985896041 0.28794273952687505 0.273472875658678 0.3057917308597794 0.2527043489290151 0.24456128024960788 
0.4907689330823568 0.6910113758086455 0.7550236040038243 0.648472408460701 0.6160226792109726 0.6056995115402714 0.5761291281905179 0.5599737152935967 0.540511898334816 0.5075816506704997 0.6616768734497106 0.4433087574450205 0.4510431966297243 0.45493735587252015 0.4286141469556337 0.4097619313324323 0.3973651812461717 0.3947008404831349 0.3663565377116178 0.3656861643497655 0.3291104068308375 0.3242688691524976 0.3151059260245985 0.30829777100870537 0.2969118335329676 0.2831636152089533 0.2713224366549714 0.3178966387450053 0.24343893931300448 0.26469371190697605 
0.4871543300078421 0.6910113758086455 0.7550236040038243 0.648472408460701 0.62635460299731 0.6056995115402714 0.5763385116366317 0.5599737152935967 0.540511898334816 0.512102091131536 0.6616768734497106 0.47584158449287167 0.4510431966297243 0.45936772676618415 0.4286141469556337 0.41969924340510306 0.3973651812461717 0.3947008404831349 0.3728811340500969 0.38279326837795413 0.33867042117163837 0.3058376309322609 0.3151059260245985 0.3045977714705083 0.29168537363495095 0.2831636152089533 0.27957950300625956 0.321847298251915 0.24343893931300448 0.26859221511435266 
0.4871543300078421 0.6910113758086455 0.7550236040038243 0.648472408460701 0.62635460299731 0.6056995115402714 0.5763385116366317 0.5599737152935967 0.540511898334816 0.512102091131536 0.6616768734497106 0.47584158449287167 0.4510431966297243 0.45936772676618415 0.4286141469556337 0.41969924340510306 0.3973651812461717 0.3947008404831349 0.3728811340500969 0.38279326837795413 0.33867042117163837 0.3058376309322609 0.3151059260245985 0.3045977714705083 0.29168537363495095 0.2831636152089533 0.27957950300625956 0.321847298251915 0.24343893931300448 0.26859221511435266 
0.49217912313410644 0.7052359214486484 0.7645437295074375 0.6516020887001523 0.6205100892616912 0.5847429323861846 0.5804187369914198 0.5730552716623611 0.5399599142509138 0.18330137104607247 0.6631357988347605 0.48150787496133723 0.4547078799926277 0.45840993992412665 0.4287253629093185 0.4242183864431142 0.39981942297443396 0.3759104697340415 0.3667647232433732 0.3530484913377203 0.3312902137221033 0.3380108382880916 0.31501708430423186 0.2679512255591141 0.2944908611545156 0.28074155652173133 0.2727802102859258 0.2660287767662746 0.2548829305335784 0.2744838567246344 
0.4871543300078421 0.6910113758086455 0.7550236040038243 0.6680537029060695 0.6160226792109726 0.6188202834055934 0.5763385116366317 0.5398283611525722 0.5288867154636847 0.5154870614852753 0.6616768734497106 0.507969736646548 0.4544667331556782 0.4762457844504145 0.4286141469556337 0.41969924340510306 0.4029619333716164 0.3947008404831349 0.3621684709054647 0.3656861643497655 0.3390444300307359 0.3309201815853807 0.3114816305874426 0.31220289493763004 0.2969118335329676 0.24914125787702776 0.2727802102859258 0.3178966387450053 0.2548829305335784 0.2508751632622396 
0.49217912313410644 0.7052359214486484 0.7645437295074375 0.6516020887001523 0.6205100892616912 0.5847429323861846 0.5804187369914198 0.5730552716623611 0.5399599142509138 0.18330137104607247 0.6631357988347605 0.48150787496133723 0.4547078799926277 0.45840993992412665 0.4287253629093185 0.4242183864431142 0.39981942297443396 0.3759104697340415 0.3667647232433732 0.3530484913377203 0.3312902137221033 0.3380108382880916 0.31501708430423186 0.2679512255591141 0.2944908611545156 0.28074155652173133 0.2727802102859258 0.2660287767662746 0.2548829305335784 0.2744838567246344 
0.491052859602272 0.695310522525912 0.7582089853582678 0.648472408460701 0.6205100892616912 0.5847429323861846 0.5763660006261158 0.5694901643693335 0.5340923377683423 0.5174628041494835 0.6641937778232718 0.4789196663798383 0.4673801737961131 0.45840993992412665 0.42242035835820085 0.8548668466443513 0.39773692102305147 0.37888811948759493 0.3667647232433732 0.3567565156817751 0.3392036085275026 0.31716900917243074 0.30875743467994615 0.2679512255591141 0.29322313321065807 0.2828599006376849 0.27336517383888104 0.2894935860119792 0.2548829305335784 0.2649185722625437 
0.4907689330823568 0.695568145295253 0.7611082849570232 0.6918139554884205 0.6243619003102159 0.34666885242000156 0.5766714423315439 0.6256696701299813 0.5425303904838005 0.5001427335913218 0.6606244123105257 0.47962102510712346 0.46170005605652753 0.3653068999177841 0.4200806040785219 0.4359004774702703 0.3902693749529686 0.34701944550858166 0.3663565377116178 0.3601424448295584 0.33816126463532153 0.3284123891392252 0.32033976471183234 0.3495566643971715 0.28648468162309176 0.28794273952687505 0.2713224366549714 0.3057917308597794 0.2552739233486995 0.26090355223734746 
