1.36873932561887 0.056900508504736144 
0.9548686707332271 0.057788485361855345 
0.9548686707332271 0.057788485361855345 
0.9525920742851861 0.060867071557274624 
0.9459687222743373 0.06457287226764832 
0.9456371619855402 0.06772635813237077 
0.9456059594292257 0.07206375373096659 
0.9456264914033001 0.0723504320140373 
0.9456078667445676 0.0781283295758081 
0.9455860197877871 0.08300536775426853 
0.9455867989463956 0.07966901075492505 
0.9455513112688794 0.07529199338964844 
0.9456005192409591 0.08860309540210164 
0.9455906838276017 0.10078439779498782 
0.9455513112688794 0.07529199338964844 
0.9455860197877871 0.08300536775426853 
0.9455842643012083 0.11332210134654364 
0.9455798415793532 0.11169940096893446 
0.9455532314504229 0.12534994006359573 
0.9455643086724345 0.1278424944115587 
0.9455566308224274 0.1343102437894314 
0.9455643086724345 0.1278424944115587 
0.9455566308224274 0.1343102437894314 
0.9455476445946329 0.15106478216158434 
0.9455532314504229 0.12534994006359573 
0.8783231624895146 0.1596744147255476 
0.8713744720679912 0.15969148239102393 
0.8783231624895146 0.1596744147255476 
0.879147951844215 0.1598165696000519 
0.8584744254305554 0.1603753976929493 
0.864699391972023 0.1638006566060593 
0.8524886689422657 0.1646584128354021 
0.8524886689422657 0.1646584128354021 
0.8454525072072161 0.1691124417522308 
0.8397364645490336 0.1710717683406641 
0.8394547772840815 0.1722258476240625 
0.8394436319852483 0.1774073059690523 
0.8394436319852483 0.1774073059690523 
0.8394105200298903 0.18151442977827326 
0.8393901792619297 0.18313239190333225 
0.8393890919920395 0.1962479947159449 
0.8392598957242801 0.20140939170598113 
0.8392741760014372 0.22009919389358562 
0.8392759039187154 0.21110131621139142 
0.8392054340942565 0.21831269067720327 
0.8392549114611771 0.24267767655500938 
0.8391894713080302 0.21949012516911148 
0.8392223014998886 0.2561318373882405 
0.8391894713080302 0.21949012516911148 
0.8392586381315358 0.23272574851419398 
0.839230793718544 0.235399930269923 
0.8392054340942565 0.21831269067720327 
0.8392223014998886 0.2561318373882405 
0.8392603093143854 0.22924243177823267 
0.8392716948464439 0.22397840456836365 
0.8392581401450772 0.23531019544091042 
0.8392624103315506 0.2642778863043579 
0.7924174033800522 0.35752992732762795 
0.8209984727845325 0.35755131362705145 
0.7924174033800522 0.35752992732762795 
0.7196349618950746 0.3575871198670269 
0.7891950500061176 0.3575925505146518 
0.6936270014420357 0.35756695788813425 
0.6936270014420357 0.35756695788813425 
0.7172364867109907 0.35752981154773994 
0.6832131445651481 0.357559670802892 
0.7412736748162525 0.3575614526541656 
0.7198659026469877 0.3573076806603058 
0.7078606702340964 0.3573076806603058 
0.7150025395533276 0.35755454170109513 
0.708074529708837 0.3575625805955722 
0.6875260528719692 0.3575480333561181 
0.7196349618950746 0.3575871198670269 
0.7150025395533276 0.35755454170109513 
0.6937557094893219 0.35766024109787536 
0.6908020151995765 0.357664276192793 
0.6937557094893219 0.35766024109787536 
0.6875260528719692 0.3575480333561181 
0.6832131445651481 0.357559670802892 
0.6843723297855501 0.35788748253810204 
0.6667731358042756 0.3580712219866623 
0.6667731358042756 0.3580712219866623 
0.6608912534992684 0.35795588531822214 
0.6608912534992684 0.35795588531822214 
0.6622705470099434 0.35902854547494 
0.6586138415368743 0.35840226736987313 
0.650553945377506 0.3600247511130199 
0.650553945377506 0.3600247511130199 
0.6474626370621835 0.36947239963831163 
0.6320150971611995 0.38321663163213066 
0.6249533205283214 0.3831233521586373 
0.6261400422352983 0.38315037895585474 
0.6301644880905087 0.3831362921112414 
0.6249533205283214 0.3831233521586373 
0.6261400422352983 0.38315037895585474 
0.6184223382621462 0.3903091716913142 
0.6184223382621462 0.3903091716913142 
0.6122392407396388 0.41212576155381153 
0.6122392407396388 0.41212576155381153 
0.6097115679948311 0.4344553342680295 
