0.7595924907433308 0.8839442304890157 -0.8298367061642409 0.8627937178993028 0.7709835814448192 0.710638318982776 0.6524858277300265 0.5594979381423923 0.49098348228411076 0.23941256876770517 0.2977664318403211 0.0828402990797544 0.08491829597506804 -0.10130342042183009 -0.1324214394908461 -0.2638505936395753 -0.3517828861144917 -0.47466860947054323 -0.5134295571865518 -0.6728056491955712 -0.7002068937025316 -0.8061795298882714 -0.7403336206623792 -0.9300226388582311 -0.9085461755097154 -0.9929936720884796 -0.9714505545677576 -0.9510147811506255 -0.9977430634717787 -0.9249602813151818 
0.7595924907433308 0.9196160282088556 0.9101127279563946 0.8402015038216021 0.840472467427332 0.7244980798323847 0.6524858277300265 0.5530173341192689 0.5151968217161031 0.4824142659180469 0.29599151109297506 0.15998294104424388 0.08491829597506804 -0.06395775544912415 -0.20025419144099302 -0.2611796129159198 -0.29276657488347757 -0.4535342701474794 -0.504333940971669 -0.6277889693745872 -0.7185926234299757 -0.7374829385008331 -0.8487156363890616 -0.9180557733087018 -0.8176831326032998 -0.9917336253031563 -0.8958124791959071 -0.9976142433102005 -1.0 -0.9320066572497966 
0.7595924907433308 0.9196160282088556 0.9101127279563946 0.8402015038216021 0.840472467427332 0.7244980798323847 0.6524858277300265 0.5530173341192689 0.5151968217161031 0.4824142659180469 0.29599151109297506 0.15998294104424388 0.08491829597506804 -0.06395775544912415 -0.20025419144099302 -0.2611796129159198 -0.29276657488347757 -0.4535342701474794 -0.504333940971669 -0.6277889693745872 -0.7185926234299757 -0.7374829385008331 -0.8487156363890616 -0.9180557733087018 -0.8176831326032998 -0.9917336253031563 -0.8958124791959071 -0.9976142433102005 -1.0 -0.9320066572497966 
0.7595924907433308 0.8839442304890157 0.9101127279563946 0.8627937178993028 0.6808256460350977 0.7244980798323847 0.6524858277300265 0.5530173341192689 0.49098348228411076 0.22894533668956493 0.2994356236479626 0.16047809887179945 0.08491829597506804 -0.09208523360854805 -0.1324214394908461 -0.2593950057136283 -0.3517828861144917 -0.47466860947054323 -0.5004844363739607 -0.6651253659155356 -0.6746346552462797 -0.6214278779241734 -0.7403336206623792 -0.9300226388582311 -0.9162564277563957 -0.996174628407376 -0.9732014696885444 -0.9387697881817441 -0.9977430634717787 -0.9320066572497966 
0.7552481767660436 0.8788701257564879 0.9133589847647438 0.9481985038667167 0.7938296617758783 0.7768014638045052 0.6636542857255344 0.5605379813658936 0.4986583251899394 0.5155649905216105 0.28462932390613754 0.15014300755042584 0.06934758198111513 -0.07703193968730719 -0.11212547325587938 -0.2940942825088014 -0.3062324566070659 -0.3243512578860942 -0.5067246172790488 -0.5351333267972882 -0.6758866921204062 -0.8151569228834791 -0.8190205640847938 -0.7515665583733487 -0.9178477675904805 -0.9042515501857404 -0.9914818850552028 -0.9461128674442123 -0.9977430634717787 -0.9757511565069392 
0.7558456331723616 0.8734740780597376 0.9060530343393182 0.9536446489327375 0.7994675938532952 0.7768014638045052 0.6636542857255344 0.5669828425271077 0.502927736922588 0.5155649905216105 0.29978105666380445 0.14407650468469438 0.10319665544643959 -0.09745632039823414 -0.11553803501903193 -0.2940942825088014 -0.31117932946956367 -0.31931666973382655 -0.5009956667793268 -0.7038944660672463 -0.6694788567491838 -0.7304223184692367 -0.8190205640847938 -0.7515665583733487 -0.9125568775809474 -0.8964736439904567 -0.9954004555087074 -0.9415855950596402 -0.9943597493560193 -0.8861960374794242 
0.7552481767660436 0.8734740780597376 0.9101127279563946 0.9536446489327375 0.7953570898168785 0.7877171759980993 0.6636542857255344 0.5605379813658936 0.502927736922588 0.5155649905216105 0.29978105666380445 0.14407650468469438 0.09513640778712561 -0.07703193968730719 -0.11212547325587938 -0.2940942825088014 -0.2992435454714085 -0.3118337434666493 -0.5035126444309125 -0.5351333267972882 -0.6694788567491838 -0.9506772465809337 -0.820430700504944 -0.7515665583733487 -0.9112161834608167 -0.9042515501857404 -0.9732014696885444 -0.9415855950596402 -0.9968121723555174 -0.8865661758136066 
0.7558456331723616 0.8773527694843055 0.9158438076420643 0.9523457524283971 0.8054030990989948 0.7768014638045052 0.6671927581787351 0.6697779147609162 0.5045794471381484 0.5943311984323825 0.3096954250351523 0.13906732959926543 0.08775686388443052 -0.08355983726909645 -0.1099249307053266 -0.29291942640527685 -0.31618451304533346 -0.3243512578860942 -0.5128453665150587 -0.708689197697096 -0.6758866921204062 -0.6288410262257486 -0.8190205640847938 -0.7515665583733487 -0.9105289481293245 -0.9095674718724089 -0.987131921255082 -0.9417027087967174 -0.9960630048585082 -0.9219656194557554 
0.7558456331723616 0.8734740780597376 0.9110272785488538 0.9461024785305219 0.8054030990989948 0.7821074635188947 0.6614682560366347 0.33109730039294316 0.5098249776352414 0.5155649905216105 0.30030444430576275 0.14839676070173186 0.09916510930772066 -0.09546463942701947 -0.11620179727249173 -0.28857335035255616 -0.31618451304533346 -0.3272264668078977 -0.5055210001870664 -0.6984672601948481 -0.6772288674085692 -0.6283609284229748 -0.8175330011724884 -0.728792055680824 -0.9125568775809474 -0.8927661660927283 -0.9732014696885444 -0.943680424681069 -1.0 -0.8861960374794242 
0.7558456331723616 0.8788701257564879 0.9169845965966945 0.6116002423915678 0.8087713494292706 0.5423691997378043 0.6685026128658894 0.6207949359183181 0.4986583251899394 0.5164473534076308 0.30143889164047444 0.14798543787153667 0.09456499350124269 -0.08572830352711695 -0.10686298158890914 -0.2940942825088014 -0.3062324566070659 -0.32141457016156605 -0.5035126444309125 -0.5351333267972882 -0.6758866921204062 -0.8151569228834791 -0.8122218848744331 -0.7515665583733487 -0.9125568775809474 -0.9560267813271485 -0.9732014696885444 -0.8024196011959777 -1.0 -0.896068026656049 
0.7554993177548301 0.8788701257564879 0.9174205051867942 0.6116002423915678 0.818755174626398 0.7888348778563108 0.6697403663078911 0.629439570137624 0.5057736322239067 0.513636359691547 0.29978105666380445 0.15014300755042584 0.09296091520994598 -0.09379023353740626 -0.10686298158890914 -0.2842099939762577 -0.31005878514098506 -0.5596980499376395 -0.5069001256042827 -0.7052265718966131 -0.6789538712233744 -0.6214278779241734 -0.8122218848744331 -0.732731848706401 -0.9209400769799664 -0.9612327934883365 -0.9914818850552028 -0.9387697881817441 -1.0 -0.8861960374794242 
0.7554993177548301 0.8788701257564879 0.9020220366150317 0.9485164224682646 0.818755174626398 0.7888348778563108 0.6693405739688694 0.5579886095168882 0.502927736922588 0.49886521313510757 0.30719755643432023 0.14744441041145417 0.09916510930772066 -0.07703193968730719 -0.11096678926102327 -0.28641828208543185 -0.31007475840029225 -0.4118358579514758 -0.49377037079403563 -0.6984672601948481 -0.6709224222766432 -0.6214278779241734 -0.8133049396450557 -0.7351963074196417 -0.9122288458991062 -0.8812418299359419 -0.9914818850552028 -0.943680424681069 -1.0 -0.740187829494571 
0.7554993177548301 0.8674728352642139 0.9060530343393182 0.6096211147161393 0.8160024203059238 0.5471050777902923 0.6630044701843797 0.6091709866308783 0.49098348228411076 0.49886521313510757 0.30719755643432023 0.13949486877094652 0.08729391372092075 -0.08585924924376467 -0.11277146834075025 -0.28641828208543185 -0.31007475840029225 -0.4111064877013206 -0.5025401382623771 -0.7038944660672463 -0.6709224222766432 -0.6217587721203575 -0.820430700504944 -0.7351963074196417 -0.9176712731914368 -0.887745307252408 -0.980436259293914 -0.9457258646982216 -0.9926226690202237 -0.740187829494571 
0.7558456331723616 0.891961747989422 0.9101127279563946 0.6116002423915678 0.8087713494292706 0.7244980798323847 0.6685026128658894 0.6207949359183181 0.4986583251899394 0.5164473534076308 0.30719755643432023 0.5263846280450095 0.09456499350124269 -0.09208523360854805 -0.10686298158890914 -0.2886574389594743 -0.308803851898285 -0.3272264668078977 -0.5004844363739607 -0.533760428669976 -0.6671348004498722 -0.6214278779241734 -0.8183928932478653 -0.7260346767397897 -0.9151692897785808 -0.9922187391933904 -0.9732014696885444 -0.8024196011959777 -0.9957426966460866 -0.743421980776741 
0.7554993177548301 0.8788701257564879 0.9020220366150317 0.9485164224682646 0.818755174626398 0.7888348778563108 0.6693405739688694 0.5579886095168882 0.502927736922588 0.49886521313510757 0.30719755643432023 0.14744441041145417 0.09916510930772066 -0.07703193968730719 -0.11096678926102327 -0.28641828208543185 -0.31007475840029225 -0.4118358579514758 -0.49377037079403563 -0.6984672601948481 -0.6709224222766432 -0.6214278779241734 -0.8133049396450557 -0.7351963074196417 -0.9122288458991062 -0.8812418299359419 -0.9914818850552028 -0.943680424681069 -1.0 -0.740187829494571 
0.7558456331723616 0.8788701257564879 0.9169845965966945 0.6116002423915678 0.8087713494292706 0.5423691997378043 0.6685026128658894 0.6207949359183181 0.4986583251899394 0.5164473534076308 0.30143889164047444 0.14798543787153667 0.09456499350124269 -0.08572830352711695 -0.10686298158890914 -0.2940942825088014 -0.3062324566070659 -0.32141457016156605 -0.5035126444309125 -0.5351333267972882 -0.6758866921204062 -0.8151569228834791 -0.8122218848744331 -0.7515665583733487 -0.9125568775809474 -0.9560267813271485 -0.9732014696885444 -0.8024196011959777 -1.0 -0.896068026656049 
0.7558456331723616 0.8643359960743199 0.9060530343393182 0.6096211147161393 0.802254593473306 0.5471050777902923 0.6630044701843797 0.5660168074236681 0.49098348228411076 0.49886521313510757 0.3022347855131049 -0.20855084604428992 0.09513640778712561 -0.09745632039823414 -0.10686298158890914 -0.29291942640527685 -0.3174502585396955 -0.3251620442232129 -0.5009956667793268 -0.7038944660672463 -0.6694788567491838 -0.6297551372547832 -0.820430700504944 -0.7841221595432535 -0.9125568775809474 -0.6631842524394345 -0.980436259293914 -0.9387697881817441 -1.0 -0.8861960374794242 
0.7558456331723616 0.8643359960743199 0.9066061850317109 0.6096211147161393 0.8063862186229654 0.5347024322155338 0.6685026128658894 0.5579886095168882 0.49098348228411076 0.49886521313510757 0.30719755643432023 -0.20776528570209346 0.09916510930772066 -0.08585924924376467 -0.10686298158890914 -0.2886574389594743 -0.31094684499618597 -0.3272264668078977 -0.5025401382623771 -0.6984672601948481 -0.6733342488353178 -0.6214278779241734 -0.8183928932478653 -0.728792055680824 -0.9122288458991062 -0.8853164130736804 -0.9732014696885444 -0.943680424681069 -1.0 -0.740187829494571 
0.7554993177548301 0.8643359960743199 0.9242949660328215 0.6096211147161393 0.802254593473306 0.5333140524897481 0.6685026128658894 0.5660168074236681 0.5045794471381484 0.49886521313510757 0.3096954250351523 0.540162021746033 0.0894994657735061 -0.08909974969395978 -0.10686298158890914 -0.29291942640527685 -0.3103815775582566 -0.5596980499376395 -0.49677820171597453 -0.7010200090431823 -0.6642382112770114 -0.6214278779241734 -0.8122218848744331 -0.7788898867560609 -0.9209400769799664 -0.6631842524394345 -0.9847480785259068 -0.9387697881817441 -1.0 -0.6278547452268217 
0.7554993177548301 0.8643359960743199 0.9060530343393182 0.6290232782852624 0.8019583594047789 0.5347024322155338 0.6680551709888359 0.557042840407452 0.4948420482660638 0.5030609063075563 0.3096954250351523 -0.20609096175063085 0.0894994657735061 -0.07847988023547915 -0.10686298158890914 -0.29291942640527685 -0.3118083253780699 -0.559829174278176 -0.4969830617547241 -0.6984672601948481 -0.6642382112770114 -0.5165354690394335 -0.820430700504944 -0.7841221595432535 -0.9209400769799664 -0.6589529320277869 -0.978369986809211 -0.9464187303810683 -1.0 -0.740187829494571 
0.7554993177548301 0.9467346097753901 0.9163574575098162 0.6116321026317458 0.8052945262356435 0.5485274113887472 0.6680551709888359 0.629439570137624 0.49874896980920547 0.49886521313510757 0.30058055108188825 -0.20776528570209346 0.09583322181989216 -0.09153745953331581 -0.10686298158890914 -0.5006622612439084 -0.3155455296865337 -0.5596980499376395 -0.5035126444309125 -0.7030449497152765 -0.6683195205582679 -0.6214278779241734 -0.8183654206221856 -0.47275565981128986 -0.9260334702228741 -0.8853164130736804 -0.9796065183182529 -1.0 -0.9931707607646776 -0.9153107217168014 
0.7554993177548301 0.8643359960743199 0.9060530343393182 0.6290232782852624 0.8019583594047789 0.5347024322155338 0.6680551709888359 0.557042840407452 0.4948420482660638 0.5030609063075563 0.3096954250351523 -0.20609096175063085 0.0894994657735061 -0.07847988023547915 -0.10686298158890914 -0.29291942640527685 -0.3118083253780699 -0.559829174278176 -0.4969830617547241 -0.6984672601948481 -0.6642382112770114 -0.5165354690394335 -0.820430700504944 -0.7841221595432535 -0.9209400769799664 -0.6589529320277869 -0.978369986809211 -0.9464187303810683 -1.0 -0.740187829494571 
0.7554993177548301 0.9467346097753901 0.9163574575098162 0.6116321026317458 0.8052945262356435 0.5485274113887472 0.6680551709888359 0.629439570137624 0.49874896980920547 0.49886521313510757 0.30058055108188825 -0.20776528570209346 0.09583322181989216 -0.09153745953331581 -0.10686298158890914 -0.5006622612439084 -0.3155455296865337 -0.5596980499376395 -0.5035126444309125 -0.7030449497152765 -0.6683195205582679 -0.6214278779241734 -0.8183654206221856 -0.47275565981128986 -0.9260334702228741 -0.8853164130736804 -0.9796065183182529 -1.0 -0.9931707607646776 -0.9153107217168014 
0.7554993177548301 0.9434113440384322 0.9256333639922619 0.607655126081458 0.8052945262356435 0.5423691997378043 0.6605219741350334 0.5660168074236681 0.502927736922588 0.49886521313510757 0.30719755643432023 -0.20776528570209346 0.09916510930772066 -0.08909974969395978 -0.09868015305267318 0.4040303585404261 -0.305716398309491 -0.4118358579514758 -0.5009956667793268 -0.7030449497152765 -0.6709224222766432 -0.6214278779241734 -0.8129722380976707 -0.7351963074196417 -0.9122288458991062 -0.9659562508269349 -0.9914818850552028 -1.0 -0.9958187055698158 -0.910389049260787 
0.7554993177548301 0.8643359960743199 0.9242949660328215 0.6096211147161393 0.802254593473306 0.5333140524897481 0.6685026128658894 0.5660168074236681 0.5045794471381484 0.49886521313510757 0.3096954250351523 0.540162021746033 0.0894994657735061 -0.08909974969395978 -0.10686298158890914 -0.29291942640527685 -0.3103815775582566 -0.5596980499376395 -0.49677820171597453 -0.7010200090431823 -0.6642382112770114 -0.6214278779241734 -0.8122218848744331 -0.7788898867560609 -0.9209400769799664 -0.6631842524394345 -0.9847480785259068 -0.9387697881817441 -1.0 -0.6278547452268217 
0.42836304573547074 0.8643359960743199 0.9607766406966712 0.8541488607409221 0.7709835814448192 0.7100964112438919 0.5186843867519548 0.5598107220524269 0.5019025638711709 0.2768501743645222 0.3071191526509954 0.08649924901390094 0.3363930027950073 -0.07247849413778837 -0.2728820603351485 -0.31159235435966015 -0.49648251776543484 -0.5502746492049335 -0.7343414387061246 -0.659186422622025 -0.6326437356759729 -0.8978648824991913 -0.8183928932478653 -0.9377890085544616 -0.7800811835479666 -1.0 -0.9192240563470819 -0.9637735452121878 -0.9961753749548485 -0.9243085092040585 
0.42836304573547074 0.8737521222673634 0.9456808125278805 0.8541488607409221 0.7675298964573142 0.712113221280037 0.6652529064821415 0.5595637806624996 0.5019025638711709 0.26055719642173114 0.29861673271654204 0.08232301718064684 0.3289324369876663 -0.08356480905731377 -0.2728820603351485 -0.2931950301224596 -0.3451730771486334 -0.46232367599073826 -0.7322677822952339 -0.6591497564373254 -0.7039867217258517 -0.8924491847401811 -0.8356797983347437 -0.9377890085544616 -0.9018928623997485 -0.9894775191989373 -0.9192240563470819 -0.9555024746970817 -0.9808569647936718 -0.9263210726453077 
0.42836304573547074 0.8643359960743199 0.9607766406966712 0.8541488607409221 0.7709835814448192 0.7100964112438919 0.5186843867519548 0.5598107220524269 0.5019025638711709 0.2768501743645222 0.3071191526509954 0.08649924901390094 0.3363930027950073 -0.07247849413778837 -0.2728820603351485 -0.31159235435966015 -0.49648251776543484 -0.5502746492049335 -0.7343414387061246 -0.659186422622025 -0.6326437356759729 -0.8978648824991913 -0.8183928932478653 -0.9377890085544616 -0.7800811835479666 -1.0 -0.9192240563470819 -0.9637735452121878 -0.9961753749548485 -0.9243085092040585 
0.42836304573547074 0.8643359960743199 0.9602083991891169 0.8541488607409221 0.7709835814448192 0.712113221280037 0.5186843867519548 0.5595637806624996 0.5019025638711709 0.2753026599351685 0.29861673271654204 0.08649924901390094 0.3363930027950073 -0.07247849413778837 -0.2728820603351485 -0.31159235435966015 -0.3095158324303989 -0.5596980499376395 -0.7322677822952339 -0.659186422622025 -0.6326437356759729 -0.8978648824991913 -0.8183928932478653 -0.9377890085544616 -0.7714181122158904 -0.9871475334833368 -0.9192240563470819 -0.959706922227177 -0.9961753749548485 -0.9243085092040585 
0.42836304573547074 0.8881024858831159 0.9425476773000058 0.8627937178993028 0.7709835814448192 0.7268398487868063 0.6581038485467356 0.5855021314995899 0.357202234945557 0.27369204099046 0.28200349615334924 0.07941455783015951 0.07895770110846283 -0.07940483699596254 -0.27018043540240266 -0.30256210506561176 -0.3329307914853714 -0.4678856669219457 -0.5177648415647698 -0.6593912832290899 -0.6326437356759729 -0.9014847220249063 -0.8381788797997843 -0.9300226388582311 -0.773431086720324 -1.0 -0.9167558707648037 -0.9637735452121878 -1.0 -0.9317092255200341 
0.42836304573547074 0.8642260673839494 0.9513500801592361 0.8627937178993028 0.7709835814448192 0.7268398487868063 0.6573901324283494 0.5595637806624996 0.357202234945557 0.2565455016501549 0.2915149561679039 0.25612079385772435 0.08205218735126708 -0.07868594872090552 -0.2728820603351485 -0.30256210506561176 -0.3329307914853714 -0.4678856669219457 -0.5109169069067041 -0.6593912832290899 -0.6326437356759729 -0.9014847220249063 -0.8419653031253035 -0.9377890085544616 -0.6863530465103502 -1.0 -0.9192240563470819 -0.9637735452121878 -1.0 -0.9243085092040585 
0.42577403799580593 0.8549405523358857 0.9060530343393182 0.857970625547476 0.7709835814448192 0.6751712955752318 0.6611583991102513 0.5660168074236681 0.491825026671176 0.26055719642173114 0.2915149561679039 0.08917989356818896 0.09513640778712561 -0.07981528426548604 -0.2667546251764481 -0.2931950301224596 -0.3451730771486334 -0.3251620442232129 -0.7384585132957744 -0.6593912832290899 -0.6320850390427593 -0.8924491847401811 -0.8419653031253035 -0.9377890085544616 -0.9125568775809474 -0.9894775191989373 -0.9192240563470819 -0.9555024746970817 -1.0 -0.9243085092040585 
0.42577403799580593 0.8549405523358857 0.9060530343393182 0.857970625547476 0.7709835814448192 0.6751712955752318 0.6611583991102513 0.5660168074236681 0.491825026671176 0.26055719642173114 0.2915149561679039 0.08917989356818896 0.09513640778712561 -0.07981528426548604 -0.2667546251764481 -0.2931950301224596 -0.3451730771486334 -0.3251620442232129 -0.7384585132957744 -0.6593912832290899 -0.6320850390427593 -0.8924491847401811 -0.8419653031253035 -0.9377890085544616 -0.9125568775809474 -0.9894775191989373 -0.9192240563470819 -0.9555024746970817 -1.0 -0.9243085092040585 
0.41655459276917617 0.9716327098783907 0.9510905508612034 0.8407804371532261 0.8539630379017573 0.8308797512033311 0.735675871295758 0.7512101551760569 0.5947469052193173 0.5338816715061601 0.4093036797722297 0.27290623899438043 0.21458847576510412 0.1648616334020965 -0.20367571744794377 -0.06747599398451531 -0.20476768162294323 -0.4194680371569457 -0.4138654204361217 -0.42075122109582175 -0.5841045615838432 -0.7853437910000963 -0.7345070207399695 -0.7811163401838945 -0.865466771400695 -0.8181718228482495 -0.9466649312996215 -0.9844593163973141 -1.0 -0.9591315014225561 
0.41655459276917617 0.9933480488284896 0.9574307620912434 0.9221216469209269 0.8746451142687345 0.8757095743256511 0.7334101250015781 0.6017104053778637 0.5781177967223785 0.5890276747005596 0.41052842650788757 0.287766087988169 0.21553070784045492 0.251759543610138 0.005050873896536311 -0.10933732748144565 -0.24238196292053732 -0.41717303972461905 -0.426989980303704 -0.429893862648184 -0.5880870311092754 -0.7735802263897336 -0.7612739409142941 -0.7925151373622875 -0.865466771400695 -0.8443273116471703 -0.964208089559936 -0.9919159748807231 -1.0 -0.92053205853638 
0.41655459276917617 0.984533788089219 0.9570854438963954 0.9134296881601394 0.8671944721140953 0.8757095743256511 0.7523944727122707 0.6017104053778637 0.5726471710802586 0.5984526426779454 0.41052842650788757 0.27235367511473285 0.21553070784045492 0.1648616334020965 0.005050873896536311 -0.11045593163252665 -0.212051291323377 -0.41155822623837823 -0.408545827047774 -0.42543463638581247 -0.576285770731451 -0.774374725012905 -0.7345070207399695 -0.7971440845591976 -0.865466771400695 -0.817728554233898 -0.9607668773981353 -0.9919159748807231 -0.9830745354974316 -0.8376300653110145 
0.41655459276917617 0.984533788089219 0.9540627279402628 0.8417332215838893 0.8671944721140953 0.8757095743256511 0.746334493770752 0.7422404502610119 0.5721628238690565 0.5216452749144603 0.41052842650788757 0.5073159449477791 0.21553070784045492 0.1648616334020965 0.005050873896536311 0.0062824150879687846 -0.20575804669084846 -0.4051050728580995 -0.408545827047774 -0.49892160657220513 -0.5747659814567284 -0.774374725012905 -0.7345070207399695 -0.8093075432513656 -0.8580336600154235 -0.817728554233898 -0.9637194442552901 -0.9946794830680051 -0.9956252383394525 -0.8376300653110145 
0.41655459276917617 0.984533788089219 0.9540627279402628 0.8417332215838893 0.8671944721140953 0.8757095743256511 0.746334493770752 0.7422404502610119 0.5721628238690565 0.5216452749144603 0.41052842650788757 0.5073159449477791 0.21553070784045492 0.1648616334020965 0.005050873896536311 0.0062824150879687846 -0.20575804669084846 -0.4051050728580995 -0.408545827047774 -0.49892160657220513 -0.5747659814567284 -0.774374725012905 -0.7345070207399695 -0.8093075432513656 -0.8580336600154235 -0.817728554233898 -0.9637194442552901 -0.9946794830680051 -0.9956252383394525 -0.8376300653110145 
0.41655459276917617 0.9838029013521911 0.9510905508612034 0.8417332215838893 0.8746451142687345 0.8403541906491596 0.739640123061522 0.7341315484762193 0.5816542912961572 0.5266946844709175 0.4092571673744091 0.27290623899438043 0.2125941851525768 0.2684759127253531 0.01265517773528986 -0.06747599398451531 -0.20916511800200474 -0.4194680371569457 -0.41728042082324796 -0.4124671593527476 -0.5822844440730031 -0.7806749079372487 -0.7345070207399695 -0.7811163401838945 -0.865466771400695 -0.8739138707487619 -0.9466649312996215 -0.7239844031799023 -1.0 -0.8686354949791721 
0.41655459276917617 0.7021922168966421 0.9570854438963954 0.8417332215838893 0.8733213830223432 0.8776770684583026 0.739640123061522 0.7422404502610119 0.5807785532513636 0.5266946844709175 0.4137826462138885 0.27290623899438043 0.21553070784045492 0.2542954498975297 0.005050873896536311 0.0062824150879687846 -0.21016812279762662 -0.4051050728580995 -0.408545827047774 -0.48939619492536574 -0.577253601114854 -0.7806749079372487 -0.7345070207399695 -0.8059110171284096 -0.865466771400695 -0.8739138707487619 -0.9495302275111206 -0.9919159748807231 -0.9956252383394525 -0.8686354949791721 
0.41655459276917617 0.9716327098783907 0.9575051075066385 0.8417332215838893 0.8681246294413425 0.8312522973947651 0.7523944727122707 0.7499713535370527 0.5822723796352298 0.5338816715061601 0.4086280381306493 0.4838525997192163 0.21553070784045492 0.2432520027100278 0.009228057454403128 -0.4857387008280878 -0.20476768162294323 -0.41717303972461905 -0.408545827047774 -0.4215298815879487 -0.576285770731451 -0.7853437910000963 -0.7437384093653221 -0.7971440845591976 -0.865466771400695 -0.817728554233898 -0.9466649312996215 -0.9844593163973141 -1.0 -0.8686354949791721 
0.4160660839138292 0.9954928910066603 0.9542012792164797 0.8417332215838893 0.8648511882745715 0.8312522973947651 0.7426755024317595 0.4818915030093438 0.5822723796352298 0.5263115896357187 0.41425000288973846 0.2578632968901463 0.21148534961271095 0.26047896981521346 0.015970256637025962 -0.49712513955916543 -0.20471952111478667 -0.41758285116201793 -0.408545827047774 -0.42543463638581247 -0.5673077959565591 -0.7853437910000963 -0.743397693190237 -0.7936314280733455 -0.8635238925585293 -0.812134549414128 -0.9466649312996215 -0.8721561635232996 -1.0 -0.8686354949791721 
0.4160660839138292 0.9838029013521911 0.9510905508612034 0.9134296881601394 0.8671944721140953 0.8771520593630854 0.7523944727122707 0.5973426698662618 0.5947469052193173 0.536188439000448 0.41234692732605177 0.28132705421897375 0.21553070784045492 0.16901333525733955 0.005050873896536311 -0.49712513955916543 -0.20476768162294323 -0.41155822623837823 -0.42414191331501383 -0.4350169415086469 -0.576285770731451 -0.7765740764671037 -0.7345070207399695 -0.34337805587954406 -0.8585669388761067 -0.8193790215034984 -0.9501899219073179 -0.9935926450602761 -0.9916863688282702 -0.86711586509566 
0.4160660839138292 0.9670127163733729 0.9620179030167998 0.874488399091865 0.8680266134262211 0.8372910784743959 0.7539313938356975 0.7559528378447338 0.5730811555022768 0.9830812225439517 0.41425000288973846 0.25470754703320697 0.2125941851525768 0.2617320452450309 0.0015812113937998303 0.16621267405990392 -0.19538694441267762 -0.4132448730397241 -0.3970845325887012 -0.41852922144636134 -0.5822844440730031 -0.7791933669742809 -0.7345070207399695 -0.7916658042797758 -0.851429662172485 -0.8811919589044643 -0.9381178386394217 -0.9919806818385598 -0.9916863688282702 -0.86711586509566 
0.4160660839138292 0.9838029013521911 0.9620179030167998 0.830187487815091 0.8671944721140953 0.34218011948956284 0.7450281357495401 0.9660283874188802 0.5922299944339375 0.5283772273124311 0.4103111078435348 0.2607964262364974 0.220423145628743 0.16901333525733955 0.011775255009549398 0.16621267405990392 -0.20476768162294323 -0.41155822623837823 -0.4049667484744675 -0.41852922144636134 -0.5891259510767267 -0.7765740764671037 -0.7345070207399695 -0.7971440845591976 -0.8533624340348904 -0.8146905004542122 -0.9448631384607509 -0.9968001804162611 -0.9916863688282702 -0.9683029493820452 
0.4160660839138292 0.9739066244079837 0.9572294734480231 0.8299981651897126 0.8700949990323363 0.822801897847596 0.7471656878155031 0.9567158480759429 0.5947469052193173 0.9793609992861545 0.4103111078435348 0.2615046987916499 0.2219468683216783 0.25461559579469606 0.01269447015868296 0.16621267405990392 -0.1992751359322685 -0.10452005179457302 -0.4049667484744675 -0.11043167620467087 -0.5880870311092754 -0.7908991353902705 -0.7556219918335005 -0.7934354883199728 -0.851429662172485 -0.8250667188207631 -0.9418582466310119 -0.8744389739533619 -0.9853296749866554 -0.9648048883161419 
0.4160660839138292 0.9706849513009999 0.9620179030167998 0.830187487815091 0.8700949990323363 0.8229126288342842 0.7539313938356975 0.9567158480759429 0.5947469052193173 0.9793609992861545 0.4103111078435348 0.2607964262364974 0.2219468683216783 0.2617320452450309 0.009581499586644471 0.16621267405990392 -0.19538694441267762 -0.41758285116201793 -0.4049667484744675 -0.41852922144636134 -0.5857331880862211 -0.7791933669742809 -0.7345070207399695 -0.7971440845591976 -0.851429662172485 -0.8282243377614669 -0.9418582466310119 -0.9828235658674963 -0.9916863688282702 -0.9648048883161419 
0.4160660839138292 0.9706849513009999 0.9493036852197821 0.9134296881601394 0.8700949990323363 0.8372910784743959 0.7471656878155031 0.7559528378447338 0.6035572285652565 0.03396298696561684 0.40561851715833414 0.2532257400830368 0.21464564412618464 0.26047896981521346 0.016961499567499913 -0.42322547378762126 -0.192773176885307 -0.42557028485232395 -0.40183620246539337 -0.035529888048194194 -0.576285770731451 -0.785582559619939 -0.743397693190237 -0.7916658042797758 -0.851429662172485 -0.8089295235634253 -0.9356286176405562 -0.662931493193734 -0.9947487238755924 -0.9739005740494118 
0.4160660839138292 0.9706849513009999 0.9620179030167998 0.830187487815091 0.8700949990323363 0.8229126288342842 0.7539313938356975 0.9567158480759429 0.5947469052193173 0.9793609992861545 0.4103111078435348 0.2607964262364974 0.2219468683216783 0.2617320452450309 0.009581499586644471 0.16621267405990392 -0.19538694441267762 -0.41758285116201793 -0.4049667484744675 -0.41852922144636134 -0.5857331880862211 -0.7791933669742809 -0.7345070207399695 -0.7971440845591976 -0.851429662172485 -0.8282243377614669 -0.9418582466310119 -0.9828235658674963 -0.9916863688282702 -0.9648048883161419 
0.4160660839138292 0.9706849513009999 0.9588399267376354 0.9134296881601394 0.8700949990323363 0.8312522973947651 0.7471656878155031 0.7559528378447338 0.5959424303520079 0.03396298696561684 0.40561851715833414 0.2684334416540012 0.2219468683216783 0.26047896981521346 0.0018466595589916633 -0.4141360633121209 -0.19582898979495825 -0.4281356216962892 -0.408545827047774 -0.11432351144474197 -0.5843516014019419 -0.7791933669742809 -0.749262866237185 -0.7971440845591976 -0.851429662172485 -0.8320624312311533 -0.9356286176405562 -0.9892428794044265 -0.9947487238755924 -0.9648048883161419 
0.4160660839138292 0.5123491485819224 0.9568574983071926 0.8414786427265208 0.8766778635648232 0.8312522973947651 0.7410307853594457 0.7559528378447338 0.5947469052193173 0.5191627436891157 0.41324372867560316 0.2607964262364974 0.21464564412618464 0.20696520473516067 0.01269447015868296 -0.41402546653154454 -0.1992751359322685 -0.41758285116201793 -0.4049667484744675 -0.11043167620467087 -0.576285770731451 -0.7908991353902705 -0.7489972370654795 -0.7901285932607853 -0.8744391373480173 -0.8150028717042399 -0.9418582466310119 -0.8660409432906211 -0.9934639950305082 -0.8715515870042535 
0.4160660839138292 0.9838029013521911 0.9620179030167998 0.830187487815091 0.8671944721140953 0.34218011948956284 0.7450281357495401 0.9660283874188802 0.5922299944339375 0.5283772273124311 0.4103111078435348 0.2607964262364974 0.220423145628743 0.16901333525733955 0.011775255009549398 0.16621267405990392 -0.20476768162294323 -0.41155822623837823 -0.4049667484744675 -0.41852922144636134 -0.5891259510767267 -0.7765740764671037 -0.7345070207399695 -0.7971440845591976 -0.8533624340348904 -0.8146905004542122 -0.9448631384607509 -0.9968001804162611 -0.9916863688282702 -0.9683029493820452 
0.4160660839138292 0.9706849513009999 0.9493036852197821 0.9134296881601394 0.8700949990323363 0.8372910784743959 0.7471656878155031 0.7559528378447338 0.6035572285652565 0.03396298696561684 0.40561851715833414 0.2532257400830368 0.21464564412618464 0.26047896981521346 0.016961499567499913 -0.42322547378762126 -0.192773176885307 -0.42557028485232395 -0.40183620246539337 -0.035529888048194194 -0.576285770731451 -0.785582559619939 -0.743397693190237 -0.7916658042797758 -0.851429662172485 -0.8089295235634253 -0.9356286176405562 -0.662931493193734 -0.9947487238755924 -0.9739005740494118 
0.4160660839138292 0.9367066912282179 0.9572294734480231 0.8414786427265208 0.8700949990323363 0.8312522973947651 0.7471656878155031 0.7559528378447338 0.5933385670179021 0.5191627436891157 0.4103111078435348 0.2615046987916499 0.21458847576510412 0.5435019281385225 0.01269447015868296 -0.41402546653154454 -0.1992751359322685 -0.423770629956489 -0.408545827047774 -0.11043167620467087 -0.5880870311092754 -0.7908991353902705 -0.7556219918335005 -0.7901285932607853 -0.851429662172485 -0.8326932922851998 -0.9466649312996215 -0.8831122716992903 -0.9995390153349806 -0.8661624113962179 
0.4160660839138292 0.9629179062239711 0.9518709321762459 0.9398573878690283 0.8671599063321067 0.8379956344990438 0.7620575186795354 0.9488201696256326 0.5933385670179021 0.9793609992861545 0.4103111078435348 0.25955775460033526 0.22265679758209292 0.25219655137320357 0.008212336411789685 -0.4383787189684727 -0.19538694441267762 -0.2847902299219752 -0.40618118375118845 -0.415885948447841 -0.5949759148130432 -0.5547014109830595 -0.749188816241189 -0.7919826787609682 -0.851429662172485 -0.8113273533805347 -0.9417752956745828 -0.9743237681937821 -1.0 -0.8996512396090048 
0.4160660839138292 0.5123491485819224 0.9588399267376354 0.8414786427265208 0.8700949990323363 0.8312522973947651 0.7471656878155031 0.7559528378447338 0.5933385670179021 0.5191627436891157 0.4103111078435348 0.2607964262364974 0.21464564412618464 0.26047896981521346 0.009581499586644471 -0.41402546653154454 -0.20471952111478667 -0.41758285116201793 -0.40183620246539337 -0.11043167620467087 -0.576285770731451 -0.7853437910000963 -0.7556219918335005 -0.7901285932607853 -0.8744391373480173 -0.8146001953675405 -0.9414376212549461 -0.9844593163973141 -0.9947487238755924 -0.8715515870042535 
0.4160660839138292 0.9708236737061935 0.9620179030167998 0.9398573878690283 0.8700949990323363 0.8365056889247378 0.7335589386972026 0.7559528378447338 0.5965435818248179 0.9793609992861545 0.4107289401343931 0.9302855251468718 0.2176622764103385 0.2617320452450309 0.008212336411789685 -0.41402546653154454 -0.2038917552539627 -0.41758285116201793 -0.40144936712569723 -0.41852922144636134 -0.5714969067141593 -0.7837628993260921 -0.749188816241189 -0.7919826787609682 -0.855545166008922 -0.83746312467476 -0.9356286176405562 -0.9844593163973141 -0.995193293835841 -0.8941225351351068 
0.10969553634915784 0.7546373765717426 0.7002796686700464 0.6327839837872686 0.6602008149770551 0.4218571141151175 0.4349627247133241 0.22491673755595487 -0.2662930984796151 0.03978537588668079 -0.04695085654293472 -0.16348637079626618 -0.15815943322572495 -0.37002917533786445 -0.37335545717551755 -0.5556229005268372 -0.4608963786247738 -0.7141836835099193 -0.7269516308542718 -0.839373334943265 -0.840901629919695 -0.9303380093332092 -0.3121546929373553 -1.0 -0.7210554690570828 -0.9960299066313143 -1.0 -0.9619537439770393 -0.3985202736929274 -0.882678867349041 
0.10969553634915784 0.7546373765717426 0.1667887286544809 0.6265855822340725 0.650371128124368 0.4218571141151175 -0.4705245460833898 0.22108370361096133 -0.27291568493379365 0.03764010396112415 0.023047598834950042 -0.16617764419640607 -0.16460545597853016 -0.3849517187240695 -0.46118505338865806 -0.5539287543162646 -0.4593740612471033 -0.7141836835099193 -0.7260691148659674 -0.8538129271479626 -0.8367539919899725 -0.9303380093332092 -0.9397648709600955 -1.0 -0.7210554690570828 -0.9754451330406289 -0.9906618242214877 -0.9619537439770393 -0.9370581334120605 -0.8962335692404017 
0.10969553634915784 0.7546373765717426 0.7002796686700464 0.6327839837872686 0.6602008149770551 0.4218571141151175 0.4349627247133241 0.22491673755595487 -0.2662930984796151 0.03978537588668079 -0.04695085654293472 -0.16348637079626618 -0.15815943322572495 -0.37002917533786445 -0.37335545717551755 -0.5556229005268372 -0.4608963786247738 -0.7141836835099193 -0.7269516308542718 -0.839373334943265 -0.840901629919695 -0.9303380093332092 -0.3121546929373553 -1.0 -0.7210554690570828 -0.9960299066313143 -1.0 -0.9619537439770393 -0.3985202736929274 -0.882678867349041 
0.10969553634915784 0.7547123280440795 0.6923193438451017 0.625799758533434 0.6210020916102564 0.4367501309674799 0.13934907631487237 0.21940591385359715 0.13542118111702897 0.032760124412033124 0.01511915906080441 -0.1546081384122418 0.36355163865033435 -0.3783134127504378 -0.46534493343593425 -0.5432657417629977 -0.4646432702636724 -0.7127314361916294 -0.7183700042632757 -0.8593933394903759 -0.8247800249421661 -0.9344758002636515 -0.9394268612039267 -1.0 -0.8730668173640479 -0.9819823944925924 -0.9905767904914503 -0.9582048211417622 -0.941930269747656 -0.8716619603952664 
0.10969553634915784 0.7547123280440795 0.5159670875494321 0.6327839837872686 0.639719880764976 0.454409400129628 -0.2768979777324796 0.22228812408845497 0.1300711246609495 0.03978537588668079 -0.03968902079616182 -0.16348637079626618 -0.15815943322572495 -0.37002917533786445 -0.8357235836181983 -0.5496527914880927 -0.46608221530339317 -0.7158160101264323 -0.7258596574466164 -0.8439910865332527 -0.6761798478743696 -0.9344693870913983 -0.8350862521666139 -1.0 -0.7210554690570828 -1.0 -1.0 -0.9612853781986034 -0.3985202736929274 -0.882678867349041 
0.10969553634915784 0.7546373765717426 0.6956355359560619 0.6265855822340725 0.6560551397459523 0.4218571141151175 0.4349627247133241 0.22351646923553503 -0.26834260301379775 0.03764010396112415 -0.04520688633240334 -0.16348637079626618 -0.16460545597853016 -0.37002917533786445 -0.37335545717551755 -0.5466584930380295 -0.4593740612471033 -0.7141836835099193 -0.7320966442598233 -0.839373334943265 -0.840901629919695 -0.9303380093332092 -0.8257120143515638 -1.0 -0.7210554690570828 -1.0 -0.982347158861299 -0.9619537439770393 -0.941930269747656 -0.8962335692404017 
0.10969553634915784 0.7546373765717426 0.6956355359560619 0.6265855822340725 0.6560551397459523 0.4218571141151175 0.4349627247133241 0.22351646923553503 -0.26834260301379775 0.03764010396112415 -0.04520688633240334 -0.16348637079626618 -0.16460545597853016 -0.37002917533786445 -0.37335545717551755 -0.5466584930380295 -0.4593740612471033 -0.7141836835099193 -0.7320966442598233 -0.839373334943265 -0.840901629919695 -0.9303380093332092 -0.8257120143515638 -1.0 -0.7210554690570828 -1.0 -0.982347158861299 -0.9619537439770393 -0.941930269747656 -0.8962335692404017 
0.10969553634915784 0.7547123280440795 0.524878828583976 0.6265855822340725 0.6359246811204426 0.43704196719971194 -0.06839746992940765 0.21940591385359715 0.12429074018828057 0.03764010396112415 -0.04520688633240334 -0.1546081384122418 -0.6520995808625938 -0.37427200078410144 -0.46118505338865806 -0.5544773395083242 -0.4593740612471033 -0.7145751063193607 -0.7260691148659674 -0.8453524399404315 -0.6871467059861454 -0.9303380093332092 -0.9446537502412765 -1.0 -0.6925115823098936 -0.9937058119839917 -0.9990205149030449 -0.962736846476306 -0.9430534331332567 -0.8766121015931247 
0.1104822190833668 0.749464642646233 0.864528982677007 0.6166496196434402 0.6210020916102564 0.4315632751170658 0.13206841161289615 0.22351646923553503 0.12885279165472283 0.08498626550927169 0.01511915906080441 -0.1641886829244451 -0.15127249473008952 -0.3803209121457059 -0.7858138127699701 -0.55164980626544 -0.4593740612471033 -0.7217838682096261 -0.8836946834344516 -0.8538129271479626 -0.8217687219129497 -0.9280519983940497 -0.9301274904867981 -0.9946239036844203 -0.8730668173640479 -0.9858205772625309 -0.9905767904914503 -0.9569644622095416 -0.941930269747656 -0.8956145153133723 
0.10969553634915784 0.7547123280440795 0.51665719724452 0.6265855822340725 0.6273179713366062 0.449160852636056 0.13480407284316834 0.22351646923553503 0.12932696779728847 0.042254391767627464 -0.04505035730580423 -0.1641886829244451 -0.15815943322572495 -0.38311844493057445 -0.8357235836181983 -0.5510213051739461 -0.46608221530339317 -0.7070018397668013 -0.7258596574466164 -0.839373334943265 -0.6784008496614754 -0.9344693870913983 -0.8257120143515638 -1.0 -0.7210554690570828 -1.0 -1.0 -0.9619537439770393 -0.3985202736929274 -0.8881411701281648 
0.11020648612216098 0.7547123280440795 0.1667887286544809 0.6265855822340725 0.650371128124368 0.4315632751170658 0.13934907631487237 0.21940591385359715 0.12885279165472283 0.03978537588668079 0.01511915906080441 -0.15551074670118137 -0.16152707010796263 -0.3783134127504378 -0.29197598971347927 -0.5519757261479916 -0.4619137057699585 -0.7144112112167943 -0.7207497957874829 -0.8538129271479626 -0.8247800249421661 -0.9207682269146011 -0.9397648709600955 -0.9990455726856976 -0.6834501746232244 -0.9819823944925924 -0.9905767904914503 -0.962736846476306 -0.941930269747656 -0.8962335692404017 
0.11020648612216098 0.7547123280440795 0.1667887286544809 0.6265855822340725 0.650371128124368 0.4315632751170658 0.13934907631487237 0.21940591385359715 0.12885279165472283 0.03978537588668079 0.01511915906080441 -0.15551074670118137 -0.16152707010796263 -0.3783134127504378 -0.29197598971347927 -0.5519757261479916 -0.4619137057699585 -0.7144112112167943 -0.7207497957874829 -0.8538129271479626 -0.8247800249421661 -0.9207682269146011 -0.9397648709600955 -0.9990455726856976 -0.8730668173640479 -0.9819823944925924 -0.9905767904914503 -0.962736846476306 -0.941930269747656 -0.8962335692404017 
0.10969553634915784 0.7546209650482318 0.6936645482723609 0.6391294977478006 0.6560551397459523 0.4315632751170658 0.43194279229831295 0.22351646923553503 -0.26834260301379775 0.03764010396112415 -0.03968902079616182 -0.16756094074461067 -0.15936214886568897 -0.37002917533786445 -0.7792772198431379 -0.5496527914880927 -0.4593740612471033 -0.7141836835099193 -0.7320966442598233 -0.8508160001065672 -0.8242580527127724 -0.9280519983940497 -0.8353570672749573 -0.9929959884542006 -0.7118352802922618 -1.0 -0.7325185512707673 -0.9629602314097531 -0.941930269747656 -0.8890267091728059 
0.10969553634915784 0.7362841045784123 0.6923193438451017 0.6235179197523266 0.6289938402630898 0.43704196719971194 0.43069591158528164 0.21471021283202432 0.12885279165472283 0.032760124412033124 -0.07410058481007864 -0.16348637079626618 -0.24874498075003443 -0.37567061445851874 0.024038671690273405 -0.5508525025993568 -0.46608221530339317 -0.7127314361916294 -0.7183700042632757 -0.8421089621879163 -0.6837178416634881 -0.9429040294598141 -0.9271320767241439 -1.0 -0.6912988245733785 -0.9903252620453944 -0.9876406860018625 -0.962736846476306 -0.9518726937527343 -0.8716619603952664 
0.1104822190833668 0.7480542191191709 0.6594836335373907 0.6327839837872686 0.6210020916102564 0.46037901421696 0.13206841161289615 0.22351646923553503 0.12885279165472283 0.03978537588668079 -0.048788634115615834 -0.1641886829244451 -0.15815943322572495 -0.3719377426816849 -0.7792772198431379 -0.5510213051739461 -0.4593740612471033 -0.7070018397668013 -0.8859559742301877 -0.8289055658720861 -0.8217687219129497 -0.9280519983940497 -0.9241722166626143 -1.0 -0.6913345121294137 -1.0 -0.9945264478412273 -0.9619537439770393 -0.941930269747656 -0.8962335692404017 
0.10969553634915784 0.7547123280440795 0.6923193438451017 0.625799758533434 0.6210020916102564 0.4367501309674799 0.13934907631487237 0.21940591385359715 0.13542118111702897 0.032760124412033124 0.01511915906080441 -0.1546081384122418 0.36355163865033435 -0.3783134127504378 -0.46534493343593425 -0.5432657417629977 -0.4646432702636724 -0.7127314361916294 -0.7183700042632757 -0.8593933394903759 -0.8247800249421661 -0.9344758002636515 -0.9394268612039267 -1.0 -0.8730668173640479 -0.9819823944925924 -0.9905767904914503 -0.9582048211417622 -0.941930269747656 -0.8716619603952664 
0.10969553634915784 0.7546209650482318 0.6936645482723609 0.6391294977478006 0.6560551397459523 0.4315632751170658 0.43194279229831295 0.22351646923553503 -0.26834260301379775 0.03764010396112415 -0.03968902079616182 -0.16756094074461067 -0.15936214886568897 -0.37002917533786445 -0.7792772198431379 -0.5496527914880927 -0.4593740612471033 -0.7141836835099193 -0.7320966442598233 -0.8508160001065672 -0.8242580527127724 -0.9280519983940497 -0.8353570672749573 -0.9929959884542006 -0.7118352802922618 -1.0 -0.7325185512707673 -0.9629602314097531 -0.941930269747656 -0.8890267091728059 
0.10969553634915784 0.7480542191191709 0.524878828583976 0.6265855822340725 0.6210020916102564 0.43704196719971194 0.43482156120129184 0.21940591385359715 0.12885279165472283 0.03978537588668079 -0.07410058481007864 -0.1546081384122418 -0.15815943322572495 -0.3769881265450375 -0.46118505338865806 -0.5510213051739461 -0.4688088328653804 -0.7070018397668013 -0.7207497957874829 -0.8453524399404315 -0.6871467059861454 -0.9207682269146011 -0.9407415753084005 -1.0 -0.6913345121294137 -0.9819823944925924 -0.9919778440776555 -0.9562397952714303 -0.5858821514631891 -0.8766121015931247 
0.10969553634915784 0.7561709593087672 0.864528982677007 0.6420228467444505 0.6631427188290707 0.4315632751170658 0.13206841161289615 0.2418217433385373 0.12885279165472283 0.05209298476943215 -0.07120625634725973 -0.1641886829244451 -0.15127249473008952 -0.37002917533786445 -0.7792772198431379 -0.55164980626544 -0.4593740612471033 -0.7141836835099193 -0.8859559742301877 -0.8439910865332527 -0.8217687219129497 -0.9280519983940497 -0.9317880582938369 -1.0 -0.8508839289143215 -1.0 -0.7370414219641096 -0.9619671977774451 -0.941930269747656 -0.8890267091728059 
0.10969553634915784 0.7480542191191709 0.524878828583976 0.6265855822340725 0.6210020916102564 0.43704196719971194 0.43482156120129184 0.21940591385359715 0.12885279165472283 0.03978537588668079 -0.07410058481007864 -0.1546081384122418 -0.15815943322572495 -0.3769881265450375 -0.46118505338865806 -0.5510213051739461 -0.4688088328653804 -0.7070018397668013 -0.7207497957874829 -0.8453524399404315 -0.6871467059861454 -0.9207682269146011 -0.9407415753084005 -1.0 -0.6913345121294137 -0.9819823944925924 -0.9919778440776555 -0.9562397952714303 -0.5858821514631891 -0.8766121015931247 
0.1104822190833668 0.7480542191191709 0.6594836335373907 0.6327839837872686 0.6210020916102564 0.46037901421696 0.13206841161289615 0.22351646923553503 0.12885279165472283 0.03978537588668079 -0.048788634115615834 -0.1641886829244451 -0.15815943322572495 -0.3719377426816849 -0.7792772198431379 -0.5510213051739461 -0.4593740612471033 -0.7070018397668013 -0.8859559742301877 -0.8289055658720861 -0.8217687219129497 -0.9280519983940497 -0.9241722166626143 -1.0 -0.6913345121294137 -1.0 -0.9945264478412273 -0.9619537439770393 -0.941930269747656 -0.8962335692404017 
0.1104822190833668 0.749464642646233 0.864528982677007 0.6166496196434402 0.6210020916102564 0.4315632751170658 0.13206841161289615 0.22351646923553503 0.12885279165472283 0.08498626550927169 0.01511915906080441 -0.1641886829244451 -0.15127249473008952 -0.3803209121457059 -0.7858138127699701 -0.55164980626544 -0.4593740612471033 -0.7217838682096261 -0.8836946834344516 -0.8538129271479626 -0.8217687219129497 -0.9280519983940497 -0.9301274904867981 -0.9946239036844203 -0.8730668173640479 -0.9858205772625309 -0.9905767904914503 -0.9569644622095416 -0.941930269747656 -0.8956145153133723 
0.10969553634915784 0.7453544526803754 0.7128170356988357 0.6235179197523266 0.6560551397459523 0.4392952963701705 0.43889382153686074 0.24354258671595325 0.13271745596063245 0.05209298476943215 -0.07410058481007864 -0.1343976750671417 -0.25490033712292476 -0.37427200078410144 -0.06850248464406339 -0.5378756416359315 -0.46558183981511947 -0.7127314361916294 -0.714409151442806 -0.8490581830317753 -0.6766112627762089 -0.9526149262107714 -0.9271320767241439 -1.0 -0.9652387814167204 -0.999225035192271 -0.9876406860018625 -0.962736846476306 -0.9490187245757303 -0.8736284499492029 
0.10971243448008697 0.75591214904323 0.6919801562047083 0.6265855822340725 0.6389583973149895 0.44398183746067543 0.3216553258742049 0.20788818940965137 0.13744086764224292 0.042254391767627464 -0.04520688633240334 -0.13743458242015397 -0.1495091363073892 -0.3897860895995418 -0.3203438837011002 -0.5378756416359315 -0.7055287911153669 -0.7043885161462794 -0.7130499696105564 -0.8360550031894813 -0.610698271180379 -0.908030026403321 -0.854886971715042 -0.9906142266416671 -0.9619518028800976 -0.9989355397836089 -0.9810130078727111 -0.9676918001849919 -0.9502648294178557 -0.8803194406390761 
0.10971243448008697 0.75591214904323 0.6919801562047083 0.6265855822340725 0.6389583973149895 0.44398183746067543 0.3216553258742049 0.20788818940965137 0.13744086764224292 0.042254391767627464 -0.04520688633240334 -0.13743458242015397 -0.1495091363073892 -0.3897860895995418 -0.3203438837011002 -0.5378756416359315 -0.7055287911153669 -0.7043885161462794 -0.7130499696105564 -0.8360550031894813 -0.610698271180379 -0.908030026403321 -0.854886971715042 -0.9906142266416671 -0.9619518028800976 -0.9989355397836089 -0.9810130078727111 -0.9676918001849919 -0.9502648294178557 -0.8803194406390761 
0.10969553634915784 0.7913428689470622 0.8593568952155582 0.6326533122173856 0.621608412374349 0.4392952963701705 0.32541458144925794 0.24354258671595325 -0.06904071152071434 0.04737111762268652 -0.0724465866496025 -0.13597529679690382 -0.24246217325233538 -0.37427200078410144 -0.4427930100930153 -0.5473463259171422 -0.4593740612471033 -0.7083461262865488 -0.7207497957874829 -0.8490581830317753 -0.9236355546187188 -0.9280519983940497 -0.9271320767241439 -1.0 -0.9667732763915539 -1.0 -0.9888586635747811 -0.9661811272455869 -0.9439862551201922 -0.8736284499492029 
0.10969553634915784 0.7913428689470622 0.8593568952155582 0.6326533122173856 0.621608412374349 0.4392952963701705 0.32541458144925794 0.24354258671595325 -0.06904071152071434 0.04737111762268652 -0.0724465866496025 -0.13597529679690382 -0.24246217325233538 -0.37427200078410144 -0.4427930100930153 -0.5473463259171422 -0.4593740612471033 -0.7083461262865488 -0.7207497957874829 -0.8490581830317753 -0.9236355546187188 -0.9280519983940497 -0.9271320767241439 -1.0 -0.9667732763915539 -1.0 -0.9888586635747811 -0.9661811272455869 -0.9439862551201922 -0.8736284499492029 
0.10969553634915784 0.7913428689470622 0.6986354252798328 0.6462172908318645 0.6415907229303721 0.46608551175279217 0.3237377027552702 0.29543304552448185 -0.06904071152071434 0.04737111762268652 -0.06470400064896831 -0.1343976750671417 -0.24246217325233538 -0.3700489132446485 -0.3129186072480661 -0.5268286597563853 -0.6963143075986504 -0.7083461262865488 -0.7149304615138806 -0.834188708150575 -0.9236355546187188 -0.9213703923841245 -0.7625629492035411 -0.9730864646238944 -0.9745764826013718 -1.0 -0.9808316309884406 -0.97343592614251 -0.941043539485122 -0.8765000277067394 
0.10969553634915784 0.7527454448963623 0.7214852336676368 0.6356381983951107 0.6358876989302076 0.46958833155860547 0.32867471983689156 0.24354258671595325 0.13744086764224292 0.04043622236896924 -0.06438614514293113 -0.15159068941904644 -0.3214824443446951 -0.33447920502107553 -0.3014827214649335 -0.5376644929034892 -0.4511878061245693 -0.7018759270138325 -0.7190913252619541 -0.8324460137336643 -0.9338690808564639 -0.9208309648510627 -0.8398562585457343 -0.9733305831292407 -0.9652387814167204 -0.9962346286116928 -0.9778880519973334 -0.9769163016335201 -0.9463056291800785 -0.8829768029466843 
0.10757753356471758 0.7927062228255194 0.6833242937532447 0.6462172908318645 0.6484811290339882 0.46608551175279217 0.3222330862346623 0.29543304552448185 0.11505401992079256 0.06966218722752354 -0.049961963701783095 -0.13288202670786164 -0.17880228396274367 -0.3700489132446485 -0.34924940264291643 -0.5337028073325786 -0.7013552063549734 -0.7011197167811951 -0.8873034615963007 -0.8228395482232076 -0.9134804526158901 -0.917261926507738 -0.8197628191775498 -0.9948158828087628 -0.9563564249906265 -0.9922197611888585 -0.9808316309884406 -0.981617296459669 -0.9452154910610415 -0.8838648824812317 
0.10757753356471758 0.7927062228255194 0.6833242937532447 0.6462172908318645 0.6484811290339882 0.46608551175279217 0.3222330862346623 0.29543304552448185 0.11505401992079256 0.06966218722752354 -0.049961963701783095 -0.13288202670786164 -0.17880228396274367 -0.3700489132446485 -0.34924940264291643 -0.5337028073325786 -0.7013552063549734 -0.7011197167811951 -0.8873034615963007 -0.8228395482232076 -0.9134804526158901 -0.917261926507738 -0.8197628191775498 -0.9948158828087628 -0.9563564249906265 -0.9922197611888585 -0.9808316309884406 -0.981617296459669 -0.9452154910610415 -0.8838648824812317 
0.10391747818160588 0.7853314430750891 0.7100558493266601 0.6476780046351859 0.6434400935869622 0.46958833155860547 0.33154611210186774 0.29543304552448185 0.13804687708648586 0.052234243821040534 -0.06438614514293113 -0.1349136266494879 -0.24246217325233538 -0.3695241834876434 -0.29997178837172606 -0.5374665637668969 -0.6963143075986504 -0.7083461262865488 -0.7179009003958268 -0.8270662946651264 -0.8721402349326379 -0.9208309648510627 -0.8442898638120302 -0.9730864646238944 -0.8947734950778199 -0.992612955663099 -0.9913982483961076 -0.9816013988847747 -0.9363548818616984 -0.8765000277067394 
0.09200638895648047 0.9099652431474954 0.9300853982946418 0.8402015038216021 0.7975945391150527 0.7800127161475441 0.64524363334382 0.5915572660614555 0.5151968217161031 0.4762569110661967 0.2930734740946756 0.15441004311346226 0.08300001348702449 -0.06395775544912415 -0.1810854277837891 -0.26364784833275573 -0.37066995006312103 -0.45533185156481343 -0.7668183638751707 -0.6259502309702685 -0.7185926234299757 -0.7418729884524042 -0.7395569949452091 -0.9271585689820743 -0.8780955551026974 -0.9805846261536759 -0.8948623948355141 -0.9859393547640252 -1.0 -0.9660206426713612 
0.09200638895648047 0.9099652431474954 0.9300853982946418 0.8402015038216021 0.7975945391150527 0.7665326596375897 0.6412684691339795 0.5915572660614555 0.5151968217161031 0.4782274408957539 0.2930734740946756 0.16306949728093156 0.07623583468140531 -0.06926390183245008 -0.19929731578109258 -0.25766577001598895 -0.29276657488347757 -0.452525059537839 -0.504333940971669 -0.6277889693745872 -0.7185926234299757 -0.7374829385008331 -0.8389152119694567 -0.9271585689820743 -0.8736720667483997 -0.9805846261536759 -0.8948623948355141 -0.9859393547640252 -1.0 -0.9646097412143517 
0.09200638895648047 0.9099652431474954 0.9300853982946418 0.8402015038216021 0.7880809190013597 0.7800127161475441 0.6412684691339795 0.5915572660614555 0.5151968217161031 0.4761086904831995 0.2930734740946756 0.15441004311346226 0.08300001348702449 -0.05210760515205759 -0.06912651954645677 -0.26157982091580323 -0.29276657488347757 -0.4558929473927752 -0.504333940971669 -0.6193382460593034 -0.7185926234299757 -0.7393548997490734 -0.8328423199272122 -0.9198824520059795 -0.8736720667483997 -0.9805846261536759 -0.8911015764150194 -0.9859393547640252 -1.0 -0.9825156808581554 
0.09200638895648047 0.9196277289732423 0.9058893545804402 0.8420386731259306 0.8502068110129386 0.7711933267255787 0.5591878972298623 0.5915572660614555 0.5130681980485466 0.4789721473353188 0.3945790408681339 0.16306949728093156 0.08300001348702449 -0.06395775544912415 -0.1910820023009407 -0.26918811223840045 -0.2917525054611188 -0.45533185156481343 -0.49455501175862954 -0.6402070552527692 -0.6988478777955237 -0.7418729884524042 -0.7395569949452091 -0.9317652230431234 -0.8780955551026974 -0.9805846261536759 -0.9111789042075447 -0.995384542164316 -0.9531883175889113 -0.9660206426713612 
0.09200638895648047 0.9099652431474954 0.9300853982946418 0.8402015038216021 0.7975945391150527 0.7665326596375897 0.6412684691339795 0.5915572660614555 0.5151968217161031 0.4782274408957539 0.2930734740946756 0.16306949728093156 0.07623583468140531 -0.06926390183245008 -0.19929731578109258 -0.25766577001598895 -0.29276657488347757 -0.452525059537839 -0.504333940971669 -0.6277889693745872 -0.7185926234299757 -0.7374829385008331 -0.8389152119694567 -0.9271585689820743 -0.8736720667483997 -0.9805846261536759 -0.8948623948355141 -0.9859393547640252 -1.0 -0.9646097412143517 
0.09200638895648047 0.9099652431474954 0.9300853982946418 0.8402015038216021 0.7880809190013597 0.7800127161475441 0.6412684691339795 0.5915572660614555 0.5151968217161031 0.4761086904831995 0.2930734740946756 0.15441004311346226 0.08300001348702449 -0.05210760515205759 -0.06912651954645677 -0.26157982091580323 -0.29276657488347757 -0.4558929473927752 -0.504333940971669 -0.6193382460593034 -0.7185926234299757 -0.7393548997490734 -0.8328423199272122 -0.9198824520059795 -0.8736720667483997 -0.9805846261536759 -0.8911015764150194 -0.9859393547640252 -1.0 -0.9825156808581554 
0.0882276637802846 0.9061630546327736 0.9300853982946418 0.8420386731259306 0.7880809190013597 0.7757144161877132 0.687349962283109 0.5915572660614555 0.5026834659972688 0.4761086904831995 0.29599151109297506 0.169138683460656 0.08767085800591617 -0.06395775544912415 -0.06912651954645677 -0.27427368005364783 -0.2917525054611188 -0.44609831108776343 -0.4869358119779666 -0.6856254069929503 -0.7323482803867806 -0.7395751591474218 -0.8328423199272122 -0.9198824520059795 -0.8780955551026974 -0.9805846261536759 -0.8813361927386683 -0.995384542164316 -0.9510232139939389 -0.9564246763757167 
0.0882276637802846 0.9061630546327736 0.9300853982946418 0.8420386731259306 0.7880809190013597 0.7757144161877132 0.687349962283109 0.5915572660614555 0.5026834659972688 0.4761086904831995 0.29599151109297506 0.169138683460656 0.08767085800591617 -0.06395775544912415 -0.06912651954645677 -0.27427368005364783 -0.2917525054611188 -0.44609831108776343 -0.4869358119779666 -0.6856254069929503 -0.7323482803867806 -0.7395751591474218 -0.8328423199272122 -0.9198824520059795 -0.8780955551026974 -0.9805846261536759 -0.8813361927386683 -0.995384542164316 -0.9510232139939389 -0.9564246763757167 
0.08460004060377271 0.8814710885240984 0.921382041305693 0.8420386731259306 0.8519594556248514 0.7665326596375897 0.7305150158015261 0.5975020468977896 0.5151968217161031 0.5178021048047124 0.3945790408681339 0.16306949728093156 0.19095883998083282 -0.008938334309067653 -0.03990798428238563 -0.27508902923090006 -0.27866804765168846 -0.5152634331562311 -0.5093132842033589 -0.6325450612403037 -0.6247831492744027 -0.7126197108463511 -0.7309567321382163 -0.6047013639393142 -0.8678604263890913 -0.996174628407376 -0.9500527106091712 -0.9087457096768807 -0.9747646971936852 -0.9963142209435135 
0.08460004060377271 0.8814710885240984 0.921382041305693 0.8420386731259306 0.8519594556248514 0.7665326596375897 0.7305150158015261 0.5975020468977896 0.5151968217161031 0.5178021048047124 0.3945790408681339 0.16306949728093156 0.19095883998083282 -0.008938334309067653 -0.03990798428238563 -0.27508902923090006 -0.27866804765168846 -0.5152634331562311 -0.5093132842033589 -0.6325450612403037 -0.6247831492744027 -0.7126197108463511 -0.7309567321382163 -0.6047013639393142 -0.8678604263890913 -0.996174628407376 -0.9500527106091712 -0.9087457096768807 -0.9747646971936852 -0.9963142209435135 
0.08338036459056643 0.9015104769874924 0.9624114321883874 0.8416889790957421 0.8671944721140953 0.8312522973947651 0.7471656878155031 0.7559528378447338 0.5721628238690565 0.9397100388688653 0.4103111078435348 0.5073159449477791 0.21464564412618464 0.1648616334020965 0.005050873896536311 0.0025219209326850646 -0.2075868148275305 -0.41758285116201793 -0.410996778125936 -0.49892160657220513 -0.6791137038760406 -0.7836691813741519 -0.7398319273198819 -0.7901285932607853 -0.8744391373480173 -0.8088120667791909 -0.9637194442552901 -0.9472922460546986 -0.9939727832053353 -0.8715515870042535 
