0.05842351613089481 0.08926281057405183 0.933169117841522 
0.0793910705918508 0.08621307204575045 0.9331762863343745 
0.05986520347956027 0.08840161215713156 0.9337208553069636 
0.0793910705918508 0.08621307204575045 0.9331762863343745 
0.06568546563213981 0.08722716398037063 0.9332258004988148 
0.05074225603120558 0.08426667429262089 0.9330353082285057 
0.059127268329470926 0.0858251993697603 0.9337584250991611 
0.06448035391764767 0.08593126551960756 0.933440540952272 
0.07795825407746634 0.08629166773300995 0.933233506591765 
0.04790754797869545 0.08191551012559967 0.9331568438477816 
0.05074225603120558 0.08426667429262089 0.9330353082285057 
0.05842351613089481 0.08926281057405183 0.933169117841522 
0.04790754797869545 0.08191551012559967 0.9331568438477816 
0.054044669923054636 0.08588309718968676 0.9334412602433639 
0.05528913536068644 0.08717909097381502 0.9332669928047393 
0.05528913536068644 0.08717909097381502 0.9332669928047393 
0.05986520347956027 0.08840161215713156 0.9337208553069636 
0.057285229255877146 0.08835565282346858 0.9336096230611606 
0.054044669923054636 0.08223746470122892 0.9335942414062481 
0.057285229255877146 0.08835565282346858 0.9336096230611606 
0.10831469437122776 0.11952335539640788 0.9962489207725427 
0.06665656131476266 0.09124825545771435 0.9823644882127869 
0.0989449490824312 0.12080482904579523 0.9708348960058991 
0.12279447623279217 0.15363881800431087 1.0006673498782308 
0.08965016100029599 0.11858810070405232 0.9559354326997944 
0.06932461727957405 0.101250673688941 0.9592542628445377 
0.0679095220594063 0.09213985447452402 0.9362667216426003 
0.11320457676965595 0.09104565823005817 0.9522528832696039 
0.08296882198301687 0.09100872403576414 0.9552075676987782 
0.046590334503479214 0.10244201003062997 0.9489560235533776 
0.07035719864499745 0.09727323937144866 0.9836419724533781 
0.07990070426172105 0.08661609860830682 0.9335219890372448 
0.08058486433551348 0.14260760135220027 0.9355638089731799 
0.13622621593824602 0.10640296453580042 0.9810234199595277 
0.0784890693747302 0.15187518466107042 0.9342440575647895 
0.06303366922079044 0.10355192565559099 0.9452632001983952 
0.0777317234100849 0.09376493891285673 0.9546094578730641 
0.049806989247484404 0.1110618176935273 0.9460291248389804 
0.0798033828480818 0.15159320263234372 0.9459620594513825 
0.03707296497464726 0.1052658699786505 0.9465629160228013 
0.08791480868626768 0.0899992327214913 0.9527225939996569 
0.08559048036831811 0.12338730531638538 0.9537368915176019 
0.09506695740023395 0.08844484546315128 0.9537186036516428 
0.07639587569928197 0.12807262562950397 0.9910087268497562 
0.11630056746888134 0.11048785021010094 0.965714227428186 
0.06812245565988882 0.11048818308063844 0.9478705557200423 
0.13701137610641728 0.11060290626817294 1.0014151364049706 
0.11320457676965595 0.09104565823005817 0.9522528832696039 
0.09821863418273359 0.12062625093926216 0.946012088243691 
0.15282934447721527 0.15263043672207025 0.9774017151815092 
0.09336358470958098 0.18918359309811056 0.9537641843099544 
0.07570470680142391 0.09570591588946407 0.979351076936998 
0.10056963613272701 0.1332759078077452 0.9899136773408215 
0.15897546533346255 0.1715983581199147 0.9430233784100388 
0.1151687888929529 0.1050031232145967 0.9416597879295882 
0.08360005481905079 0.09293268536487105 0.9430414102429309 
0.06111619578611214 0.11150696873552501 0.9942140271761546 
0.1138545818455942 0.13607840519062553 0.9773816351557286 
0.048562748057118174 0.10605599933219875 0.962013485772116 
0.10301348915354734 0.09742461204615932 0.9646039460805634 
0.1151687888929529 0.1050031232145967 0.9416597879295882 
0.11630056746888134 0.11048785021010094 0.965714227428186 
0.08559048036831811 0.12338730531638538 0.9537368915176019 
0.09225729630891967 0.15467648868780298 0.9779130767959141 
0.07745747559595631 0.15974270164875906 0.9655771772651086 
0.06135896340576531 0.10525832877296594 0.9649586325586395 
0.07220778036444311 0.08939200267537836 0.9491089945240898 
0.10294396857046645 0.10512936950326425 0.9646243760737693 
0.055689382924591135 0.0825661902099718 0.9683851128007315 
0.075977453831483 0.18593825730464333 0.9804305845784245 
0.1138545818455942 0.13607840519062553 0.9773816351557286 
0.10231071089415067 0.10497170885369594 0.9547921672448283 
0.037477665968502466 0.09574752690724582 0.9441242703061036 
0.08544309318308792 0.11433580220294967 0.9798926712852174 
0.075977453831483 0.18593825730464333 0.9804305845784245 
0.08296882198301687 0.09100872403576414 0.9552075676987782 
0.08327367372498086 0.16853600217593775 0.9524787364891076 
0.13183454632890335 0.13931595956308515 0.9762238564335388 
0.10323739730506505 0.09728577579131359 0.9406643010318506 
0.0784890693747302 0.15187518466107042 0.9342440575647895 
0.06812245565988882 0.11048818308063844 0.9478705557200423 
0.10323739730506505 0.09728577579131359 0.9406643010318506 
0.12580141491597793 0.13687736251328153 1.011247450595588 
0.07525489724169734 0.08829052104766633 0.9476683268170598 
0.06665656131476266 0.09124825545771435 0.9823644882127869 
0.05953480911049652 0.11558608436017431 0.9424730562509697 
0.07586142200832016 0.11223203607615964 0.9935472715797311 
0.09110621344896686 0.09058328698119547 0.945147073187096 
0.09635892394076755 0.11166626589418738 0.9523512603153066 
0.0809879787633163 0.12637266038870315 0.9637889834348662 
0.05273190774188579 0.08629414466046353 0.9561808453142466 
0.0786722730912703 0.09081420557339312 0.97533383146717 
0.14204517404428266 0.16503562122907123 0.9865584474334522 
0.08192652125969258 0.08561777956557917 0.9478093809664948 
0.08569238501353775 0.10623757752434174 0.9465172422028643 
0.11675552188027508 0.18375264695042814 0.9329553131823718 
0.12728449882034817 0.16583149799612334 0.9770239072371362 
0.08278379562778371 0.11050773684333565 0.9880863326790867 
0.0834526012804748 0.1001586109633256 0.9854349460734052 
0.140297029600368 0.10244381292882773 0.9664374091681888 
0.15282934447721527 0.15263043672207025 0.9774017151815092 
0.09140552143584851 0.12346412534294174 0.9879909757562936 
0.08965016100029599 0.11858810070405232 0.9559354326997944 
0.09940114593833872 0.10063908969547294 0.9692769628442556 
0.10755275361045286 0.1884134169198095 0.9966421314340007 
0.08569238501353775 0.10623757752434174 0.9465172422028643 
0.0784883973641684 0.14000857861436664 0.9768883840403249 
0.10141321245036587 0.0953546530216394 0.9727217799717658 
0.08146978983817746 0.1136505179993455 0.9532051795081412 
0.12991560399213806 0.14707490902411915 0.9845662908388629 
0.09396247574628756 0.15447000125367755 0.9983723244059872 
0.13163836391079967 0.14541155526435667 0.9694271632327305 
0.06303366922079044 0.10355192565559099 0.9452632001983952 
0.06135896340576531 0.10525832877296594 0.9649586325586395 
0.13570919305452314 0.13909415135573944 0.9482230475678537 
0.11982658720256618 0.17185980795639638 0.9895371301675142 
0.0857354800914469 0.1458298396194109 0.9791122228151397 
0.08604722363115938 0.09590758032596569 0.9512394280416606 
0.11493313242760171 0.14743516294061493 1.007089464018444 
0.07035719864499745 0.09727323937144866 0.9836419724533781 
0.08429743742501507 0.10636019001208057 0.9713510548024207 
0.0963277800942357 0.1568091357855508 0.9621239852526304 
0.06928269898826156 0.1638479872540438 0.9726251258934934 
0.12279447623279217 0.15363881800431087 1.0006673498782308 
0.08604722363115938 0.09590758032596569 0.9512394280416606 
0.1510672907356258 0.16690680927043283 0.9843573218578643 
0.08934276968822716 0.13890602165517396 0.9545910795381711 
0.07809751522953412 0.09731211976422498 0.9546094578730641 
0.10231071089415067 0.10497170885369594 0.9547921672448283 
0.0679095220594063 0.09213985447452402 0.9362667216426003 
0.10051001351710878 0.10314715505019406 0.9891638141188608 
0.09506695740023395 0.08844484546315128 0.9537186036516428 
0.0963277800942357 0.1568091357855508 0.9621239852526304 
0.11809015408529946 0.13902878346066883 1.0032105846889787 
0.07624263743780918 0.13305230929227504 0.9865664084987594 
0.1139379226818495 0.13960933607501602 0.9995187875217864 
0.055430973946605816 0.09716997716800516 0.9600901693039711 
0.10141321245036587 0.0953546530216394 0.9727217799717658 
0.11536337549860039 0.13751374250801712 0.9723477156944885 
0.05678234021287376 0.10691580260490707 0.990818586849274 
0.060499327782372866 0.11998332668519805 0.9331960362802877 
0.10323262547227922 0.1046167770936138 0.9463370026532287 
0.0925104022141152 0.16210892032557533 1.0066938046256768 
0.06932461727957405 0.101250673688941 0.9592542628445377 
0.10486505549600539 0.09407056656773773 0.9665795608111647 
0.14427401180538713 0.12580446606607484 0.9797883142368279 
0.05273190774188579 0.08629414466046353 0.9561808453142466 
0.10831469437122776 0.11952335539640788 0.9962489207725427 
0.08058486433551348 0.14260760135220027 0.9355638089731799 
0.08791480868626768 0.0899992327214913 0.9527225939996569 
0.08360005481905079 0.09293268536487105 0.9430414102429309 
0.07220778036444311 0.08939200267537836 0.9491089945240898 
0.07068224170261633 0.08652963968900147 0.9538897933320017 
0.13183454632890335 0.13931595956308515 0.9762238564335388 
0.09821863418273359 0.12062625093926216 0.946012088243691 
0.08327367372498086 0.16853600217593775 0.9524787364891076 
0.06119719364615852 0.10139003471610203 0.9617616831393477 
0.09110621344896686 0.09058328698119547 0.945147073187096 
0.10323262547227922 0.1046167770936138 0.9463370026532287 
0.08429743742501507 0.10636019001208057 0.9713510548024207 
0.060499327782372866 0.11998332668519805 0.9331960362802877 
0.08630847057108003 0.12108101825134032 0.9552600996942795 
0.11218163284065404 0.1466890298956663 0.9672731603380661 
0.09301121461555811 0.1012719299579693 0.9398184616076448 
0.048562748057118174 0.10605599933219875 0.962013485772116 
0.06111619578611214 0.11150696873552501 0.9942140271761546 
0.06432803194373646 0.10099229739812163 0.9668763356300891 
0.0809879787633163 0.12637266038870315 0.9637889834348662 
0.07930801451483382 0.12116204792949084 0.9694456507978528 
0.07525489724169734 0.08829052104766633 0.9476683268170598 
0.14953764136580933 0.15262225841109145 0.9618896329149836 
0.055689382924591135 0.0825661902099718 0.9683851128007315 
0.07930801451483382 0.12116204792949084 0.9694456507978528 
0.07809751522953412 0.09731211976422498 0.9546094578730641 
0.08883265306815744 0.1345281378864206 0.9926996034890362 
0.09301121461555811 0.1012719299579693 0.9398184616076448 
0.0786722730912703 0.09081420557339312 0.97533383146717 
0.08544309318308792 0.11433580220294967 0.9798926712852174 
0.10279948536978172 0.1872354288837689 0.9938469449077383 
0.11809015408529946 0.13902878346066883 1.0032105846889787 
0.11318440703399854 0.1438075980517589 0.9816676273613696 
0.06082434416311552 0.11258301163778064 0.9481376635901879 
0.07755347563625867 0.13638535656478912 0.9799995468070567 
0.10486505549600539 0.09407056656773773 0.9665795608111647 
0.15824291082022313 0.17923521093339073 0.9954958057280395 
0.11536337549860039 0.13751374250801712 0.9723477156944885 
0.06082434416311552 0.11258301163778064 0.9481376635901879 
0.08439055661967523 0.09744387559466866 0.9662328227618233 
0.03707296497464726 0.1052658699786505 0.9465629160228013 
0.11318440703399854 0.1438075980517589 0.9816676273613696 
0.0777317234100849 0.09376493891285673 0.9546094578730641 
0.07068224170261633 0.08652963968900147 0.9538897933320017 
0.046590334503479214 0.10244201003062997 0.9489560235533776 
0.09306002292370986 0.14072062845409855 0.9527333575636278 
0.09306002292370986 0.14072062845409855 0.9527333575636278 
0.11493313242760171 0.14743516294061493 1.007089464018444 
0.037477665968502466 0.09574752690724582 0.9441242703061036 
0.07990070426172105 0.08661609860830682 0.9335219890372448 
0.0784883973641684 0.14000857861436664 0.9768883840403249 
0.07570470680142391 0.09570591588946407 0.979351076936998 
0.08883265306815744 0.1345281378864206 0.9926996034890362 
0.09940114593833872 0.10063908969547294 0.9692769628442556 
0.08899068067757426 0.14105717802443732 0.949476408625775 
0.10099751289137451 0.08662328992352722 0.9484225363560788 
0.09756183373690402 0.120410003417112 0.9801901731353634 
0.049806989247484404 0.1110618176935273 0.9460291248389804 
0.06207426535994898 0.10089090079910773 0.9496857590305489 
0.08192652125969258 0.08561777956557917 0.9478093809664948 
0.08630847057108003 0.12108101825134032 0.9552600996942795 
0.06432803194373646 0.10099229739812163 0.9668763356300891 
