0.9526669111056033 0.08118714150920422 
1.0362999867620029 0.08082553034164464 
1.3638245239424616 0.08085847730411455 
1.0925203253542048 0.08082547705922091 
1.0362999867620029 0.08082553034164464 
1.0925203253542048 0.08082547705922091 
0.9526669111056033 0.08118714150920422 
0.9401125640765244 0.08641420930156013 
0.9354593948237916 0.09444717653294936 
0.9368476872180995 0.09375249544704584 
0.9340847643438055 0.11422764509279293 
0.9340847643438055 0.11422764509279293 
0.9331132885587625 0.13788775289966304 
0.9327445779886538 0.15360264326909434 
0.9320744382348828 0.12955702508726524 
0.9320744382348828 0.12955702508726524 
0.9327445779886538 0.15360264326909434 
0.8499800273000443 0.1977790518783754 
0.8499800273000443 0.1977790518783754 
0.8371818284186913 0.2062813225778188 
0.8221959665042471 0.2159104342107009 
0.8201825670150611 0.23389732868527904 
0.8152075553001908 0.23076666896731018 
0.8141802498944427 0.24426374982293098 
0.8152075553001908 0.23076666896731018 
0.8146754974558452 0.28179413569970335 
0.8144331254078384 0.25876557258132227 
0.8146754974558452 0.28179413569970335 
0.8147039177021523 0.26334127160965637 
0.8144331254078384 0.25876557258132227 
0.8147546863852447 0.2449653659684182 
0.8141802498944427 0.24426374982293098 
0.8146147454849939 0.2437105856885119 
0.8151464349626635 0.3769299483411631 
0.8148564996691411 0.3821055780192 
0.8150207979930771 0.33445820761305856 
0.8150207979930771 0.33445820761305856 
0.8144934881787091 0.4774245687913036 
0.6478389121402265 0.49767710504251395 
0.6260279380573784 0.4986585517010906 
0.6260279380573784 0.4986585517010906 
0.6478389121402265 0.49767710504251395 
0.6289040899260445 0.5028017980868328 
0.5845431835901161 0.5022275540562887 
0.6134690537028961 0.5023895033407522 
0.5845431835901161 0.5022275540562887 
0.5631370203688342 0.5037319965826885 
0.5404976439746594 0.5047674661699755 
0.5350110055849813 0.5067283583194487 
0.5350110055849813 0.5067283583194487 
0.5312484635617382 0.5202719524179504 
0.5194717723151429 0.5539453472413963 
0.5052598319431044 0.57037759310101 
0.5026482248451232 0.5679693231676076 
0.49057124900531646 0.5962915552985318 
0.4816890291464925 0.6130766850835657 
0.4664004239113868 0.6154370314740647 
0.4628703605605962 0.6299578877702187 
0.42621713827952973 0.6299284485092786 
0.42621713827952973 0.6299284485092786 
0.40072784595822464 0.6328892249429114 
0.40072784595822464 0.6328892249429114 
0.3831518616183833 0.6470940419926746 
0.37046930469452416 0.6639939919344207 
0.3616212623096451 0.6705021296844037 
0.3478045229069089 0.6820262904315028 
0.34579969154571566 0.6849813469109107 
0.31152887106675947 0.7158075777144826 
0.31566864332903805 0.7165143459429738 
0.31566864332903805 0.7165143459429738 
0.31152887106675947 0.7158075777144826 
0.28319011791596227 0.7428903765124348 
0.27983096014658354 0.7430115384999028 
0.27772332374658354 0.7564373206886614 
0.2634277787988912 0.7663927558388527 
0.25013005747636086 0.7670160080786732 
0.24267600509532777 0.7890862827219975 
0.22940065120123695 0.7950230455545644 
0.21000074302474075 0.8165136272715415 
0.21000074302474075 0.8165136272715415 
0.20270868916268497 0.8217516805549898 
0.19358042726410138 0.838060338865443 
0.15500487824768205 0.8801535458677382 
0.15500487824768205 0.8801535458677382 
0.14749553582717412 0.8809231203834617 
0.14749553582717412 0.8809231203834617 
0.13896859638316592 0.8818606822894934 
0.1293566857143687 0.9092232041106618 
0.11942164249170004 0.9100436630672616 
0.10812394950147 0.9120572912585567 
0.10682382230927498 0.9178579768679308 
0.09678986636495712 1.0031114126605842 
0.06725966165121407 1.0036192281169867 
0.029994177607277243 1.0033216000431642 
0.04568062758585837 1.0045036727140761 
0.04568062758585837 1.0045036727140761 
0.029708112441078908 1.0046908982858183 
0.024927774862126936 1.0046523952195874 
0.020777504296833834 1.0081642618755777 
0.010577560901294253 1.258582641622762 
