0.6871773129632882 0.4835118662694854 0.5363124083980438 0.742330524719907 0.5888479960667081 0.8087797011409489 0.8818219183838689 0.9504433222603593 0.9982778967732916 0.9232525279118806 0.9284821659820919 0.9657256187855985 0.8538540741556814 0.8820798121419746 0.909712939353432 0.9040011992526069 0.8912446678694989 0.6482935443580857 0.8279910726533697 0.5547739438071561 0.6668429799297718 0.31487371076352005 0.3990640156980635 0.2492464649235029 0.16373863910868633 0.11414515139003244 0.1453601538574658 -0.10203665455919673 -0.2022917351490162 -0.4259556953286863 
0.6871773129632882 0.4769431401279815 0.5363451002230138 0.746846704518663 0.5842275982527529 0.8087864824577058 0.8935697289931301 0.9468252596871867 0.9798056852391299 0.939893856801073 0.9515090539730938 0.9739659696824305 0.8574207706368153 0.8773828061829937 0.909712939353432 0.9040011992526069 0.8961874473448562 0.6547099474595385 0.8116084212357852 0.5366013785246847 0.6670890132111065 0.3148319671260876 0.39373987542831174 0.24332741679786757 -0.6448617804897752 0.10356078103465041 0.10340645071873965 -0.10587963017854003 -0.21020815424950842 -0.4138008634351186 
0.6871773129632882 0.4769431401279815 -0.7384546343943694 0.7467008969133839 0.5842275982527529 0.8087864824577058 0.8935697289931301 0.9504433222603593 0.9982778967732916 0.9418800994571178 0.9550647170717096 0.9739659696824305 0.870430965371147 0.8789583424559531 0.909712939353432 0.9124836758513102 -0.17867899514241237 0.6490858338947675 0.8279910726533697 0.5450788840716536 0.6507279972280275 0.3209918576644107 0.3990640156980635 0.24690693346219525 0.16373863910868633 0.11414515139003244 0.08981212749774337 -0.10203665455919673 -0.21020815424950842 -0.40459291290738186 
0.6871773129632882 0.4769431401279815 0.5295184120127598 0.7620493175121807 0.5842275982527529 0.8087864824577058 0.8935697289931301 0.9504433222603593 0.9896429390596488 0.9428209043122409 0.9515090539730938 0.9739659696824305 0.870430965371147 0.8773828061829937 0.909712939353432 0.9040011992526069 -0.17867899514241237 0.6490858338947675 0.8116084212357852 0.5366013785246847 0.6535686134809918 0.3209918576644107 0.39373987542831174 0.24332741679786757 0.16373863910868633 0.10356078103465041 0.10492738873361016 -0.10587963017854003 -0.21020815424950842 -0.40459291290738186 
0.6871773129632882 0.4769431401279815 0.5363451002230138 0.746846704518663 0.5842275982527529 0.8087864824577058 0.8935697289931301 0.9468252596871867 0.9798056852391299 0.939893856801073 0.9515090539730938 0.9739659696824305 0.8574207706368153 0.8773828061829937 0.909712939353432 0.9040011992526069 0.8961874473448562 0.6547099474595385 0.8116084212357852 0.5366013785246847 0.6670890132111065 0.3148319671260876 0.39373987542831174 0.24332741679786757 -0.6448617804897752 0.10356078103465041 0.10340645071873965 -0.10587963017854003 -0.21020815424950842 -0.4138008634351186 
0.6871773129632882 0.4769431401279815 0.5295184120127598 0.7620493175121807 0.5842275982527529 0.8087864824577058 0.8935697289931301 0.9504433222603593 0.9896429390596488 0.9428209043122409 0.9515090539730938 0.9739659696824305 0.870430965371147 0.8773828061829937 0.909712939353432 0.9040011992526069 -0.17867899514241237 0.6490858338947675 0.8116084212357852 0.5366013785246847 0.6535686134809918 0.3209918576644107 0.39373987542831174 0.24332741679786757 0.16373863910868633 0.10356078103465041 0.10492738873361016 -0.10587963017854003 -0.21020815424950842 -0.40459291290738186 
0.6871773129632882 0.4835118662694854 0.5363124083980438 0.742330524719907 0.5888479960667081 0.8087797011409489 0.8818219183838689 0.9504433222603593 0.9982778967732916 0.9232525279118806 0.9284821659820919 0.9657256187855985 0.8538540741556814 0.8820798121419746 0.909712939353432 0.9040011992526069 0.8912446678694989 0.6482935443580857 0.8279910726533697 0.5547739438071561 0.6668429799297718 0.31487371076352005 0.3990640156980635 0.2492464649235029 0.16373863910868633 0.11414515139003244 0.1453601538574658 -0.10203665455919673 -0.2022917351490162 -0.4259556953286863 
0.684986381108919 0.46878264671783965 0.5452370025197077 0.8133101081650919 0.5842275982527529 0.8096175642863731 0.8861668671145292 0.9504433222603593 0.9982778967732916 0.951020690000822 0.9446238823188683 0.9022253899598971 0.8823394222044975 0.8794881991808827 0.914675303335118 0.9035441617239065 0.8919821433091977 0.6463019519703685 0.8116084212357852 0.5310435061055904 0.6598650002114483 0.3258108943047579 0.3789623427632839 0.24332741679786757 0.18107579764577297 0.10376767403522595 0.10113843418467094 -0.09687462798180041 -0.21242301290066704 -0.40459291290738186 
0.6819154285748085 0.46878264671783965 0.5452370025197077 0.7496791166912884 0.5842275982527529 0.8096175642863731 0.8861668671145292 0.9504433222603593 0.9983413753300738 0.9428209043122409 0.9349054103210672 0.9645163912378473 0.8791808005195614 0.8085195081001069 0.9155796850450603 0.9040011992526069 0.8919821433091977 0.9560818077388642 0.6718132433335601 0.5351955077014079 0.6535686134809918 0.3111799712431475 0.3842415551054123 0.24332741679786757 0.16373863910868633 0.11174292463128685 0.07858790132128433 -0.10203665455919673 -0.2114640769351389 -0.40459291290738186 
0.6819154285748085 0.46878264671783965 0.5452370025197077 0.7496791166912884 0.5842275982527529 0.8058407447109743 0.890749888267342 0.9504433222603593 0.9929652355431436 0.9428209043122409 0.9430046890057657 0.9645163912378473 0.864348120812441 0.8085195081001069 0.9246172706572854 0.8992563133398698 0.8919821433091977 0.9560818077388642 0.8916473137341452 0.5441838517661575 0.6572037609607856 0.3196405315102043 0.3881363595803971 0.24332741679786757 0.1746127789370386 0.09407608824192577 0.07858790132128433 -0.0995124126806008 -0.2114640769351389 -0.40459291290738186 
0.6810709538532029 0.47383666632401544 0.5295184120127598 0.7559227785838541 0.5842275982527529 0.8121023269622712 0.8831253434430224 0.9598574986872501 1.0 0.933859096980595 0.9446238823188683 0.9737932316166996 0.8823394222044975 0.8773828061829937 0.909406446384438 0.9040011992526069 0.8844736458368091 0.438706138065593 0.815234964721939 0.5366013785246847 0.6535686134809918 0.3075885653052365 0.39255226715532593 0.24332741679786757 0.18107579764577297 0.10356078103465041 0.10433827821437534 -0.10587963017854003 -0.19406385486267938 -0.40459291290738186 
0.6810709538532029 0.47383666632401544 0.5295184120127598 0.7559227785838541 0.5842275982527529 0.8121023269622712 0.8831253434430224 0.9598574986872501 1.0 0.933859096980595 0.9446238823188683 0.9737932316166996 0.8823394222044975 0.8773828061829937 0.909406446384438 0.9040011992526069 0.8844736458368091 0.438706138065593 0.815234964721939 0.5366013785246847 0.6535686134809918 0.3075885653052365 0.39255226715532593 0.24332741679786757 0.18107579764577297 0.10356078103465041 0.10433827821437534 -0.10587963017854003 -0.19406385486267938 -0.40459291290738186 
0.6813317352330327 0.5182508333518645 0.5500732141956375 0.8133101081650919 0.5706093706394315 0.8073569766626908 0.9039006212188446 0.9374152407868618 0.9982778967732916 0.951020690000822 0.9446238823188683 0.9677294023693725 0.9843622128427666 0.868922268172039 0.9125222862090205 0.9059453419049471 0.8882372674293737 0.6355822092928227 0.8293754792665762 0.5306686119307475 0.6668491905071039 0.8611876585197222 0.3881363595803971 0.24479183796146806 0.18541858110375253 0.10376767403522595 0.07730073863501896 0.40364355266701046 -0.21242301290066704 -0.42661790132531613 
0.6813317352330327 0.2684162745475593 0.5500732141956375 0.8133101081650919 0.5706093706394315 0.8073569766626908 0.8979841361339372 0.9381259760673516 0.9982778967732916 0.951020690000822 0.9446238823188683 0.9639663412844295 0.9936151418115738 0.6887473878041193 0.9125222862090205 0.9035441617239065 0.8939661942373361 0.6355822092928227 0.805390561827621 0.5355499756846095 0.6598650002114483 0.8611876585197222 0.3881363595803971 0.24479183796146806 0.18107579764577297 0.10376767403522595 0.08452691491066627 0.4127225604831084 -0.21242301290066704 -0.42404119230122445 
0.6810709538532029 0.4832022379971991 0.5500732141956375 0.742653320511935 0.5919139850701551 0.8073569766626908 0.9039006212188446 0.9345999449093274 0.9998246770441233 0.9332094325985911 0.9635801567890867 0.9357931647740936 0.9852708307697279 0.8679352824738915 0.9125222862090205 0.8856696084631946 0.8882372674293737 0.9076851785725949 0.8293754792665762 0.5265325640373115 0.6595073254487417 0.3238443693664526 0.3881363595803971 0.06620627618700503 0.3100229950533851 -0.29437287792958067 0.08452691491066627 -0.0995124126806008 -0.2183000495338423 -0.42661790132531613 
0.6810709538532029 0.4832022379971991 0.5500732141956375 0.742653320511935 0.5919139850701551 0.8073569766626908 0.9039006212188446 0.9345999449093274 0.9998246770441233 0.9332094325985911 0.9635801567890867 0.9357931647740936 0.9852708307697279 0.8679352824738915 0.9125222862090205 0.8856696084631946 0.8882372674293737 0.9076851785725949 0.8293754792665762 0.5265325640373115 0.6595073254487417 0.3238443693664526 0.3881363595803971 0.06620627618700503 0.3100229950533851 -0.29437287792958067 0.08452691491066627 -0.0995124126806008 -0.2183000495338423 -0.42661790132531613 
0.6813317352330327 0.2684162745475593 0.5500732141956375 0.8133101081650919 0.5706093706394315 0.8073569766626908 0.8979841361339372 0.9381259760673516 0.9982778967732916 0.951020690000822 0.9446238823188683 0.9639663412844295 0.9936151418115738 0.6887473878041193 0.9125222862090205 0.9035441617239065 0.8939661942373361 0.6355822092928227 0.805390561827621 0.5355499756846095 0.6598650002114483 0.8611876585197222 0.3881363595803971 0.24479183796146806 0.18107579764577297 0.10376767403522595 0.08452691491066627 0.4127225604831084 -0.21242301290066704 -0.42404119230122445 
0.350911385298668 0.46805393490821895 0.758499157177633 0.7474521273103043 0.4999062030900614 0.8068569733125291 0.8874758902823005 0.9416537321335757 0.8717726321577275 0.9414729402978204 0.9515017295568851 0.9645163912378473 0.8503726932288317 0.8820798121419746 0.9246172706572854 0.8992563133398698 0.8821746019765181 0.7477195972197874 0.8259770888690412 0.5488152081727692 0.6627100044435698 0.3162167461539593 0.4026261461118923 0.24479183796146806 -0.16101195128721102 0.11687133329180655 0.09072041323035047 -0.11079087650078438 -0.2203440701786988 -0.3658052442403355 
0.350911385298668 0.46805393490821895 0.758499157177633 0.7474521273103043 0.4999062030900614 0.8068569733125291 0.8874758902823005 0.9416537321335757 0.8717726321577275 0.9414729402978204 0.9515017295568851 0.9645163912378473 0.8503726932288317 0.8820798121419746 0.9246172706572854 0.8992563133398698 0.8821746019765181 0.7477195972197874 0.8259770888690412 0.5488152081727692 0.6627100044435698 0.3162167461539593 0.4026261461118923 0.24479183796146806 -0.16101195128721102 0.11687133329180655 0.09072041323035047 -0.11079087650078438 -0.2203440701786988 -0.3658052442403355 
0.34932998293406853 0.467612486428549 0.7569538516434375 0.7474521273103043 0.850544331701928 0.8071846050887842 0.8874758902823005 0.9478672431241911 0.876989960495021 0.9414729402978204 0.9515017295568851 0.9645163912378473 0.681091683058459 0.901429744715723 0.9246172706572854 0.8992563133398698 0.8182917460125068 0.7477195972197874 0.8916473137341452 0.7716445987540564 0.6572037609607856 0.24843862306106004 0.4005831345401177 0.24332741679786757 0.15778630256529652 0.11687133329180655 0.07858790132128433 -0.0995124126806008 -0.21903562472315888 -0.4280797452618763 
0.350848233710347 0.4832022379971991 0.5405774017342811 0.7765308836124383 0.5827794741881338 0.7996799169437532 0.9040985305697378 0.9331069156481722 0.9929652355431436 0.9428209043122409 0.950373078403312 0.9436824588254599 0.8810157353706459 0.686772524376893 0.9058686346640143 0.9044359667262125 0.8953883277018131 0.6355822092928227 0.6597861583212535 0.5355499756846095 0.6719827198438261 0.3162167461539593 0.3881363595803971 0.4448234007157161 0.18107579764577297 0.10958328764082717 0.0874877986449607 -0.0945599345605268 -0.21551706983619232 -0.42051287249542374 
0.350848233710347 0.2565537669791534 0.5517502354738164 0.7765308836124383 0.5855053268236661 0.7996799169437532 0.9040985305697378 0.9461110524259373 0.9907349518517189 0.9428209043122409 0.9515017295568851 0.9385446695625881 0.9521950506628698 0.6944724842582869 0.8945352962684338 0.9122073458846579 0.8964276247950688 0.9133492275517211 0.6597861583212535 0.5319305424582135 0.6674727757949149 0.32674566262743887 0.3881363595803971 0.4363024013383258 0.1846448869335368 0.3919042076470973 0.08239184621676036 -0.09106198114923786 -0.21674411337588825 -0.421342657232956 
0.3480887549694574 0.2687533824861679 0.5440592899864033 0.8093757205591704 0.8435241670338631 0.6507896052928694 0.8941735732978839 0.9478672431241911 0.9908982285751606 0.952143254597693 0.9515017295568851 0.9357931647740936 0.9898207346475808 0.6935184524196931 0.9125222862090205 0.9122073458846579 0.9219011650416031 0.9065059913189311 0.7470759681987527 0.5560629627872221 0.6631890163028764 0.4792947222223358 0.4145978944065501 0.25393667138874176 0.16373863910868633 0.3919042076470973 0.08204638170633714 -0.08602959451388198 -0.19893731557048563 -0.4344016545313529 
0.34753691327979025 0.27047416882023284 0.5500732141956375 0.8057967864739671 0.5944584640595664 0.38927594032877366 0.8801145044183379 0.9254418830496199 0.9917644100882852 0.9232525279118806 0.9672142914913497 0.9657256187855985 0.9921403354156172 0.7313016761022937 0.91487932587739 0.9122073458846579 0.9281032766049768 0.9107929647784856 0.8140955389113236 0.5488152081727692 0.6595352592998922 0.5170539753445006 0.41188426988530585 0.45215616547104115 0.3076901087590655 0.3919042076470973 0.030260361309113623 -0.1006526675590917 -0.21451106060730765 -0.3867991629776566 
0.3480887549694574 0.2687533824861679 0.5440592899864033 0.8093757205591704 0.8435241670338631 0.6507896052928694 0.8941735732978839 0.9478672431241911 0.9908982285751606 0.952143254597693 0.9515017295568851 0.9357931647740936 0.9898207346475808 0.6935184524196931 0.9125222862090205 0.9122073458846579 0.9219011650416031 0.9065059913189311 0.7470759681987527 0.5560629627872221 0.6631890163028764 0.4792947222223358 0.4145978944065501 0.25393667138874176 0.16373863910868633 0.3919042076470973 0.08204638170633714 -0.08602959451388198 -0.19893731557048563 -0.4344016545313529 
0.3480887549694574 0.2658632942332707 0.5431906862667142 0.8057967864739671 0.5955888236457859 0.38927594032877366 0.8744664946516779 0.9504677749664058 0.9917644100882852 0.9523019520816511 0.9672142914913497 0.9274521917005587 0.9997302484271174 0.5350471968895527 0.9125222862090205 0.9122073458846579 0.9313690726394346 0.9107929647784856 0.8057830891130778 0.5560629627872221 0.669929655462148 0.4792947222223358 0.4145978944065501 0.25393667138874176 0.304713710835053 0.3919042076470973 0.030260361309113623 -0.42030678967740864 -0.21451106060730765 -0.4344016545313529 
0.34753691327979025 0.5178406650055607 0.5511344303455359 0.8057967864739671 0.5977660066135966 0.38927594032877366 0.8985688595286583 0.9411539469254028 0.9908982285751606 0.9674333834441755 0.9586160374230149 0.9195616628831311 1.0 0.6914498344146878 0.91487932587739 0.9122073458846579 0.9281032766049768 0.9065059913189311 0.8140955389113236 0.5488152081727692 0.6631890163028764 0.5304956822775251 0.4138884788251145 0.6824347946972225 0.3078168628517074 0.39992005644145345 0.022104521816508092 -0.09162967080068996 -0.21451106060730765 -0.43340813873266604 
0.3480887549694574 0.2658632942332707 0.5431906862667142 0.8057967864739671 0.5955888236457859 0.38927594032877366 0.8744664946516779 0.9504677749664058 0.9917644100882852 0.9523019520816511 0.9672142914913497 0.9274521917005587 0.9997302484271174 0.5350471968895527 0.9125222862090205 0.9122073458846579 0.9313690726394346 0.9107929647784856 0.8057830891130778 0.5560629627872221 0.669929655462148 0.4792947222223358 0.4145978944065501 0.25393667138874176 0.304713710835053 0.3919042076470973 0.030260361309113623 -0.42030678967740864 -0.21451106060730765 -0.4344016545313529 
0.34753691327979025 0.27047416882023284 0.5440592899864033 0.8232798313095137 0.5977660066135966 0.6519623664606443 0.8801145044183379 0.9461110524259373 0.9865225998283219 0.9674333834441755 0.9515017295568851 0.9264428042492828 0.9969311543504843 0.6944724842582869 0.8945352962684338 0.9039612218706906 0.8964276247950688 0.9107929647784856 0.8314528851327119 0.5402598554376893 0.6674727757949149 0.859931599644908 0.41188426988530585 0.4490766527875039 0.31627143121177836 0.3919042076470973 0.022104521816508092 0.3246513731751395 -0.20942272430670122 -0.3867991629776566 
0.34753691327979025 0.5178406650055607 0.5511344303455359 0.8057967864739671 0.5977660066135966 0.38927594032877366 0.8985688595286583 0.9411539469254028 0.9908982285751606 0.9674333834441755 0.9586160374230149 0.9195616628831311 1.0 0.6914498344146878 0.91487932587739 0.9122073458846579 0.9281032766049768 0.9065059913189311 0.8140955389113236 0.5488152081727692 0.6631890163028764 0.5304956822775251 0.4138884788251145 0.6824347946972225 0.3078168628517074 0.39992005644145345 0.022104521816508092 -0.09162967080068996 -0.21451106060730765 -0.43340813873266604 
0.34753691327979025 0.27047416882023284 0.5440592899864033 0.823411842127863 0.593240015670787 0.663086389427015 0.9040985305697378 0.9494949389421811 0.9865225998283219 0.974290075984713 0.9515017295568851 0.9169679441028633 0.9993669188712587 0.6935184524196931 0.9173602556469121 0.9067569186073452 0.9122360441225783 0.9107929647784856 0.8225457500294332 0.5391590372668075 0.664553513769634 0.3180216002289884 0.40926409387929635 0.4490766527875039 0.31713511398822986 0.47500972929766117 0.02324944996199194 -0.08602959451388198 -0.20942272430670122 -0.43618089966036433 
0.34753691327979025 0.27047416882023284 0.5500732141956375 0.8057967864739671 0.5944584640595664 0.38927594032877366 0.8801145044183379 0.9254418830496199 0.9917644100882852 0.9232525279118806 0.9672142914913497 0.9657256187855985 0.9921403354156172 0.7313016761022937 0.91487932587739 0.9122073458846579 0.9281032766049768 0.9107929647784856 0.8140955389113236 0.5488152081727692 0.6595352592998922 0.5170539753445006 0.41188426988530585 0.45215616547104115 0.3076901087590655 0.3919042076470973 0.030260361309113623 -0.1006526675590917 -0.21451106060730765 -0.3867991629776566 
0.34753691327979025 0.2687533824861679 0.5511344303455359 0.8133101081650919 0.5977660066135966 0.6601289970067628 0.9040985305697378 0.9478672431241911 0.9775488631218786 0.9674333834441755 0.9515017295568851 0.9357931647740936 0.9936151418115738 0.6935184524196931 0.913736035045575 0.9109591948026331 0.9219011650416031 0.904435011171248 0.823599847645065 0.5391590372668075 0.6631890163028764 0.3180216002289884 0.40926409387929635 0.4321137213444419 0.31713511398822986 0.47500972929766117 0.02324944996199194 -0.08602959451388198 -0.20942272430670122 -0.43618089966036433 
0.34753691327979025 0.2659197271551067 0.5440592899864033 0.8181788252763227 0.5978635329956402 0.6689415417729352 0.8914042398408379 0.9401549057939856 0.9976096104440976 0.9674333834441755 0.9424897752648362 0.9195616628831311 0.9936451334795741 0.6967244427705677 0.8944758569589895 0.9122073458846579 0.9191497667109968 0.9128410014291556 0.8140955389113236 -0.35341010894613456 0.6631890163028764 0.5304956822775251 0.38056445295037944 0.4429336280213687 0.2973342751019406 0.39992005644145345 0.022104521816508092 -0.08094126173935784 -0.2096884843532234 -0.43340813873266604 
0.3480887549694574 0.2687533824861679 0.5440592899864033 0.8133101081650919 0.5875246374511103 0.6519623664606443 0.881855685329303 0.9504677749664058 0.9736749795324917 0.9535404174472957 0.9557389832373062 0.9274521917005587 0.9936151418115738 0.6944724842582869 0.8945352962684338 0.9122073458846579 0.9219011650416031 0.9179101570651678 0.7525671971433125 0.5430766573597907 0.6674727757949149 0.3142177071273982 0.40926409387929635 -0.643612768330672 0.3100229950533851 0.3919042076470973 0.02324944996199194 -0.4112993600953698 -0.1981076161047834 -0.43618089966036433 
0.3480887549694574 0.4741194758136145 0.5500732141956375 0.8093757205591704 0.5888479960667081 0.6519623664606443 0.8945866770076447 0.9345999449093274 0.9917644100882852 0.9232525279118806 0.9620765484636702 0.9657256187855985 0.9852708307697279 0.05390458378705665 0.9125222862090205 0.9122073458846579 0.8971203613149547 0.9107929647784856 0.7470759681987527 0.5547739438071561 0.6595352592998922 0.32674566262743887 0.41188426988530585 0.25393667138874176 0.16373863910868633 0.3919042076470973 0.08204638170633714 -0.0995124126806008 -0.18910052531179317 -0.4259556953286863 
0.3480887549694574 0.4741194758136145 0.5500732141956375 0.8093757205591704 0.5888479960667081 0.6519623664606443 0.8945866770076447 0.9345999449093274 0.9917644100882852 0.9232525279118806 0.9620765484636702 0.9657256187855985 0.9852708307697279 0.05390458378705665 0.9125222862090205 0.9122073458846579 0.8971203613149547 0.9107929647784856 0.7470759681987527 0.5547739438071561 0.6595352592998922 0.32674566262743887 0.41188426988530585 0.25393667138874176 0.16373863910868633 0.3919042076470973 0.08204638170633714 -0.0995124126806008 -0.18910052531179317 -0.4259556953286863 
0.34541281970078047 0.27047416882023284 0.5400167093601368 0.821340066100667 0.593240015670787 -0.5167841066124754 0.881855685329303 0.9412615364822563 0.9865225998283219 0.981074589922332 0.9515017295568851 0.9169679441028633 0.9899569037896244 0.6856670848693835 0.9173602556469121 0.9122073458846579 0.913577796707831 0.9179101570651678 0.7525671971433125 0.5391590372668075 0.6720361077167386 0.3180216002289884 0.40926409387929635 0.4490766527875039 0.3100229950533851 0.3919042076470973 0.02324944996199194 -0.4112993600953698 -0.2163251408012192 -0.43618089966036433 
0.03674032602604148 0.8227060370266476 0.7708606706057481 0.8059316062827114 0.9676050947318444 0.9144186214665967 0.7508634254345704 0.911355228050742 0.8701079091931867 0.9667068743713317 0.5057171508867426 0.9056967726544141 0.9385957826091791 0.8968162506391897 0.8554118894106975 0.738060428267595 0.9128677504160725 0.5239866632666439 0.6269456160528925 0.4433685456164342 0.6435417520129857 0.15537574474464724 -0.013093443554786314 -0.06202378205787265 0.307974805422057 -0.0939686114455773 -0.43934941894571905 -0.4405798791747502 -0.2227124419536412 -0.44387804995272545 
0.03674032602604148 0.8227060370266476 0.7677294687682629 0.8159158281931075 0.9532872260510944 0.9144186214665967 0.7531038685687599 0.911355228050742 0.8701079091931867 0.9667068743713317 0.8012153971369296 0.9160086025070235 0.944378819232892 0.9159187028793113 0.8554118894106975 0.6036306553980308 0.5505136343260768 0.5565090668113363 0.02509409690816081 0.4433685456164342 0.6045316257648377 0.15208570757756332 -0.013093443554786314 -0.05404656330479057 0.307974805422057 -0.09761676691361224 -0.43741713953502526 -0.4405798791747502 -0.2227124419536412 -0.44387804995272545 
0.03674032602604148 0.8227060370266476 0.7677294687682629 0.8159158281931075 0.9532872260510944 0.9144186214665967 0.7531038685687599 0.911355228050742 0.8701079091931867 0.9667068743713317 0.8012153971369296 0.9160086025070235 0.944378819232892 0.9159187028793113 0.8554118894106975 0.6036306553980308 0.5505136343260768 0.5565090668113363 0.02509409690816081 0.4433685456164342 0.6045316257648377 0.15208570757756332 -0.013093443554786314 -0.05404656330479057 0.307974805422057 -0.09761676691361224 -0.43741713953502526 -0.4405798791747502 -0.2227124419536412 -0.44387804995272545 
0.03674032602604148 0.8227060370266476 0.7708606706057481 0.8059316062827114 0.9676050947318444 0.9144186214665967 0.7508634254345704 0.911355228050742 0.8701079091931867 0.9667068743713317 0.5057171508867426 0.9056967726544141 0.9385957826091791 0.8968162506391897 0.8554118894106975 0.738060428267595 0.9128677504160725 0.5239866632666439 0.6269456160528925 0.4433685456164342 0.6435417520129857 0.15537574474464724 -0.013093443554786314 -0.06202378205787265 0.307974805422057 -0.0939686114455773 -0.43934941894571905 -0.4405798791747502 -0.2227124419536412 -0.44387804995272545 
0.03674032602604148 0.7967075081222789 0.7708606706057481 0.8218721484005558 0.9580816480552177 0.8963077338614946 0.767234707164688 0.9058255461603105 0.8701079091931867 0.963871963697827 0.7964767040040273 0.9181150083073119 0.9385957826091791 0.9071669543170405 0.8514019775469254 0.8910825193815931 0.9128677504160725 0.5239866632666439 0.02210630736678776 0.466855805792897 0.6440319996049008 0.16084837186545867 -0.00786820454600297 -0.0680723311778226 -0.18428462644622745 -0.09771132335906657 0.07659594586492757 -0.4316716219712227 -0.31735137737841224 -0.44897630263605665 
0.03528340915947599 0.7967075081222789 0.7708606706057481 0.8059316062827114 0.9649097503674909 0.7830069923113055 0.8508048506817897 0.9134137994177692 0.8758932746513133 0.963871963697827 0.7935910495067868 0.915668527582568 0.9385957826091791 0.9059656422149471 0.8497277062053119 0.7442043028272067 0.9128677504160725 0.5239866632666439 0.6285617121368257 0.4515520507037671 0.6435417520129857 0.15785678794164112 0.04347138794080463 -0.05594276759079162 -0.18428462644622745 -0.09771132335906657 0.07659594586492757 -0.4362995258506774 -0.40664972255393195 -0.44897630263605665 
0.03674032602604148 0.8227060370266476 0.7435744081953003 0.8250729566660244 0.9532872260510944 0.9144186214665967 0.7628917591176755 0.9000092920007212 0.8701079091931867 0.9667068743713317 0.8012153971369296 0.9082508528288465 0.9314951028501449 0.9159187028793113 0.8554118894106975 0.8830238140570412 0.5451423652715173 0.5565090668113363 0.02509409690816081 0.45328234424452196 0.6125388696022998 0.15208570757756332 -0.005102025395681771 -0.05404656330479057 0.307974805422057 -0.09769116896879836 -0.43741713953502526 -0.4395175482508743 -0.42039935163044684 -0.44387804995272545 
0.03528340915947599 0.7967075081222789 0.7708606706057481 0.8059316062827114 0.9649097503674909 0.7830069923113055 0.8508048506817897 0.9134137994177692 0.8758932746513133 0.963871963697827 0.7935910495067868 0.915668527582568 0.9385957826091791 0.9059656422149471 0.8497277062053119 0.7442043028272067 0.9128677504160725 0.5239866632666439 0.6285617121368257 0.4515520507037671 0.6435417520129857 0.15785678794164112 0.04347138794080463 -0.05594276759079162 -0.18428462644622745 -0.09771132335906657 0.07659594586492757 -0.4362995258506774 -0.40664972255393195 -0.44897630263605665 
0.03674032602604148 0.8227060370266476 0.7435744081953003 0.8218721484005558 0.9532872260510944 0.9049840187698035 0.7628917591176755 0.9004840375896782 0.8701079091931867 0.9638928323344395 0.7935910495067868 0.9160086025070235 0.8352971649534214 0.9292831663042955 0.8514019775469254 0.900054314656172 0.5483071390134142 0.5430138241047082 0.02210630736678776 0.45452021126842945 0.28785001434908586 0.15208570757756332 -0.00786820454600297 -0.0680723311778226 -0.19333347824361313 -0.09761676691361224 -0.43741713953502526 -0.4405798791747502 -0.41716019249888187 -0.44387804995272545 
0.03674032602604148 0.6916105558386043 0.7430387119306295 0.8121522716886213 0.9578930961259449 0.9007857060145926 0.8508048506817897 0.9004840375896782 0.8470124110033134 0.9726198884706693 0.8012153971369296 0.9175175214968305 0.8406530928206024 0.9345053795825669 0.8497277062053119 0.8971806285703224 0.5617957671065084 0.5430138241047082 0.6410133536729109 0.45626277541505267 0.28785001434908586 0.15208570757756332 -0.011263130345748615 -0.07144330080026211 -0.26608750901786804 -0.10194978264307751 -0.44156311593632663 -0.4405798791747502 -0.4152592381923639 -0.44387804995272545 
0.03528340915947599 0.6786987904812782 0.7697467568549348 0.8155063786125747 0.941600613213428 0.9104917602440596 0.7721329962815325 0.9081394891031798 0.8782558746335882 0.9702203133475499 0.8012153971369296 0.915668527582568 0.9385957826091791 0.9059656422149471 0.8497277062053119 0.8976822724122852 0.5520313965744036 0.5430138241047082 0.6285617121368257 0.45452021126842945 0.28785001434908586 0.15785678794164112 -0.00786820454600297 -0.05404656330479057 -0.18428462644622745 -0.09771132335906657 -0.4390302297709963 -0.27931293431411564 -0.42915838901884473 -0.44897630263605665 
0.03528340915947599 0.6786987904812782 0.7697467568549348 0.8155063786125747 0.941600613213428 0.9104917602440596 0.7721329962815325 0.9081394891031798 0.8782558746335882 0.9702203133475499 0.8012153971369296 0.915668527582568 0.9385957826091791 0.9059656422149471 0.8497277062053119 0.8976822724122852 0.5520313965744036 0.5430138241047082 0.6285617121368257 0.45452021126842945 0.28785001434908586 0.15785678794164112 -0.00786820454600297 -0.05404656330479057 -0.18428462644622745 -0.09771132335906657 -0.4390302297709963 -0.27931293431411564 -0.42915838901884473 -0.44897630263605665 
0.02914605345312806 0.8072150320421547 0.7480897701186529 0.8271541555027713 0.9487325833194098 0.9049840187698035 0.8508048506817897 0.9064018503654188 0.8857103061645061 0.9541053551247445 0.8012153971369296 0.9175175214968305 0.9385957826091791 0.9004339553878464 0.6200285730933353 0.8988058205024094 0.5617957671065084 0.7427946802150102 0.6410133536729109 0.5630293116022547 0.28785001434908586 0.2486617747251479 -0.00786820454600297 -0.06826065379486866 0.13655047954092403 -0.10194978264307751 -0.4414286720521998 -0.4634546321750938 -0.4152592381923639 -0.43900721037179435 
0.02450486129370499 0.8021805279565225 0.749755526058489 0.8341844363255689 0.8528843389686072 0.9049840187698035 0.8508048506817897 0.9064018503654188 0.8709336639002687 0.9541053551247445 0.9575755386275993 0.937850423575363 0.9385957826091791 0.8884383287302156 0.8840936979013685 0.9506454378453687 0.5617957671065084 0.7477195972197874 0.8562121043193041 0.7716445987540564 0.6435417520129857 0.24843862306106004 -0.00786820454600297 0.4026662043247038 0.12595461106805314 -0.10194978264307751 0.07659594586492757 -0.46255888286982305 -0.21903562472315888 -0.43900721037179435 
0.021738142460668703 0.7972422678291208 0.7545114564464657 0.8263793976674297 0.9487325833194098 0.9049840187698035 0.8508048506817897 0.9064018503654188 0.8879195425732739 0.9638928323344395 0.9575755386275993 0.9360651950563929 0.9385957826091791 0.9913669556468289 0.886831045667211 0.9596985505614168 0.9033504094269205 0.7427946802150102 0.8470187082343998 0.560454517819869 0.28244708632262366 0.2486617747251479 -0.00786820454600297 -0.0602687319127346 0.12595461106805314 -0.0987531553712338 0.07659594586492757 -0.4634546321750938 -0.4136902755126347 -0.32392091818568636 
0.021738142460668703 0.8159380902906067 0.7513259796033414 0.8263793976674297 0.8528843389686072 0.7733350578627181 0.6291746796232596 0.9077368152456864 0.876989960495021 0.9492870558102077 0.9575755386275993 0.937850423575363 0.9453005085249722 0.901429744715723 0.8931778688573813 0.9506454378453687 0.8205044481454595 0.7477195972197874 0.8470187082343998 0.7716445987540564 0.6435417520129857 0.24843862306106004 0.04347138794080463 0.3525519601628928 0.15778630256529652 0.11687133329180655 0.07659594586492757 -0.4634546321750938 -0.21903562472315888 -0.43001031382428523 
0.01790619306261955 0.39067423398542306 0.7513259796033414 0.8231164459336755 0.8653249837232384 0.7733350578627181 0.7628917591176755 0.7518227018851591 0.876989960495021 0.9638928323344395 0.9619990888768921 0.9558694006033098 0.824671146131969 0.9960867280659337 0.8768473997719999 0.9583802865231477 0.915154891161107 0.8524248064186222 0.6239547224988458 0.752514333421833 0.6435417520129857 0.746411353715704 0.039716176765904616 0.3525519601628928 0.36042729678075847 -0.10705759557702454 0.07217388834884694 -0.47118694678832007 -0.42542305651552914 -0.43900721037179435 
0.01790619306261955 0.3708841486281288 0.46809476663330674 0.8341844363255689 0.9698920501795281 0.6962991500922899 0.7628917591176755 0.7380487313496584 0.8797876351913502 0.8948711397467976 0.7774977569238405 0.9360651950563929 0.9474205283691736 0.9899126411932412 0.8926563485916554 0.9150056981728525 0.8760275638627048 0.8796042401488757 0.9203196897086381 0.7808066093218016 0.669655285097059 0.7452702405657806 0.38393761791946507 0.3525519601628928 0.2879436193012697 0.4168456392287028 0.06938135235638246 0.22290964483979825 -0.42542305651552914 -0.4413694855520323 
0.01266819657804711 0.36152182121937837 0.766046828359719 0.8073457741722433 0.755990276191427 0.6407894589385834 0.9040985305697378 0.6801612791534515 0.8672895435017998 0.960025217921755 0.7809099437333867 0.9548631197779455 0.9450172304033037 0.7277717533310659 0.9006307310529742 0.9527869876331064 0.9064065772572509 0.7708865006160824 0.9282895941664516 0.8046103535097989 0.6815565263948536 0.7328093444194892 0.6715495537744425 0.44453493427478935 0.3184916121164716 0.10381827214706231 0.4774044668677089 -0.09682549464138747 -0.11896404207910694 -0.09340635737735906 
0.010574389193972786 0.3771281360363037 0.41606279680668434 0.415180459769986 0.4441157593178812 0.6609628023348941 0.6679849843028188 0.763880664048229 0.7392800496864882 0.8248675115665914 0.767134242588737 0.9838918436437009 0.943819011381507 0.9900955037020053 0.8773884092207914 0.9440756969706927 0.9227302550551305 0.9452709358604222 0.9313798610729838 0.8275371503642877 0.6565428100194256 0.7477067018256384 0.3127166215336843 0.6254477298709026 0.4185094941600897 0.4078600758317041 0.5046587407200893 0.21714716888305646 0.12922682812342393 -0.02862516850615294 
0.008319343773145535 0.38201111956724587 0.3382179802540476 0.41765192669186474 0.6125267153304118 0.6609628023348941 0.6346347805703246 0.7518227018851591 0.7197464013856082 0.897034536658846 0.8615716294971983 0.9558694006033098 0.9487279746141725 0.9751755236949771 0.8768473997719999 0.9142806989833211 0.9065138332879661 0.8544612222360984 0.9044109554069969 0.752514333421833 0.7353482577580812 0.746411353715704 0.654391590217648 0.6163805960471404 0.36042729678075847 0.3999867573510134 0.5883806942498084 -2.5978067573419802E-5 -0.11873447994633612 -0.07864705774004663 
0.008319343773145535 0.38201111956724587 0.3382179802540476 0.41765192669186474 0.6125267153304118 0.6609628023348941 0.6346347805703246 0.7518227018851591 0.7197464013856082 0.897034536658846 0.8615716294971983 0.9558694006033098 0.9487279746141725 0.9751755236949771 0.8768473997719999 0.9142806989833211 0.9065138332879661 0.8544612222360984 0.9044109554069969 0.752514333421833 0.7353482577580812 0.746411353715704 0.654391590217648 0.6163805960471404 0.36042729678075847 0.3999867573510134 0.5883806942498084 -2.5978067573419802E-5 -0.11873447994633612 -0.07864705774004663 
0.008319343773145535 0.36632280844763243 0.3382179802540476 0.4257831136622339 0.6119646998008724 0.6609628023348941 0.6346347805703246 0.7518227018851591 0.7197464013856082 0.8948711397467976 0.8542915689821364 0.9476960577598487 0.9487279746141725 0.9751755236949771 0.8783267853656554 0.9142806989833211 0.9065138332879661 0.7382901612189051 0.9044109554069969 0.8119150286517329 0.729177327177631 0.746411353715704 0.654391590217648 0.6238831843471279 0.36042729678075847 0.3999867573510134 0.07087067860097031 -0.003592849274932197 -0.11570637968596223 -0.08915277757763124 
0.008319343773145535 0.36632280844763243 0.3382179802540476 0.4257831136622339 0.6119646998008724 0.6609628023348941 0.6346347805703246 0.7518227018851591 0.7197464013856082 0.8948711397467976 0.8542915689821364 0.9476960577598487 0.9487279746141725 0.9751755236949771 0.8783267853656554 0.9142806989833211 0.9065138332879661 0.7382901612189051 0.9044109554069969 0.8119150286517329 0.729177327177631 0.746411353715704 0.654391590217648 0.6238831843471279 0.36042729678075847 0.3999867573510134 0.07087067860097031 -0.003592849274932197 -0.11570637968596223 -0.08915277757763124 
0.006440452895323839 0.36785434622740854 0.5354528984364796 0.42500095396975096 0.5932003111660848 0.6596159857182751 0.651788147435898 0.7141351930497148 0.726842866323971 0.9220874478995217 0.8472509911433331 0.9864007554882865 0.8861469617131115 0.9900955037020053 0.8667860214475328 0.9201695416625777 0.9138453445496529 0.8557021836099453 0.9044109554069969 0.8189058660355895 0.6207282447308368 0.7567834605032105 0.6601969211601231 0.6240569205010621 0.42688827755277203 0.41688404147681934 0.3336681431993975 0.006622591479421191 0.009770983341792938 -0.026131854360643605 
0.004969893782847448 0.38201111956724587 0.4720241284774484 0.41653717860820283 0.6020411370135396 0.6790018247751608 0.5403020377438876 0.7408023101374844 0.729987493412514 0.8150537589149993 0.9524003064709063 0.9450787602296489 0.9121303262603642 0.982291670247922 0.8582968003912654 0.9128211160664467 0.9042949906446967 0.8544621372908493 0.9184508992968632 0.752511820161023 0.7160914633363933 0.74560764837431 0.6574187858047875 0.6238831843471279 0.6039444059015141 0.3959497994495109 0.07087067860097031 0.22993258204459324 -0.11873447994633612 -0.07864705774004663 
0.004357930554370737 0.37932557020483515 0.3057284197508354 0.42037452394057495 0.5109300311632218 0.6609628023348941 0.6679849843028188 0.740482384151948 0.7311806605571314 0.821481011710072 0.767134242588737 0.989677650072999 0.9396073945045919 1.0 0.8773884092207914 0.9266995169790818 0.9161752054138197 0.9550763203877362 0.938382499404061 0.8275371503642877 0.6565428100194256 0.7495996010124093 0.7796867035660152 0.6236970229792588 0.40783571254986883 0.4008389530543785 0.42108159643733406 0.21714716888305646 0.12922682812342393 -0.02658759679478328 
0.0037846035522001473 0.3575422858036119 0.4682569823231684 0.5711149994737852 0.44007205365224117 0.6391307361127806 0.6291746796232596 0.7586061963175313 0.7263431616438066 0.9270094348054418 0.7760463829632722 0.9864007554882865 0.9453784755056375 0.9878081583436393 0.8801731427391493 0.9298482545776926 0.91392493101203 0.7398792444532549 0.9363639583067921 0.8178954821455281 0.718545386512535 0.7271896238822453 0.6601969211601231 0.6071549442971944 0.4251054591039997 0.4262304110424753 0.060803657204834216 0.17867132124757676 0.12922682812342393 -0.0990832235733642 
0.0037846035522001473 0.36439557143858375 0.41606279680668434 0.42262711532472136 0.6020411370135396 0.6436206937265058 0.6291746796232596 0.744501074123668 0.7197464013856082 0.9220874478995217 0.7760463829632722 0.9441400056914606 0.9383238282708645 0.9861733417789159 0.9234180350365043 0.9201695416625777 0.91392493101203 0.7398792444532549 0.9354586168268452 0.7808066093218016 0.7240988969724569 0.7180886698248269 0.6671522081131908 0.6142063331660677 0.4251054591039997 0.4168456392287028 0.06787420844117714 0.22875342097712217 -0.11873447994633612 0.06738398695079426 
0.0020860174924447784 0.3622434433188939 0.531158612038623 0.49029780833209835 0.5932003111660848 0.6540299443663106 0.6446611941094151 0.7141351930497148 0.726842866323971 0.840714933371736 0.7768150877448348 0.9838645784661141 0.9388104050516739 0.9900955037020053 0.8667860214475328 0.8962163550636925 0.9161752054138197 0.8557021836099453 0.9313798610729838 0.8189058660355895 0.6696692552710105 0.7560861269132565 0.6601969211601231 0.6251285380284866 0.42688827755277203 0.41688404147681934 0.43325507548638365 0.22479077813157142 0.12825324565655213 -0.016055202589405675 
0.0020860174924447784 0.3622434433188939 0.531158612038623 0.43108142447436804 0.5113194862401913 0.6613475596022617 0.6436210961291877 0.7141351930497148 0.726842866323971 0.8196395102498202 0.7823213900042835 0.9441400056914606 0.9386953087561128 0.982291670247922 0.8667860214475328 0.8962163550636925 0.9161752054138197 0.8557021836099453 0.938382499404061 0.8284752187870528 0.6777865923965122 0.7612296007356426 0.6654122026317347 0.6251285380284866 0.6085058453442249 0.4536518541783936 0.06516382940219481 0.22260306621902176 0.12255602062253483 -0.016055202589405675 
0.0020860174924447784 0.3622434433188939 0.531158612038623 0.43108142447436804 0.5113194862401913 0.6613475596022617 0.6436210961291877 0.7141351930497148 0.726842866323971 0.8196395102498202 0.7823213900042835 0.9441400056914606 0.9386953087561128 0.982291670247922 0.8667860214475328 0.8962163550636925 0.9161752054138197 0.8557021836099453 0.938382499404061 0.8284752187870528 0.6777865923965122 0.7612296007356426 0.6654122026317347 0.6251285380284866 0.6085058453442249 0.4536518541783936 0.06516382940219481 0.22260306621902176 0.12255602062253483 -0.016055202589405675 
0.0020860174924447784 0.3622434433188939 0.531158612038623 0.49029780833209835 0.5932003111660848 0.6540299443663106 0.6446611941094151 0.7141351930497148 0.726842866323971 0.840714933371736 0.7768150877448348 0.9838645784661141 0.9388104050516739 0.9900955037020053 0.8667860214475328 0.8962163550636925 0.9161752054138197 0.8557021836099453 0.9313798610729838 0.8189058660355895 0.6696692552710105 0.7560861269132565 0.6601969211601231 0.6251285380284866 0.42688827755277203 0.41688404147681934 0.43325507548638365 0.22479077813157142 0.12825324565655213 -0.016055202589405675 
0.0012457336128669028 0.3622434433188939 0.4682569823231684 0.4343790954637254 0.4441157593178812 0.6554987216451377 0.6307924011673148 0.7586061963175313 0.7347388092072005 0.8392968291069556 0.767134242588737 0.9838645784661141 0.943819011381507 0.9900955037020053 0.8801731427391493 0.9298482545776926 0.9256792727690739 0.8593002989816857 0.9313798610729838 0.8178954821455281 0.6696692552710105 0.7560861269132565 0.6601969211601231 0.6254477298709026 0.42210658086507075 0.41688404147681934 0.49921538580865743 0.21714716888305646 0.12922682812342393 -0.026131854360643605 
0.0012987989337798606 0.3622434433188939 0.45305307580632975 0.4829837271752704 0.5932003111660848 0.6613475596022617 0.6307924011673148 0.7170035265349914 0.726842866323971 0.9658808345223667 0.767134242588737 0.9441400056914606 0.9388104050516739 0.9904322286614217 0.8667860214475328 0.8962163550636925 0.9256792727690739 0.8557021836099453 0.938382499404061 0.8244473927278329 0.7723732316931989 0.7560861269132565 0.6660256671750401 0.6254477298709026 0.4251054591039997 0.424938231405141 0.42857975358753336 0.22260306621902176 0.12922682812342393 -0.016055202589405675 
0.0012457336128669028 0.35537524375695756 0.4682569823231684 0.4871054620353374 0.5965137639275571 0.6391307361127806 0.6291746796232596 0.7586061963175313 0.732424082307639 0.9270094348054418 0.7760463829632722 0.9838645784661141 0.9406455185728338 0.9965754829323884 0.8667860214475328 0.9042596741874879 0.9256792727690739 0.7398792444532549 0.938382499404061 0.8178954821455281 0.7761763668941822 0.7560861269132565 0.6660256671750401 0.8113983714674646 0.4251054591039997 0.4262304110424753 0.42971280558192715 0.21714716888305646 0.12922682812342393 -0.0990832235733642 
7.997650797077016E-4 0.3622434433188939 0.531158612038623 0.42037452394057495 0.5113194862401913 0.6758693401855811 0.6436210961291877 0.7632703604809636 0.726842866323971 0.8392968291069556 0.8492518592490459 0.9652521279435093 0.8954562598754273 0.9777348951732967 0.8677772704377761 0.8962163550636925 0.9827353056516489 0.8623846805169263 0.9313798610729838 0.8178954821455281 0.6207282447308368 0.7499075156347822 0.6601969211601231 0.6251285380284866 0.4199171471567666 0.4262304110424753 0.49921538580865743 0.21714716888305646 0.11814827792331425 -0.026131854360643605 
7.997650797077016E-4 0.3539737633174436 0.4107973346429047 0.42037452394057495 0.44007205365224117 0.6391307361127806 0.6291746796232596 0.7543206129666884 0.7197464013856082 0.9223853690172241 0.7760463829632722 0.9864007554882865 0.9383238282708645 0.9878081583436393 0.9234180350365043 0.8962163550636925 0.91392493101203 0.8717867979141337 0.8952275611556831 0.7808066093218016 0.7284562199111515 0.7180886698248269 0.6601969211601231 0.6059425533272323 0.4251054591039997 0.4262304110424753 0.3336681431993975 0.1786927537690981 0.12980568210568622 -0.10798746270399176 
4.637443050480461E-4 0.22280758299264414 0.5299543676822083 0.4182172675156374 0.5113194862401913 0.66367438101539 0.6606256714735992 0.7412610073197324 0.7347388092072005 0.8259302866199076 0.8616169564053507 0.9890926475009444 0.9414126584094379 0.948490850699387 0.8683616106400887 0.9140427223550055 0.922863675094996 0.8667719558115301 0.919411646321253 0.8179707664385769 0.6261060272333677 0.7494221695383482 0.6817653319489021 0.6268706331662927 0.7471503775168977 0.41656844583591063 0.42857975358753336 0.22738421773314813 0.12922682812342393 -0.08046171163783178 
4.637443050480461E-4 -0.021707236830881715 0.47096766232734744 0.4343790954637254 0.5440625020959009 0.6609628023348941 0.6399587062129448 0.7412610073197324 0.7347388092072005 0.8283747145709714 0.8676797285390373 0.9849346268431044 0.9410598835186927 0.9909274771870988 0.8608779947121016 0.9119245232750772 0.8982568558850469 0.9566082483834841 0.9170468911718618 0.8297638232132646 0.9238509932724033 0.7467902550280883 0.6747697623577226 0.6187760952398872 0.43066061047169135 0.42316493321035836 0.42857975358753336 0.23747622095414436 0.13196081909657198 -0.05945448479331669 
2.309203618483324E-4 0.22280758299264414 0.47236661686628434 0.4343790954637254 0.5113194862401913 0.6554987216451377 0.6351881527159909 0.7411415601941808 0.7380064384775771 0.8396213161409688 0.8616169564053507 0.9890249469399748 0.9414126584094379 0.9904322286614217 0.8626268217919125 0.9143355523574457 0.922863675094996 0.8593002989816857 0.9313798610729838 0.7957319969452421 0.6656052072917222 0.7490986558516131 0.6720174820993653 0.6254477298709026 0.7471503775168977 0.4183491526058663 0.43156414755007905 0.22738421773314813 0.12922682812342393 -0.02322578297730592 
2.309203618483324E-4 0.22280758299264414 0.47236661686628434 0.4343790954637254 0.5113194862401913 0.6554987216451377 0.6351881527159909 0.7411415601941808 0.7380064384775771 0.8396213161409688 0.8616169564053507 0.9890249469399748 0.9414126584094379 0.9904322286614217 0.8626268217919125 0.9143355523574457 0.922863675094996 0.8593002989816857 0.9313798610729838 0.7957319969452421 0.6656052072917222 0.7490986558516131 0.6720174820993653 0.6254477298709026 0.7471503775168977 0.4183491526058663 0.43156414755007905 0.22738421773314813 0.12922682812342393 -0.02322578297730592 
2.309203618483324E-4 0.3539737633174436 0.46308835275030946 0.4265675436579766 0.5440625020959009 0.6613475596022617 0.6600916279628364 0.7218372600475625 0.729987493412514 0.8238242986553687 0.9524003064709063 0.9931509590489386 0.9458486938683766 0.982291670247922 0.8713077879295835 0.8962163550636925 0.8951542969758528 0.8544621372908493 0.9184508992968632 0.752511820161023 0.6577222102425778 0.7552121184857523 0.6577220855342206 0.6251285380284866 0.6093789940089525 0.4175898028745842 0.42694001577829477 0.2121185854152831 0.12802661937640983 -0.07864705774004663 
1.9232998814744384E-4 -0.021707236830881715 0.30719234127346784 0.4422100656426873 0.47348670196764986 0.6415945935395295 0.6633156698135888 0.7417104974892802 0.7248691794528186 0.8238242986553687 0.8628473889462455 0.9846561324291795 0.9305432449028336 0.7568120741805535 0.8628986406429517 0.9252360251453815 0.9180524515810278 0.8684025741638819 0.9292027013905547 0.8218529761763455 0.6563046659727232 0.7494221695383482 0.7796867035660152 0.6212575435290004 0.4330063624560807 0.42212048664691915 0.4258192215920735 0.22746369738943154 0.12255602062253483 0.08056044210800639 
3.0382569929236422E-5 0.16723713128076545 0.4657271487831787 0.41168457840953876 0.5046983030305959 0.6609628023348941 0.683656293597233 0.7363388159596893 0.7304380079245223 0.8340955248957833 0.8043789829823575 0.9931509590489386 0.6613554781438029 0.997933352588725 0.8608609887515121 0.9130782589334339 0.9049925265808818 0.8426061932595589 0.9202137639587178 0.8297638232132646 0.6622619189166001 0.7488990113036155 0.6792847912398585 0.6279897202628612 0.4184842019403808 0.424938231405141 0.42857975358753336 0.22008007631369236 0.12114497218648837 0.07759846835969494 
3.0382569929236422E-5 0.16723713128076545 0.4657271487831787 0.41168457840953876 0.5046983030305959 0.6609628023348941 0.683656293597233 0.7363388159596893 0.7304380079245223 0.8340955248957833 0.8043789829823575 0.9931509590489386 0.6613554781438029 0.997933352588725 0.8608609887515121 0.9130782589334339 0.9049925265808818 0.8426061932595589 0.9202137639587178 0.8297638232132646 0.6622619189166001 0.7488990113036155 0.6792847912398585 0.6279897202628612 0.4184842019403808 0.424938231405141 0.42857975358753336 0.22008007631369236 0.12114497218648837 0.07759846835969494 
3.0382569929236422E-5 0.10124098304883697 0.3022008757518777 0.41168457840953876 0.5046983030305959 0.6552660673722979 0.6494189411821668 0.7363388159596893 0.6754786338705734 0.8336596873557619 0.8821304525580642 0.980062547689163 0.9235506296796894 0.9947480666439324 0.8546667701026164 0.9348148964557161 0.89978145702818 0.8370450366456413 0.6397058204523162 0.8297638232132646 0.6668881683107736 0.7553903055424923 0.6781980970163645 0.6141996691890771 0.49144572927737423 0.424938231405141 0.4209766814614109 0.22927364994715832 0.13271600206158185 0.07759846835969494 
3.0382569929236422E-5 0.10124098304883697 0.3022008757518777 0.41168457840953876 0.5046983030305959 0.6552660673722979 0.6494189411821668 0.7363388159596893 0.6754786338705734 0.8336596873557619 0.8821304525580642 0.980062547689163 0.9235506296796894 0.9947480666439324 0.8546667701026164 0.9348148964557161 0.89978145702818 0.8370450366456413 0.6397058204523162 0.8297638232132646 0.6668881683107736 0.7553903055424923 0.6781980970163645 0.6141996691890771 0.49144572927737423 0.424938231405141 0.4209766814614109 0.22927364994715832 0.13271600206158185 0.07759846835969494 
3.0382569929236422E-5 0.10118727909835257 0.4657271487831787 0.41168457840953876 0.5046983030305959 0.6580208874236877 0.6540649889931104 0.7454211130603172 0.7304380079245223 0.8254579225426456 0.8517826877150234 0.9931509590489386 0.9235506296796894 0.9939379659791551 0.8546667701026164 0.9252360251453815 0.9068462997356226 0.8426061932595589 0.9182688878930114 0.7905328643918823 0.6622619189166001 0.7494221695383482 0.6781980970163645 0.6279897202628612 0.49144572927737423 0.424938231405141 0.4209766814614109 0.22927364994715832 0.12349666831157623 -0.07864705774004663 
8.165778962498927E-6 0.16723713128076545 0.46308835275030946 0.4122662118207318 0.5632291280487182 0.6849993550659789 0.683656293597233 0.7329517355591472 0.7102605648254054 0.8207936538360264 0.8607474962540987 0.9864007554882865 0.9325891720666616 0.9839582716834868 0.8640944763364395 0.931322451436785 0.8982568558850469 0.8638212884775773 0.6369577606080474 0.8297638232132646 0.5916347948742793 0.7557870134115635 0.6815627824433433 0.6295989655281606 0.42759530865897655 0.4171042161370627 0.5006079438722659 0.24153293461341985 0.1143677470654668 -0.09328070712206137 
8.165778962498927E-6 0.0928807680263068 0.3143960171811492 0.41886455126681543 0.7991127399442215 0.6535553966611627 0.6540649889931104 0.7389838588480161 0.7219376169854324 0.8254579225426456 0.8517826877150234 0.982819033859732 0.9235506296796894 0.9939379659791551 0.8649254442171491 0.9054069431932357 0.9064166276147588 0.8638212884775773 0.9307921066065796 0.8324120706872123 0.6599993690166177 0.7572604816909503 0.6781980970163645 0.6279897202628612 0.49144572927737423 0.4349063267754665 0.42119320014478245 0.22738421773314813 0.13700655371306328 -0.07407218417749248 
8.165778962498927E-6 0.369018092806239 0.3057284197508354 0.41206622549369604 0.5081055994170459 0.6950585381661812 0.6633156698135888 0.7218372600475625 0.7219376169854324 0.9391121502818498 0.8607474962540987 0.980062547689163 0.9540668502349038 1.0 0.8649254442171491 0.9266995169790818 0.9064166276147588 0.93285500722224 0.9161530682617386 0.7997398084712178 0.656587343052307 0.7629272597124408 0.7796867035660152 0.6231004881510227 0.4927302638097421 0.4103845945713654 0.4271453065427325 0.21916541422131022 0.1307635104809632 -0.07407218417749248 
8.165778962498927E-6 -0.046439922779698106 0.3057284197508354 0.42167069045368494 0.5005341038146132 0.6580208874236877 0.6540649889931104 0.7218372600475625 0.7304380079245223 0.8207936538360264 0.8607474962540987 0.9836999029156812 0.9325891720666616 0.9909274771870988 0.8546667701026164 0.9266995169790818 0.9049925265808818 0.8426061932595589 0.9182688878930114 0.7913576616163694 0.656587343052307 0.7494221695383482 0.6781980970163645 0.6279897202628612 0.4927302638097421 0.41789284246443176 0.42857975358753336 0.22856426186481232 0.1143677470654668 0.08056044210800639 
0.0 0.1948027493766555 0.4676289347210401 0.424641044306305 0.4570411623947441 0.6509756714042416 0.683656293597233 0.7158593187835254 0.46072148060054346 0.8207936538360264 0.8542767000964162 0.980062547689163 0.9527871516461445 0.9871499969620479 0.8683616106400887 0.9380867392135378 0.9036494193113653 0.9197716343938401 0.24595783783917224 0.8324120706872123 0.656587343052307 0.7572604816909503 0.7768832035486396 0.6160407009720689 0.4228387029350984 0.4381884325164005 0.42857975358753336 0.24524398602822486 0.13920903477034957 0.08056044210800639 
0.0 0.16723713128076545 0.47096766232734744 0.424641044306305 0.5074236490982638 0.6849993550659789 0.6427600163021066 0.7145831018851647 0.7174005445649236 0.8283747145709714 0.8611500630418406 0.980062547689163 0.9493024889030136 0.9839582716834868 0.8698893978535337 0.9252360251453815 0.9061322679691627 0.9566082483834841 0.6397578502690506 0.8318277729919472 0.656587343052307 0.7580812591072625 0.6681951578857303 0.624005482962077 -0.02311381540160519 0.424938231405141 0.5006079438722659 0.24153293461341985 0.13920903477034957 -0.05945448479331669 
0.0 0.16723713128076545 0.4676289347210401 0.424641044306305 0.4570411623947441 0.6509756714042416 0.6633156698135888 0.7196878162466762 0.7263486985633818 0.8195991979149957 0.8611500630418406 0.980062547689163 0.9527871516461445 0.9839582716834868 0.8683616106400887 0.9380867392135378 0.89978145702818 0.9296549831775224 0.6324733755398639 0.8218529761763455 0.6674437748157378 0.7558026183067029 0.7796867035660152 0.624005482962077 0.4927302638097421 0.4312063483525992 0.5006079438722659 0.24153293461341985 0.13920903477034957 0.08056044210800639 
0.0 0.31273821268643154 0.4676289347210401 0.424641044306305 0.4570411623947441 0.6509756714042416 0.6611653411264655 0.7389838588480161 0.46072148060054346 0.8205219136553475 0.8562487698328808 0.982819033859732 0.9235506296796894 0.9782610546070724 0.8683616106400887 0.9380867392135378 0.89978145702818 0.9197716343938401 0.6401605586270022 0.8351177370224102 0.6507333594556256 0.7558026183067029 0.6717997531635131 0.6218117838259043 0.41891390977423953 0.4349063267754665 0.49471752712266326 0.24524398602822486 0.13271600206158185 0.08056044210800639 
0.0 0.31273821268643154 0.4676289347210401 0.424641044306305 0.4570411623947441 0.6509756714042416 0.6611653411264655 0.7389838588480161 0.46072148060054346 0.8205219136553475 0.8562487698328808 0.982819033859732 0.9235506296796894 0.9782610546070724 0.8683616106400887 0.9380867392135378 0.89978145702818 0.9197716343938401 0.6401605586270022 0.8351177370224102 0.6507333594556256 0.7558026183067029 0.6717997531635131 0.6218117838259043 0.41891390977423953 0.4349063267754665 0.49471752712266326 0.24524398602822486 0.13271600206158185 0.08056044210800639 
0.0 0.1798438113650014 0.3057284197508354 0.42167069045368494 0.4563419469522284 0.6609628023348941 0.683656293597233 0.7389838588480161 0.46072148060054346 0.8207936538360264 0.8043789829823575 0.9864007554882865 0.9325891720666616 0.9909274771870988 0.8546667701026164 0.9054069431932357 0.9049925265808818 0.8638212884775773 0.9332922400203496 0.8324120706872123 0.656587343052307 0.7572604816909503 0.6781980970163645 0.6279897202628612 0.4228387029350984 0.41789284246443176 0.42857975358753336 0.22738421773314813 0.1143677470654668 0.08056044210800639 
0.0 0.16723713128076545 0.3022008757518777 0.424641044306305 0.45149744468345476 0.6509756714042416 0.683656293597233 0.7363388159596893 0.7244174042838382 0.8196114592638681 0.8631405845829349 0.980062547689163 0.9325891720666616 0.9839582716834868 0.8775742526045348 0.9119245232750772 0.89978145702818 0.860211804584089 0.6401605586270022 0.8297638232132646 0.6674437748157378 0.7558026183067029 0.7735230954395876 0.6218117838259043 0.4927302638097421 0.43692781805466946 0.4891680005078454 0.24153293461341985 0.13271600206158185 0.07759846835969494 
0.0 0.3768076491013506 0.29608249053604757 0.41206622549369604 0.509527477552877 0.6860664771178954 0.6361968608296936 0.735191569346601 0.7251420111514402 0.8283744191882686 0.8533103148325497 0.9879412347123866 0.9343943934369878 0.9909274771870988 0.7212141522495608 0.9049410207454286 0.894113022491815 0.93285500722224 0.9285265848467045 0.7997398084712178 0.6623872185349338 0.7629272597124408 0.7713207149883141 0.6220359783889713 0.49194819789928296 0.42212048664691915 0.4271453065427325 0.21916541422131022 0.12802661937640983 -0.07407218417749248 
0.0 0.35637292691086103 0.3061923965985422 0.424641044306305 0.5099644047737005 0.6969004955302732 0.6633156698135888 0.7454211130603172 0.7325697641078345 0.8119862780875399 0.8501836749831062 0.980062547689163 0.936858203551895 0.948490850699387 0.8683616106400887 0.9252360251453815 0.898853376818763 0.9554764494002739 0.9105713399402277 0.7905328643918823 0.656587343052307 0.754289025687674 0.6910123303464467 -0.6816596436153695 0.4843640033595063 0.424938231405141 0.42857975358753336 0.2259969359533925 0.12596919939883314 -0.5257610219073965 
