3.200614658723075 1.0042245199927529 
3.1501302239090734 0.8467611058918398 
4.251585961835422 0.8399752266796131 
3.399388153143204 0.7003527415454927 
3.338863714037528 0.7361914709871549 
4.251585961835422 0.8399752266796131 
3.399388153143204 0.7003527415454927 
3.338863714037528 0.7361914709871549 
3.1501302239090734 0.8467611058918398 
3.658843825144164 0.920173039710511 
3.658843825144164 0.920173039710511 
2.8716213314079853 0.9297969451740089 
2.940073848222293 0.9851195420413141 
3.306855402188941 1.0254456634589542 
3.306855402188941 1.0254456634589542 
2.8716213314079853 0.9297969451740089 
3.0573663985801023 0.9929410644951063 
2.8779092526538066 0.963792693496045 
2.6734286309657764 1.046313710977397 
2.8779092526538066 0.963792693496045 
2.7528548543951326 0.8792952499352802 
2.4692827691674397 1.0902968395612793 
2.723254611810367 1.1094236032081362 
2.719946688474958 1.0861038328677164 
2.7528548543951326 0.8792952499352802 
2.678650684571358 1.070393930694653 
2.8562643509785333 1.1837312463788352 
2.488737182147655 1.0600851975984003 
2.4834610535223525 1.0593006870596322 
2.542736295179555 1.1620285440755602 
2.3950758528975298 1.180077192368133 
2.542736295179555 1.1620285440755602 
1.9520966403953004 1.202179606635561 
2.124676001550522 1.2142007691383099 
2.317546863403513 1.1795284157456178 
1.9013226839979556 1.194659819701155 
2.2897022213813814 1.2746187372711906 
2.3950758528975298 1.180077192368133 
1.9013226839979556 1.194659819701155 
2.1908865710251595 1.1969834323745083 
1.9007761060077497 1.2813318851837046 
2.2897022213813814 1.2746187372711906 
2.5596000901280953 1.395745113042699 
2.1908865710251595 1.1969834323745083 
2.1173581755000557 1.3603532480764577 
2.120298706682478 1.4382167568439532 
1.9302278033825946 1.4178035772278645 
2.211170987693276 1.4042557749737083 
1.9718484044661548 1.4339365180439914 
2.0553775236819045 1.4064255835110793 
1.9302278033825946 1.4178035772278645 
2.00763727490839 1.4412676261177668 
2.0249889683343056 1.418835767939982 
2.077150738411966 1.3724550843596273 
1.8216384027118506 1.1796750539075573 
1.9989962382476048 1.3744559917822952 
1.7011365256708268 1.6183535686896435 
1.926532263608976 1.4321809603181717 
1.8806859569020165 1.5465849141792631 
1.7011365256708268 1.6183535686896435 
1.7833250367521427 1.3503323218300864 
1.7833250367521427 1.3503323218300864 
1.9989962382476048 1.3744559917822952 
1.8928074946660436 1.700586988746156 
1.9709070347011308 1.4402759272646792 
1.9038307210733918 1.4362235923614255 
1.9709070347011308 1.4402759272646792 
1.8806859569020165 1.5465849141792631 
1.586796129693394 1.5829295276209128 
1.8216384027118506 1.1796750539075573 
1.5836916384787467 1.590506432671343 
1.8651640477709863 1.8539742802011965 
1.783891350966833 1.811944967589117 
1.7353386919831748 1.9498242276653661 
1.6894769251043593 1.6198933093289956 
1.9111421063413778 1.96942371780534 
1.720395603571141 1.3955328488978227 
1.824230061945401 1.3451890507712012 
1.677930933196003 1.4782525052653344 
1.4673892767265868 1.6123442413886981 
1.7160880963127574 1.8310019033129044 
1.782557443406346 1.9536567312988127 
1.7520238426590082 1.585032500266419 
1.782557443406346 1.9536567312988127 
1.586796129693394 1.5829295276209128 
1.7148060291008869 1.9570057526034248 
1.6894769251043593 1.6198933093289956 
1.7449415204973988 2.7023578105501493 
1.654392734896152 2.62524312687683 
1.677930933196003 1.4782525052653344 
1.6458936971106428 3.1735455782390347 
1.654392734896152 2.62524312687683 
1.5873552690611457 3.0466537808972016 
1.56008602724008 3.1266955200987367 
1.5873552690611457 3.0466537808972016 
1.56008602724008 3.1266955200987367 
1.6439750166559453 2.791268322762415 
1.6025906780009591 2.26603064063152 
1.6025906780009591 2.26603064063152 
1.6458936971106428 3.1735455782390347 
