1.436699679485875 0.024275627595544632 
0.9766340701442745 0.025617287992005074 
0.9766340701442745 0.025617287992005074 
0.9761560293831106 0.0314475353516357 
0.9760368773624547 0.034054582828335886 
0.9760368773624547 0.034054582828335886 
0.9760096616946783 0.03952228137186342 
0.9760408246077401 0.03739498415936432 
0.9760145478913912 0.03522174322550119 
0.9760354369695998 0.04667227217333065 
0.9760265117273557 0.049224289969067206 
0.9760069544793393 0.052318376421330345 
0.9760058953846374 0.04737678487782043 
0.976000396770881 0.048597805669938966 
0.976000396770881 0.048597805669938966 
0.9760069544793393 0.052318376421330345 
0.9760058953846374 0.04737678487782043 
0.9760128936123151 0.05209568415138006 
0.9759986113281083 0.05944423285576365 
0.9759986113281083 0.05944423285576365 
0.9759963355597828 0.061293812443900156 
0.9760037299395327 0.07666995098940112 
0.9760067571845908 0.07708048215577143 
0.9759963355597828 0.061293812443900156 
0.976009645908869 0.07781002586021986 
0.976005174674663 0.09800562856636803 
0.9760037299395327 0.07666995098940112 
0.9609439258600876 0.11094594664956633 
0.9367938351318736 0.11140510899667086 
0.9091808978894983 0.11123397417037281 
0.9367938351318736 0.11140510899667086 
0.9274118770545074 0.11142660833575599 
0.9091808978894983 0.11123397417037281 
0.9018668653486175 0.11147192878985372 
0.9007900527921522 0.11156118665369145 
0.8963935045248504 0.11162793006462302 
0.8939592819455239 0.11311770633398616 
0.8890492913152912 0.11401502274479619 
0.8883197863009131 0.11613367177328039 
0.8881442847135094 0.12103236132889925 
0.8878484898052771 0.12085777812139556 
0.8878231518747429 0.12956458895917902 
0.8876628439894048 0.13389413700247138 
0.8876468047706022 0.13848704671413492 
0.8876382115480719 0.13983929143889115 
0.887620184288238 0.14162354746401407 
0.8876277821686159 0.1386792535045173 
0.8876249832015607 0.1404027432017887 
0.887631670976829 0.15269487915086702 
0.8876251695685887 0.13598349456779318 
0.8876213985117185 0.17443921176601737 
0.8876179432449073 0.14224097216251536 
0.8876293776515679 0.16928946399099068 
0.8876304488504467 0.16507072339270693 
0.8876297653378681 0.13970556441743243 
0.8876304488504467 0.16507072339270693 
0.8876278024499236 0.13976077329706005 
0.8876179432449073 0.14224097216251536 
0.8876253136074654 0.1878103321756166 
0.8876097945109586 0.23724998889115934 
0.8876097945109586 0.23724998889115934 
0.8651644359018824 0.25664074573286955 
0.8651644359018824 0.25664074573286955 
0.8643267456336892 0.2566264445274018 
0.8643267456336892 0.2566264445274018 
0.8497073567654599 0.2566394891926161 
0.8497073567654599 0.2566394891926161 
0.8052161462624766 0.2565887002827077 
0.7940244680473258 0.25660508988110997 
0.7940244680473258 0.25660508988110997 
0.7813233437770807 0.25663821539585147 
0.8185981700196612 0.2566675617771886 
0.7813233437770807 0.25663821539585147 
0.8185981700196612 0.2566675617771886 
0.8052161462624766 0.2565887002827077 
0.8021303440857198 0.25670479419492287 
0.7957173435458265 0.2567077414742041 
0.8021303440857198 0.25670479419492287 
0.7957173435458265 0.2567077414742041 
0.7587116996647824 0.2568516848826801 
0.7933339997840833 0.25672109615334127 
0.7775017492131333 0.25684378247766493 
0.7661051192917875 0.25687068434503796 
0.7796051256942002 0.2566737286176826 
0.7796051256942002 0.2566737286176826 
0.7698387465939104 0.25690134643651263 
0.765704967258346 0.2569141758723099 
0.7630375002412204 0.25675716511600183 
0.7630375002412204 0.25675716511600183 
0.7553945102200263 0.2569676311262163 
0.754911401332819 0.25697588955006817 
0.7553945102200263 0.2569676311262163 
0.7543435457914309 0.25802332073863343 
0.7518383271133446 0.2576975374926841 
0.7481207252068427 0.25806205277359606 
0.741965085500913 0.26757954645883103 
0.741965085500913 0.26757954645883103 
0.7428342807719823 0.27272296075699753 
0.7412361102850553 0.2947750642683699 
0.7386816981443176 0.4586475568638906 
