0.8879502490477349 -0.9351269882703733 -0.7421404234148061 -0.9803463701290576 -0.9874865790767191 -1.0 -0.9655436331192123 -0.9574701191752077 0.8559455561744691 -0.8606019123467474 -0.8352683802863389 -0.7190855386687647 -0.6392992345444852 -0.6027757683030508 -0.5417862366938047 -0.4188573995735374 -0.3727404116530114 -0.21135745783001658 -0.15573213072338418 0.009287531991238671 0.07092965735823384 0.16406242062626997 0.25570665131244347 0.3754198502463054 0.5315912306754204 0.5755822394433683 0.6451614514058246 0.7719462709509489 0.7694107730959061 0.8820946145432916 
0.8855085362963635 -0.9164818303739508 -0.9690303221104631 -0.9889309355943722 -0.9949111223495819 -0.9809771882432535 -0.9782584226867176 -0.9343434204887525 -0.929443671748821 -0.8483340395967798 -0.8513586060035231 -0.8222477782007601 -0.6883207808964025 -0.6158276128180867 -0.5349516061818647 -0.4402103389028798 -0.38930119269194224 -0.21204785470685925 -0.1533102395391974 -0.06485710152274868 0.059834148199601075 0.1767274111579421 0.25853581616793125 0.3380148600245192 0.45953993604556986 0.5290248028146386 0.6475687432546132 0.6675347109213391 0.8042990830172547 0.8314322479904983 
0.8855085362963635 -0.9164818303739508 -0.9690303221104631 -0.9889309355943722 -0.9949111223495819 -0.9809771882432535 -0.9782584226867176 -0.9343434204887525 -0.929443671748821 -0.8483340395967798 -0.8513586060035231 -0.8222477782007601 -0.6883207808964025 -0.6158276128180867 -0.5349516061818647 -0.4402103389028798 -0.38930119269194224 -0.21204785470685925 -0.1533102395391974 -0.06485710152274868 0.059834148199601075 0.1767274111579421 0.25853581616793125 0.3380148600245192 0.45953993604556986 0.5290248028146386 0.6475687432546132 0.6675347109213391 0.8042990830172547 0.8314322479904983 
0.8855085362963635 -0.9130858571554017 -0.9731448828565128 -0.9865195709605291 -0.992086044131863 -0.9151555993512872 -0.9988698101774371 -0.9772124196275972 -0.9248920116359692 -0.7867284803267068 -0.8439060313239889 -0.7748077203992414 -0.7149888524993957 -0.6225053928958261 -0.5706469651836239 -0.4402103389028798 -0.37052856825604963 -0.2053650327585206 -0.1832347665481038 -0.06485710152274868 0.03917578837291684 0.1960970940832243 0.2480640614044974 0.42479990035470366 0.45373537035333794 0.4761963766664139 0.6268264850050836 0.7204348336966856 0.7847240687469019 0.9695523045132799 
0.8855085362963635 -0.9271161419990266 -0.9561146094683668 -0.9851738611220288 -0.9901465876561057 -0.9346420637752358 -0.9992930343481089 -0.9590496210746432 -0.9377273061890513 -0.794034523524106 -0.8409282100978949 -0.6512568774167847 -0.7149888524993957 -0.6225053928958261 -0.5547245159262935 -0.4558648558518334 -0.3667616144513572 -0.2100105546083778 -0.1663120833120004 -0.07501698375993773 0.043323727870777755 0.17893230654310882 0.24606543158875407 0.189732962972808 0.4524380491896201 0.4692598556403732 0.6291706107095403 0.7761613604570528 0.7769869113104927 0.7828781829143063 
0.8855085362963635 -0.9271161419990266 -0.9561146094683668 -0.9851738611220288 -0.9901465876561057 -0.9346420637752358 -0.9992930343481089 -0.9590496210746432 -0.9377273061890513 -0.794034523524106 -0.8409282100978949 -0.6512568774167847 -0.7149888524993957 -0.6225053928958261 -0.5547245159262935 -0.4558648558518334 -0.3667616144513572 -0.2100105546083778 -0.1663120833120004 -0.07501698375993773 0.043323727870777755 0.17893230654310882 0.24606543158875407 0.189732962972808 0.4524380491896201 0.4692598556403732 0.6291706107095403 0.7761613604570528 0.7769869113104927 0.7828781829143063 
0.8849871561446716 -0.9111183206484758 -0.9657908561366303 -0.8808651298624722 -0.9900654208536657 -0.9166022665952022 -0.9931345371733946 -0.9637866986574061 -0.9340088648657946 -0.7784342145388614 -0.8366739347927667 -0.7397169998682442 -0.7173456100946264 -0.521195826485132 -0.5506433653173206 -0.45676807898666294 -0.3716745437590141 -0.2053650327585206 -0.17064283416244166 0.022389524975944614 0.03917578837291684 0.1917804495194299 0.24122793768037165 0.43476404035159605 0.4524380491896201 0.4761963766664139 0.6225137338592691 0.5680017838084159 0.7681135785589926 0.9661017455588055 
0.8855085362963635 -0.9249904219975702 -0.9561146094683668 -0.9816201590457772 -1.0 -0.937438787065983 -0.9898198874972968 -0.9590496210746432 -0.9489485284507013 -0.7867284803267068 -0.8527019023976257 -0.6465756490586776 -0.7149888524993957 -0.6285820499270038 -0.5547245159262935 -0.33141570636591333 -0.3657130135798602 -0.18504541607945532 -0.1667119383834564 0.024188911708359566 0.04745475930062531 0.1921601957196721 0.25422437796967895 0.4278236310972021 0.45373537035333794 0.5002753797201368 0.622847597681152 0.7270940799206881 0.7747399994858074 0.9814533614967869 
0.8855085362963635 -0.9271161419990266 -0.9657908561366303 -0.8809159935638028 -0.9949111223495819 -0.9083161877931565 -0.9898198874972968 -0.9590496210746432 -0.9377273061890513 -0.794034523524106 -0.8365074779759114 -0.6546601826995008 -0.7149888524993957 -0.6182382665111248 -0.5547245159262935 -0.45676807898666294 -0.3667616144513572 -0.2053650327585206 -0.16225489539317992 -0.07501698375993773 0.03917578837291684 0.17893230654310882 0.24606543158875407 0.1935024935177614 0.44897640995969745 0.4692598556403732 0.6291706107095403 0.7300006387847597 0.7769869113104927 0.7828781829143063 
0.8855085362963635 -0.9111183206484758 -0.9561146094683668 -0.9851738611220288 -0.9974304273826144 -0.931676165272858 -0.9898198874972968 -0.9578892637377279 -0.9489485284507013 -0.7824411404968772 -0.842921237832297 -0.6481526582653494 -0.7149888524993957 -0.6225053928958261 -0.5471282041032999 -0.16703364496755557 -0.3716745437590141 -0.2053650327585206 -0.17064283416244166 0.02136341296012114 0.03917578837291684 0.17609617082232765 0.25422437796967895 0.4278236310972021 0.4524380491896201 0.4761963766664139 0.6267325694639405 0.7369554491406767 0.7747399994858074 0.9782683081118345 
0.8855085362963635 -0.9111183206484758 -0.9616144812020824 -0.8929585673079559 -0.9930675965824094 -0.931676165272858 -0.9940897843376963 -0.9578892637377279 -0.9367272725743797 -0.7784342145388614 -0.8381464320863725 -0.6422151804525773 -0.7149888524993957 -0.640175935747301 -0.5585319714486111 -0.14857386302552542 -0.3639021277289017 -0.20638730202409683 -0.161784741836668 0.012474380331721139 0.0353808693672637 0.1929227143751064 0.25422437796967895 0.41840460445547256 0.4462596034880331 0.4782384415479304 0.6125067499582492 0.7315641657040056 0.7769869113104927 0.9752971364328191 
0.8855085362963635 -0.9111183206484758 -0.9614617888037074 -0.8929585673079559 -0.9930675965824094 -0.9166022665952022 -0.990285896595604 -0.9590496210746432 -0.9367272725743797 -0.7784342145388614 -0.8418308352134166 -0.7409039373346944 -0.7188769715567407 -0.6358261546768287 -0.5585319714486111 -0.13968294288715555 -0.3615271620753462 -0.20638730202409683 -0.17064283416244166 0.022389524975944614 0.04039001215008743 0.1929227143751064 0.24122793768037165 0.41840460445547256 0.4462596034880331 0.34221313823076116 0.6184342954340224 0.6590521801740357 0.7760897232936025 0.9661017455588055 
0.8855085362963635 -0.929704604137765 -0.9657908561366303 -0.8929585673079559 -0.9984660166993281 -0.9300833323567607 -0.9940897843376963 -0.9590496210746432 -0.940642395526358 -0.7867284803267068 -0.8443596884454182 -0.6465756490586776 -0.7144712072934802 -0.6358261546768287 -0.5531409855577951 -0.14857386302552542 -0.3615271620753462 -0.20638730202409683 -0.16225489539317992 0.033128179785167536 0.04039001215008743 0.18787604147261747 0.2531276406412994 0.4121433197280238 0.4462596034880331 0.4782384415479304 0.6174057421119912 0.7322678637261791 0.7769869113104927 0.9189310667620203 
0.8855085362963635 -0.9130858571554017 -0.9657908561366303 -0.8796517999428208 -1.0 -0.9395838866455365 -0.9898198874972968 -0.9637866986574061 -0.940642395526358 -0.7867284803267068 -0.842921237832297 -0.6465756490586776 -0.7149888524993957 -0.6285820499270038 -0.5481358871429255 -0.156851709113913 -0.36524744949520327 -0.2053650327585206 -0.17064283416244166 0.017476307519425735 0.03917578837291684 0.18787604147261747 0.2531276406412994 0.41840460445547256 0.4462596034880331 0.4761963766664139 0.6174057421119912 0.7300006387847597 0.7769869113104927 0.9800888820933908 
0.8855085362963635 -0.9130858571554017 -0.9657908561366303 -0.8796517999428208 -1.0 -0.9395838866455365 -0.9898198874972968 -0.9637866986574061 -0.940642395526358 -0.7867284803267068 -0.842921237832297 -0.6465756490586776 -0.7149888524993957 -0.6285820499270038 -0.5481358871429255 -0.156851709113913 -0.36524744949520327 -0.2053650327585206 -0.17064283416244166 0.017476307519425735 0.03917578837291684 0.18787604147261747 0.2531276406412994 0.41840460445547256 0.4462596034880331 0.4761963766664139 0.6174057421119912 0.7300006387847597 0.7769869113104927 0.9800888820933908 
0.8855085362963635 -0.9111183206484758 -0.9614617888037074 -0.8929585673079559 -0.9930675965824094 -0.9166022665952022 -0.990285896595604 -0.9590496210746432 -0.9367272725743797 -0.7784342145388614 -0.8418308352134166 -0.7409039373346944 -0.7188769715567407 -0.6358261546768287 -0.5585319714486111 -0.13968294288715555 -0.3615271620753462 -0.20638730202409683 -0.17064283416244166 0.022389524975944614 0.04039001215008743 0.1929227143751064 0.24122793768037165 0.41840460445547256 0.4462596034880331 0.34221313823076116 0.6184342954340224 0.6590521801740357 0.7760897232936025 0.9661017455588055 
0.8855085362963635 -0.929704604137765 -0.9657908561366303 -0.8929585673079559 -0.9984660166993281 -0.9300833323567607 -0.9940897843376963 -0.9590496210746432 -0.940642395526358 -0.7867284803267068 -0.8443596884454182 -0.6465756490586776 -0.7144712072934802 -0.6358261546768287 -0.5531409855577951 -0.14857386302552542 -0.3615271620753462 -0.20638730202409683 -0.16225489539317992 0.033128179785167536 0.04039001215008743 0.18787604147261747 0.2531276406412994 0.4121433197280238 0.4462596034880331 0.4782384415479304 0.6174057421119912 0.7322678637261791 0.7769869113104927 0.9189310667620203 
0.8855085362963635 -0.9111183206484758 -0.9584417707731008 -0.8834464634387972 -0.9885028924421188 -0.9071739257937378 -0.9940897843376963 -0.9666119315092728 -0.9340088648657946 -0.7824411404968772 -0.8443596884454182 -0.6475850025170231 -0.7184767556586448 -0.6358261546768287 -0.5565421063555114 -0.14857386302552542 -0.36135315763561554 -0.20638730202409683 -0.17064283416244166 0.041524747326328576 0.04039001215008743 0.19522528188257296 0.2531276406412994 0.4278236310972021 0.44205033259301124 0.48518614225065887 0.6180781708771266 0.8100990600373821 0.7711913568144858 0.9782683081118345 
0.8855085362963635 -0.9080183133671222 -0.9657908561366303 -0.8796517999428208 -0.9930675965824094 -0.934229815106301 -0.9932359192881053 -0.9590496210746432 -0.940642395526358 -0.7867284803267068 -0.842921237832297 -0.6465756490586776 -0.7188769715567407 -0.6310459423517746 -0.5527599524593697 -0.156851709113913 -0.3657130135798602 -0.1982599488239305 -0.1624235778940546 0.025799266241485368 0.03917578837291684 0.18787604147261747 0.24952490579839873 0.41840460445547256 0.4462596034880331 0.8195130869582872 0.6184342954340224 0.6590521801740357 0.7760897232936025 0.9800888820933908 
0.8855085362963635 -0.9080183133671222 -0.9657908561366303 -0.8796517999428208 -0.9930675965824094 -0.934229815106301 -0.9932359192881053 -0.9590496210746432 -0.940642395526358 -0.7867284803267068 -0.842921237832297 -0.6465756490586776 -0.7188769715567407 -0.6310459423517746 -0.5527599524593697 -0.156851709113913 -0.3657130135798602 -0.1982599488239305 -0.1624235778940546 0.025799266241485368 0.03917578837291684 0.18787604147261747 0.24952490579839873 0.41840460445547256 0.4462596034880331 0.8195130869582872 0.6184342954340224 0.6590521801740357 0.7760897232936025 0.9800888820933908 
0.8853198959569007 -0.9080183133671222 -0.9657908561366303 -0.9865195709605291 -0.9930862363988556 -0.934229815106301 -0.9932359192881053 -0.9590496210746432 -0.9401381199671134 -0.9685151086672137 -0.842921237832297 -0.6465756490586776 -0.7133881672970925 -0.6240096977101516 -0.5563402224984239 -0.15756639141992143 -0.37827355408327684 -0.19751660915754482 -0.1624235778940546 0.025799266241485368 0.02958897581839707 0.18787604147261747 0.2552099050473246 0.18294828697236146 0.44507555198587334 0.8292057780304026 0.6184342954340224 0.6590521801740357 0.7747399994858074 0.9768152189633396 
0.8855085362963635 -0.9031512774911874 -0.9700453989974709 -0.8792121116440227 -1.0 -0.934229815106301 -0.9940897843376963 -0.9670119930989834 -0.9333425683553013 -0.8647055721715251 -0.842921237832297 -0.6465756490586776 -0.7178719396909061 -0.6310459423517746 -0.5491089551308659 -0.156851709113913 -0.3657130135798602 -0.4830944149931605 -0.16620860277381383 0.3876565805041751 0.04624944807288594 0.1888556876067412 0.2498467488800505 0.41840460445547256 0.4462596034880331 0.4761963766664139 0.6174057421119912 0.7300006387847597 0.7735036179678034 0.7720683588687165 
0.8855085362963635 -0.9013206430308969 -0.9584417707731008 -0.8781575544306814 -1.0 -0.9166022665952022 -0.9940897843376963 -0.9670119930989834 -0.9340088648657946 -0.8643072812418192 -0.8390854303827394 -0.6383832681221913 -0.7149888524993957 -0.6358261546768287 -0.5481358871429255 -0.14857386302552542 -0.36524744949520327 -0.2096191596092001 -0.17064283416244166 0.3870029440194389 0.04624944807288594 0.19522528188257296 0.2531276406412994 0.41840460445547256 0.4462596034880331 0.47446418103640287 0.6174057421119912 0.5680017838084159 0.7681135785589926 0.9800888820933908 
0.8853198959569007 -0.9080183133671222 -0.9657908561366303 -0.9865195709605291 -0.9930862363988556 -0.934229815106301 -0.9932359192881053 -0.9590496210746432 -0.9401381199671134 -0.9685151086672137 -0.842921237832297 -0.6465756490586776 -0.7133881672970925 -0.6240096977101516 -0.5563402224984239 -0.15756639141992143 -0.37827355408327684 -0.19751660915754482 -0.1624235778940546 0.025799266241485368 0.02958897581839707 0.18787604147261747 0.2552099050473246 0.18294828697236146 0.44507555198587334 0.8292057780304026 0.6184342954340224 0.6590521801740357 0.7747399994858074 0.9768152189633396 
0.8853198959569007 -0.9080183133671222 -0.9584417707731008 -0.9865195709605291 -0.9930675965824094 -0.934229815106301 -0.9940897843376963 -0.9590496210746432 -0.9340088648657946 -0.7776427630348266 -0.842921237832297 -0.6475850025170231 -0.7042932358972017 -0.6240096977101516 -0.5658611669489171 -0.0027825301693715776 -0.36359806021624586 -0.20638730202409683 -0.16992153136335314 0.0300401107390923 0.03917578837291684 0.19522528188257296 0.23663239281635254 0.18549506416924585 0.44205033259301124 0.8195130869582872 0.6184342954340224 0.6573271805018349 0.7748414180268448 0.9802494331752306 
0.8855085362963635 -0.9044579072144225 -0.9657908561366303 -0.897980481893121 -1.0 -0.9166022665952022 -0.9940897843376963 -0.9670119930989834 -0.9373265081481874 -0.854457345120882 -0.8373304791767361 -0.6465756490586776 -0.7108835349338289 -0.6285820499270038 -0.5481358871429255 -0.14610353894571856 -0.36524744949520327 -0.2149738096508398 -0.17064283416244166 0.3870029440194389 0.04039001215008743 0.5708455969657995 0.2531276406412994 0.4139183850613483 0.4462596034880331 0.4782384415479304 0.6174057421119912 0.7322678637261791 0.7681135785589926 0.9800888820933908 
0.8855085362963635 -0.9031512774911874 -0.9700453989974709 -0.8792121116440227 -1.0 -0.934229815106301 -0.9940897843376963 -0.9670119930989834 -0.9333425683553013 -0.8647055721715251 -0.842921237832297 -0.6465756490586776 -0.7178719396909061 -0.6310459423517746 -0.5491089551308659 -0.156851709113913 -0.3657130135798602 -0.4830944149931605 -0.16620860277381383 0.3876565805041751 0.04624944807288594 0.1888556876067412 0.2498467488800505 0.41840460445547256 0.4462596034880331 0.4761963766664139 0.6174057421119912 0.7300006387847597 0.7735036179678034 0.7720683588687165 
0.5577647108718794 -0.9675345886139546 -0.8256469962649026 -0.9946607849498502 -0.9975528580795601 -0.989778727286486 -0.844424981831252 -0.9349638249924601 -0.5721152873056624 -0.8371022899001531 -0.5100572931569229 -0.7141676861716245 -0.6869357366641594 -0.5337339179723084 -0.9415820337591632 -0.3554596995497714 -0.2445783600122591 -0.14853447273180925 -0.17292198731970054 0.08228399181524787 0.06811280932053304 0.2777776546782296 0.28032404667090516 0.42082420333444803 0.5029030533472524 0.6500140176530121 0.6334663639588681 0.7832564390276128 0.7008603004121308 0.908162614506041 
0.5577647108718794 -0.9259229476535864 -0.7351260693417 -0.9757181034815654 -1.0 -0.9878025956283395 -0.844424981831252 -0.9574701191752077 -0.8538925904829292 -0.8371022899001531 -0.8352683802863389 -0.7164927182018695 -0.6392992345444852 -0.5533459398504752 -0.5510117117223737 -0.42752895656870765 -0.37752535421230354 -0.14853447273180925 -0.17292198731970054 0.016016692696819067 0.16002293140298307 0.27166389763669885 0.801546896046025 0.42649078013424707 0.4983909851239441 0.6500140176530121 0.6358219608451933 0.7522708596276141 0.7717374697207846 0.8746434513082186 
0.5561372187656834 -0.9773447486879328 -0.7351260693417 -0.9763034739847178 -0.9643064698985214 -0.996934700558377 -0.9883974798572033 -0.9574701191752077 -0.6845223811781458 -0.862106458170599 -0.8352683802863389 -0.7164927182018695 -0.6392992345444852 -0.5676624777904765 -0.55582632729847 -0.4265180611325641 -0.3750035347434323 -0.21135745783001658 -0.16869882581354312 0.016016692696819067 0.16002293140298307 0.1877039585632418 0.25570665131244347 0.4229995094261651 0.4956880526024668 0.5859571306870736 0.6358219608451933 0.7548842262841425 0.7694107730959061 0.8796642188723944 
0.5577647108718794 -0.9259229476535864 -0.7351260693417 -0.9757181034815654 -1.0 -0.9878025956283395 -0.844424981831252 -0.9574701191752077 -0.8538925904829292 -0.8371022899001531 -0.8352683802863389 -0.7164927182018695 -0.6392992345444852 -0.5533459398504752 -0.5510117117223737 -0.42752895656870765 -0.37752535421230354 -0.14853447273180925 -0.17292198731970054 0.016016692696819067 0.16002293140298307 0.27166389763669885 0.801546896046025 0.42649078013424707 0.4983909851239441 0.6500140176530121 0.6358219608451933 0.7522708596276141 0.7717374697207846 0.8746434513082186 
0.5561372187656834 -0.9307155464535168 -0.9523318688241832 -0.9757181034815654 -0.9799484020394978 -0.9830819144340208 -0.9898198874972968 -0.9627784248664111 -0.930882192670423 -0.8368976122986245 -0.8370323521422629 -0.7368075948399903 -0.6392992345444852 -0.562738321850583 -0.5431866888902394 -0.430367800976728 -0.37387291948078133 -0.20412187959864614 -0.14818070654280502 0.016016692696819067 0.16002293140298307 0.19516515896302475 0.8143892865724325 0.41009928980133886 0.4983909851239441 0.5661541845594495 0.6198965532331083 0.7300006387847597 0.7751572962765014 0.8746434513082186 
0.5561372187656834 -0.9773447486879328 -0.7351260693417 -0.9763034739847178 -0.9643064698985214 -0.996934700558377 -0.9883974798572033 -0.9574701191752077 -0.6845223811781458 -0.862106458170599 -0.8352683802863389 -0.7164927182018695 -0.6392992345444852 -0.5676624777904765 -0.55582632729847 -0.4265180611325641 -0.3750035347434323 -0.21135745783001658 -0.16869882581354312 0.016016692696819067 0.16002293140298307 0.1877039585632418 0.25570665131244347 0.4229995094261651 0.4956880526024668 0.5859571306870736 0.6358219608451933 0.7548842262841425 0.7694107730959061 0.8796642188723944 
0.5561372187656834 -0.9259229476535864 -0.7351260693417 -0.9757181034815654 -0.9741904911557829 -0.996934700558377 -0.9883974798572033 -0.9574701191752077 -0.8634576029322081 -0.862106458170599 -0.840361713731085 -0.7164927182018695 -0.6392992345444852 -0.5533459398504752 -0.5510117117223737 -0.4353118848787786 -0.37387291948078133 -0.21135745783001658 -0.15573213072338418 0.016016692696819067 0.16002293140298307 0.19516515896302475 0.25570665131244347 0.42307284907643083 0.4983909851239441 0.5673663534890631 0.6358219608451933 0.7599380272732176 0.7694107730959061 0.8746434513082186 
0.5557375057216052 -0.9259229476535864 -0.7421404234148061 -0.9682673807106863 -0.9699634282665412 -0.996934700558377 -0.9883974798572033 -0.9574701191752077 -0.8634576029322081 -0.8709037415207014 -0.8352683802863389 -0.7164927182018695 -0.6392992345444852 -0.5533459398504752 -0.5417862366938047 -0.4353118848787786 -0.37752535421230354 -0.21135745783001658 -0.16869882581354312 0.016016692696819067 0.15859093249534112 0.19516515896302475 0.25570665131244347 0.42307284907643083 0.4983909851239441 0.5755822394433683 0.6358219608451933 0.7599380272732176 0.7694107730959061 0.8796642188723944 
0.5569052115648542 -0.9380959371678868 -0.9523318688241832 -0.9757181034815654 -0.9813720965784656 -0.9830819144340208 -0.992911936909677 -0.9574701191752077 -0.8603529859314779 -0.8697127328457132 -0.8370323521422629 -0.7289097916476058 -0.706506435904566 -0.5621683622017359 -0.5510117117223737 -0.430367800976728 -0.35695088427466326 -0.21135745783001658 -0.15573213072338418 0.016016692696819067 0.16271411524777926 0.1949244900331446 0.25319398167396334 0.4324258491966085 0.4504257810218284 0.5575261746676988 0.6007414066691495 0.7540011681994999 0.7694107730959061 0.8746434513082186 
0.5561372187656834 -0.9351269882703733 -0.9532596342782873 -0.9803463701290576 -0.9940371961552442 -0.996934700558377 -0.9630453816529345 -0.96281083959941 -0.8548308823153209 -0.8639397965852488 -0.840361713731085 -0.7198358861775123 -0.6392992345444852 -0.5533459398504752 -0.5510117117223737 -0.4353118848787786 -0.37387291948078133 -0.2161791845553624 -0.15573213072338418 -0.07559595750573458 0.16002293140298307 0.19379863819851503 0.25570665131244347 0.3660469465679372 0.43802457299226827 0.5378731202272294 0.6358219608451933 0.7599380272732176 0.7845274297038904 0.8820946145432916 
0.5524325872341215 -0.9351269882703733 -0.9627812832637344 -0.9665109224464117 -0.9940371961552442 -0.9861349176914523 -1.0 -0.9426252681631546 -0.859650419371133 -0.862106458170599 -0.8356411761087231 -0.7368075948399903 -0.706506435904566 -0.6167205205245877 -0.5450381839376875 -0.45706431973537975 -0.3542643540067388 -0.20300433508128957 -0.17292198731970054 -0.08189857012425866 0.05314500152780771 0.1769702915872563 0.2584303170876041 0.3666622464031978 0.44078614937153576 0.5459880943454288 0.6372365348404269 0.7476539210155744 0.7856285401327894 0.8971541899099558 
0.5522468374967846 -0.9227533378882529 -0.9440230623900298 -0.9281867431668585 -0.9805393978649231 -1.0 -0.985365957932086 -0.9493790291023964 -0.9241773852393473 -0.8431686414062992 -0.8474615595082935 -0.8470263583183292 -0.7219163172893295 -0.6040438311671783 -0.5678261159582406 -0.45065238829668847 -0.3714071199989152 -0.2314713068110479 -0.14777825745202347 -0.11676554656335038 0.041532441847580516 0.14630523180757848 0.2499982979852846 0.3612675838305859 0.44870537496395074 0.6196590552261338 0.6077066213615365 0.7639593569809171 0.7889324588374148 0.8954744347730177 
0.5522468374967846 -0.9191306328705756 -0.9560666571635806 -0.9281867431668585 -0.9918716184724425 -0.8985950500724927 -0.985365957932086 -0.9524649345308577 -0.9402225730852888 -0.8450384095894563 -0.8474615595082935 -0.8470263583183292 -0.7219163172893295 -0.6163679622002959 -0.5678261159582406 -0.43075800310478185 -0.3767614324213929 -0.23313438603045467 -0.17460232023865987 -0.1156432240941268 0.04507587636239691 0.19318554698122892 0.2426731647935181 0.26990411309126333 0.4505967396068634 0.6196590552261338 0.6209614620238952 0.7695468736888311 0.7575184390591485 0.9806481828786966 
0.5513630420448277 -0.9211815652600482 -0.9532596342782873 -0.986565638338699 -1.0 -0.8998403527749304 -0.9892039005963983 -0.9601498976633447 -0.9451514802499583 -0.8304410135519472 -0.859188184901999 -0.9470195196207075 -0.7318291614377979 -0.5955241302114487 -0.5679554472886464 -0.4687451868313548 -0.3806749080153561 -0.2179953749831567 -0.17663404163566307 -0.17096070878287903 0.039947638338525146 0.1847972534069351 0.24339396982802683 0.25585637061679206 0.44433400008898954 0.5297171011887527 0.601461714538975 0.7132169977639646 0.7602840973169858 0.8213548531736674 
0.5513630420448277 -0.9211815652600482 -0.9624536592011225 -0.9901200221434883 -1.0 -0.8973191713851568 -0.9945170376447514 -0.9464070827776181 -0.9395089115406772 -0.8292225147399563 -0.8603818026806458 -0.6143376604707179 -0.7314638419798251 -0.5902209590924419 -0.5679554472886464 -0.4035427182919835 -0.3806749080153561 -0.39853613330500937 -0.17663404163566307 -0.15448849361328235 0.025194732136086386 0.1948947654944318 0.24339396982802683 0.25585637061679206 0.44494043690355367 0.52786649750921 0.601461714538975 0.5365130785466954 0.76150579918393 0.9655994085130464 
0.550808116782215 -0.9468255098904523 -0.9553031958222211 -0.9292718360380554 -0.9854351028471583 -0.907050656849045 -0.9842562997573482 -0.9694545456886893 -0.9574557697509416 -0.81471802729951 -0.8647911014953705 -0.6352501838083587 -0.73004352352938 -0.5840900972263174 -0.5734679642085543 -0.42719266576583204 -0.3878601922927966 -0.23305801818664493 -0.18334507948550954 -0.2121427512142318 0.01923562583986641 0.2548619397079025 0.22249550340637073 0.3963680172503165 0.4324869980576801 0.6320044120614391 0.6016383615317761 0.5240169582812904 0.7599518281443082 0.9701138191383663 
0.550808116782215 -0.7455988837623411 -0.9577800399154625 -0.930436841078238 -0.9914158891662755 -0.907050656849045 -0.9842562997573482 -0.9694545456886893 -0.9497851392621468 -0.81471802729951 -0.8621367039973613 -0.7871451270812444 -0.7309308389560932 -0.5807908949643288 -0.5832171526230394 -0.43351029800864965 -0.3878601922927966 -0.23485300358980352 -0.18334507948550954 -0.21236581713736125 0.013481422691311739 0.24954923103584123 0.21374658368572805 0.3963680172503165 0.4324869980576801 0.29426733243663183 0.6016383615317761 0.5240169582812904 0.7593724824353515 0.9701138191383663 
0.550808116782215 -0.9116617438090718 -0.9688686698930468 -0.9305829580422034 -0.9914158891662755 -0.9048931397074983 -0.9991129867253586 -0.9694545456886893 -0.9497851392621468 -0.8361934631461488 -0.8578971671532724 -0.597680193326721 -0.7315170768753598 -0.48575128702544124 -0.5747745216566936 -0.41371841183185704 -0.39319966245188026 -0.2338983849002729 -0.185496305461126 -0.25178015835450673 0.009631552947750015 0.25899791405875083 0.2247970514045182 0.37342840511533865 0.4313143779786229 0.6304626812939318 0.6062877438349767 0.5246311410559634 0.7575184390591485 0.9695021942607278 
0.550808116782215 -0.9339212787124805 -0.9529628011934563 -0.9320573343296757 -0.9909644551686627 -0.92373513540814 -0.9907954363193496 -0.9702932177295595 -0.958950576210309 -0.8429740332868967 -0.8569673145494553 -0.6054802946055836 -0.7315170768753598 -0.5812393524165742 -0.579335982666472 -0.6170976965630812 -0.3878601922927966 -0.24009654396234512 -0.18334507948550954 -0.25178015835450673 0.013481422691311739 0.25025105544442877 0.2247970514045182 0.37342840511533865 0.4253272642074236 0.29208724077455406 0.597676287025153 0.5240169582812904 0.7575184390591485 0.9711114537008023 
0.550808116782215 -0.9261363090986031 -0.960706965305333 -0.9292718360380554 -0.9993382214301895 -0.9080330599098008 -0.9905989062602442 -0.9563471080344529 -0.9584367821277646 -0.8517184719411436 -0.8578971671532724 -0.6161310379611721 -0.73004352352938 -0.7837578752395009 -0.5734679642085543 -0.42719266576583204 -0.3878601922927966 -0.23305801818664493 -0.1844491091072043 -0.21196681963071673 0.02377100835358513 0.2515696848326838 0.22428256815564065 0.38689648143345307 0.4241232496873241 0.6358743682718474 0.6060308061157362 0.5234260734042627 0.7575184390591485 0.5963406766579551 
0.550808116782215 -0.9261363090986031 -0.960706965305333 -0.945874872677999 -0.9909644551686627 -0.9048931397074983 -0.9998487877116531 -0.9660874498501718 -0.9497851392621468 -0.8410668010206773 -0.8569673145494553 -0.6054802946055836 -0.7315170768753598 -0.5341991217055128 -0.579335982666472 -0.41301783498312705 -0.39412000638723027 -0.24009654396234512 -0.185496305461126 -0.25178015835450673 0.014625261540450506 0.25899791405875083 0.2247970514045182 0.37342840511533865 0.43362920424450974 0.6304626812939318 0.6062877438349767 0.5191317461104883 0.7575184390591485 0.6046825322904704 
0.550808116782215 -0.9261363090986031 -0.9599572173803576 -0.930436841078238 -0.9914158891662755 -0.8996832111688333 -0.981158529385068 -0.9694545456886893 -0.9497851392621468 -0.81471802729951 -0.8578971671532724 -0.6353207288683665 -0.73004352352938 -0.5404545876239308 -0.5748721701814835 -0.4171857274967059 -0.3878601922927966 -0.23634628179457418 -0.18334507948550954 -0.05637488752232378 0.014209261521736405 0.2548619397079025 0.22428256815564065 0.40015073723995925 0.4320323005871107 0.29426733243663183 0.6016383615317761 0.31230502092584 0.7575184390591485 0.9695021942607278 
0.550808116782215 -0.9371622418839272 -0.9615368789952823 -0.9331531418416086 -0.9905143737105736 -0.92373513540814 -0.9991129867253586 -0.9519342578169516 -0.9444707086112126 -0.8450384095894563 -0.8569673145494553 -0.597680193326721 -0.7315170768753598 -0.5812393524165742 -0.576008452134893 -0.41680643696479186 -0.3878601922927966 -0.23073680758512838 -0.18334507948550954 -0.25178015835450673 0.01923562583986641 0.25025105544442877 0.22429933988553263 0.37342840511533865 0.43341562675846373 0.6335474094991947 0.597676287025153 0.5249205408001087 0.7508052388815276 0.9711114537008023 
0.550808116782215 -0.7455988837623411 -0.9577800399154625 -0.841917154888949 -0.9914158891662755 -0.92373513540814 -0.9877776309852628 -0.9605319178808255 -0.9497851392621468 -0.81471802729951 -0.8569673145494553 -0.6352501838083587 -0.7315170768753598 -0.5799741885747373 -0.5832171526230394 -0.43351029800864965 -0.3878601922927966 -0.23073680758512838 -0.18334507948550954 0.4032607210266239 0.013481422691311739 0.24954923103584123 0.2247970514045182 0.3963680172503165 0.4306369368110203 0.29426733243663183 0.597676287025153 0.5240169582812904 0.7593724824353515 0.9711114537008023 
0.550808116782215 -0.9261363090986031 -0.9615368789952823 -0.9331531418416086 -0.9993382214301895 -0.9221993424112318 -0.9905989062602442 -0.9563471080344529 -0.9444707086112126 -0.8517184719411436 -0.8578971671532724 -0.597680193326721 -0.7304218119190398 -0.5812393524165742 -0.5735274702957918 -0.4171857274967059 -0.3878601922927966 -0.23377767738099925 -0.1844491091072043 0.175534181752395 0.01923562583986641 0.2515696848326838 0.22240502630718076 0.3950005547389727 0.43362920424450974 0.6372677415554514 0.6027839015275694 0.5227214620806323 0.7575184390591485 0.9711114537008023 
0.550808116782215 -0.7423478494747192 -0.9577800399154625 -0.9331531418416086 -0.9914158891662755 -0.907050656849045 -1.0 -0.9672238712554255 -0.9497851392621468 -0.8450384095894563 -0.8647911014953705 -0.6352501838083587 -0.7315170768753598 -0.5741263755678193 -0.5736115122024197 -0.42719266576583204 -0.3878601922927966 -0.23485300358980352 -0.18334507948550954 -0.21236581713736125 0.01923562583986641 0.5674164865844344 0.2219268236804402 0.3963680172503165 0.4306369368110203 0.29426733243663183 0.6060308061157362 0.5240169582812904 0.7599518281443082 0.60428609532897 
0.550808116782215 -0.9217323467697456 -0.960706965305333 -0.945874872677999 -0.9909644551686627 -0.907050656849045 -1.0 -0.9694545456886893 -0.943228527971885 -0.8119859835633607 -0.8578971671532724 -0.6109391158647524 -0.7365016381623449 -0.5341991217055128 -0.5716355437638571 -0.41301783498312705 -0.3916954620124907 -0.12989939076545443 -0.18334507948550954 -0.05637488752232378 0.014625261540450506 0.5676501469893971 0.22428256815564065 0.40015073723995925 0.43362920424450974 0.6265178141890893 0.6060308061157362 0.5281058260589059 0.7575184390591485 0.5974894644666808 
0.550808116782215 -0.784031238935224 -0.9612316519373173 -0.9331531418416086 -0.9914158891662755 -0.8955133333240503 -0.9926167881996956 -0.9605319178808255 -0.9497851392621468 -0.8430714787155638 -0.8569673145494553 -0.6352501838083587 -0.7299705181677428 -0.5741263755678193 -0.579335982666472 -0.43351029800864965 -0.3878601922927966 -0.23377767738099925 -0.18334507948550954 -0.21236581713736125 0.013481422691311739 0.24954923103584123 0.22693964162963837 0.3963680172503165 0.4306369368110203 0.29426733243663183 0.6094623576758531 0.5240169582812904 0.7593724824353515 0.9531823543624376 
0.550808116782215 -0.9217323467697456 -0.960706965305333 -0.945874872677999 -0.9909644551686627 -0.907050656849045 -1.0 -0.9694545456886893 -0.943228527971885 -0.8119859835633607 -0.8578971671532724 -0.6109391158647524 -0.7365016381623449 -0.5341991217055128 -0.5716355437638571 -0.41301783498312705 -0.3916954620124907 -0.12989939076545443 -0.18334507948550954 -0.05637488752232378 0.014625261540450506 0.5676501469893971 0.22428256815564065 0.40015073723995925 0.43362920424450974 0.6265178141890893 0.6060308061157362 0.5281058260589059 0.7575184390591485 0.5974894644666808 
0.550808116782215 -0.9261363090986031 -0.960706965305333 -0.9331531418416086 -0.9914158891662755 -0.9167304718414789 -0.9991129867253586 -0.9519342578169516 -0.9497851392621468 -0.8582221672462057 -0.8578971671532724 -0.597680193326721 -0.7315170768753598 -0.5404545876239308 -0.5734679642085543 -0.41680643696479186 -0.3878601922927966 -0.2338983849002729 -0.18334507948550954 -0.25178015835450673 0.016095816009818624 0.25409704969060704 0.2247970514045182 0.37342840511533865 0.43362920424450974 0.6335474094991947 0.6062877438349767 0.5300038901564172 0.7508052388815276 0.6046825322904704 
0.550808116782215 -0.9261363090986031 -0.9615368789952823 -0.9331531418416086 -0.9993382214301895 -0.9221993424112318 -0.9905989062602442 -0.9563471080344529 -0.9444707086112126 -0.8517184719411436 -0.8578971671532724 -0.597680193326721 -0.7304218119190398 -0.5812393524165742 -0.5735274702957918 -0.4171857274967059 -0.3878601922927966 -0.23377767738099925 -0.1844491091072043 0.175534181752395 0.01923562583986641 0.2515696848326838 0.22240502630718076 0.3950005547389727 0.43362920424450974 0.6372677415554514 0.6027839015275694 0.5227214620806323 0.7575184390591485 0.9711114537008023 
0.550808116782215 -0.7419556080537293 -0.9544991411907519 -0.9331531418416086 -0.9957513824737317 -0.9231200228603599 -0.9877776309852628 -0.9403494511371921 -0.9495786373728167 -0.81471802729951 -0.8569673145494553 -0.6352501838083587 -0.7250275413667163 -0.5846448066014059 -0.5734679642085543 -0.43351029800864965 -0.3878601922927966 -0.23073680758512838 -0.18499170472922444 0.4032607210266239 0.02377100835358513 0.24954923103584123 0.2247970514045182 0.3963680172503165 0.4306369368110203 0.11050061917792364 0.5960892029231982 0.5240169582812904 0.7593724824353515 0.9759527414967968 
0.550808116782215 -0.9339212787124805 -0.9529628011934563 -0.938072522930657 -0.9909644551686627 -0.92373513540814 -0.9907954363193496 -0.12192325588367581 -0.9497851392621468 -0.8119859835633607 -0.8578971671532724 -0.6109391158647524 -0.727637151263351 -0.5812393524165742 -0.5790853290404718 -0.420505908213773 -0.3878601922927966 -0.23485300358980352 -0.18334507948550954 -0.05332276018522772 0.014625261540450506 0.25870369657340686 0.2247970514045182 0.373677408793856 0.4253272642074236 0.29419341282294836 0.6060308061157362 0.525922188265167 0.7599518281443082 0.6006449989238434 
0.550808116782215 -0.9339212787124805 -0.9529628011934563 -0.938072522930657 -0.9909644551686627 -0.92373513540814 -0.9907954363193496 -0.12192325588367581 -0.9497851392621468 -0.8119859835633607 -0.8578971671532724 -0.6109391158647524 -0.727637151263351 -0.5812393524165742 -0.5790853290404718 -0.420505908213773 -0.3878601922927966 -0.23485300358980352 -0.18334507948550954 -0.05332276018522772 0.014625261540450506 0.25870369657340686 0.2247970514045182 0.373677408793856 0.4253272642074236 0.29419341282294836 0.6060308061157362 0.525922188265167 0.7599518281443082 0.6006449989238434 
0.22733577859247375 -0.9753328479725492 -0.183353869147461 -0.9798652447155172 -1.0 -0.9842828475903157 -0.9448932924964623 -0.922318061800156 -0.9228235610426956 -0.8210791237427849 -0.5374685045332688 -0.6853326824027227 -0.479432458220451 -0.5163355669483746 -0.40563395391236307 -0.32145675552551356 -0.21896760507209873 -0.134134253295925 0.07054266465175885 0.08555839146633992 -0.033789594709587915 0.28648807947766974 0.43623952084275797 0.47818191780533004 0.4977000272899406 0.6647650526723217 0.6877077125098019 0.800289563445465 0.6126044779333067 0.9073161343299435 
0.22733577859247375 -0.9753328479725492 -0.183353869147461 -0.9798652447155172 -1.0 -0.9842828475903157 -0.9448932924964623 -0.922318061800156 -0.9228235610426956 -0.8210791237427849 -0.5374685045332688 -0.6853326824027227 -0.479432458220451 -0.5163355669483746 -0.40563395391236307 -0.32145675552551356 -0.21896760507209873 -0.134134253295925 0.07054266465175885 0.08555839146633992 -0.033789594709587915 0.28648807947766974 0.43623952084275797 0.47818191780533004 0.4977000272899406 0.6647650526723217 0.6877077125098019 0.800289563445465 0.6126044779333067 0.9073161343299435 
0.22733577859247375 -0.9807351294929905 -0.9892305648756968 -1.0 -0.8246812792850553 -0.9895741582454392 -0.666267262321401 -0.9230334348966202 -0.40611737006035575 -0.8163901449594341 -0.5358496537881893 -0.6803153794304777 -0.4692981191362248 -0.5124069672661884 -0.4223916280914969 -0.32145675552551356 -0.21193221879660462 -0.11680824213036052 0.07393975871802173 0.07938832185207108 -0.3916053493701772 0.294051655018942 0.43067973700777545 0.4723283332800645 0.42386715923733276 0.6494859548436358 0.6829515034898871 0.7944853227789868 0.5936895360782533 0.8913224243700482 
0.22733577859247375 -0.9807351294929905 -0.9892305648756968 -1.0 -0.8246812792850553 -0.9895741582454392 -0.666267262321401 -0.9230334348966202 -0.40611737006035575 -0.8163901449594341 -0.5358496537881893 -0.6803153794304777 -0.4692981191362248 -0.5124069672661884 -0.4223916280914969 -0.32145675552551356 -0.21193221879660462 -0.11680824213036052 0.07393975871802173 0.07938832185207108 -0.3916053493701772 0.294051655018942 0.43067973700777545 0.4723283332800645 0.42386715923733276 0.6494859548436358 0.6829515034898871 0.7944853227789868 0.5936895360782533 0.8913224243700482 
0.22733577859247375 -0.9753328479725492 -0.9892305648756968 -0.9970551752916248 -0.8163354808103094 -0.9956653783781354 -0.9497887363672558 -0.9230334348966202 -0.40611737006035575 -0.8163901449594341 -0.5358496537881893 -0.6854225710005903 -0.479432458220451 -0.5163355669483746 -0.4223916280914969 -0.32145675552551356 -0.21193221879660462 -0.11680824213036052 0.07054266465175885 0.07938832185207108 -0.3916053493701772 0.28648807947766974 0.43067973700777545 0.4723283332800645 0.49320438866591687 0.6494859548436358 0.6795637321388269 0.7944853227789868 0.5995768188263291 0.9073161343299435 
0.22733577859247375 -0.9753328479725492 -0.9892305648756968 -0.9970551752916248 -0.8163354808103094 -0.9956653783781354 -0.9497887363672558 -0.9230334348966202 -0.40611737006035575 -0.8163901449594341 -0.5358496537881893 -0.6854225710005903 -0.479432458220451 -0.5163355669483746 -0.4223916280914969 -0.32145675552551356 -0.21193221879660462 -0.11680824213036052 0.07054266465175885 0.07938832185207108 -0.3916053493701772 0.28648807947766974 0.43067973700777545 0.4723283332800645 0.49320438866591687 0.6494859548436358 0.6795637321388269 0.7944853227789868 0.5995768188263291 0.9073161343299435 
0.22733577859247375 -0.9789746820129015 -0.9889244448666965 -0.9937742548289483 -0.9782844643831725 -0.977411820023425 -0.9341639953309491 -0.9230334348966202 -0.8808906156921789 -0.8163901449594341 -0.8274962584180383 -0.6882838041971506 -0.48410034772411814 -0.5147572710865285 -0.4458736132747078 -0.3362536849205864 -0.2068769041299471 -0.11021265009994366 0.06810080990325866 0.08783365742335351 -0.015857472483108325 0.2850787396281075 0.41397157116920064 0.478984223033543 0.4937461872624161 0.6623064627405078 0.9739623198847221 0.8141165804734645 0.3186575570767638 0.9054232676176229 
0.22733577859247375 -0.9870347187222256 -0.9920836785600254 -1.0 -0.9912582657605922 -0.9817667023046476 -0.666267262321401 -0.9230334348966202 -0.8808906156921789 -0.8163901449594341 -0.5301509446594166 -0.6803153794304777 -0.4692981191362248 -0.5124069672661884 -0.43988569669393773 -0.32145675552551356 -0.21193221879660462 -0.13201953983887027 0.07393975871802173 0.08879727005385908 0.42086567604028274 0.294051655018942 0.43851406537883075 0.47352656927060405 0.42617263887404083 0.6494859548436358 0.9680890251163743 0.8176226191784421 0.5936895360782533 0.9054232676176229 
0.22733577859247375 -0.9870347187222256 -0.9920836785600254 -1.0 -0.9912582657605922 -0.9817667023046476 -0.666267262321401 -0.9230334348966202 -0.8808906156921789 -0.8163901449594341 -0.5301509446594166 -0.6803153794304777 -0.4692981191362248 -0.5124069672661884 -0.43988569669393773 -0.32145675552551356 -0.21193221879660462 -0.13201953983887027 0.07393975871802173 0.08879727005385908 0.42086567604028274 0.294051655018942 0.43851406537883075 0.47352656927060405 0.42617263887404083 0.6494859548436358 0.9680890251163743 0.8176226191784421 0.5936895360782533 0.9054232676176229 
0.22733577859247375 -0.9841545003842392 -0.9892305648756968 -1.0 -0.9821211078155786 -0.9716855779173984 -0.9602750247244984 -0.9272410739441674 -0.5752080177506141 -0.8163901449594341 -0.7289577235898064 -0.6783920873194285 -0.479432458220451 -0.5147572710865285 -0.4449847230215137 -0.32767179026030696 -0.1840772696300464 -0.11021265009994366 -0.22034531328310747 0.07405158311963765 -0.021380305806099467 0.2864164455589219 0.41397157116920064 0.47352656927060405 0.4937461872624161 0.6627196534272227 0.9805655405568 0.8176226191784421 0.8853916303013913 0.9054232676176229 
0.22733577859247375 -0.9807351294929905 -0.9772658728767629 -1.0 -0.9740688390831554 -0.9895741582454392 -0.9602750247244984 -0.922318061800156 -0.5661887537332005 -0.8220014336175145 -0.7246927343147157 -0.6854225710005903 -0.48410034772411814 -0.5144262843140837 -0.40563395391236307 -0.3130511171458136 -0.21235193352649687 -0.13348642661746005 0.07393975871802173 0.07938832185207108 -0.021380305806099467 0.294051655018942 0.43067973700777545 0.4723283332800645 -0.018005011032324658 0.6494859548436358 0.6829515034898871 0.7909668243913158 0.8853916303013913 0.9054232676176229 
0.22733577859247375 -0.9841545003842392 -0.9892305648756968 -1.0 -0.9821211078155786 -0.9716855779173984 -0.9602750247244984 -0.9272410739441674 -0.5752080177506141 -0.8163901449594341 -0.7289577235898064 -0.6783920873194285 -0.479432458220451 -0.5147572710865285 -0.4449847230215137 -0.32767179026030696 -0.1840772696300464 -0.11021265009994366 -0.22034531328310747 0.07405158311963765 -0.021380305806099467 0.2864164455589219 0.41397157116920064 0.47352656927060405 0.4937461872624161 0.6627196534272227 0.9805655405568 0.8176226191784421 0.8853916303013913 0.9054232676176229 
0.22733577859247375 -0.9807351294929905 -0.9772658728767629 -1.0 -0.9740688390831554 -0.9895741582454392 -0.9602750247244984 -0.922318061800156 -0.5661887537332005 -0.8220014336175145 -0.7246927343147157 -0.6854225710005903 -0.48410034772411814 -0.5144262843140837 -0.40563395391236307 -0.3130511171458136 -0.21235193352649687 -0.13348642661746005 0.07393975871802173 0.07938832185207108 -0.021380305806099467 0.294051655018942 0.43067973700777545 0.4723283332800645 -0.018005011032324658 0.6494859548436358 0.6829515034898871 0.7909668243913158 0.8853916303013913 0.9054232676176229 
0.22733577859247375 -0.9789746820129015 -0.9889244448666965 -0.9937742548289483 -0.9782844643831725 -0.977411820023425 -0.9341639953309491 -0.9230334348966202 -0.8808906156921789 -0.8163901449594341 -0.8274962584180383 -0.6882838041971506 -0.48410034772411814 -0.5147572710865285 -0.4458736132747078 -0.3362536849205864 -0.2068769041299471 -0.11021265009994366 0.06810080990325866 0.08783365742335351 -0.015857472483108325 0.2850787396281075 0.41397157116920064 0.478984223033543 0.4937461872624161 0.6623064627405078 0.9739623198847221 0.8141165804734645 0.3186575570767638 0.9054232676176229 
0.22733577859247375 -0.9870347187222256 -0.9920836785600254 -1.0 -1.0 -0.9845893009894783 -0.9318977710360989 -0.9230334348966202 -0.8808906156921789 -0.8220731457291288 -0.25171370580229957 -0.6803153794304777 -0.48410034772411814 -0.5124069672661884 -0.43988569669393773 -0.33395759429534955 -0.21193221879660462 -0.13201953983887027 0.07390075031620742 0.08783365742335351 0.4139060797138461 0.2850787396281075 0.43684628360388467 0.478984223033543 0.4364754282754979 0.6397340410454233 0.6877077125098019 0.8176226191784421 0.5936895360782533 0.9054232676176229 
0.22733577859247375 -0.9789746820129015 -0.9892305648756968 -1.0 -0.8163354808103094 -0.9817667023046476 -0.9602750247244984 -0.9329793965134889 -0.5702370835700701 -0.8163901449594341 -0.8274962584180383 -0.6882838041971506 -0.479432458220451 -0.5147572710865285 -0.4449847230215137 -0.3362536849205864 -0.028017896293422773 -0.13550011773825438 0.06694161963874444 0.08879727005385908 -0.021380305806099467 0.28648807947766974 0.41397157116920064 0.47352656927060405 0.4937461872624161 0.6623064627405078 0.9739623198847221 0.8176226191784421 0.5995768188263291 0.9054232676176229 
0.22733577859247375 -0.9870347187222256 -0.9920836785600254 -1.0 -1.0 -0.9845893009894783 -0.9318977710360989 -0.9230334348966202 -0.8808906156921789 -0.8220731457291288 -0.25171370580229957 -0.6803153794304777 -0.48410034772411814 -0.5124069672661884 -0.43988569669393773 -0.33395759429534955 -0.21193221879660462 -0.13201953983887027 0.07390075031620742 0.08783365742335351 0.4139060797138461 0.2850787396281075 0.43684628360388467 0.478984223033543 0.4364754282754979 0.6397340410454233 0.6877077125098019 0.8176226191784421 0.5936895360782533 0.9054232676176229 
0.22733577859247375 -0.9789746820129015 -0.9892305648756968 -1.0 -0.8163354808103094 -0.9817667023046476 -0.9602750247244984 -0.9329793965134889 -0.5702370835700701 -0.8163901449594341 -0.8274962584180383 -0.6882838041971506 -0.479432458220451 -0.5147572710865285 -0.4449847230215137 -0.3362536849205864 -0.028017896293422773 -0.13550011773825438 0.06694161963874444 0.08879727005385908 -0.021380305806099467 0.28648807947766974 0.41397157116920064 0.47352656927060405 0.4937461872624161 0.6623064627405078 0.9739623198847221 0.8176226191784421 0.5995768188263291 0.9054232676176229 
0.22688593829991308 -0.9757159747337415 -0.9780106913074739 -0.9993091808016122 -1.0 -0.9842828475903157 -0.9555479819474783 -0.922318061800156 -0.9226019715412132 -0.8210791237427849 -0.7323926388156915 -0.6913032498191499 -0.4667806613958591 -0.5198749434523349 -0.40563395391236307 -0.33317076589894984 -0.20407982858138352 -0.13550011773825438 0.06278615356923689 0.07405158311963765 -0.033789594709587915 0.2902721427792472 0.4100371458724162 0.4748151617811902 0.5001772357356847 0.6647650526723217 0.5819888277891914 0.800289563445465 0.8853916303013913 0.9242589171580062 
0.22733577859247375 -0.9834780129861418 -0.9831100097496548 -0.9939810054050675 -1.0 -0.9842828475903157 -0.9656242570188149 -0.9171999861648437 -0.5741899144688863 -0.8210791237427849 -0.8722538877151153 -0.693179735046761 -0.47866099871180334 -0.5103946403563824 -0.42348033169695526 -0.32145675552551356 -0.10378092300479547 -0.1435320934209907 0.06972856067190894 0.07938832185207108 0.41845923528426043 0.28648807947766974 0.3969405360835314 0.48263676938562333 0.4364754282754979 0.6494859548436358 0.4676183785796205 0.7944853227789868 0.5948605103556017 0.9070791834516124 
0.22688593829991308 -0.9659979552941614 -0.9772658728767629 -0.9939810054050675 -1.0 -0.9842828475903157 -0.9638116263051404 -0.922318061800156 -0.9226019715412132 -0.8221566612812267 -0.518449463830808 -0.6854225710005903 -0.48410034772411814 -0.5133043880498801 -0.40563395391236307 -0.33774730145705967 -0.21056357815071325 -0.13348642661746005 0.15877151754203322 0.07938832185207108 -0.033789594709587915 0.2804068909833308 0.43067973700777545 0.47976413680778174 0.4364754282754979 0.6494859548436358 0.6825135044767674 0.8117220245489914 0.6074754854458276 0.9171918022176132 
0.22688593829991308 -0.9753328479725492 -0.9872286757249037 -0.9939810054050675 -0.8178950350499048 -0.977025804438214 -0.933986112886122 -0.9216433780001639 -0.8776770350544423 -0.8221566612812267 -0.518449463830808 -0.6854904811031821 -0.4689987500665876 -0.5198749434523349 -0.4212890280055777 -0.34224206765203746 -0.051192368377472874 -0.13797331906611018 0.0749574555523243 0.07938832185207108 0.1655292453998807 0.2804068909833308 0.43067973700777545 0.4723283332800645 0.6782587770859982 0.6494859548436358 0.6877077125098019 0.8042374980255507 0.886366913173892 0.915424301246835 
0.22733577859247375 -0.9581085582126879 -0.9780106913074739 -0.9984401355984317 -1.0 -0.9880455715036358 -0.933986112886122 -0.930749183375865 -0.5777935037980262 -0.8221566612812267 -0.8670473864658105 -0.6854225710005903 -0.48451785331782826 -0.5205081475028067 -0.43988569669393773 -0.32330358320266134 -0.028017896293422773 -0.11892296008630442 0.07390075031620742 0.08780204409506007 0.41845923528426043 0.2829822666304755 0.43981077176322425 0.4776830676904069 0.433786660248471 0.6494859548436358 0.8967009939646755 0.8117220245489914 0.886366913173892 0.9005321554800434 
0.22733577859247375 -0.9581085582126879 -0.9780106913074739 -0.9984401355984317 -1.0 -0.9880455715036358 -0.933986112886122 -0.930749183375865 -0.5777935037980262 -0.8221566612812267 -0.8670473864658105 -0.6854225710005903 -0.48451785331782826 -0.5205081475028067 -0.43988569669393773 -0.32330358320266134 -0.028017896293422773 -0.11892296008630442 0.07390075031620742 0.08780204409506007 0.41845923528426043 0.2829822666304755 0.43981077176322425 0.4776830676904069 0.433786660248471 0.6494859548436358 0.8967009939646755 0.8117220245489914 0.886366913173892 0.9005321554800434 
0.22688593829991308 -0.9757159747337415 -0.9780106913074739 -0.9980653098649315 -0.991346020466045 -0.9886433060721386 -0.9612170222916283 -0.922318061800156 -0.5788034011384339 -0.8210791237427849 -0.7266007331272611 -0.6906150216311188 -0.47013067178190915 -0.5346968156973003 -0.40563395391236307 -0.33317076589894984 -0.20407982858138352 -0.13550011773825438 0.06278615356923689 0.07405158311963765 -0.02737055491046492 0.28648807947766974 0.40422707492813337 0.4691485457502459 0.4937461872624161 0.6647650526723217 0.607081939381166 0.7959852151232606 0.9138545001182343 0.915424301246835 
0.22688593829991308 -0.9740305538815933 -0.977425526656402 -0.9980653098649315 -1.0 -0.9718478992649975 -0.933986112886122 -0.9188653793311599 -0.9264281090523349 -0.8322829395060781 -0.7266007331272611 -0.6913032498191499 -0.47013067178190915 -0.5198749434523349 -0.43833316941553485 -0.3249864708522046 -0.20947185692302786 -0.13550011773825438 0.07254202877759353 0.08501105679663536 -0.033789594709587915 0.28648807947766974 0.4100371458724162 0.4748151617811902 0.4934926526897137 0.6317748768558251 0.46984322202836926 0.7944853227789868 0.8853916303013913 0.8936098858927085 
0.22733577859247375 -0.9581085582126879 -0.9872286757249037 -0.9966659915228034 -1.0 -0.9886433060721386 -0.933986112886122 -0.929914068482194 -0.8776770350544423 -0.8200975227442306 -0.8693161325393154 -0.6803070836273446 -0.47013067178190915 -0.5198749434523349 -0.43988569669393773 -0.33317076589894984 -0.20407982858138352 -0.11892296008630442 0.0749574555523243 0.07938832185207108 -0.03271507383621574 0.2829822666304755 0.43067973700777545 0.4691485457502459 0.6856845027778402 0.6494859548436358 0.6089327065337424 0.8108125175898477 0.9856972723216495 0.9005321554800434 
0.22733577859247375 -0.9581085582126879 -0.9872286757249037 -0.9966659915228034 -1.0 -0.9886433060721386 -0.933986112886122 -0.929914068482194 -0.8776770350544423 -0.8200975227442306 -0.8693161325393154 -0.6803070836273446 -0.47013067178190915 -0.5198749434523349 -0.43988569669393773 -0.33317076589894984 -0.20407982858138352 -0.11892296008630442 0.0749574555523243 0.07938832185207108 -0.03271507383621574 0.2829822666304755 0.43067973700777545 0.4691485457502459 0.6856845027778402 0.6494859548436358 0.6089327065337424 0.8108125175898477 0.9856972723216495 0.9005321554800434 
0.22688593829991308 -0.9697850858005665 -0.9872286757249037 -0.9939810054050675 -0.9916540827136259 -0.9880455715036358 -0.933986112886122 -0.9286226434281687 -0.8726762353078109 -0.8210791237427849 -0.8670473864658105 -0.6781905166014901 -0.4689987500665876 -0.5339377579635665 -0.4223916280914969 -0.3352309055693292 -0.20851410345713492 -0.13797331906611018 0.07390075031620742 0.07405158311963765 0.1665700066950328 0.2714846099472631 0.43067973700777545 0.4776830676904069 0.6782587770859982 0.6476557607534794 0.908913245916906 0.7909056055336262 0.8901463838439515 0.8936098858927085 
0.22688593829991308 -0.9757159747337415 -0.9725211941181331 -0.9980653098649315 -1.0 -0.9848116291418247 -0.953469556419792 -0.9208565105876709 -0.9264281090523349 -0.8210791237427849 -0.7266007331272611 -0.6906150216311188 -0.47013067178190915 -0.5306282279565938 -0.4223916280914969 -0.3343235031578165 -0.20851410345713492 -0.13550011773825438 -0.09033033528927015 0.07405158311963765 -0.015420455289375813 0.27599394475220856 0.42073387354559744 0.4748151617811902 0.4937461872624161 0.6317748768558251 0.6738123811349206 0.7959852151232606 0.8901463838439515 0.8936098858927085 
0.22688593829991308 -0.9697850858005665 -0.9872286757249037 -0.9939810054050675 -0.9916540827136259 -0.9880455715036358 -0.933986112886122 -0.9286226434281687 -0.8726762353078109 -0.8210791237427849 -0.8670473864658105 -0.6781905166014901 -0.4689987500665876 -0.5339377579635665 -0.4223916280914969 -0.3352309055693292 -0.20851410345713492 -0.13797331906611018 0.07390075031620742 0.07405158311963765 0.1665700066950328 0.2714846099472631 0.43067973700777545 0.4776830676904069 0.6782587770859982 0.6476557607534794 0.908913245916906 0.7909056055336262 0.8901463838439515 0.8936098858927085 
0.22688593829991308 -0.9757159747337415 -0.9780106913074739 -1.0 -0.9970817985258378 -0.9886433060721386 -0.8947238462186224 -0.9296357102175793 -0.8654899381026919 -0.8210791237427849 -0.7266007331272611 -0.7107152153404631 -0.47631281534864794 -0.5510074223554461 -0.45491696174197893 -0.33317076589894984 -0.20407982858138352 -0.18020459481410908 0.06278615356923689 0.05736772445208316 0.04981576616371857 0.25487655632801093 0.4271644291556485 0.4691485457502459 0.4937461872624161 0.6363576717427242 0.8667921118065489 0.7818205212859058 0.9125912046776818 0.8806945137657571 
0.22596529561677778 -0.9651308144904811 -0.9564838825955858 -0.9924249030237045 -1.0 -0.989778727286486 -0.9514283447344982 -0.9319672922683885 -0.9335450222066496 -0.8163359125474418 -0.7318325195192573 -0.7138670847324491 -0.6866695320338111 -0.5537921903139026 -0.4366648219169918 -0.3651275569886544 -0.2014497415316379 -0.14993584093593723 0.025500229075821376 0.07323977554989686 0.07072692211107105 0.2508059141811243 0.4352373642098687 0.4691485457502459 0.5667193189451721 0.6266103024112988 0.552566157188225 0.7870855793517961 0.9285165671647536 0.89710452663902 
0.22497862730793228 -0.9671104214113189 -0.9731524999130267 -0.9892793699913811 -0.9985479156880657 -0.9824504724803041 -0.8947238462186224 -0.9369537052894852 -0.8734493319778075 -0.8424844073252005 -0.793398211158569 -0.7229276632556171 -0.6846599379349851 -0.5452362703033471 -0.40867702318967114 -0.3684192041677546 -0.18979980441414496 -0.1701326317052414 -0.04680022208240093 0.05523867690413342 0.04981576616371857 0.25487655632801093 0.26363047832967307 0.445587401074064 0.5175171242144677 0.6283388708345256 0.6349826126115894 0.7790384406004208 0.8640896149198638 0.8851668766506142 
0.22059933566947892 -0.9708943492839652 -0.9577800399154625 -0.9249678550761256 -0.9741904911557829 -0.92373513540814 -0.994511226298421 -0.951466750522127 -0.9524576865154325 -0.862106458170599 -0.8547123840631582 -0.6056899280842523 -0.6392992345444852 -0.547773649958803 -0.5510117117223737 -0.430367800976728 -0.3912922340230637 -0.22920437980232025 -0.16403888247561493 0.06077711449279776 0.013481422691311739 0.1877039585632418 0.22763627977959033 0.3717298603519298 0.45215756212080044 0.584063672861924 0.597676287025153 0.7478452800795644 0.756278875497457 0.8746434513082186 
0.22059933566947892 -0.9708943492839652 -0.9577800399154625 -0.9249678550761256 -0.9741904911557829 -0.92373513540814 -0.994511226298421 -0.951466750522127 -0.9524576865154325 -0.862106458170599 -0.8547123840631582 -0.6056899280842523 -0.6392992345444852 -0.547773649958803 -0.5510117117223737 -0.430367800976728 -0.3912922340230637 -0.22920437980232025 -0.16403888247561493 0.06077711449279776 0.013481422691311739 0.1877039585632418 0.22763627977959033 0.3717298603519298 0.45215756212080044 0.584063672861924 0.597676287025153 0.7478452800795644 0.756278875497457 0.8746434513082186 
0.22059933566947892 -0.9675345886139546 -0.9645336076665012 -0.88047266502514 -0.9879556569741295 -1.0 -0.985342049305815 -0.8646861439467959 -0.9423536618815871 -0.8444001613502268 -0.8547123840631582 -0.8258115236653054 -0.703325056008102 -0.5337339179723084 -0.40844605733939376 -0.5496030000204851 -0.3596184314770827 -0.15646360656746175 -0.15769657730669573 0.061486345467443415 0.06811280932053304 0.17125579208540986 0.2492852604955374 0.3383668152526098 0.45215756212080044 0.4780255930932019 0.6321405069768595 0.7559417177228615 0.7008603004121308 0.9814533614967869 
0.21970218133186245 -0.9190313125338344 -0.9645336076665012 -0.88047266502514 -0.9980079765891238 -0.7110326945392178 -0.9980975794250492 -0.8622893609828884 -0.9276831563499909 -0.8319963084071689 -0.8455733063529751 -0.7162294845733629 -0.7127541565273594 -0.6139934139332976 -0.40844605733939376 -0.46555392895171593 -0.3596184314770827 -0.15646360656746175 -0.16133662696613113 0.04847125461899704 0.06245582279348229 0.2557147376913453 0.2492852604955374 0.44561566721249646 0.43102399940290004 0.406155465602803 0.6325116968809783 0.9848211408779759 0.7713884996147938 0.753069756173631 
0.21970218133186245 -0.9190313125338344 -0.9609292292794562 -0.8704617291460282 -0.9882750885191975 0.17852324727127367 -1.0 -0.8799232318549626 -0.9416012758678051 -0.8319963084071689 -0.8419937224163434 -0.7162294845733629 -0.7175586873049906 -0.5414323213795309 -0.5433111114582518 -0.44517156133686936 -0.359700958221087 -0.18827392874145207 -0.14955759755083356 0.04056495723726725 0.04268773564724111 0.2566768017272982 0.25442252992385733 0.44124458884866535 0.44892594558495585 0.406155465602803 0.634129064084103 0.767812951190842 0.7815427010037661 0.753069756173631 
