0.7590012399730489 0.25713034462284157 0.6640860597113885 
0.7593700048950995 0.3058019741385999 0.6627570095542011 
0.7588417489684093 0.2608846463101485 0.6607717133384927 
0.758703013578503 0.2534326795227986 0.6635516426095881 
0.758703013578503 0.2534326795227986 0.6635516426095881 
0.7593700048950995 0.3058019741385999 0.6627570095542011 
0.759572600466123 0.28624162650997265 0.6670553347427345 
0.759572600466123 0.28624162650997265 0.6670553347427345 
0.7596246504866806 0.3089353624684052 0.665020392794191 
0.7590012399730489 0.25713034462284157 0.6640860597113885 
0.7588417489684093 0.2608846463101485 0.6607717133384927 
0.7595116110292642 0.2292133659426967 0.6593754426719629 
0.7584248102597916 0.23613539127366806 0.6583626921259045 
0.7571107730545261 0.20783638159125767 0.6681400838187406 
0.7588966119641282 0.23408202954090018 0.6594539268413151 
0.7595116110292642 0.2292133659426967 0.6593754426719629 
0.7571107730545261 0.20783638159125767 0.6681400838187406 
0.7584248102597916 0.23613539127366806 0.6583626921259045 
0.7590012399730489 0.25713034462284157 0.6640860597113885 
0.7588298474343302 0.2817092363393905 0.6580956068646064 
0.7782263193303949 0.23839174700289273 0.6419732044125537 
0.7859203244599235 0.23596869041529334 0.6584011380683673 
0.7829183067534782 0.2661068672276283 0.6403418390223792 
0.784484275290149 0.24982803065452147 0.6259158746113693 
0.7813041950254709 0.24577509445346726 0.6520166738620774 
0.7817114476530382 0.30493103177025827 0.6371839186511142 
0.7738493026419302 0.28545074556412225 0.6470668672218897 
0.7822638771770487 0.35089280310337834 0.6374206668006402 
0.7845138444561973 0.32189716109320154 0.6684467400139339 
0.7836710610069547 0.2510211419019118 0.6500177466245308 
0.7836710610069547 0.2510211419019118 0.6500177466245308 
0.7822923242069219 0.34602058248798734 0.6448928976028396 
0.776564128840936 0.30200463190874766 0.6389588584123848 
0.7857991093537462 0.4056841686637332 0.6408547099260004 
0.7589911936772877 0.28627831650871993 0.6593432852560142 
0.775096772222198 0.2436092039169942 0.639442157572448 
0.7785162691579207 0.20865852548296787 0.658781910489217 
0.7779293353588503 0.24697762295521514 0.6392308968576064 
0.7830188524505506 0.22249543171485522 0.6400713266433424 
0.7864610083231359 0.3126910429964254 0.6351868767378527 
0.7806273437614389 0.2086507447994043 0.6501854738827588 
0.7854738365147615 0.2840304433862582 0.6335061813429146 
0.7878784708586815 0.34961067629419373 0.6300791710573743 
0.7694133607225989 0.23883128959988725 0.6462904397967006 
0.7768866340116154 0.27266699616094486 0.6778233854657815 
0.7623113217136488 0.18964529274361291 0.6584939936513542 
0.7835224931232971 0.2628342434700103 0.6481313349510622 
0.7808708673830987 0.3095328264317698 0.6422677930060928 
0.7731937613663964 0.27756450510132535 0.6487872564624958 
0.7785011301255241 0.1983986442021338 0.6420540643387139 
0.7822871595165464 0.2977099443734595 0.6352196545006928 
0.762269235833538 0.2885495320552077 0.6627613080034305 
0.7799661587236946 0.3041656113313902 0.638197256928614 
0.7776815191601874 0.27910050286880445 0.6482054426145826 
0.7813041950254709 0.24577509445346726 0.6520166738620774 
0.7836033699147313 0.32732829613442216 0.6306354570599996 
0.7814871550616256 0.21979196953084199 0.652147527097466 
0.78485195363985 0.3902845302595538 0.6365520968096231 
0.7616781375791746 0.32559299897912614 0.6751557987426884 
0.7731381813871797 0.3470313885522319 0.6404444488994355 
0.7750859484637469 0.24241930591302158 0.6394407421829114 
0.7783510423621784 0.35522432640460355 0.6490188947541357 
0.7756507102610716 0.2943238303091287 0.672151789130986 
0.7797518665041231 0.2571196840677303 0.6350732328614963 
0.7797777516927269 0.2567606495904807 0.6347062147707845 
0.7822638771770487 0.35089280310337834 0.6374206668006402 
0.7794899395801665 0.19509838815179975 0.6680372087613188 
0.776429838917225 0.2342162268405196 0.6429603033913549 
0.7868248134898335 0.3746036885477415 0.6400289820172597 
0.7738493026419302 0.28545074556412225 0.6470668672218897 
0.7827665030475276 0.25369563898052766 0.6380647735591183 
0.7815582611266475 0.2653027521457166 0.6363364534679328 
0.7824523342284644 0.32008243583943 0.6305028835340803 
0.7724066559539904 0.3013857377297779 0.6600971520805354 
0.7740595847188068 0.2896004005849812 0.648799605725276 
0.7846603029690965 0.29856970311407893 0.6337664634879261 
0.7857652882633858 0.274376822269351 0.641003228834738 
0.78485195363985 0.3902845302595538 0.6365520968096231 
0.7783510423621784 0.35522432640460355 0.6490188947541357 
0.7722429224995173 0.27828417002727945 0.6584243821910779 
0.7704260467576183 0.24912410218697034 0.6660369740038911 
0.7799661587236946 0.3041656113313902 0.638197256928614 
0.7773763398453131 0.301148167681198 0.6373787963126404 
0.7782263193303949 0.23839174700289273 0.6419732044125537 
0.7617840636314454 0.28768367219935553 0.6719342001053558 
0.7878784708586815 0.34961067629419373 0.6300791710573743 
0.7794899395801665 0.19509838815179975 0.6680372087613188 
0.7820453198162052 0.2743110326298568 0.6429437968866231 
0.7750859484637469 0.24241930591302158 0.6394407421829114 
0.7768866340116154 0.27266699616094486 0.6778233854657815 
0.7831848289422013 0.3893561125660374 0.64385330023517 
0.7865486507527076 0.2787796016094389 0.6276849934556964 
0.7794702139626729 0.26185424804865065 0.6397040944737203 
0.7731381813871797 0.3470313885522319 0.6404444488994355 
0.7800986797964282 0.27893028223329036 0.6318269145064118 
0.7785011301255241 0.1983986442021338 0.6420540643387139 
0.7825311747067909 0.3580058741115041 0.6327036303948914 
0.7842734659064946 0.17989305863938093 0.6377642629230985 
0.7763351795701987 0.2904943593839049 0.6412718922451836 
0.7878393763681396 0.35624846540982985 0.6402267633106015 
0.7808309436093571 0.33793979091380655 0.6758810289205142 
0.78775454113199 0.35923330282290383 0.6298515035313111 
0.7788155746835469 0.24113277266216662 0.6438681302665659 
0.7802007361704626 0.2960705703804933 0.6426001966684128 
0.7704260467576183 0.24912410218697034 0.6660369740038911 
0.7740595847188068 0.2896004005849812 0.648799605725276 
0.7798429134191895 0.3025805036833234 0.6395530951155489 
0.762269235833538 0.2885495320552077 0.6627613080034305 
0.7774427424528901 0.3164462994685887 0.6431290042925069 
0.7828296415675042 0.31589268690576205 0.6364866041288565 
0.7778651067732023 0.19489532521115663 0.635806349229989 
0.7793115087685771 0.3693408796773725 0.6521506070684988 
0.7865486507527076 0.2787796016094389 0.6276849934556964 
0.7748643866583731 0.18976059481984908 0.6826346804062815 
0.7814554487188639 0.32182730955068733 0.6318462663832184 
0.7828526564842413 0.36614022396455914 0.6343175189576804 
0.7790887766792483 0.1975726557001659 0.6378967860761812 
0.7768313380838479 0.35328236244695527 0.6600040000157776 
0.7587841718567557 0.26730175818110335 0.657676815563235 
0.7788360364199907 0.3594424136530035 0.6407686175364058 
0.7765020743711811 0.23874503761496207 0.6442097522835989 
0.7767943930690169 0.292406286085884 0.6483848776519189 
0.7624134571836936 0.20639506350257825 0.6638137980361359 
0.7616781375791746 0.32559299897912614 0.6751557987426884 
0.7891979796184092 0.39474654518311186 0.6354900241003351 
0.7731937613663964 0.27756450510132535 0.6487872564624958 
0.7797518665041231 0.2571196840677303 0.6350732328614963 
0.7831848289422013 0.3893561125660374 0.64385330023517 
0.7722429224995173 0.27828417002727945 0.6584243821910779 
0.7835568814882407 0.3257960325897452 0.6286290361568928 
0.7776815191601874 0.27910050286880445 0.6482054426145826 
0.7808309436093571 0.33793979091380655 0.6758810289205142 
0.783790445039418 0.37329094415703323 0.6321732959545456 
0.7768660093961497 0.2604756319982402 0.6375659412272384 
0.7818622937356111 0.2970449069515915 0.6412105096886999 
0.7826847445570132 0.27168248374155063 0.6353735953813601 
0.7830200607633134 0.31291571865790674 0.6343416301420716 
0.783790445039418 0.37329094415703323 0.6321732959545456 
0.7617840636314454 0.28768367219935553 0.6719342001053558 
0.7826847445570132 0.27168248374155063 0.6353735953813601 
0.7822871595165464 0.2977099443734595 0.6352196545006928 
0.7742543250388804 0.35425587640037337 0.6933023654025916 
0.7842885637465604 0.27017677055345224 0.6319282966913288 
0.7812538740577557 0.30072571734644227 0.6307841375981207 
0.7793115087685771 0.3693408796773725 0.6521506070684988 
0.7748643866583731 0.18976059481984908 0.6826346804062815 
0.778876569581542 0.28722540397150487 0.6416551402936211 
0.7630304650017605 0.19066748942153244 0.6693318929768581 
0.7845016049127204 0.33803925971488447 0.6387376716502511 
0.7852244449262554 0.3063695224196524 0.6362776656929121 
0.7850242900589665 0.27181617005016506 0.6457574184316235 
0.7843886056352902 0.35670151631714664 0.6403052161664032 
0.7778651067732023 0.19489532521115663 0.635806349229989 
0.7811483372204859 0.3436658052061901 0.641102075048763 
0.7783188090436282 0.3674082880171465 0.6457243628237341 
0.7809958320804656 0.2697681522496644 0.6369550227654421 
0.7838071646184716 0.29286498992142335 0.6376858730789827 
0.7785162691579207 0.20865852548296787 0.658781910489217 
0.77137857621778 0.4007548960377597 0.6425962982054011 
0.7855797370051008 0.28403336598503104 0.631556518616329 
0.7793785082234904 0.23198183512104584 0.6361137044888122 
0.7815582611266475 0.2653027521457166 0.6363364534679328 
0.7755661748581221 0.275189516782802 0.6399400965751093 
0.7782188473426761 0.3163599254072377 0.640127886323387 
0.7797777516927269 0.2567606495904807 0.6347062147707845 
0.7768313380838479 0.35328236244695527 0.6600040000157776 
0.7783188090436282 0.3674082880171465 0.6457243628237341 
0.7788360364199907 0.3594424136530035 0.6407686175364058 
0.7623113217136488 0.18964529274361291 0.6584939936513542 
0.7800986797964282 0.27893028223329036 0.6318269145064118 
0.775096772222198 0.2436092039169942 0.639442157572448 
0.7659010689918586 0.25458635138464225 0.6474802428310561 
0.7802007361704626 0.2960705703804933 0.6426001966684128 
0.778876569581542 0.28722540397150487 0.6416551402936211 
0.7888171541185564 0.28416506983735684 0.6413410789236993 
0.7693945430406649 0.271703354922471 0.6594177988909156 
0.764377324745841 0.2951388890645893 0.682828536184013 
0.7889031461192303 0.34363645975554086 0.6362011237302311 
0.7755661748581221 0.275189516782802 0.6399400965751093 
0.7823424613910416 0.23022162448233038 0.6717800115171166 
0.7823424613910416 0.23022162448233038 0.6717800115171166 
0.7764691732252336 0.27717583390170275 0.6408881694814347 
0.764377324745841 0.2951388890645893 0.682828536184013 
0.77137857621778 0.4007548960377597 0.6425962982054011 
0.7798429134191895 0.3025805036833234 0.6395530951155489 
0.7676724793482771 0.18301518175556533 0.6650994033727373 
0.7694133607225989 0.23883128959988725 0.6462904397967006 
0.7853452915038437 0.394133245042083 0.6378127048224911 
0.7782188473426761 0.3163599254072377 0.640127886323387 
0.7765020743711811 0.23874503761496207 0.6442097522835989 
0.7693945430406649 0.271703354922471 0.6594177988909156 
0.777482470805153 0.21281565392357898 0.6397681834934635 
0.7788155746835469 0.24113277266216662 0.6438681302665659 
0.7589911936772877 0.28627831650871993 0.6593432852560142 
0.7790887766792483 0.1975726557001659 0.6378967860761812 
0.7799324104668959 0.24940812742896346 0.6436112315616056 
0.7814554487188639 0.32182730955068733 0.6318462663832184 
0.7830188524505506 0.22249543171485522 0.6400713266433424 
0.7773763398453131 0.301148167681198 0.6373787963126404 
0.7841971302521726 0.35956733299242244 0.6358805439639181 
0.7768660093961497 0.2604756319982402 0.6375659412272384 
0.7794702139626729 0.26185424804865065 0.6397040944737203 
0.7860878760468502 0.29393079712205444 0.635322302831694 
0.7801569953667592 0.3973468366043147 0.6455056000136931 
0.7624134571836936 0.20639506350257825 0.6638137980361359 
0.7587841718567557 0.26730175818110335 0.657676815563235 
0.7857991093537462 0.4056841686637332 0.6408547099260004 
0.7814088815590701 0.2776770570309847 0.6348408859870566 
0.7799324104668959 0.24940812742896346 0.6436112315616056 
0.7630304650017605 0.19066748942153244 0.6693318929768581 
