1.2392048145711367 0.17623823953776172 
0.8675257723033406 0.1849864908895426 
0.8675257723033406 0.1849864908895426 
0.8668116585541548 0.2021187682820912 
0.8666396255355022 0.20571118324796286 
0.8666396255355022 0.20571118324796286 
0.8665369507070907 0.22413156083582883 
0.8665369507070907 0.22413156083582883 
0.8665449224581065 0.2460243312274189 
0.8665241714465007 0.2570483400045783 
0.8664710311016409 0.24894417524857504 
0.8665063172498056 0.26050711633361445 
0.8664710311016409 0.24894417524857504 
0.8665063172498056 0.26050711633361445 
0.8663830742036751 0.30528459558287 
0.866366830611929 0.317399313177795 
0.866349354102324 0.33361352033651415 
0.8663311059636981 0.3526669886614968 
0.8663256679481611 0.361132762532011 
0.8663215955752611 0.37981785422073283 
0.8663185353162882 0.3907707832076588 
0.8663210228405892 0.3889918965345287 
0.8663252882931419 0.36015534504376057 
0.8663184287398613 0.42622138560072675 
0.8663184287398613 0.42622138560072675 
0.8663070489821031 0.4668675789465958 
0.8663042018836365 0.4677939940195915 
0.866303562606076 0.49509787770266295 
0.8663030011418261 0.5136940179265874 
0.8663023208010067 0.5301668004366953 
0.8663029051883776 0.5167259008530278 
0.8663019495900127 0.5289606446233208 
0.866301878664632 0.5375366787323049 
0.8663019412958894 0.5280706418910905 
0.8663008491372629 0.619872205025195 
0.8663019877689003 0.5786555009057823 
0.8663019877689003 0.5786555009057823 
0.8663007371014948 0.5949730421376592 
0.8663007371014948 0.5949730421376592 
0.866301483720108 0.5539114881773051 
0.866301483720108 0.5539114881773051 
0.8663018042301203 0.6529221708010184 
0.8663010306258426 0.6216084841966306 
0.8663021693267344 0.5863199615687196 
0.8663023290757952 0.531921069127348 
0.866300539750642 0.6247406429802788 
0.866300539750642 0.6247406429802788 
0.8663008491372629 0.619872205025195 
0.8663023208010067 0.5301668004366953 
0.3469854986351949 1.0079951832718117 
0.37925448928120903 1.0079946265436597 
0.3469854986351949 1.0079951832718117 
0.3870633314260018 1.0079959613837672 
0.4502061781912438 1.0079961526621748 
0.4625887345884022 1.0079954102737672 
0.32500104659417944 1.0079938308641354 
0.450825982134697 1.0079957084260012 
0.37274596293858686 1.0079962659163186 
0.4502061781912438 1.0079961526621748 
0.3615275568471377 1.0079959475574602 
0.32500104659417944 1.0079938308641354 
0.4625887345884022 1.0079954102737672 
0.450825982134697 1.0079957084260012 
0.39932277099795527 1.0079962084526712 
0.3615275568471377 1.0079959475574602 
0.3567107998295591 1.0079948933830056 
0.3870633314260018 1.0079959613837672 
0.37925448928120903 1.0079946265436597 
0.34731903725922225 1.0079961176976875 
0.3407665070643408 1.0079964399880919 
0.3407665070643408 1.0079964399880919 
0.32016080762397026 1.0079964758721516 
0.3027820524958707 1.0079971587831253 
0.225220184102628 1.0080073574564494 
0.17234750581258876 1.0080073192332635 
0.225220184102628 1.0080073574564494 
0.13088300106208903 1.0080062606227398 
0.13269334636603305 1.0080074226729783 
0.17234750581258876 1.0080073192332635 
0.19367727368875234 1.0080062931976257 
0.17234750581258876 1.0080073192332635 
0.13088300106208903 1.0080062606227398 
0.17234750581258876 1.0080073192332635 
0.1375609285825641 1.0080101062994717 
0.1413035563429376 1.0080128422270545 
0.1375609285825641 1.0080101062994717 
0.12731305214733252 1.008014513818387 
0.10388164914322583 1.0080195035305044 
0.10388164914322583 1.0080195035305044 
0.09820155076975537 1.0080239150190957 
0.07855636228028376 1.008071204246227 
0.0775400582622556 1.008080389911118 
0.03300460108514796 1.0081113911513124 
0.03300460108514796 1.0081113911513124 
0.04189616156456943 1.0081200618778043 
0.031085792342487126 1.0081226353826385 
0.0258303972411885 1.0081455082246946 
0.02189337923163102 1.0086896795063747 
0.01255222216796293 1.0143095578161248 
0.0051475890596493264 1.3038765526587657 
