0.8044451517930371 0.22858630141937247 
0.7697152439838599 0.22881292066320225 
0.7793599251801889 0.22871680306851064 
0.7697152439838599 0.22881292066320225 
0.7382253450987611 0.23536163541978755 
0.6129887754993252 0.23519929246265395 
0.630832455810528 0.2352230767105786 
0.6129887754993252 0.23519929246265395 
0.6246229335332212 0.2353708400713408 
0.6170631248219057 0.23537236245047166 
0.6431049520431441 0.23537039126804796 
0.6431049520431441 0.23537039126804796 
0.6129887754993252 0.23519929246265395 
0.6170631248219057 0.23537236245047166 
0.6129887754993252 0.23519929246265395 
0.6246229335332212 0.2353708400713408 
0.6190425599231639 0.23537193094103023 
0.6224732170767139 0.2353738054699782 
0.6189382617244302 0.2353664363081898 
0.6204004051881501 0.23537409864211437 
0.6092024473125144 0.23522478308458344 
0.6092024473125144 0.23522478308458344 
0.6071478107622471 0.23536962452658483 
0.6128667875726158 0.23536871346175994 
0.6133541567545987 0.23537631175592003 
0.6128667875726158 0.23536871346175994 
0.6115533108140327 0.23538758342520488 
0.6081114138900933 0.235381236372008 
0.6072594874933253 0.23538290937349515 
0.608491326552782 0.235405343463343 
0.6071478107622471 0.23536962452658483 
0.6072594874933253 0.23538290937349515 
0.606570679641454 0.23543616369602666 
0.606570679641454 0.23543616369602666 
0.6056798757510737 0.23544934860188865 
0.6056798757510737 0.23544934860188865 
0.6046738888289617 0.23547537505391442 
0.6046738888289617 0.23547537505391442 
0.6038932252208344 0.23550101214050662 
0.6038932252208344 0.23550101214050662 
0.6033430117864226 0.2355601444856803 
0.6032663644892754 0.23556149228191237 
0.6030361409591566 0.23573120460895713 
0.6025638390876037 0.23576148969139205 
0.6021901583344206 0.23577273708115967 
0.6021055958839959 0.23590666063465546 
0.6013957410001487 0.23618757989397782 
0.6016882004876366 0.23619061340645395 
0.6013957410001487 0.23618757989397782 
0.6012566708238315 0.23631207078311414 
0.6008106268411105 0.23647493256169963 
0.6008106268411105 0.23647493256169963 
0.6004715181810271 0.2366216087707171 
0.6002338776654443 0.23666570309776155 
0.6002338776654443 0.23666570309776155 
0.6000121294289823 0.23693170295837154 
0.5997479841378852 0.23695344124136242 
0.5995450776408882 0.23713487255969629 
0.599377346193784 0.23723944568567795 
0.598952711689614 0.23747302204216406 
0.598952711689614 0.23747302204216406 
0.5988684388707392 0.23752703608170558 
0.5987474326473967 0.2376577729028112 
0.5985285536002043 0.23783604681307335 
0.5984309877094123 0.23795379612097597 
0.5983062917288692 0.2380291660207152 
0.5980026559034791 0.23827631612946915 
0.5980026559034791 0.23827631612946915 
0.5978175153781987 0.23846138134330258 
0.5975958608819905 0.23850089348435505 
0.5975108935971127 0.23864720191853442 
0.5972244056549629 0.2388940126884738 
0.5972244056549629 0.2388940126884738 
0.5968082871674619 0.23930367204130096 
0.5969422072858589 0.23909085816355952 
0.5967152399043907 0.23937698745752506 
0.5966629385495344 0.2395558397491705 
0.596456563723139 0.23974303832181554 
0.5963869198484718 0.23981331638968165 
0.5960369334605592 0.24034856492577375 
0.5960369334605592 0.24034856492577375 
0.5959915735397507 0.24036253606080293 
0.5958610625524766 0.24113947799650173 
0.5956022233825031 0.24125919113231686 
0.5953684737038069 0.2411275367918561 
0.59543249884925 0.24133572540559775 
0.5951399575104598 0.24184229514147818 
0.5951399575104598 0.24184229514147818 
0.5949067782302117 0.24233682749028018 
0.5949067782302117 0.24233682749028018 
0.5948030207773121 0.2435659147472084 
0.594705976131698 0.24401590263557374 
0.5944022358224127 0.24477317768429802 
0.5943440073127896 0.24500671344998431 
0.5939729516908769 0.24659046605957588 
0.5942347012604067 0.24645765043539936 
0.5939729516908769 0.24659046605957588 
0.5937350627991903 0.2570091894468496 
0.5935970946418477 0.2621055520595346 
0.5933161638424782 0.41247983084333323 
