0.6149524044022647 0.8533652689081008 0.6642699607943658 0.6415913680427939 0.7411639844281848 0.7072161486661162 0.6698700936790064 0.6746880157831432 0.670090027624735 0.6328253339711245 0.6257749749331589 0.6038340354082129 0.6243098292954572 0.5734093143374006 0.5734872085774565 0.5457587693639321 0.5300216661606723 0.5175550527633797 0.5003942143178828 0.49365597539883344 0.2874450973237863 0.4694907973070169 0.44819523553973994 0.44213563280409174 0.43389166791567285 0.42408021963016984 0.43373201133855677 0.3999195182550712 0.37519702099406715 0.3771395607494289 
0.6148351696427383 0.8533652689081008 0.6717879547794404 0.6415859777545145 0.7384249395754071 0.7073576808279868 0.677788011481955 0.6746927531825526 0.6687791695820705 0.632665829903496 0.6263828159004622 0.6037063019852521 0.6211609546435082 0.574039886809038 0.5717325708113918 0.5459228582673337 0.5341171572297314 0.517435542038348 0.503119536147838 0.4934054243320795 0.2867323258102958 0.4696359032243211 0.44524484866867986 0.4420314529302962 0.43300524340788005 0.4243127554733579 0.4357233279622702 0.4002417773495103 0.3743781178751846 0.3771564245517524 
0.6148485373459509 0.8533652689081008 0.6665465848695138 0.6415859777545145 0.7384249395754071 0.7073576808279868 0.677788011481955 0.674720169732673 0.6687791695820705 0.6326900545279797 0.6139183744398637 0.6039003537695127 0.6211609546435082 0.5739214146730945 0.5717325708113918 0.5459228582673337 0.5324581378378328 0.517435542038348 0.503119536147838 0.4933941435965412 0.2867323258102958 0.4694500635232327 0.44524484866867986 0.4421317509315462 0.43351675166657644 0.424163622391668 0.4357233279622702 0.40001277862661067 0.3735469531608206 0.3771564245517524 
0.6148351696427383 0.8533652689081008 0.6717879547794404 0.6415859777545145 0.7384249395754071 0.7073576808279868 0.677788011481955 0.6746927531825526 0.6687791695820705 0.632665829903496 0.6263828159004622 0.6037063019852521 0.6211609546435082 0.574039886809038 0.5717325708113918 0.5459228582673337 0.5341171572297314 0.517435542038348 0.503119536147838 0.4934054243320795 0.2867323258102958 0.4696359032243211 0.44524484866867986 0.4420314529302962 0.43300524340788005 0.4243127554733579 0.4357233279622702 0.4002417773495103 0.3743781178751846 0.3771564245517524 
0.5849265078366953 0.7646594157193973 0.7282984100443468 0.7213978005480749 0.8137475421519409 0.6814162779831034 0.7754686664600402 0.6431721506524382 0.6303049565072288 0.6072070455421112 0.5520550440454404 0.5737824430731955 0.5489693534310225 0.5418441004878893 0.5218819430837204 0.5120223486346793 0.48736762694720304 0.48237779316909957 0.486428042323655 0.4561890541946939 0.4617373539903005 0.42999575488885866 0.41573573694677307 0.40618321644079725 0.3978492995804018 0.38361420652549005 0.366727480708475 0.3616185348995679 0.3466598466276209 0.3414974497602764 
0.5864843175340191 0.7651771645200189 0.7393465665552156 0.7222546740614143 0.8147156607333285 0.6817730144299339 0.7946116233068494 0.6442961938123619 0.6269561878724512 0.6082408473829796 0.5931073927825797 0.5749027646174922 0.556946201077729 0.5432569570616379 0.5244793661163109 0.5124827897309117 0.4913973501652691 0.48260038915263404 0.4765166056973542 0.4583197476989355 0.4446639229080182 0.4306988864219827 0.41565362115813076 0.4079669709155871 0.39612365053456033 0.383324333401094 0.375074217844805 0.361961183771377 0.3469743903956991 0.3418957548480558 
0.5864843175340191 0.7651396756302528 0.7393465665552156 0.7222546740614143 0.8144980437562969 0.6817730144299339 0.7946116233068494 0.6442961938123619 0.6264473220492561 0.6082408473829796 0.5755627305473436 0.5751351530302049 0.5553607553100401 0.5432569570616379 0.5244793661163109 0.5124827897309117 0.4900656347015202 0.48256925501998466 0.4823194643265 0.4583318857501318 0.4446639229080182 0.43047581799314244 0.41529503265750434 0.4079669709155871 0.39612365053456033 0.383324333401094 0.3698411056179388 0.3619229287218063 0.3469743903956991 0.3420053355111589 
0.5864843175340191 0.7651771645200189 0.7393465665552156 0.7222546740614143 0.8147156607333285 0.6817730144299339 0.7946116233068494 0.6442961938123619 0.6269561878724512 0.6082408473829796 0.5931073927825797 0.5749027646174922 0.556946201077729 0.5432569570616379 0.5244793661163109 0.5124827897309117 0.4913973501652691 0.48260038915263404 0.4765166056973542 0.4583197476989355 0.4446639229080182 0.4306988864219827 0.41565362115813076 0.4079669709155871 0.39612365053456033 0.383324333401094 0.375074217844805 0.361961183771377 0.3469743903956991 0.3418957548480558 
0.58489977243027 0.7646146980485691 0.7387811498642001 0.7214011234163205 0.8140645840537488 0.6813917780463716 0.7929753369340578 0.6431173175521974 0.6303810434230901 0.6071585962931438 0.5769839269666373 0.5733943395046743 0.5539104832290769 0.5420810447597761 0.5274266385812444 0.5116325126130232 0.49068566573100036 0.4823367475661009 0.47449639614453004 0.4562116156657705 0.45659074800045873 0.4303674342910354 0.4149934368718787 0.40598262043829725 0.39682628306300904 0.38391247268886985 0.37575941878664726 0.36207653234536713 0.34832217605634896 0.34151519708121064 
0.5848958430094676 0.7646635877590618 0.7383969937050212 0.7214052026965319 0.8141827761060041 0.6814517584993026 0.7921522956977016 0.6430938107129696 0.6313226881536191 0.6071729786533699 0.5871443685159126 0.5733082708911404 0.5521402449664001 0.5418875254691915 0.5357767823638042 0.5116463477802592 0.49003105787470086 0.48239562346526677 0.47581205094566037 0.45619492842824705 0.44477684658950023 0.43051292981670375 0.41645291394802586 0.40608637046013435 0.3967432428050884 0.38383694713735705 0.3750873502614275 0.3616950449987093 0.349115127946104 0.34127828843407015 
0.5849068302506347 0.7646266295657044 0.7410246667688144 0.7214070080021755 0.8115858475054429 0.6813541278033549 0.7923858893303204 0.6431078902973688 0.6302578238374983 0.6071680927221395 0.5811644652194048 0.5733199939998025 0.5553837465130316 0.5419652982346755 0.5312804274207332 0.5116802604986532 0.49141116043855126 0.4823401807872701 0.46904575248461955 0.45621796664207903 0.4463484394523808 0.4304170725947046 0.4546977027238021 0.40606028412129314 0.3967248553743917 0.38392087541545183 0.3740753269061353 0.36199722500112114 0.35002776305249705 0.34151519708121064 
0.5849068302506347 0.7646266295657044 0.7410246667688144 0.7214070080021755 0.8115858475054429 0.6813541278033549 0.7923858893303204 0.6431078902973688 0.6302578238374983 0.6071680927221395 0.5811644652194048 0.5733199939998025 0.5553837465130316 0.5419652982346755 0.5312804274207332 0.5116802604986532 0.49141116043855126 0.4823401807872701 0.46904575248461955 0.45621796664207903 0.4463484394523808 0.4304170725947046 0.4546977027238021 0.40606028412129314 0.3967248553743917 0.38392087541545183 0.3740753269061353 0.36199722500112114 0.35002776305249705 0.34151519708121064 
0.5864843175340191 0.7651771645200189 0.7393465665552156 0.7222546740614143 0.8147156607333285 0.6817730144299339 0.7946116233068494 0.6442961938123619 0.6269561878724512 0.6082408473829796 0.5931073927825797 0.5749027646174922 0.556946201077729 0.5432569570616379 0.5244793661163109 0.5124827897309117 0.4913973501652691 0.48260038915263404 0.4765166056973542 0.4583197476989355 0.4446639229080182 0.4306988864219827 0.41565362115813076 0.4079669709155871 0.39612365053456033 0.383324333401094 0.375074217844805 0.361961183771377 0.3469743903956991 0.3418957548480558 
0.5848958430094676 0.7646635877590618 0.7383969937050212 0.7214052026965319 0.8141827761060041 0.6814517584993026 0.7921522956977016 0.6430938107129696 0.6313226881536191 0.6071729786533699 0.5871443685159126 0.5733082708911404 0.5521402449664001 0.5418875254691915 0.5357767823638042 0.5116463477802592 0.49003105787470086 0.48239562346526677 0.47581205094566037 0.45619492842824705 0.44477684658950023 0.43051292981670375 0.41645291394802586 0.40608637046013435 0.3967432428050884 0.38383694713735705 0.3750873502614275 0.3616950449987093 0.349115127946104 0.34127828843407015 
0.5864843175340191 0.7651771645200189 0.7393465665552156 0.7222546740614143 0.8147156607333285 0.6817730144299339 0.7946116233068494 0.6442961938123619 0.6269561878724512 0.6082408473829796 0.5931073927825797 0.5749027646174922 0.556946201077729 0.5432569570616379 0.5244793661163109 0.5124827897309117 0.4913973501652691 0.48260038915263404 0.4765166056973542 0.4583197476989355 0.4446639229080182 0.4306988864219827 0.41565362115813076 0.4079669709155871 0.39612365053456033 0.383324333401094 0.375074217844805 0.361961183771377 0.3469743903956991 0.3418957548480558 
0.58489977243027 0.7646146980485691 0.7387811498642001 0.7214011234163205 0.8140645840537488 0.6813917780463716 0.7929753369340578 0.6431173175521974 0.6303810434230901 0.6071585962931438 0.5769839269666373 0.5733943395046743 0.5539104832290769 0.5420810447597761 0.5274266385812444 0.5116325126130232 0.49068566573100036 0.4823367475661009 0.47449639614453004 0.4562116156657705 0.45659074800045873 0.4303674342910354 0.4149934368718787 0.40598262043829725 0.39682628306300904 0.38391247268886985 0.37575941878664726 0.36207653234536713 0.34832217605634896 0.34151519708121064 
0.5849014419032745 0.7647022264052636 0.7374143222280056 0.7213948173363194 0.8132081709413743 0.6813589872754195 0.7925746065016885 0.6431010163420507 0.6304607799654175 0.6071559844950749 0.5835222173065135 0.5733399249388109 0.5538301132672061 0.5419453987317419 0.5286839203872851 0.5116224738374442 0.49024926049346734 0.4824219373930112 0.479660680307044 0.4561959937554503 0.4453835942092642 0.4304170725947046 0.4166127829432656 0.40598092470003505 0.39685672395703286 0.38392968307460407 0.37767358722129196 0.36178518209444493 0.3460203979691179 0.34143834027700715 
0.5849118320100634 0.7647022264052636 0.737032208831783 0.7213727355621987 0.8132081709413743 0.6813648476539352 0.7925746065016885 0.6431010163420507 0.6304607799654175 0.6071559844950749 0.5835222173065135 0.5733399249388109 0.5533711959761386 0.5419379049967578 0.5272318874585711 0.5116224738374442 0.49024926049346734 0.4824219373930112 0.479660680307044 0.4562036364408172 0.45286918056554143 0.4304170725947046 0.420021343181965 0.40598092470003505 0.39685672395703286 0.38392968307460407 0.37767358722129196 0.36178518209444493 0.34491316051606824 0.34143834027700715 
0.5848789922166924 0.7646413302636839 0.7395453766566453 0.7214452869645618 0.8140645840537488 0.6813800572893403 0.7926100868832116 0.6431173175521974 0.6303810434230901 0.6071585962931438 0.5769839269666373 0.5733943395046743 0.5548283178112119 0.5420960322297443 0.5303307044386723 0.5116325126130232 0.49068566573100036 0.4823367475661009 0.47449639614453004 0.4561963302950367 0.4416195752879043 0.4303674342910354 0.4149934368718787 0.40603642027644926 0.39682628306300904 0.3839853993030909 0.37572797744569164 0.36207653234536713 0.3505366509624482 0.34149281376289475 
0.5848958430094676 0.7647343934989297 0.7371249660051153 0.7214052026965319 0.8141827761060041 0.6813917780463716 0.7913368031284846 0.6430938107129696 0.6313226881536191 0.6071643394417156 0.5871443685159126 0.5733176662477701 0.5521402449664001 0.5418875254691915 0.5357767823638042 0.5116463477802592 0.49003105787470086 0.4824400614343983 0.47482232506536337 0.4561647780923014 0.4478105846883202 0.43044189174653913 0.41645291394802586 0.40608637046013435 0.3967432428050884 0.3841495958327191 0.3771937051622073 0.3616950449987093 0.34771784816934226 0.34127828843407015 
0.5864709645518988 0.7650737803641205 0.7409677430464305 0.7222546740614143 0.8141905779317137 0.6817730144299339 0.7945870975242741 0.6442961938123619 0.6269561878724512 0.6082408473829796 0.5931073927825797 0.5747714967391718 0.5574920586456024 0.5432569570616379 0.5244793661163109 0.5124827897309117 0.491852584343921 0.48260038915263404 0.47397234485360085 0.45827972836451236 0.4446639229080182 0.4307431711496364 0.4163833596962043 0.40815335773090233 0.396216839290613 0.383324333401094 0.375074217844805 0.3619758420775324 0.3476407819048873 0.3418957548480558 
0.5864709645518988 0.7650737803641205 0.7409677430464305 0.7222546740614143 0.8141905779317137 0.6817730144299339 0.7945870975242741 0.6442961938123619 0.6269561878724512 0.6082408473829796 0.5931073927825797 0.5747714967391718 0.5574920586456024 0.5432569570616379 0.5244793661163109 0.5124827897309117 0.491852584343921 0.48260038915263404 0.47397234485360085 0.45827972836451236 0.4446639229080182 0.4307431711496364 0.4163833596962043 0.40815335773090233 0.396216839290613 0.383324333401094 0.375074217844805 0.3619758420775324 0.3476407819048873 0.3418957548480558 
0.5848439974182508 0.7645193900518421 0.7423012498776314 0.7214385996482611 0.8133500227809213 0.6814200334757162 0.7931947976058189 0.6432169491189738 0.6305040488469851 0.6072425821685135 0.5922250955887322 0.5733542972255977 0.5609560267441568 0.5419410213628499 0.53163785100477 0.5113437436960825 0.49172912060492413 0.48242016154837275 0.4683918367319787 0.45604935725473406 0.4455421571976459 0.4306094526010642 0.4162640434981963 0.4067524721077076 0.3975011175644466 0.38392803998410574 0.37677940131164256 0.36232602772031264 0.35075864315151234 0.3413448939855974 
0.5849176816204726 0.764592782019194 0.7396690214049272 0.7213960192394777 0.8120009351025415 0.6815117389522336 0.7929677882669187 0.6431088627348581 0.6301920428664043 0.6071816178650243 0.5990862235420109 0.5732988755345108 0.5551568243300757 0.5417896018297021 0.5290090196936292 0.5112804608634052 0.49143345755258616 0.4823511854961352 0.47680177682595737 0.45622507876419266 0.4417431084906802 0.4305839678868684 0.4171756784723951 0.40590150522192225 0.39690332805786266 0.383524298441995 0.3729809953606476 0.36198997325306403 0.35051240772286574 0.3415246961340702 
0.5849026972354747 0.7645599758555343 0.7387811498642001 0.7214011234163205 0.8140645840537488 0.6813917780463716 0.7931719278166729 0.6431212407486011 0.6302466748735835 0.6071585962931438 0.5847659300843859 0.5733738148025243 0.5539104832290769 0.5420810447597761 0.5274266385812444 0.5114615061260037 0.4912777642605598 0.4823013716176629 0.47449639614453004 0.4562223368274583 0.45102771196302816 0.43045088193711734 0.4149934368718787 0.40598262043829725 0.39684958511342394 0.38391247268886985 0.3734131228563251 0.36207653234536713 0.3511217996597477 0.3415583750097422 
0.5849176816204726 0.764592782019194 0.7396690214049272 0.7213960192394777 0.8120009351025415 0.6815117389522336 0.7929677882669187 0.6431088627348581 0.6301920428664043 0.6071816178650243 0.5990862235420109 0.5732988755345108 0.5551568243300757 0.5417896018297021 0.5290090196936292 0.5112804608634052 0.49143345755258616 0.4823511854961352 0.47680177682595737 0.45622507876419266 0.4417431084906802 0.4305839678868684 0.4171756784723951 0.40590150522192225 0.39690332805786266 0.383524298441995 0.3729809953606476 0.36198997325306403 0.35051240772286574 0.3415246961340702 
0.5849455912308867 0.7645362057856887 0.7398935193453777 0.7213186809056928 0.8122964169782936 0.6814128200430536 0.7930194500242971 0.6431028579117644 0.630361953905534 0.6071737603854206 0.5907578434233096 0.5733720167776466 0.554057786807783 0.5417896018297021 0.5251277823985179 0.5111716427428591 0.4921244191931927 0.4824209462635979 0.48053660575612184 0.45626412472166566 0.44295660373020823 0.43055239645941856 0.4170679396578542 0.40595268444498916 0.3967797642766287 0.383709770316489 0.3708660216687159 0.3621001625082476 0.3464475383404108 0.34157743364946436 
0.584824959614036 0.7645193900518421 0.74202350284663 0.7214385996482611 0.8133500227809213 0.6814200334757162 0.7938559614931348 0.6431900348446192 0.6302578238374983 0.6071820495650861 0.588725585470113 0.5732456589561918 0.5621316683938836 0.5419712577485959 0.5318396224944895 0.5111007536248751 0.49172912060492413 0.48252545693415133 0.4684106655390131 0.4560904671258291 0.4478105846883202 0.43050727228127494 0.41625690417271927 0.4067524721077076 0.397687495076552 0.38391611327442543 0.37677940131164256 0.3620578383058314 0.3496549590747253 0.3415540155837343 
0.5848439974182508 0.7645193900518421 0.7419589339507298 0.7214385996482611 0.8133500227809213 0.6814200334757162 0.7932357177511153 0.6431944795583224 0.6302578238374983 0.6072032332540227 0.5922491141882852 0.5732014334205583 0.5611534143496147 0.5419712577485959 0.5318396224944895 0.5111007536248751 0.49172912060492413 0.48242016154837275 0.4684106655390131 0.45604935725473406 0.4455421571976459 0.43055854081620704 0.41625690417271927 0.4067524721077076 0.3975011175644466 0.3839619169142013 0.37677940131164256 0.3620578383058314 0.35075864315151234 0.3414024471335575 
0.5848730664660294 0.7644079297367723 0.74202350284663 0.7214046230208984 0.8130144184505192 0.6813540827441225 0.7929262853689072 0.6430851590344941 0.6302578238374983 0.6071508377730048 0.5857612648255788 0.5731318037480334 0.5550021983648237 0.5419712577485959 0.5312804274207332 0.5115204212649092 0.49159613408830416 0.48243573548963326 0.4694078744570233 0.4561315769969242 0.44947226455923045 0.43045600374634285 0.41645291394802586 0.40635539406892773 0.3970126605751144 0.3837867482471555 0.3752029287236811 0.36210584895767794 0.3496549590747253 0.34167921527621414 
0.5848439974182508 0.7645193900518421 0.7423012498776314 0.7214385996482611 0.8133500227809213 0.6814200334757162 0.7931947976058189 0.6432169491189738 0.6305040488469851 0.6072425821685135 0.5922250955887322 0.5733542972255977 0.5609560267441568 0.5419410213628499 0.53163785100477 0.5113437436960825 0.49172912060492413 0.48242016154837275 0.4683918367319787 0.45604935725473406 0.4455421571976459 0.4306094526010642 0.4162640434981963 0.4067524721077076 0.3975011175644466 0.38392803998410574 0.37677940131164256 0.36232602772031264 0.35075864315151234 0.3413448939855974 
0.5848439974182508 0.7645193900518421 0.7419589339507298 0.7214385996482611 0.8133500227809213 0.6814200334757162 0.7932357177511153 0.6431944795583224 0.6302578238374983 0.6072032332540227 0.5922491141882852 0.5732014334205583 0.5611534143496147 0.5419712577485959 0.5318396224944895 0.5111007536248751 0.49172912060492413 0.48242016154837275 0.4684106655390131 0.45604935725473406 0.4455421571976459 0.43055854081620704 0.41625690417271927 0.4067524721077076 0.3975011175644466 0.3839619169142013 0.37677940131164256 0.3620578383058314 0.35075864315151234 0.3414024471335575 
0.5847959655984186 0.7643114715229957 0.7413822271965765 0.7215402044419379 0.8125067141902728 0.6813586084389938 0.7939227574663605 0.6430969025079115 0.6296683287132514 0.6070275257764851 0.5936063129507501 0.5730323190953415 0.5567464290434977 0.5416390979887682 0.5298055301574038 0.5109384582355052 0.49262442210130264 0.4830878846284647 0.47215012524153527 0.45605348508197824 0.44352571012281156 0.4305191466012425 0.4162135828958806 0.4067497326243431 0.39725978813758234 0.38347439144387263 0.3743469019671988 0.3618369474961961 0.3454057779316907 0.34168314591717774 
0.5847959655984186 0.7643114715229957 0.7413822271965765 0.7215402044419379 0.8125067141902728 0.6813586084389938 0.7939227574663605 0.6430969025079115 0.6296683287132514 0.6070275257764851 0.5936063129507501 0.5730323190953415 0.5567464290434977 0.5416390979887682 0.5298055301574038 0.5109384582355052 0.49262442210130264 0.4830878846284647 0.47215012524153527 0.45605348508197824 0.44352571012281156 0.4305191466012425 0.4162135828958806 0.4067497326243431 0.39725978813758234 0.38347439144387263 0.3743469019671988 0.3618369474961961 0.3454057779316907 0.34168314591717774 
0.5847959655984186 0.7643398467749991 0.7415567769301994 0.7215383975168923 0.8125473059349091 0.6813586084389938 0.7939227574663605 0.6430969025079115 0.629224404500389 0.6069206712109296 0.5930950673224153 0.5728128571891542 0.5567464290434977 0.5416390979887682 0.5298055301574038 0.5109384582355052 0.49583288401080317 0.4828213742484925 0.47215012524153527 0.45577406016464184 0.44302425106360005 0.43051740070820466 0.4155972235074321 0.4067497326243431 0.3973722381423484 0.38347439144387263 0.3753863747277897 0.3618369474961961 0.3454057779316907 0.3417830709492451 
0.5847959655984186 0.7643398467749991 0.7415567769301994 0.7215383975168923 0.8125473059349091 0.6813586084389938 0.7939227574663605 0.6430969025079115 0.629224404500389 0.6069206712109296 0.5930950673224153 0.5728128571891542 0.5567464290434977 0.5416390979887682 0.5298055301574038 0.5109384582355052 0.49583288401080317 0.4828213742484925 0.47215012524153527 0.45577406016464184 0.44302425106360005 0.43051740070820466 0.4155972235074321 0.4067497326243431 0.3973722381423484 0.38347439144387263 0.3753863747277897 0.3618369474961961 0.3454057779316907 0.3417830709492451 
0.5848493775268998 0.7642126378304318 0.7409173268079651 0.7213936333695742 0.812770979825689 0.6811127154664969 0.7948788022727522 0.6433038531909931 0.6270981636192552 0.6072016740713141 0.5939845141244209 0.5735997271939635 0.5577985774661233 0.5414647560921528 0.5262461725460303 0.5106602494037716 0.49454198979589276 0.48260038915263404 0.4717167838954175 0.45631983650754426 0.4446639229080182 0.43067416812074066 0.416675920107241 0.4070336715327461 0.39850218830371464 0.38336227703432846 0.37401896684463876 0.36206676799632354 0.34950310220555847 0.34193158886120223 
0.5848493775268998 0.7642126378304318 0.7409173268079651 0.7213936333695742 0.812770979825689 0.6811127154664969 0.7948788022727522 0.6433038531909931 0.6270981636192552 0.6072016740713141 0.5939845141244209 0.5735997271939635 0.5577985774661233 0.5414647560921528 0.5262461725460303 0.5106602494037716 0.49454198979589276 0.48260038915263404 0.4717167838954175 0.45631983650754426 0.4446639229080182 0.43067416812074066 0.416675920107241 0.4070336715327461 0.39850218830371464 0.38336227703432846 0.37401896684463876 0.36206676799632354 0.34950310220555847 0.34193158886120223 
0.5848493775268998 0.7642043408097059 0.7409350507049803 0.7213936333695742 0.8127470556533825 0.6810620379053405 0.7943285187550366 0.6430259274703756 0.6248330019576402 0.6071352692801841 0.5923466870701599 0.5734412094122929 0.5577985774661233 0.5414647560921528 0.5235456281324893 0.5106602494037716 0.49454198979589276 0.48260038915263404 0.4681120885557525 0.45631983650754426 0.4446639229080182 0.4307431711496364 0.4163833596962043 0.4064722704958552 0.396216839290613 0.38336227703432846 0.37155675726258863 0.36199287046866935 0.34950310220555847 0.3418957548480558 
0.5848493775268998 0.7642043408097059 0.7409350507049803 0.7213936333695742 0.8127470556533825 0.6810620379053405 0.7943285187550366 0.6430259274703756 0.6248330019576402 0.6071352692801841 0.5923466870701599 0.5734412094122929 0.5577985774661233 0.5414647560921528 0.5235456281324893 0.5106602494037716 0.49454198979589276 0.48260038915263404 0.4681120885557525 0.45631983650754426 0.4446639229080182 0.4307431711496364 0.4163833596962043 0.4064722704958552 0.396216839290613 0.38336227703432846 0.37155675726258863 0.36199287046866935 0.34950310220555847 0.3418957548480558 
0.5846500565914028 0.7642975989879249 0.7413168425136762 0.7213943517844297 0.8128282391426551 0.6814343180969148 0.7948311371797265 0.6428101113745515 0.6254219568836296 0.6069664961032064 0.5920849015259104 0.5730388847773983 0.5550959131210655 0.5413720437647871 0.5279380541897607 0.5103396353308769 0.4980032330052462 0.48206736839268965 0.46760095437719185 0.45588789338507374 0.4436610047895952 0.43030729261753475 0.41515064091930726 0.40507690417932296 0.39540410160122963 0.38355027871034153 0.37374792604085283 0.36187100427847 0.349130418533033 0.3419457733583546 
0.5846500565914028 0.7642903479414475 0.7413168425136762 0.7214014960927322 0.8128282391426551 0.6814343180969148 0.7943769143720982 0.6428101113745515 0.6263765397996851 0.6069774023263352 0.5920849015259104 0.5730388847773983 0.5558748773036113 0.5414452290737342 0.5282116338324834 0.5103396353308769 0.4980032330052462 0.48198982194015266 0.46760095437719185 0.45578494559088917 0.4436610047895952 0.43030729261753475 0.41515064091930726 0.40507690417932296 0.39540410160122963 0.38355027871034153 0.37374792604085283 0.36187100427847 0.349130418533033 0.3419457733583546 
0.5846189321111823 0.7642450404553387 0.7413134255676863 0.7211066442442402 0.8128424073176542 0.6814343180969148 0.7928167447786548 0.6426048547370818 0.625860962714223 0.6070534094159182 0.5912077801840693 0.5727000643488973 0.5562637348558586 0.5414549925829435 0.5258216915089948 0.5105208653872921 0.49432610827513074 0.4810215140498526 0.46824454920354064 0.45533520873625266 0.4435494942803239 0.4299465623504415 0.41515064091930726 0.40477136143776205 0.39382375486695215 0.38355027871034153 0.37168904996003926 0.36187796021860563 0.3481390755030167 0.34177862562461975 
0.5842710795859536 0.7642948774815439 0.7414176749906071 0.7211942282060909 0.8124588658456597 0.6812572533166809 0.7928221904309293 0.6425410510666765 0.6251380053900216 0.6068947161942252 0.5903306588422281 0.5727152835320004 0.5565347180990523 0.5409443210806532 0.5244044413303216 0.5098245045061198 0.496779721805454 0.48144559489570005 0.4649407345622053 0.4549529409892593 0.44259565042534754 0.43065715265903404 0.4156284620738072 0.4056269305505613 0.39268909011137915 0.3834739058550972 0.36942248280309853 0.3616891524408878 0.3487338335350215 0.3416114778908849 
0.5841751288925523 0.7643015917499056 0.7413100086216964 0.7214232232971417 0.8126849292495293 0.68124724721408 0.7931949941763149 0.6429795935357178 0.6256975412880924 0.6067672743300557 0.5911054164090426 0.5727648458840608 0.5569354818366177 0.5409397300896971 0.526520721381481 0.5099012263518989 0.4947193856980473 0.48125813765823355 0.4669085525066432 0.45522208400654324 0.44029932091926893 0.4294271950553999 0.4165854076871444 0.40545907236127054 0.3925292459856218 0.3824986257020152 0.37128891268486136 0.36191558381696454 0.3486836118783723 0.34233956708028845 
0.5839770809738226 0.7641895099756536 0.7413100086216964 0.7213029727993623 0.8127449253323777 0.6813910298877847 0.7928221904309293 0.6429121598273606 0.6265630670294983 0.6067672743300557 0.5911054164090426 0.5728532244018825 0.5573362455741832 0.5407511077229487 0.5261328246750563 0.5099012263518989 0.49435926944182995 0.48125813765823355 0.4669085525066432 0.45549122702382716 0.44029932091926893 0.4298854112447955 0.4162448214622557 0.4051100087065347 0.39319586788795124 0.38355318275740446 0.3727320680133924 0.3615647033358089 0.3486333902217231 0.3420170380070514 
0.5836269318288978 0.7639128858531993 0.7413347355208284 0.7210353954008559 0.8123718239526169 0.6807630546873256 0.7922220646675544 0.6422543461237988 0.6247002307555358 0.6061348983388399 0.5911054164090426 0.5723109499893048 0.5569354818366177 0.5409397300896971 0.526520721381481 0.5096827775620051 0.4947193856980473 0.4807327371535813 0.4669085525066432 0.45522208400654324 0.44029932091926893 0.4290071403561155 0.4156515956610859 0.404754139410535 0.3924170823756235 0.3824986257020152 0.37075441667668596 0.36191558381696454 0.3486836118783723 0.34233956708028845 
0.5838174792267272 0.7641895099756536 0.7412533003877305 0.7213029727993623 0.8126519912024806 0.6805336577025438 0.7928221904309293 0.6420045930544437 0.625453510439623 0.6067672743300557 0.5898012783248023 0.5728532244018825 0.5566456871234275 0.5407511077229487 0.5250499283383858 0.5092014752213537 0.49559603140743486 0.4811634877197608 0.46531026053579505 0.45549122702382716 0.4403754790837331 0.42797459691791934 0.41565698486073077 0.4036764586378254 0.39237440455588857 0.38156222492409536 0.37237949738248244 0.36026551883648883 0.3486333902217231 0.339518340966251 
0.5836269318288978 0.7639128858531993 0.7413347355208284 0.7210353954008559 0.8123718239526169 0.6807630546873256 0.7922220646675544 0.6422543461237988 0.6247002307555358 0.6061348983388399 0.5911054164090426 0.5723109499893048 0.5569354818366177 0.5409397300896971 0.526520721381481 0.5096827775620051 0.4947193856980473 0.4807327371535813 0.4669085525066432 0.45522208400654324 0.44029932091926893 0.4290071403561155 0.4156515956610859 0.404754139410535 0.3924170823756235 0.3824986257020152 0.37075441667668596 0.36191558381696454 0.3486836118783723 0.34233956708028845 
0.583542611471287 0.7644136735241576 0.7413100086216964 0.7211942282060909 0.8124248595717032 0.6811034645403753 0.7928221904309293 0.6425410510666765 0.6248320155466865 0.6068947161942252 0.5903306588422281 0.5726764673662392 0.5565347180990523 0.5399287605937579 0.5244044413303216 0.5098245045061198 0.49559603140743486 0.4807062227519756 0.46506142163118497 0.4549529409892593 0.4412091265156641 0.42912620899418785 0.4158268175292401 0.40465169459419337 0.39224340813267466 0.3834739058550972 0.3698457573563303 0.3616850539888778 0.3487338335350215 0.3416114778908849 
0.5830787347652433 0.7635241799564929 0.7413594624199604 0.72064756750457 0.8120587186557044 0.680278862160571 0.7912491351587938 0.6415290987118798 0.6237029202229792 0.605502522347624 0.5878695915041023 0.5718570540945487 0.55389939080285 0.5395572369705982 0.5228528545046229 0.5094643287721112 0.49461042877390216 0.480207336648929 0.466772178300494 0.45327629002274084 0.4421219123822028 0.42858708565683107 0.4147177836350273 0.40404920645979947 0.39230491876562523 0.38194901214058835 0.3702199206685106 0.36017651554757774 0.3472868975125536 0.33939513506968355 
0.5830787347652433 0.7635241799564929 0.7413594624199604 0.72064756750457 0.8120587186557044 0.680278862160571 0.7912491351587938 0.6415290987118798 0.6237029202229792 0.605502522347624 0.5878695915041023 0.5718570540945487 0.55389939080285 0.5395572369705982 0.5228528545046229 0.5094643287721112 0.49461042877390216 0.480207336648929 0.466772178300494 0.45327629002274084 0.4421219123822028 0.42858708565683107 0.4147177836350273 0.40404920645979947 0.39230491876562523 0.38194901214058835 0.3702199206685106 0.36017651554757774 0.3472868975125536 0.33939513506968355 
0.5828878536740887 0.7633607109253866 0.7406748305661572 0.7207132262149732 0.811351632516814 0.6800738879538293 0.7913309754493867 0.6414841595905771 0.6235212176504739 0.6054238245186426 0.5876529384444955 0.5715513264844698 0.5543496505259535 0.5400288833066855 0.5232563974840618 0.5089783486296964 0.4941555663825655 0.4804474338070919 0.46693425536686795 0.45381016346754693 0.44119162832644576 0.4284852620871168 0.41470350498407327 0.40300763519419636 0.3916088488784676 0.3810609255352786 0.37074598208508525 0.3589303691424208 0.3476545863903384 0.3395102413656037 
0.5827504197963687 0.7634727926996385 0.7406748305661572 0.7207132262149732 0.811351632516814 0.6800738879538293 0.7913309754493867 0.6414841595905771 0.6232104702040056 0.6054238245186426 0.5879176287032084 0.5715513264844698 0.5542941660137659 0.5396177097420902 0.5232563974840618 0.5089783486296964 0.4941555663825655 0.4802188013231993 0.4668098359145629 0.453541020450263 0.4416084520424113 0.4284852620871168 0.41470350498407327 0.40349525317238033 0.39154335066686063 0.3820167660007795 0.37074598208508525 0.3596401367186153 0.3477048080469876 0.3395102413656037 
0.5827504197963687 0.7634727926996385 0.7406748305661572 0.7207132262149732 0.811351632516814 0.6800738879538293 0.7913309754493867 0.6414841595905771 0.6232104702040056 0.6054238245186426 0.5879176287032084 0.5715513264844698 0.5542941660137659 0.5396177097420902 0.5232563974840618 0.5089783486296964 0.4941555663825655 0.4802188013231993 0.4668098359145629 0.453541020450263 0.4416084520424113 0.4284852620871168 0.41470350498407327 0.40349525317238033 0.39154335066686063 0.3820167660007795 0.37074598208508525 0.3596401367186153 0.3477048080469876 0.3395102413656037 
0.5826178471794636 0.7634214054427841 0.7407463909234099 0.7209294348406188 0.8106445463779236 0.6802656659884083 0.7913309754493867 0.6413156191068616 0.6227180201850318 0.6056976480761899 0.5879302328006464 0.5715046824136818 0.5542941660137659 0.5402208327678376 0.523721144943323 0.5088605893565423 0.4947451401699803 0.48023026599746954 0.46684749352863175 0.4533296910982305 0.4409526249645976 0.42979933510326324 0.4146892263331193 0.40349525317238033 0.390781782568096 0.38225463177593233 0.3712132708573356 0.3591228180368421 0.34812271858142163 0.3396253476615238 
0.582422104827494 0.7634214054427841 0.7406748305661572 0.7207132262149732 0.8106445463779236 0.6798689137470877 0.7913309754493867 0.6414392204692746 0.6227180201850318 0.6054238245186426 0.5879176287032084 0.5712455988743909 0.5542941660137659 0.5396177097420902 0.5236599404635008 0.5089783486296964 0.4937007039912289 0.48023026599746954 0.46684749352863175 0.453541020450263 0.44109499170261973 0.4284852620871168 0.4146892263331193 0.40349525317238033 0.390781782568096 0.3820845198609706 0.3712720435016599 0.3591037578896528 0.34812271858142163 0.3396253476615238 
0.5822579473430567 0.763395711814357 0.7406890076246487 0.7207132262149732 0.8102910033084785 0.6797664266437169 0.7913309754493867 0.6414392204692746 0.6227180201850318 0.6054238245186426 0.5879176287032084 0.5710927350693513 0.5542941660137659 0.5396177097420902 0.5236599404635008 0.5089783486296964 0.4937007039912289 0.48023026599746954 0.46684749352863175 0.453541020450263 0.44109499170261973 0.4284852620871168 0.4146892263331193 0.40349525317238033 0.390781782568096 0.3820845198609706 0.3712720435016599 0.3591037578896528 0.34812271858142163 0.3396253476615238 
0.5820373868934817 0.7622988534695402 0.7407415586435526 0.719734599516595 0.8099786280920312 0.6792323932419728 0.7911430829419013 0.6410072301907909 0.6220141364903979 0.6052180615225944 0.587820005688478 0.5709480623931731 0.5530860250452696 0.537963074111541 0.5233504175174084 0.5088987773943481 0.4930520113762366 0.479606327258639 0.46571535733276387 0.45240767507033475 0.4396898127717302 0.4275898289802027 0.41419019005959273 0.40280715985424387 0.3902516046250573 0.3804986911502741 0.37028119619001687 0.3591054675699702 0.34895358521647735 0.33843518218787005 
0.5816526689594694 0.7622988534695402 0.740808286720948 0.719734599516595 0.8099786280920312 0.6792323932419728 0.7909551904344159 0.6405752399123071 0.6220141364903979 0.605012298526546 0.5877223826737477 0.5706505259119554 0.5530860250452696 0.537963074111541 0.5230408945713159 0.5088192061589998 0.4924033187612443 0.47898238851980846 0.464583221136896 0.45240767507033475 0.43828463384084065 0.42669439587328867 0.4136911537860662 0.40280715985424387 0.3902516046250573 0.37891286243957767 0.3692903488783738 0.3591071772502876 0.34978445185153306 0.33724501671421636 
0.5816526689594694 0.7622988534695402 0.740808286720948 0.719734599516595 0.8099786280920312 0.6792323932419728 0.7909551904344159 0.6405752399123071 0.6220141364903979 0.605012298526546 0.5877223826737477 0.5706505259119554 0.5530860250452696 0.537963074111541 0.5230408945713159 0.5088192061589998 0.4924033187612443 0.47898238851980846 0.464583221136896 0.45240767507033475 0.43828463384084065 0.42669439587328867 0.4136911537860662 0.40280715985424387 0.3902516046250573 0.37891286243957767 0.3692903488783738 0.3591071772502876 0.34978445185153306 0.33724501671421636 
0.5816526689594694 0.7628391068004776 0.7408751906074427 0.7196790420326402 0.8105886806273568 0.6799698249971847 0.7909551904344159 0.6405527703516558 0.6229143664991448 0.605012298526546 0.5877223826737477 0.5706505259119554 0.5533433620283342 0.5383609967927718 0.5232022880255878 0.5085762160877924 0.49330517964996873 0.47898238851980846 0.4655590994404052 0.4524595133162346 0.43828463384084065 0.4268229848416508 0.41479962199208037 0.4027012226814575 0.3902516046250573 0.37891286243957767 0.3692903488783738 0.35916403210437586 0.34999340711875004 0.33673121303272013 
0.5815725448262483 0.7624995615981427 0.7408127778281404 0.7202495018416838 0.809819915075426 0.6790206756291544 0.7902931311792099 0.640093511589358 0.6221443491319507 0.6048591328760016 0.5871331982295437 0.570033443365489 0.5535753679070009 0.5388379710587619 0.5230421970243384 0.5083870889340053 0.4928126979502592 0.4794955784348073 0.4647303385736332 0.45135209926286535 0.4385395787753509 0.4283271778532344 0.4139744069778885 0.40286048731525154 0.3902463697470979 0.37857263860965423 0.36867068576202233 0.3592022283351932 0.3487880500717423 0.337435299507689 
0.5811810601223092 0.7623030745346493 0.7406696571136351 0.7198170845903926 0.8092018565659862 0.6782271711465131 0.7908950396073933 0.6403407143141838 0.6216734236176843 0.6043114857609071 0.5871079900346676 0.5695152762869072 0.5533249174577074 0.5376317250072671 0.5229197880646942 0.5086226074803134 0.49072382559275646 0.47902870934218195 0.46414919532168286 0.45177475796693034 0.4388243122513952 0.4256990318209415 0.4139161155186078 0.4027012226814575 0.3903724008880207 0.3782324147797308 0.3687882310506709 0.35916410804081467 0.3488734248337304 0.3374174278126474 
0.5811945936621628 0.762696048661636 0.7409558985426458 0.7197601884924947 0.809819915075426 0.6791776596066808 0.7902931311792099 0.6398463088645321 0.6219113909515832 0.6048591328760016 0.5871331982295437 0.5699565374816352 0.5529712974227527 0.5380106532434872 0.5225455600917974 0.5081515703876972 0.4928126979502592 0.47887163969597674 0.4653114818255835 0.4497960951788721 0.43713439984446134 0.4274317447463203 0.4139744069778885 0.4023316586309091 0.3899812807755786 0.37891286243957767 0.3676798384503793 0.35924376799020663 0.3487880500717423 0.33745317120273066 
0.5810263788693928 0.7626424914257101 0.7409558985426458 0.7192957696746318 0.8097393165996762 0.6789418887917498 0.7902931311792099 0.6398463088645321 0.6219113909515832 0.604697812104318 0.5871331982295437 0.5699565374816352 0.5529712974227527 0.5380106532434872 0.5222279388396539 0.5082488509478498 0.4928126979502592 0.47887163969597674 0.4653114818255835 0.4497960951788721 0.43713439984446134 0.42622127453500963 0.4144263157182348 0.4023316586309091 0.3899812807755786 0.37891286243957767 0.3676798384503793 0.3592372807665041 0.3494081569619847 0.3364899847793068 
0.580709451285149 0.7623072955997585 0.7405310275063223 0.7198170845903926 0.8092018565659862 0.6782271711465131 0.7908348887803707 0.6401061887160605 0.6213327107449707 0.6036106729952683 0.5864935973955877 0.5695152762869072 0.5535638098701452 0.5373003759029933 0.5227986815580725 0.508426008801627 0.49072382559275646 0.47907503016455544 0.46371516950646974 0.45114184086352593 0.4388243122513952 0.4256990318209415 0.4139161155186078 0.4027012226814575 0.3903724008880207 0.3782324147797308 0.36828611322296795 0.35922103883134177 0.34796239781592775 0.33758983891107847 
0.580709451285149 0.7623072955997585 0.7405310275063223 0.7198170845903926 0.8092018565659862 0.6782271711465131 0.7908348887803707 0.6401061887160605 0.6213327107449707 0.6036106729952683 0.5864935973955877 0.5695152762869072 0.5535638098701452 0.5373003759029933 0.5227986815580725 0.508426008801627 0.49072382559275646 0.47907503016455544 0.46371516950646974 0.45114184086352593 0.4388243122513952 0.4256990318209415 0.4139161155186078 0.4027012226814575 0.3903724008880207 0.3782324147797308 0.36828611322296795 0.35922103883134177 0.34796239781592775 0.33758983891107847 
0.5805358003858603 0.7616923414152725 0.7403658659868415 0.7183765425902962 0.8093748925832592 0.677025356917076 0.7898210496372043 0.6402132232808655 0.6205695063856282 0.6036915514046504 0.5861185296150089 0.5689895728308758 0.5523447986083887 0.5365337422125246 0.5226013971566345 0.5071771625460868 0.4931327071005492 0.47840832968806346 0.4644843320834712 0.45127930928324755 0.4381921384697537 0.42475663408079195 0.4136207667787549 0.40289735732422916 0.3886733557252504 0.37938471708024335 0.3670156851664276 0.3595188398153312 0.34860850510181385 0.33589822561400406 
0.580277098023656 0.761405785497723 0.7397496396396344 0.7188957663048349 0.8091318800631203 0.6777445907041615 0.7894306272078158 0.6399496593201186 0.6209396112147392 0.6031554028309605 0.5859235166735783 0.5689216748910114 0.5527870638474364 0.536841347935183 0.5201718876596109 0.5073742000109036 0.49176932097538906 0.477895167790545 0.464404190637494 0.45126862554396496 0.435892219036424 0.4251997706587952 0.41324748403913114 0.40245510254216593 0.38825342582470135 0.37843118672447296 0.36640612950774043 0.3594306429473437 0.34805919219211995 0.3366526818248904 
0.5801902725740117 0.761405785497723 0.7400577528132379 0.7179744480192771 0.8092599051087637 0.677114754138183 0.7896258384225101 0.6397931299241768 0.6205415619879916 0.6031958420356516 0.585749204027288 0.5690245976196053 0.5520103178247276 0.5365456169772699 0.5213866424081226 0.5065147933265315 0.4922158786345554 0.4783521911101486 0.46381651618787334 0.45127396741360626 0.43690715445580786 0.42440395687717847 0.41310362655217897 0.40220898240287434 0.38873950854852724 0.37885513600413057 0.36491732144504446 0.3595795434393385 0.3484170602673647 0.3361355462623531 
0.5798447447621631 0.761405785497723 0.7397496396396344 0.7179744480192771 0.8091318800631203 0.6777445907041615 0.7894306272078158 0.6397931299241768 0.6205465116845077 0.6027001326666528 0.5859235166735783 0.5689216748910114 0.5520103178247276 0.5363823199673728 0.5201718876596109 0.5063223912201802 0.4928148163580216 0.477895167790545 0.46509321176851826 0.45126862554396496 0.435892219036424 0.424700509496649 0.41257885255965443 0.40220898240287434 0.38825342582470135 0.37862995866921506 0.36640612950774043 0.35964024706334574 0.34815598656831215 0.3366526818248904 
0.5798447447621631 0.761405785497723 0.7397496396396344 0.7179744480192771 0.8091318800631203 0.6777445907041615 0.7894306272078158 0.6397931299241768 0.6205465116845077 0.6027001326666528 0.5859235166735783 0.5689216748910114 0.5520103178247276 0.5363823199673728 0.5201718876596109 0.5063223912201802 0.4928148163580216 0.477895167790545 0.46509321176851826 0.45126862554396496 0.435892219036424 0.424700509496649 0.41257885255965443 0.40220898240287434 0.38825342582470135 0.37862995866921506 0.36640612950774043 0.35964024706334574 0.34815598656831215 0.3366526818248904 
0.5795091187806745 0.7613456107455574 0.7395553079230651 0.7182545841066827 0.8084878293119019 0.6767867175514066 0.7894306272078158 0.6397931299241768 0.620501027498227 0.6020621884478069 0.5856306699782869 0.5687126281931747 0.5520103178247276 0.5359857719414274 0.519564510285355 0.5059273434342066 0.4915756489273063 0.4782406781203179 0.4626486134308137 0.4512659546091443 0.43583509574064044 0.42441032209685503 0.412586486325603 0.40193498157505214 0.38873950854852724 0.3780607643899614 0.36491732144504446 0.35967059887534936 0.34772741454302014 0.33649152723487663 
0.5796818826865988 0.7613456107455574 0.7397093645098669 0.7182545841066827 0.8087451879108558 0.6767867175514066 0.7894306272078158 0.6397931299241768 0.6205149996970454 0.6023100431323063 0.5856306699782869 0.5687126281931747 0.5520103178247276 0.5359857719414274 0.5201718876596109 0.5059273434342066 0.4915756489273063 0.4782406781203179 0.4630444257823181 0.45126862554396496 0.43583509574064044 0.42441032209685503 0.412586486325603 0.40193498157505214 0.38873950854852724 0.3783255549280178 0.36491732144504446 0.35964024706334574 0.34772741454302014 0.3363728669107021 
0.5794270567832842 0.7609851268609198 0.740079606964523 0.7186187828843078 0.8083477980493543 0.6765337283009054 0.7898584155276898 0.6391171001997953 0.6204118347917634 0.602709020149419 0.5852917138821798 0.5684308262906617 0.5520521279226853 0.5356542872169483 0.5202315786070525 0.5059273434342066 0.49162904163389476 0.47856161992543284 0.46312256297213195 0.45123563200637473 0.4376157262617256 0.4243771559045118 0.41299234468701657 0.4014844003379295 0.38839106135745255 0.37694437589819674 0.3662707573086389 0.3595533042998001 0.34595062095966445 0.3357945589985909 
0.5793413057899301 0.7613155233694746 0.7397093645098669 0.7183946521503856 0.8087451879108558 0.6767867175514066 0.7894306272078158 0.6397931299241768 0.6205149996970454 0.601743216338384 0.5856306699782869 0.5685566434799594 0.5520103178247276 0.5359857719414274 0.5201718876596109 0.5056336184880442 0.4915756489273063 0.47818492162540255 0.4630444257823181 0.451264619141734 0.43583509574064044 0.42441032209685503 0.412327916212315 0.40193498157505214 0.38873950854852724 0.3783255549280178 0.36491732144504446 0.35968577478135116 0.34772741454302014 0.3363728669107021 
0.5789153071149888 0.7609289358486507 0.7397489829030822 0.7177875908792459 0.8083664891908204 0.6772580930114256 0.7894314663447162 0.6383836264295049 0.6204118347917634 0.602994175608687 0.5849436127826888 0.5679152144279458 0.5519324518229133 0.5358415038858237 0.5197375898992396 0.5051873943220545 0.49134838665249303 0.47709446438237785 0.4639819027654644 0.4494571228854415 0.43592580768687866 0.42395798152642783 0.4119301330787776 0.40207575531914463 0.38626914957911956 0.3767855348440883 0.3670771142229823 0.35950151631215177 0.346852137805865 0.3357945589985909 
0.5788338760772067 0.7609289358486507 0.7397489829030822 0.7179276589229487 0.8081731431146881 0.6767791564350482 0.7894314663447162 0.6383836264295049 0.6204118347917634 0.6027991308415137 0.5849436127826888 0.5679152144279458 0.5519324518229133 0.535643229872851 0.5197375898992396 0.5051873943220545 0.49134838665249303 0.4772672195472643 0.4639819027654644 0.4494571228854415 0.4358972460389869 0.4238128878265308 0.4119339499617519 0.40193875490523356 0.3865121909410325 0.37663333297348967 0.3663327101916343 0.35950151631215177 0.346852137805865 0.3357945589985909 
0.5787357316246923 0.7605015286114298 0.7387732911592351 0.7178198185758137 0.8079839894722866 0.6749624077796603 0.7877186918752755 0.6384945715670145 0.6202297342808929 0.6005065041038375 0.5854058285396151 0.5675019635908111 0.5506294602415724 0.535532349876422 0.5191454846409856 0.5050160821732866 0.4907326314239791 0.47896663923893334 0.4611645953534178 0.449241500731708 0.4354731097516984 0.42377471064713435 0.41155733723724364 0.4012351114490925 0.3862599346596779 0.37630210797782293 0.36537002611366043 0.35949476570120686 0.34561388209588584 0.3342217494657016 
0.5787357316246923 0.7605015286114298 0.7387732911592351 0.7178198185758137 0.8079839894722866 0.6749624077796603 0.7877186918752755 0.6384945715670145 0.6202297342808929 0.6005065041038375 0.5854058285396151 0.5675019635908111 0.5506294602415724 0.535532349876422 0.5191454846409856 0.5050160821732866 0.4907326314239791 0.47896663923893334 0.4611645953534178 0.449241500731708 0.4354731097516984 0.42377471064713435 0.41155733723724364 0.4012351114490925 0.3862599346596779 0.37630210797782293 0.36537002611366043 0.35949476570120686 0.34561388209588584 0.3342217494657016 
0.5785497742869292 0.7605015286114298 0.7396139670420645 0.7178037047275299 0.8080960357393593 0.6759782387089461 0.7877186918752755 0.6388946760958503 0.6202297342808929 0.6021358727063282 0.5834568519181959 0.5673485485568872 0.5513973587248806 0.5354730687107105 0.5189841262332343 0.5054271126765292 0.4901168761954652 0.47896663923893334 0.4611645953534178 0.44959704348230267 0.4348294702820605 0.4235914397678409 0.4118145411152559 0.39790670585945725 0.3865472698428505 0.37653853219987765 0.36537002611366043 0.35948801509026196 0.34561388209588584 0.33264719156358163 
0.5784514865165248 0.7601650374494922 0.7394931594608292 0.7178198185758137 0.8078255822878981 0.6748600197894906 0.7878264573741454 0.6388946760958503 0.6201784756165607 0.6005065041038375 0.5834568519181959 0.5673485485568872 0.5516895692210089 0.5354878890021384 0.5185660014348656 0.5054271126765292 0.4901168761954652 0.480389088516641 0.4623068828932311 0.4498538026848664 0.43532901018150283 0.4235914397678409 0.41169894915173416 0.40129869817519936 0.3866925817556937 0.37673672348694 0.3639685293438597 0.35948801509026196 0.3443756263859067 0.3340969914297267 
0.577792714106715 0.7605347405125045 0.7380393432774992 0.7173125911478326 0.8076014897537526 0.675226431152854 0.7879346553355356 0.6380944670381786 0.6188793728910903 0.5992852135053506 0.5839534476205896 0.5670887127536763 0.550396654856297 0.5355916310421335 0.5192240571180049 0.5044474452099024 0.4901505112055607 0.4776758022933024 0.4573836415030829 0.4487460373842521 0.4330222522187489 0.4230581103273009 0.41141572532275306 0.4003944675790405 0.3859851030384609 0.37581868111155764 0.36274165878862513 0.3594624905797563 0.34465252961533105 0.3357963073678216 
0.5778955994673223 0.7605347405125045 0.7387662513691642 0.7173125911478326 0.8076014897537526 0.6748634101295385 0.7878805563548406 0.6380944670381786 0.6195289242538256 0.5992852135053506 0.5839534476205896 0.5672186306552818 0.551043112038653 0.5355916310421335 0.5192240571180049 0.5047379017098292 0.4901505112055607 0.4776758022933024 0.459845262198157 0.4487460373842521 0.4330222522187489 0.4230581103273009 0.41141572532275306 0.4003944675790405 0.38632808464137997 0.3760245254910951 0.36335509406624245 0.3594624905797563 0.34465252961533105 0.33494664939877417 
0.5779884777827923 0.7600741213742089 0.7387732911592351 0.7178198185758137 0.8077135360208254 0.6749624077796603 0.7877186918752755 0.6384945715670145 0.6200476337700224 0.6005065041038375 0.5854058285396151 0.5672186306552818 0.5506294602415724 0.535532349876422 0.518727359842617 0.5050160821732866 0.4901168761954652 0.4796890489248963 0.4611645953534178 0.449241500731708 0.434425401149847 0.4235914397678409 0.41155733723724364 0.39915058671924886 0.3864052465725211 0.3760551053336123 0.3636629380043386 0.35948801509026196 0.3443756263859067 0.3342217494657016 
0.5778025204450292 0.7600741213742089 0.7387732911592351 0.7178198185758137 0.8078255822878981 0.6749059436427729 0.7877186918752755 0.6388946760958503 0.6200476337700224 0.6005065041038375 0.5834568519181959 0.5673485485568872 0.550862265626848 0.5354730687107105 0.5185660014348656 0.5054271126765292 0.4901168761954652 0.4796890489248963 0.4611645953534178 0.4497369640791639 0.4348294702820605 0.4235914397678409 0.4105380793147878 0.39790670585945725 0.3866925817556937 0.376291529555667 0.3636629380043386 0.35948801509026196 0.3443756263859067 0.33264719156358163 
0.5778025204450292 0.7600741213742089 0.7387732911592351 0.7178198185758137 0.8078255822878981 0.6749059436427729 0.7877186918752755 0.6388946760958503 0.6200476337700224 0.6005065041038375 0.5834568519181959 0.5673485485568872 0.550862265626848 0.5354730687107105 0.5185660014348656 0.5054271126765292 0.4901168761954652 0.4796890489248963 0.4611645953534178 0.4497369640791639 0.4348294702820605 0.4235914397678409 0.4105380793147878 0.39790670585945725 0.3866925817556937 0.376291529555667 0.3636629380043386 0.35948801509026196 0.3443756263859067 0.33264719156358163 
0.5774207994311888 0.7600741213742089 0.7380676311374232 0.7178198185758137 0.8078255822878981 0.6751135028790791 0.7877186918752755 0.6388946760958503 0.6200476337700224 0.5997354384037057 0.5833884000759504 0.5673485485568872 0.550862265626848 0.5354730687107105 0.5189013403025022 0.5052695062163874 0.4901168761954652 0.47853928375430377 0.4611645953534178 0.4497369640791639 0.43383039048317584 0.4235914397678409 0.40937720947784145 0.39790670585945725 0.3865597734048061 0.376291529555667 0.3636629380043386 0.35948801509026196 0.3443756263859067 0.33264719156358163 
0.5774207994311888 0.7600741213742089 0.7380676311374232 0.7178198185758137 0.8078255822878981 0.6751135028790791 0.7877186918752755 0.6388946760958503 0.6200476337700224 0.5997354384037057 0.5833884000759504 0.5673485485568872 0.550862265626848 0.5354730687107105 0.5189013403025022 0.5052695062163874 0.4901168761954652 0.47853928375430377 0.4611645953534178 0.4497369640791639 0.43383039048317584 0.4235914397678409 0.40937720947784145 0.39790670585945725 0.3865597734048061 0.376291529555667 0.3636629380043386 0.35948801509026196 0.3443756263859067 0.33264719156358163 
0.5770774457784378 0.7600741213742089 0.7387732911592351 0.7178198185758137 0.8067947672037085 0.6749059436427729 0.7877186918752755 0.6387486631931225 0.6197854917374861 0.6001209712537716 0.5830972822122485 0.5671927636280711 0.5499827312302746 0.5354730687107105 0.5185660014348656 0.5053215392110124 0.4901168761954652 0.4796890489248963 0.4611645953534178 0.44950328686775887 0.4344589107795673 0.4235914397678409 0.4101783467885384 0.39451471354371515 0.38613616826229125 0.37529949117265177 0.3636629380043386 0.35948801509026196 0.3443756263859067 0.33264719156358163 
0.5770390784173485 0.7596279201436853 0.7373619711156114 0.7175253269123882 0.8069258371422812 0.6750896390559021 0.7872876298797966 0.6388946760958503 0.6195242663838687 0.5989643727035737 0.5826121860690163 0.5674636849132907 0.5496057723617276 0.5354137875449991 0.5193085431350206 0.5051118997562458 0.4890370859691626 0.4782889697414068 0.4576186381109978 0.4492696096563539 0.43283131068429115 0.4222474965776234 0.4082163396408951 0.3927448114017751 0.38650285029182524 0.3750295498083445 0.3626115524622935 0.3594071874736608 0.34139100902945124 0.3268479920990014 
0.5765045883020381 0.7597104570730763 0.7373335545560469 0.7175253269123882 0.8073321314112802 0.6750896390559021 0.7873685621195792 0.6388946760958503 0.6192649116257702 0.5987392602543962 0.5826692606640558 0.5672257540629657 0.5492076584385265 0.5354137875449991 0.5189120316140076 0.5047925570320748 0.4883530456004036 0.4778572290109061 0.45659544519416484 0.448774146308898 0.43283131068429115 0.42232415666215917 0.4082163396408951 0.39236660208776464 0.3856642988129302 0.3745107538305752 0.36228665067720606 0.3594071874736608 0.34152946064416345 0.32799772101659763 
0.5765045883020381 0.7597517255377717 0.7373335545560469 0.7175253269123882 0.8073321314112802 0.6750896390559021 0.7873280959996879 0.6388946760958503 0.6192649116257702 0.5987392602543962 0.5826692606640558 0.5671313663811104 0.5492076584385265 0.5354174926178561 0.5184255507851279 0.5049254581587144 0.4883530456004036 0.47807309937615644 0.45659544519416484 0.44902187798262594 0.43283131068429115 0.42232415666215917 0.4084370420331188 0.3917446616578688 0.38555562261546567 0.37440910331010585 0.36228665067720606 0.3594141003619228 0.34152946064416345 0.32799772101659763 
0.5759706500980061 0.7597929940024672 0.7373335545560469 0.7175253269123882 0.8057639521195188 0.6750896390559021 0.7872876298797966 0.6386026502903948 0.6195233497049497 0.5989643727035737 0.5826692606640558 0.5670369786992551 0.5491031968337012 0.5354211976907131 0.5179390699562482 0.5050583592853539 0.4883362280953558 0.4782889697414068 0.45659544519416484 0.4492696096563539 0.43308927147818943 0.42232415666215917 0.4086577444253426 0.391122721227973 0.38544694641800115 0.3743074527896365 0.36285956623634386 0.3594210132501847 0.34139100902945124 0.32833682140760684 
0.5762355303137339 0.7596279201436853 0.7367209488331508 0.7177653146432338 0.8069258371422812 0.6748582159964188 0.7869999669077969 0.6388946760958503 0.6195242663838687 0.5992645226358104 0.5826121860690163 0.5674636849132907 0.5496057723617276 0.5354137875449991 0.5193085431350206 0.5055608477019462 0.48865473255366476 0.47916444110130624 0.4576186381109978 0.44979318192845563 0.43231668185512273 0.4222474965776234 0.4082163396408951 0.3927448114017751 0.38650285029182524 0.3750295498083445 0.36300403862681396 0.35939726127513083 0.34139100902945124 0.3268479920990014 
0.5759706500980061 0.7597929940024672 0.7373335545560469 0.7175253269123882 0.8057639521195188 0.6750896390559021 0.7872876298797966 0.6386026502903948 0.6195233497049497 0.5989643727035737 0.5826692606640558 0.5670369786992551 0.5491031968337012 0.5354211976907131 0.5179390699562482 0.5050583592853539 0.4883362280953558 0.4782889697414068 0.45659544519416484 0.4492696096563539 0.43308927147818943 0.42232415666215917 0.4086577444253426 0.391122721227973 0.38544694641800115 0.3743074527896365 0.36285956623634386 0.3594210132501847 0.34139100902945124 0.32833682140760684 
0.5759712020092844 0.7597929940024672 0.7367589900462315 0.7179800973040524 0.8059988141755293 0.6846327632207586 0.7864414719343544 0.6383106244849391 0.6195224330260307 0.5995853088544154 0.5827205243235366 0.5670861341858693 0.5493968491520771 0.535428607836427 0.5176853366350045 0.505429079293855 0.4884531627569376 0.4815698320475706 0.4581768375811252 0.4502264321328149 0.43334723227208766 0.42216991257149816 0.40909914920979007 0.3929204228747111 0.38583645673854117 0.37462294772646715 0.363449539642473 0.3594348390267086 0.34091241495039415 0.3298256507162123 
0.5751665500831132 0.7594221207474486 0.7360049184918475 0.7178601034386297 0.804891280666332 0.685050664949338 0.7862619067242749 0.6381646115822114 0.6192607493329538 0.5994352338882971 0.5827263352590952 0.5670131031831411 0.5490014079047925 0.535432312909284 0.5175439986705466 0.5057949614055415 0.48716537831783835 0.48203888358868424 0.45712479567231745 0.4494032839010713 0.4334762126690368 0.4219955098718562 0.4056239623062497 0.3929204228747111 0.3857771522336284 0.37359739220119936 0.36311351888311505 0.3594389158582477 0.33928165465745425 0.3269150025734535 
0.5752799678267084 0.7578509951300518 0.7361859472530625 0.7139964433650705 0.8055317281923204 0.679236721873298 0.7856025535150395 0.6408829358834942 0.6185437825605871 0.6175847406522514 0.581291815780003 0.5677412306767433 0.5492448180372403 0.496438077762028 0.5191886466744446 0.5372653183226525 0.4880909793002392 0.48531272637596423 0.45820096057538173 0.4479578570564834 0.4318998080226576 0.42195648809324643 0.4079956372486714 0.44295604427432533 0.3853093892680084 0.3740247914848859 0.3621094459411972 0.40632833279568725 0.33960520881948825 0.36271382385697004 
