1.0137108071636662 0.02059564604773864 
0.9839166485320006 0.030406863862284035 
0.9760041202132045 0.038485299458840286 
0.9744075392510233 0.05057166679043517 
0.9710465737035191 0.059271396586679896 
0.9709999948484069 0.07047504299072416 
0.9709999948484069 0.07047504299072416 
0.9710465737035191 0.059271396586679896 
0.9710925963581781 0.0945579669796677 
0.9709548322321843 0.08621413879720305 
0.9709254151052226 0.09861492240446348 
0.9709478761121583 0.11224211526025256 
0.9709254151052226 0.09861492240446348 
0.9708855372840474 0.16650917933093992 
0.9708855372840474 0.16650917933093992 
0.8101045372663334 0.19168411407758737 
0.8854470903083252 0.19220214126405263 
0.8101045372663334 0.19168411407758737 
0.7597200061611183 0.1929464009778296 
0.6920268099932545 0.1936898665295021 
0.6769635649935214 0.19464899707913907 
0.6663643447958983 0.19800756752744844 
0.6528677861893528 0.20603689572557826 
0.6466108271368852 0.21643032369737253 
0.6399946088797634 0.2238087501841966 
0.6393155613647392 0.22932156588578637 
0.6376976129417804 0.24719460050659622 
0.6375977393245763 0.239772723009737 
0.6375433790722477 0.2417239853253759 
0.6375433790722477 0.2417239853253759 
0.6375977393245763 0.239772723009737 
0.6373066900844854 0.2970630759024513 
0.6373066900844854 0.2970630759024513 
0.6370408338942954 0.3320345277526871 
0.6159233155740408 0.3438540966544124 
0.5911776991225133 0.3459864379142673 
0.48123087762288735 0.358955022688505 
0.5256997090595196 0.3593971806268544 
0.5256997090595196 0.3593971806268544 
0.47498365412453125 0.3609675545896977 
0.48123087762288735 0.358955022688505 
0.47498365412453125 0.3609675545896977 
0.450499792531665 0.36222443686653055 
0.450499792531665 0.36222443686653055 
0.43688556243610693 0.36668693246311046 
0.4259564171583143 0.3732079738841863 
0.41831760645369237 0.38398995374806233 
0.40644506763803906 0.3848253092017879 
0.3933294259383152 0.39268206026602226 
0.3932102984165129 0.4027602855314672 
0.37902155052358405 0.40456715378198904 
0.36852321914855163 0.41113444608743327 
0.36143968381714037 0.4147553696529332 
0.35094647303619164 0.42719228009561466 
0.3481243462725691 0.4354158609235208 
0.3366027533769864 0.4408791547224813 
0.3347139880561183 0.4436373015353025 
0.3270903598806574 0.45582615894081435 
0.32133267855075404 0.4785762154576382 
0.3127724752495571 0.4820097581993057 
0.2998668860950845 0.4852309339987353 
0.2927956688009776 0.488273368158852 
0.2773511789493101 0.4963837194591118 
0.27460056498174223 0.4978342505201839 
0.26639225441062686 0.504035892077166 
0.2557468339670163 0.5087356068089605 
0.24901475965440345 0.5149930102340361 
0.24177648603418042 0.523462732321405 
0.23465357115084437 0.5306614765567422 
0.22598805280156214 0.5371277535340799 
0.21963676539994212 0.5459984836570975 
0.21150286281493547 0.5550860173813928 
0.20177836408034774 0.5648477451999467 
0.19773540649845386 0.56718811168391 
0.1890807981109462 0.5798228431255597 
0.17641211058928044 0.5908315028730051 
0.17540120615768984 0.5921850396433103 
0.16716922178111618 0.6036839791264376 
0.16180623831620689 0.6153714729368288 
0.1546849878622082 0.6255535274279054 
0.14695850158495183 0.6347785068013178 
0.1388625554627988 0.6420824638272242 
0.13199873469369397 0.6523588171832709 
0.12491943804397583 0.6601887851802878 
0.11668407637254403 0.6712624421446154 
0.11075582175314051 0.6788699332491006 
0.10170173257665654 0.6944675710412803 
0.09378818650042034 0.706383272155665 
0.08744645843357175 0.719388517916192 
0.07770756525238429 0.7299554525666782 
0.07293019130782737 0.7420745695363773 
0.06542270896534869 0.7571426979946435 
0.057581123564149454 0.7746139705854618 
0.050060637258905936 0.786681664623165 
0.042124235941914 0.8074255686529414 
0.0345648815478119 0.8249197075573116 
0.027257860794792373 0.8499967397626953 
0.018832215388479186 0.8811959884607056 
0.01032408888060142 0.9291088197648235 
0.0014500716026109978 1.1131706417227427 
