0.8498707801012515 0.6548923081908105 0.8944700248561813 
0.7586562522585879 0.8738754035939493 0.8917977226824232 
0.8525584794588704 0.8654355149718118 0.8921520553236847 
0.6619759480913302 0.4604944461163195 0.8954325727954793 
0.8249820104086383 0.7903139410065841 0.8897362701244846 
0.7586562522585879 0.8738754035939493 0.8917977226824232 
0.8539785327704156 0.45837114714426513 0.8899985372686298 
0.6989268823212915 0.6053736016563729 0.8916019163937591 
0.6989268823212915 0.6053736016563729 0.8916019163937591 
0.6619759480913302 0.4604944461163195 0.8954325727954793 
0.8539785327704156 0.45837114714426513 0.8899985372686298 
0.6432320451491155 0.4994978637827839 0.8898696299589408 
0.916500085932821 0.8405185244670905 0.8545965660867816 
0.8498707801012515 0.6548923081908105 0.8944700248561813 
0.8249820104086383 0.7903139410065841 0.8897362701244846 
0.8525584794588704 0.8654355149718118 0.8921520553236847 
0.8476057481257053 0.5996810593025192 0.8941002240235467 
0.6432320451491155 0.4994978637827839 0.8898696299589408 
0.8476057481257053 0.5996810593025192 0.8941002240235467 
0.8611834648612884 0.4700779955284736 0.8961352640640775 
1.5250134902930645 2.0718412725125877 1.4912464988863952 
1.2997934497896737 1.424058765345057 1.0838315794633628 
0.8272215842098516 1.7502758263579337 1.1017255402181443 
1.173030428570383 0.8925589580228435 2.0234592510457015 
1.756033245828458 1.022015318802857 1.3047362575909005 
1.842161737369658 1.5691480457182727 1.2963018568944813 
2.1527152087134596 0.9617003689135204 1.2521093372653636 
1.173030428570383 0.8925589580228435 2.0234592510457015 
1.2393287126528882 1.390314971373091 1.3611672807218547 
1.668966011808953 1.3476327413081766 0.8479564348585489 
1.4533063064454785 1.8097791325262411 0.9971352245555838 
1.6427264502315675 1.5327521843458976 1.4209471371378783 
1.0832419467318506 1.733786794887957 1.8437269424780118 
1.842161737369658 1.5691480457182727 1.2963018568944813 
0.7858445465285742 1.5801399355469095 1.5434877076549463 
1.8384926508097261 1.3292392450200359 1.1621543736678785 
1.5130616379925659 0.9872626440102821 0.9391119549264573 
1.2033132488365217 1.3527194592926324 1.4040966553028982 
1.2191085479317771 1.0544354683255406 1.1516153881624307 
1.6591816799458894 0.7030853806164129 1.4803096850498165 
1.848028304472316 2.193392688579851 1.8278117103186158 
1.5479774738324945 0.8183708959859286 1.186411049191444 
0.8117284067592425 0.9258714896212596 1.3886916127931985 
1.1089887182447558 1.4451492180816579 1.3647046857870422 
1.4023345601797996 1.1619473203536832 1.2821880828361436 
0.9968478664605436 0.7584470165217666 1.0858126396025207 
1.0537265830290918 1.3736415745158697 1.192247048756986 
1.599433515989296 0.8776899993249285 1.0638212018543978 
1.7236521717707212 1.0691545792321717 1.7144484142454126 
1.460569447126033 1.2491814801318262 1.2218222633514921 
1.1649429673237315 2.168590152278802 1.9266205802698293 
0.9834740767151249 1.8765462738265235 1.4233609655769515 
1.5287659600808667 1.8961167168268072 1.4152057373246487 
1.6845803436894295 1.7180138242626999 1.7412912619595264 
1.3613019516796785 1.3418126444468368 1.563320822795358 
0.8999868195243268 0.8069202116506498 1.2643610201684847 
1.0832419467318506 1.733786794887957 1.8437269424780118 
1.1566584786955905 1.3268965935655264 2.2155423787444493 
1.2191085479317771 1.0544354683255406 1.1516153881624307 
0.8999211267784907 0.7794786404452515 1.409343393258856 
0.7977937024736947 0.7491817610007848 1.085059716640244 
1.4269486618618479 1.5644352271488813 1.5180856353497498 
1.1089887182447558 1.4451492180816579 1.3647046857870422 
1.203321190246135 0.8662892269291599 2.234427994766442 
1.6409150043386158 1.0864302107307342 1.4805945221130354 
0.9986869385379766 1.373221309477629 2.0260956602693705 
2.0090063757568646 1.5474864827710868 1.9921597977559302 
1.5181811403689514 1.2107812004872882 1.5966149384256476 
0.5339062166583979 2.1268074155247554 1.5539556460405797 
1.3890991952571279 1.719665200535681 1.228145479743005 
0.7994808434639356 2.24651473038544 2.1238231487665575 
0.8774710543309248 1.5461414923752703 1.2392094878540703 
2.0699642882476694 1.2201120384048003 1.420055511553355 
1.0537265830290918 1.3736415745158697 1.192247048756986 
1.4980684007827048 1.5194180649023712 1.1759770467506334 
1.4269486618618479 1.5644352271488813 1.5180856353497498 
0.8117284067592425 0.9258714896212596 1.3886916127931985 
1.64655504867694 1.8245378969740258 0.41289719505393807 
0.9584778423810131 1.032845717743194 1.1420238839595118 
0.9151308655404292 0.9946180255751091 1.5392619012284139 
1.3613019516796785 1.3418126444468368 1.563320822795358 
1.5937902325697701 1.216072122849957 1.340550540528632 
1.2393287126528882 1.390314971373091 1.3611672807218547 
1.2512242747166313 1.776678007920984 1.4439176540337673 
1.6053219746301657 0.4876174208532497 1.4952754468866454 
1.1566584786955905 1.3268965935655264 2.2155423787444493 
1.460569447126033 1.2491814801318262 1.2218222633514921 
1.3711215547925537 0.7726732815105443 0.9388710277135721 
1.1161767101418527 1.3626647784329124 1.734706910954503 
1.3685976878428359 1.5566727848931028 1.202144215553293 
1.3825149278520992 1.4236869396995624 1.3360405108316737 
1.1174493881203313 2.013350212108174 1.337418429301151 
1.3685976878428359 1.5566727848931028 1.202144215553293 
0.8550191117001184 0.905740522199312 0.9448841303064097 
1.0110993291969226 1.2209457555890884 1.3711427797986888 
0.9831111042146332 0.9324724021459021 1.5928191679289148 
1.5130616379925659 0.9872626440102821 0.9391119549264573 
1.5963932605302185 1.1497254338940692 1.2813593596845605 
0.8524873874921088 1.6590086466784844 1.780410553385066 
1.4933096820646832 1.3792761382943421 1.5608097768029303 
1.1364158921229721 1.908659446532053 1.4806608857919659 
1.9028320617376173 0.7768623122040764 1.4979186773916444 
1.5712249537801544 0.6212390249689355 1.4228722729460557 
1.3711215547925537 0.7726732815105443 0.9388710277135721 
0.9968478664605436 0.7584470165217666 1.0858126396025207 
0.6564372170038667 0.5729116892112323 1.2077438304621764 
1.538734479264842 1.2222119128392908 1.7355921875947882 
1.5094636339843417 1.4352890626243318 1.0020516197957123 
0.8774710543309248 1.5461414923752703 1.2392094878540703 
0.9315741966052966 1.211427087092121 1.6815530402032923 
1.0113316919559172 0.7044945412943583 1.3465668853244133 
1.64655504867694 1.8245378969740258 0.41289719505393807 
1.7236521717707212 1.0691545792321717 1.7144484142454126 
0.9151308655404292 0.9946180255751091 1.5392619012284139 
1.9166784012817104 1.5824934490895408 0.45679919861207685 
1.58411444878266 1.3360948088226647 2.004265619272575 
1.4933096820646832 1.3792761382943421 1.5608097768029303 
1.256149261228421 1.3026532220909717 1.3045618748939285 
1.0990856995451308 1.7797012803301167 1.9814741803044558 
1.296788471474545 1.08460753851371 1.192685984784561 
1.226546129775274 1.4213389998540324 0.994745069532568 
0.8718302923733441 1.2779512364704202 1.3122655107217454 
1.27548993857265 0.6802250240788392 1.1900298917356542 
1.3879768193490007 1.2141723036748937 0.9921866647370022 
1.256149261228421 1.3026532220909717 1.3045618748939285 
0.8999868195243268 0.8069202116506498 1.2643610201684847 
1.845523751665802 1.003295440060612 1.8810436478661088 
1.651577449720972 1.8837277220799493 1.914598998778315 
1.3156952284293382 0.9963060562586905 1.4213603481904493 
1.923559742819673 1.5491368603999462 1.917682780246348 
2.1527152087134596 0.9617003689135204 1.2521093372653636 
1.538734479264842 1.2222119128392908 1.7355921875947882 
0.9584778423810131 1.032845717743194 1.1420238839595118 
1.9774478193327014 0.6200299680594586 1.592508591837987 
0.8550191117001184 0.905740522199312 0.9448841303064097 
1.4023345601797996 1.1619473203536832 1.2821880828361436 
2.2139110650610787 1.4034215014714126 2.0967417287405676 
1.3793835015925136 1.4500933039168564 1.994833437300389 
2.1035648779096765 0.8512898710190993 1.5820100795748835 
0.8718302923733441 1.2779512364704202 1.3122655107217454 
1.1393399052636817 1.2195879437839139 1.3974859021406631 
1.4085520432852128 1.3521282746939136 1.3560790419243538 
2.042139368964976 1.2910103426937882 1.124848939033408 
1.9704453887943965 1.3879371272858587 0.918381002348787 
1.5272963300300355 1.5227146491189876 2.1119002003140865 
1.1398551535995178 0.5796828846138063 1.1549808171058091 
1.9166784012817104 1.5824934490895408 0.45679919861207685 
1.1161767101418527 1.3626647784329124 1.734706910954503 
1.2059851435648665 1.3020430015821138 1.2846491753875027 
0.7977937024736947 0.7491817610007848 1.085059716640244 
1.2055392944025543 1.2811164558887425 1.6339493717736486 
1.2318310650633988 2.136242911849169 1.272735974154335 
0.9315741966052966 1.211427087092121 1.6815530402032923 
0.8416845526267231 1.0762826563447403 1.1055542205606927 
1.2997934497896737 1.424058765345057 1.0838315794633628 
0.9641785211803946 1.3214835478689817 1.137491426057455 
1.7539561476561172 1.6172909278875938 1.815449212201617 
1.27548993857265 0.6802250240788392 1.1900298917356542 
1.1393399052636817 1.2195879437839139 1.3974859021406631 
1.2181465708188532 1.3355664456043446 1.8055062271937394 
1.752721748841712 1.6347201172743846 1.6043989355237205 
1.5712249537801544 0.6212390249689355 1.4228722729460557 
1.0153304412069126 0.8416818519384406 1.3067046008760463 
1.5603607943519622 0.7696757878379432 1.3535802254965232 
1.1717291190768913 0.8180643571476943 2.1074392028660034 
1.3825149278520992 1.4236869396995624 1.3360405108316737 
1.6591816799458894 0.7030853806164129 1.4803096850498165 
1.6769146029029982 0.7656407516372495 1.7461921797171325 
1.589200927915723 1.7793237681290301 2.0651288380127295 
1.58411444878266 1.3360948088226647 2.004265619272575 
1.077596794637051 1.3410437434802307 1.0167034568755937 
1.05350341925693 1.572023258936484 1.5805468441402097 
1.1398551535995178 0.5796828846138063 1.1549808171058091 
1.077596794637051 1.3410437434802307 1.0167034568755937 
1.7359299561832713 1.081647830476271 0.9655401827497163 
0.5947583767483196 1.2369211798946411 1.9198049513024615 
0.8416845526267231 1.0762826563447403 1.1055542205606927 
1.2033132488365217 1.3527194592926324 1.4040966553028982 
1.5963932605302185 1.1497254338940692 1.2813593596845605 
1.226546129775274 1.4213389998540324 0.994745069532568 
0.8272215842098516 1.7502758263579337 1.1017255402181443 
0.9821269531999142 1.6730069311347724 2.1364790000061737 
1.0153304412069126 0.8416818519384406 1.3067046008760463 
0.6564372170038667 0.5729116892112323 1.2077438304621764 
1.4533063064454785 1.8097791325262411 0.9971352245555838 
1.9704453887943965 1.3879371272858587 0.918381002348787 
1.3086022440735354 0.8878097009822857 1.9224168365970578 
2.1423890244897934 1.2354023740461555 1.7302249059154087 
1.7169546889237788 1.6195478564812265 1.494365610623459 
1.296788471474545 1.08460753851371 1.192685984784561 
1.2343521233971646 1.1420644909940547 1.237461672451114 
1.669137379476539 1.7903020848938465 1.8453257718381058 
1.1419254955354077 1.6851974909518252 1.2881730600896844 
1.97614567220173 1.4159046831614766 1.430127576600655 
0.9641785211803946 1.3214835478689817 1.137491426057455 
1.8384926508097261 1.3292392450200359 1.1621543736678785 
1.0110993291969226 1.2209457555890884 1.3711427797986888 
1.5937902325697701 1.216072122849957 1.340550540528632 
0.6791758639104492 1.1199643978212617 2.053132979377578 
1.2059851435648665 1.3020430015821138 1.2846491753875027 
1.5958695013580426 1.0663055209748658 1.48847719743261 
1.5181811403689514 1.2107812004872882 1.5966149384256476 
1.2343521233971646 1.1420644909940547 1.237461672451114 
1.4742386615605811 1.7341007606325862 1.573884003383728 
1.6053219746301657 0.4876174208532497 1.4952754468866454 
1.7419994125460156 1.4072130338260371 1.6338451902252729 
1.848251481494482 1.386626422719519 1.7842128670410218 
1.599433515989296 0.8776899993249285 1.0638212018543978 
1.6409150043386158 1.0864302107307342 1.4805945221130354 
1.669137379476539 1.7903020848938465 1.8453257718381058 
