0.19385100200648958 0.8301129418012215 
0.04096109064924169 0.9558817223038099 
0.41988449661073485 0.26214459189381584 
0.8527935109554254 -0.6127201368906565 
0.6253040612037123 -0.05093226018540224 
0.41773081202499696 0.3070844715722291 
0.6215636811798345 0.05256357876672 
0.06423842124741874 0.9225392980664938 
0.2495990822796102 0.44835005856521926 
0.22406732920846306 0.5840695998566187 
0.6240131033735575 -0.042708350880026155 
3.056852567165458E-4 1.213922470345575 
0.6356903170061369 -0.22760905680534804 
0.8234942231622422 -0.28421498752423247 
0.4441474243406569 0.07834500476616688 
0.6252723233544596 -0.04959127109262695 
0.21244182719275861 0.6726595201574072 
0.2194777187986222 0.6312911566537186 
0.20598121472643405 0.7094643036414201 
0.6433418526409824 -0.2620523372106399 
0.6423711908636975 -0.24540777231229322 
0.8312077485443952 -0.48283094641206753 
0.04945242225035565 0.9358212223951968 
0.6346266227516323 -0.17519123621229052 
0.23308668967190546 0.4950269103202254 
0.43452207930783054 0.10824882100605589 
0.8307451635223048 -0.44761661128587793 
0.41745982650509667 0.3690908253678311 
0.4317026914450204 0.17398412194515792 
0.6270111186105132 -0.06596691160306704 
0.07107199662175145 0.8938075087361653 
0.4454188986043845 0.06304059870464139 
0.8260609554332717 -0.31290350095222386 
0.8398809018445972 -0.5777269034661435 
0.0 1.254259556814792 
0.8278846473614017 -0.3616760176207982 
0.6347768342797199 -0.21316273722902257 
0.03345368649279371 1.0347181127311134 
0.6612691386740442 -0.2668603727560149 
0.6330439402331404 -0.15924345592942826 
0.22136282527475656 0.6091922778100961 
0.8406222924958912 -0.5796391016699167 
0.014010086790349556 1.065302101176271 
0.23004460078769481 0.5640390411803217 
0.8274809794078846 -0.35129574642026296 
0.8383899841983729 -0.5305449772411974 
0.4291218951500234 0.18223266687811956 
0.19790094886066126 0.7688502569485983 
0.002531551636256741 1.181814576666295 
0.4114929588625979 0.3877065194046439 
0.42771330721978795 0.22356696929673092 
0.8474532306950298 -0.5878065472735888 
0.6215679962429245 0.008581374305399878 
0.629035880502555 -0.12959478029015933 
0.427892868131065 0.20882182230014698 
