0.8911576228653209 0.2284177088914594 
0.8403069863483774 0.23190706441524023 
0.835915258200758 0.23427604540669697 
0.8269196316957693 0.23054630172240756 
0.8236764663649673 0.23870061480763086 
0.7431529516271019 0.24021643810057441 
0.7590911019545188 0.2333997526242767 
0.7222768912302234 0.2334156982062783 
0.7384739156450266 0.23817980721910398 
0.7287269456404554 0.24334676860934412 
0.7378033332969018 0.24677115327858995 
0.7287269456404554 0.24334676860934412 
0.736002590022329 0.24249857430134134 
0.7139327631977213 0.24645824100608665 
0.7203205662649118 0.2568379833560897 
0.7139327631977213 0.24645824100608665 
0.7250531265847501 0.2600575272847177 
0.6948434659047271 0.2647466861542205 
0.7200414221256777 0.2613574361447467 
0.7195479092188883 0.26964733135650143 
0.7195479092188883 0.26964733135650143 
0.7284771636182994 0.2591918972860767 
0.6948434659047271 0.2647466861542205 
0.721026395750114 0.26480698491449284 
0.7115132354413591 0.2821800547368648 
0.7066777000191996 0.28658224537084404 
0.6795357148162666 0.2856711977355543 
0.6795357148162666 0.2856711977355543 
0.6686881774208719 0.2848762832296432 
0.6686881774208719 0.2848762832296432 
0.6656527760438382 0.28621822586098583 
0.6656527760438382 0.28621822586098583 
0.6607077672463723 0.29170748076200265 
0.6363131407229914 0.2897513303965232 
0.6385692731352307 0.2897520616331915 
0.6363131407229914 0.2897513303965232 
0.5922057769843295 0.2895736762783568 
0.6054217202628601 0.2889058310799756 
0.6054217202628601 0.2889058310799756 
0.6325154045860655 0.28394720924132216 
0.6296119565779779 0.2926640961514993 
0.6170781513459255 0.29277539785173823 
0.6170781513459255 0.29277539785173823 
0.5868532948712041 0.2927923778937278 
0.5979304983371925 0.29115458900463653 
0.5979304983371925 0.29115458900463653 
0.5922057769843295 0.2895736762783568 
0.6049117032551441 0.293684685862263 
0.597451841048882 0.2931841506572524 
0.5809093274136775 0.2938489426858716 
0.5886734801337188 0.2999257790753536 
0.5807998811375734 0.28735905617243745 
0.5839682358779931 0.29346304569764187 
0.5984132495755063 0.3048640085574845 
0.5926712599001205 0.30161107884032595 
0.5926712599001205 0.30161107884032595 
0.5909909361860162 0.2889955045786097 
0.5780466955435225 0.30200681797600454 
0.5807998811375734 0.28735905617243745 
0.5872784305595812 0.30709892172596387 
0.5757007966768964 0.3082097432806951 
0.5839682358779931 0.29346304569764187 
0.5710584796552732 0.3028529560305471 
0.5710584796552732 0.3028529560305471 
0.5757309115836003 0.3063275544307589 
0.5757309115836003 0.3063275544307589 
0.5751567312912418 0.31077975387318846 
0.5751567312912418 0.31077975387318846 
0.5630389458015749 0.31309462281990275 
0.5630389458015749 0.31309462281990275 
0.5694435654335831 0.3181414878848312 
0.5640328020417907 0.3212844245338196 
0.5694435654335831 0.3181414878848312 
0.557228217312051 0.31347426298040565 
0.5613588814579491 0.3110165676237923 
0.5640328020417907 0.3212844245338196 
0.5533997304034809 0.31553980673863724 
0.5533997304034809 0.31553980673863724 
0.5601042323364569 0.31281852748874395 
0.5572852634135659 0.33494800061195046 
0.5610019774076133 0.3375460920781693 
0.557228217312051 0.31347426298040565 
0.5541728661698293 0.3286592671516311 
0.5556612077832587 0.33272008771558836 
0.5541728661698293 0.3286592671516311 
0.5522388123085807 0.3424105978638398 
0.5487281076878864 0.3427739392724154 
0.5531203290575032 0.3583081561285872 
0.5487281076878864 0.3427739392724154 
0.5453010343281637 0.35934544456693135 
0.5392820720832247 0.34471109159162566 
0.5453010343281637 0.35934544456693135 
0.5394091571968611 0.35995775611537995 
0.5392820720832247 0.34471109159162566 
0.5394091571968611 0.35995775611537995 
0.5428481857436721 0.41304353106133546 
0.5378481100411983 0.4197368445749611 
0.5378481100411983 0.4197368445749611 
0.538726389438065 0.48546452054252986 
0.5348206139239056 0.9193736195959386 
