0.635735477729155 0.7261410393964579 0.7717795516929663 0.760269769558179 0.6187722942734674 0.7261065321710071 0.6862244774573628 0.6893893553841242 0.8297286470591037 0.5007301481517487 0.6380234759164102 0.631947781705372 0.602627209066639 0.5955228243330618 0.5761173479941492 0.5688872582583748 0.5320715608263837 0.5402088876236231 0.5261674196840934 0.5181182754372612 0.5182078322968546 0.5018604305557074 0.4770473216129376 0.4804613985814677 0.452287485027239 0.4428921625656459 0.5406833646099948 0.42708684227531285 0.4220528864269692 0.40193300168046175 
0.6322625062835232 0.7221680764230534 0.7588548884379412 0.758506903693587 0.6206424752186046 0.7171805622554505 0.6949133884202281 0.6851690187855137 0.7891170638697121 0.4934904223275726 0.6380234759164102 0.6252181144018436 0.6056256480207577 0.5880954603182638 0.7642958929506354 0.5556034566670993 0.5558465357652587 0.5343955708188517 0.5271227435541621 0.5198429381632231 0.4799241875136874 0.4860547207832467 0.44609108333446396 0.47139474507240847 0.2322839467304035 0.4457366289945058 0.4144695811046368 0.422678629131295 0.42975251378195456 0.40193300168046175 
0.6320771176715357 0.7262872015932512 0.7784734808335629 0.754046194967923 0.5142232510381503 0.7171805622554505 0.7039051338434105 0.6851690187855137 0.8297286470591037 0.48891874705794547 0.646422382267779 0.62275287343555 0.5970951591555339 0.5872853272014205 0.5702243903825058 0.5710432767891311 0.5276786900638534 0.5343955708188517 0.5261674196840934 0.5233631451354195 0.4943163865120855 0.487453487411529 0.44609108333446396 0.46570336220082326 0.23184628986629607 0.44037217398412604 0.406012040016769 0.422678629131295 0.47155663777413226 0.397818667403274 
0.6322625062835232 0.7221680764230534 0.7620502126428467 0.758506903693587 0.521418581494414 0.7171805622554505 0.6949133884202281 0.6851690187855137 0.7876956192758654 0.4934904223275726 0.6380234759164102 0.6252181144018436 0.6057125133443386 0.5872853272014205 0.5761173479941492 0.5620972260610564 0.54931715836846 0.5343955708188517 0.5261674196840934 0.5016952332075687 0.4854221606503518 0.4836743660048104 0.44609108333446396 0.47139474507240847 0.23184628986629607 0.4457366289945058 0.4144695811046368 0.422678629131295 0.42846348214211516 0.40193300168046175 
0.6340035253842814 0.7240808516149078 0.6868874044198654 0.760269769558179 0.521418581494414 0.7171805622554505 0.6949133884202281 0.6851690187855137 0.7796957260395083 0.49171579601574833 0.6469936986191468 0.6252181144018436 0.6127644708245553 0.5872853272014205 0.5761173479941492 0.5648619020435378 0.5555276682301995 0.5395146616088485 0.5261674196840934 0.5077204184415536 0.4854221606503518 0.4836743660048104 0.43221476103122514 0.4807252022673548 0.4516361677909479 0.4457366289945058 0.4174725678764863 0.4313034515173335 0.42846348214211516 0.4149600984213311 
0.6322625062835232 0.7261410393964579 0.7734340449441749 0.760269769558179 0.5200182197073806 0.7207664110408902 0.5574791268540732 0.6851690187855137 0.8103266440548873 0.5022884536911774 0.6293074853846089 0.6252181144018436 0.6055920817834305 0.6014446499583508 0.5761173479941492 0.5620972260610564 0.5320715608263837 0.5343955708188517 0.5261674196840934 0.5016952332075687 0.5237622742794736 0.49322298669337356 0.4762412378386247 0.4825535232135369 0.44261265055234145 0.4457366289945058 0.4147579123307484 0.4223686023985975 0.4221879160891692 0.40193300168046175 
0.6311490431148195 0.7215136348676119 0.7860799226983438 0.7572937114971653 0.6187722942734674 0.7207664110408902 0.6906346095755723 0.686875357421813 0.8297286470591037 0.4934904223275726 0.6260264934523518 0.6252181144018436 0.6057125133443386 0.5954960958656109 0.5973872545999007 0.5650986865691721 0.555698626949775 0.5343955708188517 0.5164760327184656 0.5016952332075687 0.4854221606503518 0.49322298669337356 0.44548050322420485 0.4728296940343452 0.452287485027239 0.4400011503471185 0.3930234655369717 0.4285159920377549 0.4220528864269692 0.40193300168046175 
0.6311490431148195 0.7261410393964579 0.7764313506830075 0.7572937114971653 0.6187722942734674 0.7207664110408902 0.6862244774573628 0.6851690187855137 0.8297286470591037 0.4934904223275726 0.6380234759164102 0.6252181144018436 0.6057125133443386 0.5958425128773054 0.5761173479941492 0.5688872582583748 0.54931715836846 0.5343955708188517 0.5261674196840934 0.5016952332075687 0.4854221606503518 0.49322298669337356 0.44586286108783363 0.4728296940343452 0.452287485027239 0.44512644068964646 0.4060776836015846 0.4231636034672887 0.4262223243252387 0.40193300168046175 
0.6322625062835232 0.7261410393964579 0.7717795516929663 0.760269769558179 0.5200182197073806 0.7207664110408902 0.5717417505178608 0.6847576316416529 0.8333983505478747 0.49171579601574833 0.6292202362411766 0.6216331247598195 0.602627209066639 0.6014446499583508 0.5783262646601999 0.5599197169152277 0.5320715608263837 0.5402088876236231 0.5261674196840934 0.5088615043947079 0.5257651214170522 0.49322298669337356 0.4858355158168654 0.4825535232135369 0.45932234769947655 0.4457366289945058 0.43249796758648046 0.4219546987680899 0.41392340327448174 0.40193300168046175 
0.6311490431148195 0.7221680764230534 0.7810462388110692 0.7572937114971653 0.627346776811472 0.712184659568513 0.6906346095755723 0.6875139632781609 0.8277915919173645 0.4934904223275726 0.6356927358790692 0.625693425580898 0.6127644708245553 0.5928738652101385 0.5583831677455184 0.5556034566670993 0.5521943873989463 0.5343955708188517 0.5164760327184656 0.5149307613034249 0.4799241875136874 0.4860547207832467 0.44548050322420485 0.47139474507240847 0.452287485027239 0.4335057721426859 0.4021087934891202 0.4400929677901771 0.4220528864269692 0.39288306297568115 
0.6311490431148195 0.7221680764230534 0.7753929465527745 0.754046194967923 0.6215005572478232 0.7171805622554505 0.6949133884202281 0.6824831731240099 0.8297286470591037 0.4934904223275726 0.6385291639759316 0.6252424523367354 0.6351601347516606 0.5928738652101385 0.5973872545999007 0.5643730260185333 0.54931715836846 0.5343955708188517 0.5313203997918811 0.4995444383759678 0.4854221606503518 0.5109603272046063 0.44609108333446396 0.4728296940343452 0.4422486291268717 0.4400011503471185 0.4267654692247728 0.422678629131295 0.41219860097079986 0.40193300168046175 
0.6311490431148195 0.7221680764230534 0.7810462388110692 0.7572937114971653 0.627346776811472 0.712184659568513 0.6906346095755723 0.6875139632781609 0.8277915919173645 0.4934904223275726 0.6356927358790692 0.625693425580898 0.6127644708245553 0.5928738652101385 0.5583831677455184 0.5556034566670993 0.5521943873989463 0.5343955708188517 0.5164760327184656 0.5149307613034249 0.4799241875136874 0.4860547207832467 0.44548050322420485 0.47139474507240847 0.452287485027239 0.4335057721426859 0.4021087934891202 0.4400929677901771 0.4220528864269692 0.39288306297568115 
0.6322625062835232 0.727850977092497 0.6006100440958765 0.7536582659262221 0.6214727312789923 0.7201707809571618 0.6949133884202281 0.686875357421813 0.8263537234396793 0.4887674954699637 0.6356927358790692 0.6252181144018436 0.6127644708245553 0.5984149881344665 0.5772327054494587 0.5606737199590559 0.5320715608263837 0.5392415570608096 0.5351513635009966 0.5149307613034249 0.5154109839029206 0.46624541583188595 0.44609108333446396 0.4698641016023897 0.44261265055234145 0.4457366289945058 0.407947445097291 0.4223686023985975 0.4175299690721875 0.40270194515873786 
0.6340035253842814 0.7279799305309829 0.7753929465527745 0.760269769558179 0.6248755425278499 0.7236921633953718 0.6906346095755723 0.686875357421813 0.8297286470591037 0.4916567021673001 0.646422382267779 0.6252181144018436 0.6192421984615772 0.5798055603787543 0.5916550340056462 0.5650986865691721 0.5555276682301995 0.5429982590289593 0.5261674196840934 0.5016952332075687 0.4943163865120855 0.502781180649418 0.44548050322420485 0.4728296940343452 0.4470754950286616 0.42825825625764946 0.43495627897217315 0.4223686023985975 0.41623807842377536 0.40834667375223715 
0.6303551112336883 0.7264217576550532 0.7810462388110692 0.7504282695734078 0.627346776811472 0.712184659568513 0.702395201235847 0.680503420623554 0.8252616325438047 0.4887674954699637 0.6345874059440335 0.625693425580898 0.606755161275024 0.5928738652101385 0.5723010020207647 0.5606737199590559 0.5320715608263837 0.5355575715914264 0.5351513635009966 0.5149307613034249 0.5154109839029206 0.46624541583188595 0.4389724691954241 0.47139474507240847 0.43174806451427666 0.4395292335893569 0.4163850303902509 0.4400929677901771 0.4175299690721875 0.40230134579601506 
0.6340035253842814 0.7279799305309829 0.7753929465527745 0.760269769558179 0.6248755425278499 0.7236921633953718 0.6906346095755723 0.686875357421813 0.8297286470591037 0.4916567021673001 0.646422382267779 0.6252181144018436 0.6192421984615772 0.5798055603787543 0.5916550340056462 0.5650986865691721 0.5555276682301995 0.5429982590289593 0.5261674196840934 0.5016952332075687 0.4943163865120855 0.502781180649418 0.44548050322420485 0.4728296940343452 0.4470754950286616 0.42825825625764946 0.43495627897217315 0.4223686023985975 0.41623807842377536 0.40834667375223715 
0.6294635580832265 0.7264217576550532 0.7860799226983438 0.7504282695734078 0.6300615206051442 0.7207664110408902 0.6949133884202281 0.6786376017925054 0.8252616325438047 0.485484714516782 0.6436700444897635 0.6337688788481018 0.606755161275024 0.590767664613818 0.5723010020207647 0.5577044624587356 0.5292743834558012 0.5413293627863504 0.5149850811418709 0.5180228226441433 0.4894483488956149 0.5006052557689885 0.44609108333446396 0.4691826181619565 0.43843329767882444 0.4272553101883018 0.4147579123307484 0.4231636034672887 0.4262223243252387 0.40230134579601506 
0.628719099575762 0.7264217576550532 0.7753929465527745 0.754046194967923 0.6215005572478232 0.7153759502384214 0.6949133884202281 0.6872616388377938 0.8252616325438047 0.4916567021673001 0.6345874059440335 0.625693425580898 0.610996988425574 0.5928738652101385 0.5583831677455184 0.5556034566670993 0.5320715608263837 0.5343955708188517 0.5261674196840934 0.5149307613034249 0.4943163865120855 0.5074478526361054 0.44609108333446396 0.47139474507240847 0.4391132746580832 0.44658406067722184 0.41827002793433427 0.4400929677901771 0.4119813649923839 0.39288306297568115 
0.6294635580832265 0.7281486421445967 0.7753929465527745 0.754046194967923 0.6248755425278499 0.7236921633953718 0.6949133884202281 0.6786376017925054 0.8297286470591037 0.4916567021673001 0.646422382267779 0.6282118368397615 0.5970951591555339 0.5994429059456245 0.602260922314729 0.5620972260610564 0.5558465357652587 0.5429982590289593 0.5261674196840934 0.5200411684001135 0.4943163865120855 0.502781180649418 0.44609108333446396 0.4728296940343452 0.4453393657231793 0.44512644068964646 0.4147579123307484 0.4223686023985975 0.4151149204682686 0.397818667403274 
0.629700564487249 0.8551041753764641 0.7810462388110692 0.7504282695734078 0.6288255498438294 0.7202810409552066 0.6887237531809893 0.6875139632781609 0.8252616325438047 0.4871400840037723 0.6258116172608608 0.6337688788481018 0.6064867835780845 0.5997124246961894 0.5736715453940098 0.5556034566670993 0.5292743834558012 0.5429982590289593 0.5292327565506239 0.5149307613034249 0.47569003383001623 0.4860547207832467 0.44609108333446396 0.47139474507240847 0.452287485027239 0.44512644068964646 0.4147579123307484 0.4231636034672887 0.4162688317582937 0.397818667403274 
0.629700564487249 0.8551041753764641 0.7810462388110692 0.7504282695734078 0.6288255498438294 0.7202810409552066 0.6887237531809893 0.6875139632781609 0.8252616325438047 0.4871400840037723 0.6258116172608608 0.6337688788481018 0.6064867835780845 0.5997124246961894 0.5736715453940098 0.5556034566670993 0.5292743834558012 0.5429982590289593 0.5292327565506239 0.5149307613034249 0.47569003383001623 0.4860547207832467 0.44609108333446396 0.47139474507240847 0.452287485027239 0.44512644068964646 0.4147579123307484 0.4231636034672887 0.4162688317582937 0.397818667403274 
0.6311490431148195 0.7264217576550532 0.7753929465527745 0.754046194967923 0.622667371433556 0.712184659568513 0.6949133884202281 0.6851690187855137 0.8416308004259556 0.4916567021673001 0.6345874059440335 0.6311228830992948 0.6127644708245553 0.6056011129113245 0.5583831677455184 0.5686970821910119 0.5555276682301995 0.543519331854405 0.5261674196840934 0.5072809403954434 0.4854221606503518 0.4836743660048104 0.44609108333446396 0.4723249459222366 0.4516361677909479 0.4493763458897754 0.41827002793433427 0.4400929677901771 0.4124168084452909 0.3872149839113145 
0.628719099575762 0.7264217576550532 0.7753929465527745 0.754046194967923 0.6215005572478232 0.7153759502384214 0.6949133884202281 0.6872616388377938 0.8252616325438047 0.4916567021673001 0.6345874059440335 0.625693425580898 0.610996988425574 0.5928738652101385 0.5583831677455184 0.5556034566670993 0.5320715608263837 0.5343955708188517 0.5261674196840934 0.5149307613034249 0.4943163865120855 0.5074478526361054 0.44609108333446396 0.47139474507240847 0.4391132746580832 0.44658406067722184 0.41827002793433427 0.4400929677901771 0.4119813649923839 0.39288306297568115 
0.6294635580832265 0.7281486421445967 0.6018654238387694 0.7536582659262221 0.6248755425278499 0.7147911147796935 0.694030984638941 0.6764138970833765 0.8297286470591037 0.4887674954699637 0.6380234759164102 0.6252181144018436 0.6056256480207577 0.5872853272014205 0.5729582455818015 0.5620972260610564 0.5558465357652587 0.5488800195268154 0.5351513635009966 0.5244254407899941 0.4854221606503518 0.4899569411962491 0.44609108333446396 0.4765933221524457 0.4551800511392353 0.4564918151786104 0.4137107755192416 0.4188923436101393 0.42783206356017145 0.3927972633085963 
0.5291807374598028 0.7262231724670979 0.6102979716229394 0.6767810277156385 0.7736024775661605 0.6342085353546912 0.5956743708559018 0.5931703839058124 0.5906601581922095 0.5474529430816314 0.525368697640454 0.5214038619480214 0.5160324618048394 0.47667157881941646 0.5081693607698069 0.44753016266330703 0.42051524208382013 0.42033549777782203 0.3806053817599158 0.40380557265203043 0.35958880487460754 0.3694485645825119 0.38745724372250695 0.3450877513886568 0.3103555370807142 0.3165577958329567 0.296496554280453 0.2983386657113341 0.2557350996670661 0.27769924088299675 
0.5289712900582376 0.7242649496252527 0.6132773989553049 0.6767810277156385 0.7569369104528864 0.6384123388485321 0.6123998939211395 0.5965608853069903 0.5484216738960479 0.5543841459654174 0.5159223327096796 0.5159043502566527 0.84349873139295 0.4791237953062816 0.46652219190152694 0.44154991187457304 0.430669233615375 0.4212444759666517 0.4164125723499486 0.38949833608370693 0.38481569272734484 0.36468594256729236 0.3663666784578383 0.3364533003353229 0.30763403232102116 0.31946780130364544 0.30643747346113726 0.2947935972393809 0.2641547880741749 0.26767406304815167 
0.5282637972271497 0.7254465175976104 0.6241021734201315 0.673419179011169 0.7447712329668502 0.6278039640737023 0.5979655823006073 0.5940658737960547 0.5478124230798839 0.5513277325739789 0.525368697640454 0.5108516404375794 0.48506062783648657 0.48321316176165346 0.4412935277023725 0.4521483802880509 0.4220445315022524 0.42147275839426585 0.39506386787285674 0.39190390094790467 0.3821867561375148 0.3762269328407644 0.36118033011327405 0.3412308026387625 0.3103555370807142 0.3144295116745761 0.296496554280453 0.3031721582960029 0.2970665853406715 0.27873458052580274 
0.5282637972271497 0.7254465175976104 0.6241021734201315 0.673419179011169 0.7447712329668502 0.6278039640737023 0.5979655823006073 0.5940658737960547 0.5478124230798839 0.5513277325739789 0.525368697640454 0.5108516404375794 0.48506062783648657 0.48321316176165346 0.4412935277023725 0.4521483802880509 0.4220445315022524 0.42147275839426585 0.39506386787285674 0.39190390094790467 0.3821867561375148 0.3762269328407644 0.36118033011327405 0.3412308026387625 0.3103555370807142 0.3144295116745761 0.296496554280453 0.3031721582960029 0.2970665853406715 0.27873458052580274 
0.531625725721384 0.7254465175976104 0.6285336956496678 0.6780554278130567 0.7586834739056204 0.6346865395483579 0.6140352236253682 0.5940658737960547 0.5626744767010778 0.5545230214492805 0.5315147770328986 0.5142291175620368 0.49109981722015006 0.48499501879976886 0.4412935277023725 0.4521483802880509 0.44189402570704145 0.4245090722352876 0.4013965143701164 0.40977785672375544 0.37221848997501517 0.3666945981935627 0.34393449055434305 0.34715102322363045 0.3871256450086308 0.3144295116745761 0.32124602026665156 0.3031721582960029 0.2970665853406715 0.27873458052580274 
0.531625725721384 0.7254465175976104 0.6285336956496678 0.6780554278130567 0.7586834739056204 0.6346865395483579 0.6140352236253682 0.5940658737960547 0.5626744767010778 0.5545230214492805 0.5315147770328986 0.5142291175620368 0.49109981722015006 0.48499501879976886 0.4412935277023725 0.4521483802880509 0.44189402570704145 0.4245090722352876 0.4013965143701164 0.40977785672375544 0.37221848997501517 0.3666945981935627 0.34393449055434305 0.34715102322363045 0.3871256450086308 0.3144295116745761 0.32124602026665156 0.3031721582960029 0.2970665853406715 0.27873458052580274 
0.5289712900582376 0.7265376604807119 0.6234240694511642 0.6790348818643354 0.7729127530826769 0.6379511832861176 0.5909146904889538 0.5995435705668187 0.5906601581922095 0.5474529430816314 0.5218639101803857 0.5214038619480214 0.5143383715369875 0.4807794449811603 0.4882261433142795 0.45364598639259085 0.43485444164033044 0.4163945933233903 0.3858121030375228 0.40380557265203043 0.36886826121193306 0.3637854815121057 0.3854170588064688 0.34861900855306543 0.3203557242307109 0.31168982587628075 0.32236824775792305 0.30057954508615803 0.3039795801264814 0.27838815679873524 
0.5289712900582376 0.7265376604807119 0.6234240694511642 0.6790348818643354 0.7729127530826769 0.6379511832861176 0.5909146904889538 0.5995435705668187 0.5906601581922095 0.5474529430816314 0.5218639101803857 0.5214038619480214 0.5143383715369875 0.4807794449811603 0.4882261433142795 0.45364598639259085 0.43485444164033044 0.4163945933233903 0.3858121030375228 0.40380557265203043 0.36886826121193306 0.3637854815121057 0.3854170588064688 0.34861900855306543 0.3203557242307109 0.31168982587628075 0.32236824775792305 0.30057954508615803 0.3039795801264814 0.27838815679873524 
0.5299993001793001 0.7280473307140111 0.629145216953181 0.675787828318827 0.7711558826409058 0.6332083863088004 0.6347936508439596 0.5896398672339765 0.5599837460026982 0.5538472035559137 0.5218639101803857 0.5264368735243689 0.4747933026618969 0.48465926219271505 0.4574511868972736 0.4427947839808239 0.43058899132343487 0.4199894040298619 0.39236682314304083 0.3846077490122347 0.3784241530527452 0.37578828620307214 0.3663666784578383 0.3550791534410506 0.3186095314377803 0.3285685082687768 0.32814162860215496 0.2970554324596902 0.26937790756936825 0.26916095644468097 
0.5306764348774013 0.7269730877955909 0.6234240694511642 0.6783914833118375 0.7729127530826769 0.6379511832861176 0.5909146904889538 0.5950842933034848 0.5716297570594889 0.5474529430816314 0.527823190598571 0.5122597012166477 0.49109981722015006 0.4753710269763488 0.4624843769034937 0.44869949437694867 0.4199142268986674 0.4165428267485918 0.4029436123317433 0.3920832382507956 0.38161830653236933 0.3775807810539803 0.3908369806575002 0.33900883274758836 0.3231970457940824 0.31024103141663356 0.32236824775792305 0.2978899662556227 0.2930031318955991 0.28719055658605724 
0.5270435976950809 0.7236535654617635 0.6095497004100128 0.6818979025214522 0.7736677548650743 0.6288072633502495 0.6262021810942705 0.592594514957663 0.5621899239481923 0.5490258976821286 0.5187850240734988 0.520994528731814 0.49925326520978736 0.48465926219271505 0.4882261433142795 0.46066727776765326 0.4207312287741788 0.415665886285391 0.4204219808642471 0.38949833608370693 0.38661099959527573 0.37003608662382376 0.3854170588064688 0.3361701717138501 0.31983938844066817 0.30799112822789376 0.32236824775792305 0.29664654260660017 0.3039795801264814 0.2783100189210204 
0.5306764348774013 0.7269730877955909 0.6234240694511642 0.6783914833118375 0.7729127530826769 0.6379511832861176 0.5909146904889538 0.5950842933034848 0.5716297570594889 0.5474529430816314 0.527823190598571 0.5122597012166477 0.49109981722015006 0.4753710269763488 0.4624843769034937 0.44869949437694867 0.4199142268986674 0.4165428267485918 0.4029436123317433 0.3920832382507956 0.38161830653236933 0.3775807810539803 0.3908369806575002 0.33900883274758836 0.3231970457940824 0.31024103141663356 0.32236824775792305 0.2978899662556227 0.2930031318955991 0.28719055658605724 
0.5270435976950809 0.7236535654617635 0.6176135562359547 0.6818979025214522 0.5423969318735204 0.6346865395483579 0.6094352523991069 0.5893668955996685 0.5704492547681722 0.5498579077333263 0.5255430038272713 0.520994528731814 0.5196951297313254 0.48184734452728295 0.48538079368455145 0.4617038882120841 0.44189402570704145 0.4219700052283526 0.42211013020710686 0.39574709335397484 0.38661099959527573 0.371886776889351 0.3511307671519898 0.3412308026387625 0.3223644136988524 0.30799112822789376 0.3099807454483491 0.29664654260660017 0.27721133893463856 0.27136023827338807 
0.5251181691417006 0.7201886312590713 0.6100628616775385 0.6739790828018862 0.5395703484530444 0.6272724366087631 0.6039736734417471 0.5915237517291052 0.5704492547681722 0.5498579077333263 0.5190770574182448 0.5122935744970163 0.5196951297313254 0.4783317347899722 0.45368242007346754 0.4545854858389072 0.4550605704217867 0.41406905892485535 0.42539887665045767 0.397433891647985 0.3727872670142808 0.37172972663869264 0.3519654405286882 0.3412308026387625 0.32543058596956626 0.31635723543022914 0.31001373370291085 0.29664654260660017 0.2796424746699539 0.271630282409075 
0.5251181691417006 0.7201886312590713 0.6100628616775385 0.6739790828018862 0.5395703484530444 0.6272724366087631 0.6039736734417471 0.5915237517291052 0.5704492547681722 0.5498579077333263 0.5190770574182448 0.5122935744970163 0.5196951297313254 0.4783317347899722 0.45368242007346754 0.4545854858389072 0.4550605704217867 0.41406905892485535 0.42539887665045767 0.397433891647985 0.3727872670142808 0.37172972663869264 0.3519654405286882 0.3412308026387625 0.32543058596956626 0.31635723543022914 0.31001373370291085 0.29664654260660017 0.2796424746699539 0.271630282409075 
0.5297403627895139 0.7246933422909678 0.6176135562359547 0.6791924128709093 0.7630499583066784 0.6356228452904373 0.594336346120922 0.5965965001288198 0.5535098170072167 0.549298346706679 0.5362253139142915 0.520994528731814 0.4993138311557806 0.4903320258284165 0.4829038719646713 0.4577163161355328 0.4251559358433318 0.4199894040298619 0.37958362506464205 0.40019130382270657 0.3727872670142808 0.37003608662382376 0.3511307671519898 0.34861900855306543 0.31983938844066817 0.3242612802115593 0.29964156977671286 0.3016901095087752 0.2907651831741305 0.26916095644468097 
0.5289712900582376 0.7262438513811601 0.6119460347041199 0.6850060041208514 0.7729127530826769 0.6288072633502495 0.6262021810942705 0.5896398672339765 0.5583560356329974 0.5531757500456674 0.5218639101803857 0.5264368735243689 0.49925326520978736 0.48465926219271505 0.4829038719646713 0.46066727776765326 0.4251559358433318 0.4199894040298619 0.3858121030375228 0.38665633330769533 0.3784241530527452 0.37003608662382376 0.3854170588064688 0.34861900855306543 0.31983938844066817 0.3285685082687768 0.32236824775792305 0.2970554324596902 0.3039795801264814 0.26916095644468097 
0.5328361796217933 0.7262927254255854 0.6157355273869953 0.6884325601834922 0.5423969318735204 0.6355284422984079 0.6088463594430054 0.5983218994316268 0.5704492547681722 0.5498579077333263 0.5165411880672147 0.5159043502566527 0.4821424389076071 0.4817865890872699 0.48538079368455145 0.4540168647094504 0.44189402570704145 0.41733735630401586 0.42539887665045767 0.39574709335397484 0.38661099959527573 0.3654906205120507 0.35191561535050003 0.3412308026387625 0.32543058596956626 0.31635723543022914 0.3099807454483491 0.29664654260660017 0.2813452721425093 0.271630282409075 
0.5328361796217933 0.7262927254255854 0.6157355273869953 0.6884325601834922 0.5423969318735204 0.6355284422984079 0.6088463594430054 0.5983218994316268 0.5704492547681722 0.5498579077333263 0.5165411880672147 0.5159043502566527 0.4821424389076071 0.4817865890872699 0.48538079368455145 0.4540168647094504 0.44189402570704145 0.41733735630401586 0.42539887665045767 0.39574709335397484 0.38661099959527573 0.3654906205120507 0.35191561535050003 0.3412308026387625 0.32543058596956626 0.31635723543022914 0.3099807454483491 0.29664654260660017 0.2813452721425093 0.271630282409075 
0.5270435976950809 0.7297752210909214 0.6176135562359547 0.6801732529565653 0.5482352114894226 0.6311071992507185 0.6088463594430054 0.5893668955996685 0.5830725663333269 0.5498579077333263 0.539430932382016 0.5159043502566527 0.5196951297313254 0.48184734452728295 0.45368242007346754 0.4617038882120841 0.43290295763171155 0.4127838477840392 0.4142974680229917 0.397433891647985 0.3875573031807432 0.3654906205120507 0.3651980897121077 0.3524911996088815 0.32543058596956626 0.30648603457612905 0.3099807454483491 0.2962823944244271 0.27721133893463856 0.271630282409075 
0.5289712900582376 0.7246933422909678 0.6176135562359547 0.6790348818643354 0.5423969318735204 0.6355284422984079 0.6123998939211395 0.5915237517291052 0.5704492547681722 0.5498579077333263 0.5190770574182448 0.5159043502566527 0.4821424389076071 0.4686735545981413 0.4829038719646713 0.4617038882120841 0.44189402570704145 0.4283732376327325 0.42539887665045767 0.39574709335397484 0.37591482108874485 0.3654906205120507 0.3651980897121077 0.35043614206079776 0.32543058596956626 0.31635723543022914 0.31001373370291085 0.29664654260660017 0.2673899026818388 0.27136023827338807 
0.5289712900582376 0.7246933422909678 0.6176135562359547 0.6790348818643354 0.5423969318735204 0.6355284422984079 0.6123998939211395 0.5915237517291052 0.5704492547681722 0.5498579077333263 0.5190770574182448 0.5159043502566527 0.4821424389076071 0.4686735545981413 0.4829038719646713 0.4617038882120841 0.44189402570704145 0.4283732376327325 0.42539887665045767 0.39574709335397484 0.37591482108874485 0.3654906205120507 0.3651980897121077 0.35043614206079776 0.32543058596956626 0.31635723543022914 0.31001373370291085 0.29664654260660017 0.2673899026818388 0.27136023827338807 
0.5270435976950809 0.7236535654617635 0.6176135562359547 0.6818979025214522 0.5423969318735204 0.6346865395483579 0.6094352523991069 0.5893668955996685 0.5704492547681722 0.5498579077333263 0.5255430038272713 0.520994528731814 0.5196951297313254 0.48184734452728295 0.48538079368455145 0.4617038882120841 0.44189402570704145 0.4219700052283526 0.42211013020710686 0.39574709335397484 0.38661099959527573 0.371886776889351 0.3511307671519898 0.3412308026387625 0.3223644136988524 0.30799112822789376 0.3099807454483491 0.29664654260660017 0.27721133893463856 0.27136023827338807 
0.528633322946135 0.7297752210909214 0.6176135562359547 0.6811968538029122 0.7835490854574921 0.6265433130181698 0.6088463594430054 0.5978601267164563 0.5781182035630824 0.5498579077333263 0.539430932382016 0.515624775644332 0.5196951297313254 0.48184734452728295 0.4543219691487689 0.45559719859547504 0.4259099879366847 0.4127838477840392 0.4142974680229917 0.397433891647985 0.38963484291380024 0.3654906205120507 0.3651980897121077 0.35342285069481444 0.32543058596956626 0.30648603457612905 0.3099807454483491 0.2962823944244271 0.27721133893463856 0.271630282409075 
0.5251181691417006 0.7271653202130236 0.6182342178055421 0.6742732783103929 0.7605781520156452 0.6335674156717856 0.6158532313802243 0.5928325112798323 0.5547813457271006 0.5513277325739789 0.5244933334686775 0.520994528731814 0.49109981722015006 0.48887446780731875 0.48538079368455145 0.4521483802880509 0.41637691160529994 0.41743425444663373 0.389407194463014 0.38468201126946877 0.3784241530527452 0.3705805432864391 0.3511307671519898 0.35043614206079776 0.3197554384328214 0.30648603457612905 0.32124602026665156 0.2962823944244271 0.2970665853406715 0.27057108803751195 
0.5270435976950809 0.7246933422909678 0.6176135562359547 0.6739790828018862 0.7699789179034211 0.6382306795546958 0.6088463594430054 0.5957288880423726 0.5830725663333269 0.5498579077333263 0.5319726552225525 0.5122935744970163 0.5196951297313254 0.48288083426845296 0.45368242007346754 0.4617038882120841 0.43616914930350836 0.4199894040298619 0.4142974680229917 0.397433891647985 0.3727872670142808 0.3654906205120507 0.34609572797780785 0.3524911996088815 0.32543058596956626 0.30565809980677605 0.29964156977671286 0.2962823944244271 0.286909604785349 0.271630282409075 
0.5251181691417006 0.7236535654617635 0.6182342178055421 0.674235056702779 0.5372574011452714 0.6335674156717856 0.6096130800163975 0.5893668955996685 0.5704492547681722 0.5587127074561187 0.5233917900557378 0.5206320964893784 0.4871865632014242 0.4753710269763488 0.48538079368455145 0.4617038882120841 0.41637691160529994 0.4258777723587959 0.4189068891547317 0.3920832382507956 0.3899158745032947 0.3775807810539803 0.3519654405286882 0.3412308026387625 0.3197554384328214 0.30648603457612905 0.3099807454483491 0.29664654260660017 0.27721133893463856 0.27136023827338807 
0.5306764348774013 0.7268764866514997 0.6141844146211384 0.6804938691039407 0.7664549574340599 0.6336488500952971 0.6094126688859399 0.5964702536060353 0.5716297570594889 0.5518557997278625 0.5233917900557378 0.5122597012166477 0.49109981722015006 0.4753710269763488 0.46912595444628497 0.44518185673616245 0.42051524208382013 0.41791056094082213 0.42211013020710686 0.3920832382507956 0.3852145589475292 0.3775807810539803 0.36797248341453775 0.33900883274758836 0.3230295482351154 0.31512520488801027 0.31262380373020626 0.2978899662556227 0.2930031318955991 0.27136023827338807 
0.5251181691417006 0.7268764866514997 0.610551790440847 0.6804938691039407 0.7669999423736407 0.6337479027812846 0.5979655823006073 0.5931703839058124 0.5637182621886805 0.5478418521351301 0.5255430038272713 0.520994528731814 0.4831333622622447 0.4832088424602708 0.47032950499014264 0.44111221372790177 0.42051524208382013 0.421506538913395 0.42211013020710686 0.40127803839837806 0.38661099959527573 0.371886776889351 0.36321046641825494 0.3445756962827633 0.3266055885536573 0.30799112822789376 0.3099807454483491 0.29664654260660017 0.2958062877984913 0.27136023827338807 
0.5270435976950809 0.7271653202130236 0.6176135562359547 0.6741291682096623 0.7564217018125906 0.6288072633502495 0.6088082892304643 0.5980417753536454 0.5472908698252112 0.5544681253470484 0.5288507887985809 0.5251596321928845 0.4934932848957953 0.4903320258284165 0.471444221392511 0.43114086112572725 0.43290295763171155 0.42432674982683943 0.385652552030895 0.39574709335397484 0.38274792012928555 0.3654906205120507 0.3511307671519898 0.3524911996088815 0.3255649614514199 0.31168982587628075 0.3163465064983433 0.2912684462777476 0.2888464007103285 0.271630282409075 
0.5270435976950809 0.7268764866514997 0.6208548924292145 0.6741291682096623 0.7749823792676113 0.6288072633502495 0.6094126688859399 0.5926358826962115 0.5716297570594889 0.5340401524661067 0.5459830556504395 0.5140231153907278 0.49109981722015006 0.4903320258284165 0.4612131085114404 0.4521483802880509 0.4098459998569574 0.41526909070441065 0.40186785944639736 0.3987356699227767 0.3791408602950446 0.35932615389513556 0.36797248341453775 0.33900883274758836 0.3128959726898499 0.31512520488801027 0.30165373143433943 0.30397195956118533 0.2888464007103285 0.271630282409075 
0.5270435976950809 0.7268764866514997 0.6208548924292145 0.6741291682096623 0.7749823792676113 0.6288072633502495 0.6094126688859399 0.5926358826962115 0.5716297570594889 0.5340401524661067 0.5459830556504395 0.5140231153907278 0.49109981722015006 0.4903320258284165 0.4612131085114404 0.4521483802880509 0.4098459998569574 0.41526909070441065 0.40186785944639736 0.3987356699227767 0.3791408602950446 0.35932615389513556 0.36797248341453775 0.33900883274758836 0.3128959726898499 0.31512520488801027 0.30165373143433943 0.30397195956118533 0.2888464007103285 0.271630282409075 
0.5251181691417006 0.7269730877955909 0.610551790440847 0.6757247873372196 0.7664549574340599 0.6288423020266672 0.5939155254418248 0.5950842933034848 0.5637182621886805 0.5464220562913048 0.5285916443333676 0.5122597012166477 0.49308717390956647 0.4832088424602708 0.4624843769034937 0.4543692199470154 0.4178656469305356 0.424525654076536 0.4070771914861946 0.3920832382507956 0.3562771331774576 0.371886776889351 0.3646655544621623 0.3445756962827633 0.31573193856475645 0.30799112822789376 0.3225147103762653 0.2906850166900607 0.2750102238983657 0.27152427079845043 
0.5270435976950809 0.7329756818238321 0.621122375735807 0.6780554278130567 0.5375089087696217 0.6308869662550435 0.6140352236253682 0.5893668955996685 0.5624014872014999 0.5491888282766801 0.5233917900557378 0.5142291175620368 0.49109981722015006 0.4843738215035475 0.45500730511209697 0.44518185673616245 0.42051524208382013 0.40717526583767677 0.4013965143701164 0.40977785672375544 0.3727872670142808 0.3654906205120507 0.36763324745699666 0.34715102322363045 0.32543058596956626 0.31512520488801027 0.30203750425568626 0.2962823944244271 0.27777835893458946 0.27873458052580274 
0.5306764348774013 0.7268764866514997 0.6141844146211384 0.6804938691039407 0.7664549574340599 0.6336488500952971 0.6094126688859399 0.5964702536060353 0.5716297570594889 0.5518557997278625 0.5233917900557378 0.5122597012166477 0.49109981722015006 0.4753710269763488 0.46912595444628497 0.44518185673616245 0.42051524208382013 0.41791056094082213 0.42211013020710686 0.3920832382507956 0.3852145589475292 0.3775807810539803 0.36797248341453775 0.33900883274758836 0.3230295482351154 0.31512520488801027 0.31262380373020626 0.2978899662556227 0.2930031318955991 0.27136023827338807 
0.5285178972667515 0.7269730877955909 0.6209197134788793 0.6780554278130567 0.5419334780705998 0.6246920745897905 0.6236793938978862 0.5943920239286953 0.5624014872014999 0.5582843664036624 0.5233917900557378 0.5044420710757486 0.49109981722015006 0.47992969687521125 0.46376791542042944 0.46110792176078935 0.432438713836605 0.41357578346284235 0.3993019026023165 0.3852293932877331 0.3686070608920487 0.3555168615471649 0.3555941592718631 0.3480185126271811 0.3109282674664306 0.3346595347988723 0.3174355641070186 0.29461044148080695 0.27460197591938107 0.29446069324810475 
0.5238696287656153 0.7262438513811601 0.6077796354129964 0.675787828318827 0.7656939635189761 0.6247113884156021 0.6169188121709107 0.5888978143789305 0.5704675091836404 0.5582843664036624 0.5364101228929166 0.5122597012166477 0.49435674643826977 0.4695098595710982 0.466378875029371 0.45416858267357213 0.4251559358433318 0.4109088266042066 0.4006815760595344 0.39142284483171375 0.36177501328449113 0.37896644599010015 0.3367625703247452 0.3450969218725071 0.3079723100621419 0.3143821299783061 0.3243106029665376 0.304331433787336 0.2958062877984913 0.295949778339594 
0.5251181691417006 0.7268764866514997 0.610551790440847 0.6804938691039407 0.7669999423736407 0.6337479027812846 0.5979655823006073 0.5931703839058124 0.5637182621886805 0.5478418521351301 0.5255430038272713 0.520994528731814 0.4831333622622447 0.4832088424602708 0.47032950499014264 0.44111221372790177 0.42051524208382013 0.421506538913395 0.42211013020710686 0.40127803839837806 0.38661099959527573 0.371886776889351 0.36321046641825494 0.3445756962827633 0.3266055885536573 0.30799112822789376 0.3099807454483491 0.29664654260660017 0.2958062877984913 0.27136023827338807 
0.5285178972667515 0.7280448316945979 0.6141844146211384 0.6761626709243734 0.7749823792676113 0.6336488500952971 0.6084278818122821 0.5926358826962115 0.5658336878516103 0.5450467003577366 0.5337397733494268 0.5065513875420569 0.4874251021372426 0.4753710269763488 0.46912595444628497 0.44518185673616245 0.42051524208382013 0.4190525456702096 0.40439762049683603 0.3987356699227767 0.37742319283545417 0.37896644599010015 0.3555941592718631 0.3608159869419543 0.32446910105393656 0.3086260422892554 0.3174355641070186 0.2984061582946191 0.27460197591938107 0.2954428190708528 
0.5285178972667515 0.7280448316945979 0.6141844146211384 0.6761626709243734 0.7749823792676113 0.6336488500952971 0.6084278818122821 0.5926358826962115 0.5658336878516103 0.5450467003577366 0.5337397733494268 0.5065513875420569 0.4874251021372426 0.4753710269763488 0.46912595444628497 0.44518185673616245 0.42051524208382013 0.4190525456702096 0.40439762049683603 0.3987356699227767 0.37742319283545417 0.37896644599010015 0.3555941592718631 0.3608159869419543 0.32446910105393656 0.3086260422892554 0.3174355641070186 0.2984061582946191 0.27460197591938107 0.2954428190708528 
0.5251620250580072 0.7280448316945979 0.6209197134788793 0.675787828318827 0.7749823792676113 0.6336488500952971 0.6210322400009317 0.5926358826962115 0.5612957896519635 0.5450467003577366 0.5320506007101928 0.5044420710757486 0.49109981722015006 0.4753710269763488 0.46376791542042944 0.46110792176078935 0.432438713836605 0.41357578346284235 0.40439762049683603 0.3987356699227767 0.3817379125220154 0.37648641724944565 0.3555941592718631 0.3455597827556421 0.32446910105393656 0.32566025687365824 0.3174355641070186 0.2984061582946191 0.2888464007103285 0.2954428190708528 
0.5251620250580072 0.7280448316945979 0.6209197134788793 0.675787828318827 0.7749823792676113 0.6336488500952971 0.6210322400009317 0.5926358826962115 0.5612957896519635 0.5450467003577366 0.5320506007101928 0.5044420710757486 0.49109981722015006 0.4753710269763488 0.46376791542042944 0.46110792176078935 0.432438713836605 0.41357578346284235 0.40439762049683603 0.3987356699227767 0.3817379125220154 0.37648641724944565 0.3555941592718631 0.3455597827556421 0.32446910105393656 0.32566025687365824 0.3174355641070186 0.2984061582946191 0.2888464007103285 0.2954428190708528 
0.5306764348774013 0.7269730877955909 0.6141844146211384 0.675787828318827 0.7664549574340599 0.6288423020266672 0.6094126688859399 0.5950842933034848 0.5642810709138535 0.5518557997278625 0.5285916443333676 0.5122597012166477 0.49308717390956647 0.474521365502524 0.4624843769034937 0.4543692199470154 0.4428821938584201 0.41791056094082213 0.39984598045192765 0.3920832382507956 0.38673303109799695 0.3775807810539803 0.36018167470818596 0.3573664365074044 0.31573193856475645 0.32566025687365824 0.3184854646342137 0.2906850166900607 0.2808978009413173 0.24964642838258236 
0.5306764348774013 0.7269730877955909 0.6141844146211384 0.675787828318827 0.7664549574340599 0.6288423020266672 0.6094126688859399 0.5950842933034848 0.5642810709138535 0.5518557997278625 0.5285916443333676 0.5122597012166477 0.49308717390956647 0.474521365502524 0.4624843769034937 0.4543692199470154 0.4428821938584201 0.41791056094082213 0.39984598045192765 0.3920832382507956 0.38673303109799695 0.3775807810539803 0.36018167470818596 0.3573664365074044 0.31573193856475645 0.32566025687365824 0.3184854646342137 0.2906850166900607 0.2808978009413173 0.24964642838258236 
0.5270435976950809 0.7271653202130236 0.6176135562359547 0.6902753436993633 0.7673664769676376 0.6288072633502495 0.6047672193944446 0.5975190568716212 0.5669326067811645 0.5511804699253721 0.5288507887985809 0.5122597012166477 0.5036990183943545 0.47992969687521125 0.4624843769034937 0.44961593592235083 0.4414224165600507 0.41791056094082213 0.40439762049683603 0.40441471204210616 0.37050223565006524 0.3654906205120507 0.33305486934165374 0.3524911996088815 0.32068965866581994 0.30150820451140187 0.31521638000398977 0.30469979764573274 0.2888464007103285 0.26891728031523365 
0.5270435976950809 0.7271653202130236 0.6176135562359547 0.6902753436993633 0.7673664769676376 0.6288072633502495 0.6047672193944446 0.5975190568716212 0.5669326067811645 0.5511804699253721 0.5288507887985809 0.5122597012166477 0.5036990183943545 0.47992969687521125 0.4624843769034937 0.44961593592235083 0.4414224165600507 0.41791056094082213 0.40439762049683603 0.40441471204210616 0.37050223565006524 0.3654906205120507 0.33305486934165374 0.3524911996088815 0.32068965866581994 0.30150820451140187 0.31521638000398977 0.30469979764573274 0.2888464007103285 0.26891728031523365 
0.5285178972667515 0.7269730877955909 0.6141844146211384 0.6902753436993633 0.7597761384141074 0.6336488500952971 0.6084278818122821 0.5865936236589699 0.5673092645676974 0.5582843664036624 0.5337397733494268 0.5122597012166477 0.5036990183943545 0.47992969687521125 0.46376791542042944 0.4614793624753785 0.4428821938584201 0.41791056094082213 0.39984598045192765 0.38204983264305836 0.3686070608920487 0.37896644599010015 0.3555941592718631 0.3608159869419543 0.3132030932956924 0.3346595347988723 0.31521638000398977 0.30156862349314995 0.27460197591938107 0.2954428190708528 
0.5270435976950809 0.7310417562550772 0.6125375725382713 0.6829671489709489 0.7673664769676376 0.6258313480651876 0.6110835276164008 0.5983922853457416 0.5657279027720081 0.5529374747551257 0.5288507887985809 0.527471540658809 0.4995535147098792 0.4645241171012764 0.4624843769034937 0.44961593592235083 0.4414224165600507 0.41047140217761713 0.40439762049683603 0.39322527352105235 0.3682928095450042 0.37291377874256726 0.33305486934165374 0.3573664365074044 0.32068965866581994 0.3068359877584273 0.32241256649643646 0.3053847108043313 0.2808978009413173 0.28916323338813243 
0.5285178972667515 0.7269730877955909 0.6141844146211384 0.6902753436993633 0.7597761384141074 0.6336488500952971 0.6084278818122821 0.5865936236589699 0.5673092645676974 0.5582843664036624 0.5337397733494268 0.5122597012166477 0.5036990183943545 0.47992969687521125 0.46376791542042944 0.4614793624753785 0.4428821938584201 0.41791056094082213 0.39984598045192765 0.38204983264305836 0.3686070608920487 0.37896644599010015 0.3555941592718631 0.3608159869419543 0.3132030932956924 0.3346595347988723 0.31521638000398977 0.30156862349314995 0.27460197591938107 0.2954428190708528 
0.5238696287656153 0.7205372052270029 0.6125375725382713 0.6756958849880181 0.7553001756507607 0.6258313480651876 0.6084278818122821 0.5865936236589699 0.5657279027720081 0.5589040335980605 0.5337397733494268 0.5246476115180811 0.5036990183943545 0.4822002556230003 0.46376791542042944 0.44738771439049746 0.44193238428905385 0.41047140217761713 0.40439762049683603 0.38204983264305836 0.38173456395282546 0.3620948620016441 0.34791049740630353 0.35348364506869806 0.323178765279355 0.3068359877584273 0.2917122512667407 0.30973795982746893 0.2808978009413173 0.2954428190708528 
0.5238696287656153 0.7205372052270029 0.6138101750112506 0.6687731003582761 0.762895521298816 0.6258313480651876 0.6047828206389297 0.5894768209516319 0.5632440933069425 0.5582843664036624 0.5285427128376621 0.5246476115180811 0.5003613057007009 0.4822002556230003 0.44951601052599516 0.4468018653969187 0.41632452925815777 0.40565057325816795 0.4141462557616977 0.37940397437906803 0.38173456395282546 0.36358918587957595 0.34791049740630353 0.35133764503865084 0.32068965866581994 0.3251859806045575 0.2917122512667407 0.30156862349314995 0.2808978009413173 0.2830716096745025 
0.5270435976950809 0.7310417562550772 0.6125375725382713 0.6829671489709489 0.7673664769676376 0.6258313480651876 0.6110835276164008 0.5983922853457416 0.5657279027720081 0.5529374747551257 0.5288507887985809 0.527471540658809 0.4995535147098792 0.4645241171012764 0.4624843769034937 0.44961593592235083 0.4414224165600507 0.41047140217761713 0.40439762049683603 0.39322527352105235 0.3682928095450042 0.37291377874256726 0.33305486934165374 0.3573664365074044 0.32068965866581994 0.3068359877584273 0.32241256649643646 0.3053847108043313 0.2808978009413173 0.28916323338813243 
0.5238696287656153 0.7205372052270029 0.6180367485083126 0.6794542424757398 0.7597761384141074 0.6345940183846046 0.6084278818122821 0.589862821945204 0.5638256292984584 0.5529374747551257 0.5288507887985809 0.5122597012166477 0.49730816655807275 0.4870908219718777 0.46376791542042944 0.4621069834536132 0.42274308902172725 0.4131517394719993 0.40439762049683603 0.3910181467194642 0.3672859540092202 0.3501211677664434 0.3367625703247452 0.3608159869419543 0.3228854633339595 0.3086260422892554 0.31183608486445746 0.298930303980755 0.29018026983330386 0.29023437934648966 
0.5238696287656153 0.7205372052270029 0.6180367485083126 0.6794542424757398 0.7597761384141074 0.6345940183846046 0.6084278818122821 0.589862821945204 0.5638256292984584 0.5529374747551257 0.5288507887985809 0.5122597012166477 0.49730816655807275 0.4870908219718777 0.46376791542042944 0.4621069834536132 0.42274308902172725 0.4131517394719993 0.40439762049683603 0.3910181467194642 0.3672859540092202 0.3501211677664434 0.3367625703247452 0.3608159869419543 0.3228854633339595 0.3086260422892554 0.31183608486445746 0.298930303980755 0.29018026983330386 0.29023437934648966 
0.5238696287656153 0.7205372052270029 0.6170533935213275 0.675787828318827 0.7586834739056204 0.6247113884156021 0.6169188121709107 0.5926358826962115 0.5664559261872373 0.5529374747551257 0.5288507887985809 0.5122597012166477 0.49435674643826977 0.4870908219718777 0.466378875029371 0.4637586480882192 0.42274308902172725 0.4131517394719993 0.39669860409922025 0.38204983264305836 0.3682928095450042 0.37362101117019714 0.3367625703247452 0.3450969218725071 0.3379282882741778 0.33468728811220044 0.31183608486445746 0.3016901095087752 0.29018026983330386 0.28546628945366814 
0.5234679294973313 0.7205372052270029 0.6141844146211384 0.675787828318827 0.7664549574340599 0.6258313480651876 0.6094126688859399 0.5946905675662633 0.5642810709138535 0.5563104279728343 0.5337397733494268 0.49909053325574615 0.503350411236177 0.47691655559033796 0.45161914469620146 0.46263465001481774 0.4455760408824578 0.4118277058108566 0.39984598045192765 0.3843356341376444 0.3686070608920487 0.37896644599010015 0.3503390644227718 0.3621595116034207 0.3158598293088645 0.3014693813985064 0.31131018240270714 0.30156862349314995 0.2808978009413173 0.24964642838258236 
0.5229315347558874 0.7257268121493321 0.6116697320900587 0.6810083581879703 0.7597761384141074 0.6345916712705408 0.6084278818122821 0.5967467301238728 0.5673092645676974 0.5529374747551257 0.5363268407173708 0.5139381799754177 0.48981658242822174 0.47992969687521125 0.46046615931732493 0.4614793624753785 0.4254440924322552 0.4126526244539677 0.3992214165164173 0.3919031919793637 0.3965090943063424 0.37896644599010015 0.3503390644227718 0.3608159869419543 0.33713385566191434 0.3346595347988723 0.31183608486445746 0.30156862349314995 0.2695647634087109 0.2954428190708528 
0.5238696287656153 0.7205372052270029 0.6125375725382713 0.6756958849880181 0.7553001756507607 0.6258313480651876 0.6084278818122821 0.5865936236589699 0.5657279027720081 0.5589040335980605 0.5337397733494268 0.5246476115180811 0.5036990183943545 0.4822002556230003 0.46376791542042944 0.44738771439049746 0.44193238428905385 0.41047140217761713 0.40439762049683603 0.38204983264305836 0.38173456395282546 0.3620948620016441 0.34791049740630353 0.35348364506869806 0.323178765279355 0.3068359877584273 0.2917122512667407 0.30973795982746893 0.2808978009413173 0.2954428190708528 
0.5242965651430572 0.7205372052270029 0.6138101750112506 0.6671287150355834 0.7566824554546425 0.6362475376669692 0.6047828206389297 0.5906452141762605 0.5662829033898756 0.5525545486629441 0.5285427128376621 0.5231952629846972 0.4950525521016737 0.47868560340323885 0.44951601052599516 0.44961593592235083 0.42146342516951885 0.40565057325816795 0.39984598045192765 0.40337962339273375 0.37449285854638975 0.36098711939872913 0.35273609395317174 0.3621209474563925 0.3314315235548445 0.30763648533939747 0.3120706824657616 0.2901274040320704 0.2809355941141597 0.24964642838258236 
0.5242965651430572 0.7205372052270029 0.6138101750112506 0.675787828318827 0.765659420398185 0.6258313480651876 0.6047828206389297 0.5903029621952433 0.5626744767010778 0.5529374747551257 0.5285427128376621 0.5243519241057494 0.48981658242822174 0.47868560340323885 0.44951601052599516 0.44961593592235083 0.418568820090148 0.40565057325816795 0.39984598045192765 0.40337962339273375 0.37449285854638975 0.3850893610408913 0.3503390644227718 0.3621595116034207 0.32068965866581994 0.30763648533939747 0.31678126002541057 0.3053847108043313 0.2808978009413173 0.24964642838258236 
0.5242965651430572 0.7205372052270029 0.6138101750112506 0.6671287150355834 0.7566824554546425 0.6362475376669692 0.6047828206389297 0.5906452141762605 0.5662829033898756 0.5525545486629441 0.5285427128376621 0.5231952629846972 0.4950525521016737 0.47868560340323885 0.44951601052599516 0.44961593592235083 0.42146342516951885 0.40565057325816795 0.39984598045192765 0.40337962339273375 0.37449285854638975 0.36098711939872913 0.35273609395317174 0.3621209474563925 0.3314315235548445 0.30763648533939747 0.3120706824657616 0.2901274040320704 0.2809355941141597 0.24964642838258236 
0.5238591046935714 0.7257268121493321 0.6116697320900587 0.6810083581879703 0.7654009665446612 0.6385155332626801 0.6047828206389297 0.6008985357715232 0.5642810709138535 0.5317078378598706 0.5268865200680781 0.5043799693963948 0.48981658242822174 0.4733998849430136 0.46279652037201685 0.4601711341790456 0.4254440924322552 0.4126526244539677 0.39977309343586065 0.38335483009154137 0.37388095314919173 0.37896644599010015 0.3503390644227718 0.3608159869419543 0.33743108653119613 0.30763648533939747 0.29527365864483 0.30156862349314995 0.26474207677381884 0.2579900044310476 
0.5200947161327156 0.7220296947822517 0.6138101750112506 0.6747411280141793 0.7586834739056204 0.623893033331987 0.6047828206389297 0.5858972303703407 0.5626744767010778 0.5601487902770493 0.5263470601746565 0.5112165660272102 0.4873666492847624 0.47868560340323885 0.44951601052599516 0.4538170134087327 0.42274308902172725 0.40960678970393133 0.40287792589771115 0.40337962339273375 0.37221848997501517 0.3850893610408913 0.3503390644227718 0.3558491856700359 0.341456219009073 0.3144295116745761 0.2947073471617011 0.2901274040320704 0.2755093654837328 0.295949778339594 
0.5242965651430572 0.7269303622261819 0.6088800173532194 0.6671287150355834 0.7600416039020564 0.6398224434395875 0.6040192433736824 0.6138515843613636 0.5662829033898756 0.5525545486629441 0.5302394253107768 0.5231952629846972 0.4949943913022622 0.47868560340323885 0.46707909085867033 0.4600279176775176 0.42146342516951885 0.40565057325816795 0.39984598045192765 0.38958975591334294 0.37449285854638975 0.36098711939872913 0.35273609395317174 0.3610146872520602 0.31280521588569765 0.3072571848754497 0.29863467522777315 0.306951085823428 0.29018026983330386 0.2685114221283491 
0.5200947161327156 0.7220296947822517 0.6138101750112506 0.6747411280141793 0.7586834739056204 0.623893033331987 0.6047828206389297 0.5858972303703407 0.5626744767010778 0.5601487902770493 0.5263470601746565 0.5112165660272102 0.4873666492847624 0.47868560340323885 0.44951601052599516 0.4538170134087327 0.42274308902172725 0.40960678970393133 0.40287792589771115 0.40337962339273375 0.37221848997501517 0.3850893610408913 0.3503390644227718 0.3558491856700359 0.341456219009073 0.3144295116745761 0.2947073471617011 0.2901274040320704 0.2755093654837328 0.295949778339594 
0.5183804241983059 0.7277570576973402 0.6088800173532194 0.6607318927231033 0.7586834739056204 0.6273112419031269 0.6002779299345773 0.5858972303703407 0.5714592866428894 0.5497863760509635 0.5244387212840568 0.4931593675091038 0.4950525521016737 0.48057369383017834 0.4618398518285775 0.4607778906788672 0.41959408265925374 0.40857436261140684 0.4021384362229854 0.39979035687502584 0.37449285854638975 0.35130736177222777 0.34702191815029565 0.3580461515572954 0.3261463280410245 0.31210813788381714 0.2925331768875083 0.2901274040320704 0.28874574923172425 0.2913451536178442 
0.5183804241983059 0.7220296947822517 0.6138101750112506 0.6729120227140464 0.7585823309839059 0.6385155332626801 0.6043110434615521 0.5745256364388194 0.568221776698255 0.5552907210195142 0.5263470601746565 0.5031149677458011 0.4873666492847624 0.47868560340323885 0.45205474757257513 0.4500659618527016 0.42587237121795685 0.4073030038724121 0.40187093901437937 0.4003989212808525 0.3724238797193116 0.3622044233816591 0.3457584695692098 0.35415329684198266 0.31675830045745895 0.2964834329594489 0.3009774375146327 0.28688124149540295 0.2803733757153338 0.295949778339594 
0.5183804241983059 0.7277570576973402 0.6088800173532194 0.6607318927231033 0.7586834739056204 0.6273112419031269 0.6002779299345773 0.5858972303703407 0.5714592866428894 0.5497863760509635 0.5244387212840568 0.4931593675091038 0.4950525521016737 0.48057369383017834 0.4618398518285775 0.4607778906788672 0.41959408265925374 0.40857436261140684 0.4021384362229854 0.39979035687502584 0.37449285854638975 0.35130736177222777 0.34702191815029565 0.3580461515572954 0.3261463280410245 0.31210813788381714 0.2925331768875083 0.2901274040320704 0.28874574923172425 0.2913451536178442 
0.5183804241983059 0.7220296947822517 0.6110302777898785 0.6682539650828422 0.7585823309839059 0.6216373252550543 0.6027940595390714 0.5926358826962115 0.5558771403621918 0.566769065824282 0.5263470601746565 0.5112165660272102 0.49500441405391077 0.4765444074819337 0.4586195311748065 0.4538170134087327 0.42818989044094274 0.3981906959039291 0.3915484454171538 0.40337962339273375 0.37221848997501517 0.3622044233816591 0.3526550692819796 0.35415329684198266 0.32075769106849283 0.2964834329594489 0.302219546420723 0.28688124149540295 0.27912118001164 0.295949778339594 
0.5183804241983059 0.7220296947822517 0.6138101750112506 0.6729120227140464 0.7585823309839059 0.6385155332626801 0.6043110434615521 0.5745256364388194 0.568221776698255 0.5552907210195142 0.5263470601746565 0.5031149677458011 0.4873666492847624 0.47868560340323885 0.45205474757257513 0.4500659618527016 0.42587237121795685 0.4073030038724121 0.40187093901437937 0.4003989212808525 0.3724238797193116 0.3622044233816591 0.3457584695692098 0.35415329684198266 0.31675830045745895 0.2964834329594489 0.3009774375146327 0.28688124149540295 0.2803733757153338 0.295949778339594 
0.5183804241983059 0.7220296947822517 0.6110302777898785 0.6682539650828422 0.7585823309839059 0.6216373252550543 0.6027940595390714 0.5926358826962115 0.5558771403621918 0.566769065824282 0.5263470601746565 0.5112165660272102 0.49500441405391077 0.4765444074819337 0.4586195311748065 0.4538170134087327 0.42818989044094274 0.3981906959039291 0.3915484454171538 0.40337962339273375 0.37221848997501517 0.3622044233816591 0.3526550692819796 0.35415329684198266 0.32075769106849283 0.2964834329594489 0.302219546420723 0.28688124149540295 0.27912118001164 0.295949778339594 
0.5183804241983059 0.7220296947822517 0.6059002798142729 0.6747411280141793 0.762556394800355 0.623893033331987 0.6002779299345773 0.591212339337797 0.568221776698255 0.8289017614794747 0.5263470601746565 0.5112165660272102 0.4873666492847624 0.47868560340323885 0.44951601052599516 0.4449678660587482 0.42477364385086797 0.40960678970393133 0.40287792589771115 0.39979035687502584 0.37221848997501517 0.3622044233816591 0.34144961393091366 0.35978623506447055 0.3261463280410245 0.2964834329594489 0.29460762495638826 0.2901274040320704 0.26658695176198166 0.295949778339594 
0.5183804241983059 0.7192556398101291 0.6088800173532194 0.6729120227140464 0.7585823309839059 0.6385155332626801 0.6051764428461764 0.5926358826962115 0.561063383976776 0.23868260096588567 0.5263470601746565 0.493697430800366 0.49500441405391077 0.48057369383017834 0.4545680187615542 0.4534216874229754 0.41959408265925374 0.40521659929065246 0.40187093901437937 0.39979035687502584 0.36855131440144673 0.37896644599010015 0.3526550692819796 0.3655452585345804 0.31675830045745895 0.31768324586737123 0.2925331768875083 0.28688124149540295 0.27174791733235126 0.295949778339594 
0.5183804241983059 0.7192556398101291 0.6088800173532194 0.6729120227140464 0.7585823309839059 0.6385155332626801 0.6051764428461764 0.5926358826962115 0.561063383976776 0.23868260096588567 0.5263470601746565 0.493697430800366 0.49500441405391077 0.48057369383017834 0.4545680187615542 0.4534216874229754 0.41959408265925374 0.40521659929065246 0.40187093901437937 0.39979035687502584 0.36855131440144673 0.37896644599010015 0.3526550692819796 0.3655452585345804 0.31675830045745895 0.31768324586737123 0.2925331768875083 0.28688124149540295 0.27174791733235126 0.295949778339594 
0.517672316470377 0.7262231724670979 0.6088800173532194 0.6647877023641464 0.7566824554546425 0.6266543896530472 0.6034550717399861 0.577702789027958 0.5591887006731078 0.5498321306233966 0.5255215369480901 0.8848374670608279 0.4845067298983825 0.5064040023094869 0.461275718023204 0.46202060581832316 0.41736977375334156 0.41685638880873066 0.4052095553994454 0.40340088266325574 0.3759593905199244 0.36030403750932616 0.3404265447537088 0.3445756962827633 0.3180315856638621 0.30326668398279744 0.2964616903440857 0.3059310571007765 0.27753465670235244 0.28762620520998505 
0.5183804241983059 0.08488170422835273 0.6088800173532194 0.6651480048817642 0.7549466764462285 0.6385155332626801 0.6047828206389297 0.26016464090309843 0.5659834135564626 0.5582843664036624 0.5250884129630761 0.9392322824217298 0.4907625714611036 0.4765444074819337 0.46032098165887747 0.4665557196035544 0.42274308902172725 0.39929902147085683 0.3915484454171538 0.39321905973199794 0.3724238797193116 0.3622044233816591 0.3457584695692098 0.35415329684198266 0.32075769106849283 0.3044906740958101 0.2954623268239337 0.3139108859064362 0.2803733757153338 0.295949778339594 
