0.12017647643188781 0.18317295111503054 0.7992627308163394 
0.09600352328025419 0.18284907206984077 0.800246655906811 
0.06273491728237682 0.18252564773078028 0.8003998861641605 
0.0662790409933083 0.18301426718627176 0.8005030359856701 
0.1174523817656986 0.18210493424480456 0.7999920965722603 
0.09506658914231704 0.18245135531034815 0.7998246554879975 
0.06273491728237682 0.18252564773078028 0.8003998861641605 
0.050892839311501535 0.1812189250685151 0.7994974077711108 
0.0519443821935366 0.1831795683403374 0.8010817848302878 
0.09600352328025419 0.18284907206984077 0.800246655906811 
0.10400224578343423 0.18281634122526608 0.797305459090877 
0.12017647643188781 0.18317295111503054 0.7992627308163394 
0.12101894698849089 0.18256570066796637 0.8006952484675612 
0.0662790409933083 0.18301426718627176 0.8005030359856701 
0.09506658914231704 0.18245135531034815 0.7998246554879975 
0.05937443631455023 0.18299730236683448 0.7993346478947982 
0.05937443631455023 0.18299730236683448 0.7993346478947982 
0.10400224578343423 0.18281634122526608 0.797305459090877 
0.12101894698849089 0.18256570066796637 0.8006952484675612 
0.050892839311501535 0.1812189250685151 0.7994974077711108 
0.09481714084646961 0.18651742146618502 0.806702611153326 
0.14328683994032268 0.2120212074288281 0.8260095744158907 
0.04532339358784129 0.20796458840334822 0.8001248464165007 
0.13600218851168286 0.2012989482987123 0.8199924140210829 
0.14479332461776528 0.1891116954531077 0.8175261497992882 
0.03599454656686105 0.18873742145283837 0.8169704205902191 
0.12940074760000914 0.1988588102365882 0.8133871833817347 
0.15629345262481062 0.20181295229264 0.8140249426703403 
0.11891942451537917 0.18742845935497754 0.8206129603726964 
0.08282866718074366 0.18910404308864953 0.8243702562255175 
0.1047407124314658 0.1959551862100094 0.8284341368340513 
0.09959336460922702 0.18040299429701226 0.8273469448410784 
0.1437224879275571 0.1878940840963749 0.7994330550538865 
0.08649163413073054 0.1931103502864453 0.8200929325783399 
0.1349715428839683 0.20210263633136505 0.8088654379305198 
0.11783687709146812 0.18886016388641352 0.8162584759445167 
0.08465743156920784 0.19723177937145403 0.7997370381317025 
0.15532023629513517 0.20418353705073156 0.8004007411245163 
0.08211279683120237 0.19803465508596801 0.8154084201733119 
0.1174003122024505 0.19170937134957067 0.8203664189223127 
0.10099539927836018 0.20450139127653186 0.8138819362506146 
0.03160178908757093 0.186301159598626 0.8057954529147902 
0.05641410948475116 0.1941420339726654 0.8194698523539491 
0.11830868612763476 0.1864775196433528 0.8078592010246133 
0.08151046442001811 0.20554796127250252 0.7938226801567201 
0.03160178908757093 0.186301159598626 0.8057954529147902 
0.12005981670660706 0.19402558333752223 0.8177309118424857 
0.1448727284153836 0.1887118748784124 0.8127338042161644 
0.0884626434683565 0.18936002450456257 0.8107792154611329 
0.059467663955456815 0.19426716182260417 0.8152645688790712 
0.06633730784944399 0.1822701925791925 0.819978997384641 
0.11060980884699298 0.20206066433910103 0.8158300086334491 
0.07488973743916082 0.20206417859434198 0.7954455184963752 
0.06633730784944399 0.1822701925791925 0.819978997384641 
0.10699392308113416 0.19802369579576512 0.8169342869594647 
0.08012826816540267 0.19322313911887834 0.806196455099191 
0.034776952769598274 0.186511495842375 0.8113926859352831 
0.08905829375398736 0.1947719538227596 0.8207392899255792 
0.07391743285741713 0.19483306963447433 0.8131142610013609 
0.1174003122024505 0.19170937134957067 0.8203664189223127 
0.14051407213867903 0.19125302308804148 0.8120216231202236 
0.10978920944180653 0.20625165888223485 0.8074931255649335 
0.13998072072635667 0.1866390076501849 0.8244870477696428 
0.08649163413073054 0.1931103502864453 0.8200929325783399 
0.10978920944180653 0.20625165888223485 0.8074931255649335 
0.03919764014813325 0.18813916453943125 0.8092637942764257 
0.059467663955456815 0.19426716182260417 0.8152645688790712 
0.13873637630420904 0.18662235857789294 0.8127559423478895 
0.1399054424214379 0.1911024039807003 0.8031335424960029 
0.13160297348871886 0.18501557576048233 0.8075682012992708 
0.034776952769598274 0.186511495842375 0.8113926859352831 
0.07821892218244181 0.20219538636413678 0.8074862344965478 
0.08211279683120237 0.19803465508596801 0.8154084201733119 
0.047408422398816485 0.1988214997729809 0.7980870969479128 
0.10615109418324759 0.19900322596670453 0.8218654184940851 
0.10148726633941979 0.18429651045718942 0.8085016468601207 
0.06570736355591934 0.20258267978418254 0.8019047815066946 
0.0884626434683565 0.18936002450456257 0.8107792154611329 
0.14777673610583283 0.18998952926674686 0.815585083223394 
0.07964017841154834 0.2078809920785529 0.7981203045576464 
0.14051407213867903 0.19125302308804148 0.8120216231202236 
0.12274330441412482 0.19898833283078768 0.8177790116432241 
0.10148726633941979 0.18429651045718942 0.8085016468601207 
0.07788963140651782 0.20368711579519777 0.8151093039485957 
0.13177503316047579 0.19696757901655093 0.8135234848186765 
0.07659727858836092 0.18505914068404233 0.8122126246181454 
0.03645312983549636 0.18340840218810822 0.8185840526397526 
0.09719252219815322 0.20084426193899899 0.8176098995670499 
0.15095529562686816 0.18777382952160465 0.8121729259006212 
0.09549185220205235 0.17853551478140745 0.815530468143039 
0.09640361324796078 0.2093021949416695 0.8290045169846124 
0.08905829375398736 0.1947719538227596 0.8207392899255792 
0.12023200126902586 0.18470865554254368 0.8146119147015342 
0.07459019714417811 0.19316151943759155 0.8073543309697986 
0.14967551257699088 0.20385663579289864 0.8196445238932238 
0.11210933696290863 0.21121063843742982 0.8168506192122362 
0.10081914242813722 0.20555843394977816 0.8171969490495399 
0.08409393386697053 0.18702149112853936 0.8123461805107322 
0.07459019714417811 0.19316151943759155 0.8073543309697986 
0.13537226542690792 0.19986166270742906 0.8064782351654719 
0.06717210099632043 0.19760916087853495 0.8155805217011342 
0.07788963140651782 0.20368711579519777 0.8151093039485957 
0.115983541466378 0.20133744030728157 0.8167922125009124 
0.08465743156920784 0.19723177937145403 0.7997370381317025 
0.131721639419016 0.204577118339164 0.8095549602096074 
0.09113515925607421 0.1849062294411649 0.807273181590879 
0.07659727858836092 0.18505914068404233 0.8122126246181454 
0.1047407124314658 0.1959551862100094 0.8284341368340513 
0.09549185220205235 0.17853551478140745 0.815530468143039 
0.1232182362411661 0.18913666222010003 0.8006967482033024 
0.15021640461978228 0.20158552412036324 0.8231372632180367 
0.03645312983549636 0.18340840218810822 0.8185840526397526 
0.13177503316047579 0.19696757901655093 0.8135234848186765 
0.13098570163699919 0.2015140835665769 0.8062035651545018 
0.10316030753644945 0.18924523362037451 0.8173219838240152 
0.10169531991306544 0.20567811292207855 0.796640715007334 
0.12005981670660706 0.19402558333752223 0.8177309118424857 
0.06605635893530555 0.1959330329800935 0.7964479137814348 
0.13160297348871886 0.18501557576048233 0.8075682012992708 
0.0928281840600336 0.19282550061171902 0.8167643803938828 
0.07939362759958365 0.20588156120880743 0.8027093602166838 
0.08069537595891725 0.1744257780842758 0.8243591171276727 
0.06941232154707339 0.19738401509030482 0.800913980864262 
0.10156945877900349 0.19969670147038476 0.8129537423582495 
0.11559727704927009 0.19657770632503688 0.8119869787495574 
0.14715351565770418 0.20920210629311248 0.8302299597811702 
0.047408422398816485 0.1988214997729809 0.7980870969479128 
0.1232182362411661 0.18913666222010003 0.8006967482033024 
0.12917491433307066 0.19688053951436016 0.7906645193352524 
0.12662327494921288 0.1932703884686692 0.8095942602597895 
0.13998072072635667 0.1866390076501849 0.8244870477696428 
0.06570736355591934 0.20258267978418254 0.8019047815066946 
0.07189943368861938 0.20575719001561868 0.8032988262881017 
0.11706109727932437 0.20827113188040314 0.7965675435858645 
0.06613117283066564 0.19980618010761728 0.8130323635781623 
0.14179849878693893 0.19965099182474821 0.8016851765795385 
0.10699392308113416 0.19802369579576512 0.8169342869594647 
0.11559727704927009 0.19657770632503688 0.8119869787495574 
0.12940074760000914 0.1988588102365882 0.8133871833817347 
0.1558156388917678 0.19354097879581186 0.8106986161012919 
0.10477939064460057 0.19079028766514705 0.8063482818903169 
0.115983541466378 0.20133744030728157 0.8167922125009124 
0.15035262297499133 0.19405798170852046 0.8207912226427485 
0.03790786170269295 0.18798105596527753 0.8120297076300086 
0.03790786170269295 0.18798105596527753 0.8120297076300086 
0.03536703272909526 0.1854163138365933 0.8069348114064032 
0.11830868612763476 0.1864775196433528 0.8078592010246133 
0.12002610714056758 0.21058296429483633 0.8192163273602231 
0.10156945877900349 0.19969670147038476 0.8129537423582495 
0.1377603196767646 0.20361906736127314 0.8133168291882991 
0.09113515925607421 0.1849062294411649 0.807273181590879 
0.09867210274905895 0.2110096679834624 0.813893224986397 
0.13873637630420904 0.18662235857789294 0.8127559423478895 
0.12572699803215337 0.19217928675452356 0.8108346841803222 
0.06717210099632043 0.19760916087853495 0.8155805217011342 
0.1480101258705799 0.18167906283587407 0.8156287348732242 
0.07821892218244181 0.20219538636413678 0.8074862344965478 
0.13537226542690792 0.19986166270742906 0.8064782351654719 
0.08151046442001811 0.20554796127250252 0.7938226801567201 
0.14328683994032268 0.2120212074288281 0.8260095744158907 
0.04352974697246874 0.19495254724738492 0.8070573300778826 
0.12662327494921288 0.1932703884686692 0.8095942602597895 
0.1560484558955209 0.19176598991383192 0.803607044275581 
0.06624823200534607 0.199718109256779 0.8055904825898992 
0.09796142803375592 0.2076560467498107 0.8214467029074414 
0.11763922233415074 0.2091959849815686 0.8126625475429119 
0.11247747750117149 0.19258667632397025 0.8277691393838463 
0.14484443771152886 0.20399175263607347 0.8253863114836623 
0.12406218440497274 0.20559447277517118 0.8197329266696108 
0.03919764014813325 0.18813916453943125 0.8092637942764257 
0.05641410948475116 0.1941420339726654 0.8194698523539491 
0.04935943101713772 0.21218911674098684 0.8210686873364182 
0.10562891124107349 0.20383142070024132 0.8032983370592398 
0.10562891124107349 0.20383142070024132 0.8032983370592398 
0.11060980884699298 0.20206066433910103 0.8158300086334491 
0.07391743285741713 0.19483306963447433 0.8131142610013609 
0.12978683438222116 0.18084151650015312 0.8316164439021017 
0.1292194369191398 0.20796368445888047 0.796123337697272 
0.10786451475279854 0.18690549138070423 0.8183702314926183 
0.14479332461776528 0.1891116954531077 0.8175261497992882 
0.09481714084646961 0.18651742146618502 0.806702611153326 
0.1399054424214379 0.1911024039807003 0.8031335424960029 
0.15086838072376113 0.2050790449424738 0.8008372502596555 
0.14967551257699088 0.20385663579289864 0.8196445238932238 
0.13135190382002032 0.20415949549886767 0.806968620257246 
0.08369531047064335 0.18039981755632362 0.8090432366388907 
0.12012075610772276 0.19064861311630812 0.8151026552088921 
0.10081914242813722 0.20555843394977816 0.8171969490495399 
0.03536703272909526 0.1854163138365933 0.8069348114064032 
0.08012826816540267 0.19322313911887834 0.8075244387934427 
0.1453016427232881 0.18947761443988573 0.8222997367005861 
0.08369531047064335 0.18039981755632362 0.8090432366388907 
0.07525989025051025 0.21023736580767366 0.8044411211434527 
0.11316178311384287 0.19368708872652052 0.8194568423292565 
0.06605635893530555 0.1959330329800935 0.7964479137814348 
0.04352974697246874 0.19495254724738492 0.8070573300778826 
0.1349715428839683 0.20210263633136505 0.8088654379305198 
0.08760905763434632 0.21048132065881606 0.8139843948687571 
0.12777496160215476 0.2065364383695379 0.8081859312902114 
0.12041131211796845 0.1863884492338514 0.8225108436987367 
0.0960024415674968 0.18831060059761234 0.8231467925576463 
0.14500792016634684 0.20386839321891462 0.8048600294781905 
0.06624823200534607 0.199718109256779 0.8055904825898992 
0.11783687709146812 0.18886016388641352 0.8162584759445167 
0.12917491433307066 0.19688053951436016 0.7906645193352524 
0.10786451475279854 0.18690549138070423 0.8183702314926183 
0.10477939064460057 0.19079028766514705 0.8063482818903169 
0.12572699803215337 0.19217928675452356 0.8108346841803222 
0.15532023629513517 0.20418353705073156 0.8004007411245163 
0.12023200126902586 0.18470865554254368 0.8146119147015342 
