7.387266444134721 1.4587133503042002 
6.949767534409568 1.6301231472453805 
6.990349597292604 1.6209749372603202 
5.761554492751303 1.569453815333226 
6.990349597292604 1.6209749372603202 
4.787510417028536 1.2663312978172874 
5.761554492751303 1.569453815333226 
4.787510417028536 1.2663312978172874 
6.596914341105245 1.6247358756948174 
6.438858470915213 1.6502101677605145 
4.798456728641759 1.6606964112275193 
4.798456728641759 1.6606964112275193 
6.2679247688905955 1.7023400509099065 
4.547149533122587 1.8287520666686463 
4.388521148246662 1.7987371953566251 
4.40026600455724 1.6326784563979877 
5.73739445209369 1.928527673146111 
4.46807364226636 1.7570471189328078 
4.547149533122587 1.8287520666686463 
4.281465801627657 1.6229491894920716 
5.822484132088071 1.848263293674885 
4.757808126256758 1.676272133145595 
5.923843705589819 2.3896777428975966 
3.7267472554158587 2.415085570661799 
4.247916191184334 1.6392001156726368 
3.5828974698066895 2.0464008926438026 
4.281465801627657 1.6229491894920716 
4.40026600455724 1.6326784563979877 
5.50854797087632 2.2705707746706647 
4.247916191184334 1.6392001156726368 
3.7267472554158587 2.415085570661799 
4.597113243070657 1.9910996788893138 
5.307710512366044 2.914072392642733 
5.307710512366044 2.914072392642733 
4.183195742689248 2.641059549450528 
3.844853690765474 1.9128609161140786 
4.58091726304471 2.42880968740723 
3.559071375206565 1.7114446321103431 
3.927990559981346 2.614877021199674 
4.183195742689248 2.641059549450528 
2.9764011417017695 3.00512209716104 
4.61389884244652 3.3266239215473217 
3.2122188405151775 2.280556464907699 
3.927990559981346 2.614877021199674 
3.937470336775931 2.3341298361784917 
3.559071375206565 1.7114446321103431 
2.722894523612711 2.331923187619657 
3.3511323594201157 2.2897117011344017 
2.6735220531496937 2.6389785367722505 
3.0805916491709597 1.8552111135180769 
3.031123095727123 1.8523942729095224 
2.787450126024322 2.0283396614651945 
2.0834685079880124 1.9326765133058446 
2.472020746570306 1.8689155756204068 
2.9796416722845835 2.043373627627788 
2.0834685079880124 1.9326765133058446 
2.6413821782404137 1.6183894155244203 
2.1972052269833613 1.7109942296781653 
2.731995045645596 2.095359559679567 
2.6413821782404137 1.6183894155244203 
2.1868276241613813 1.949253140715155 
2.6513616718193243 1.9857114708470862 
2.146442095889861 1.9583492367147344 
2.5208422693172503 2.0651906771009267 
2.637926005166725 2.3696503318843907 
2.146442095889861 1.9583492367147344 
2.5658521409501773 2.6280613123464738 
2.5114391725399887 2.070976056245103 
2.5658521409501773 2.6280613123464738 
2.5365024159891774 1.2029524606650956 
2.1972052269833613 1.7109942296781653 
2.479333985836453 2.75668497507933 
2.479333985836453 2.75668497507933 
1.954701659708048 3.18356835828775 
2.5183363735382365 2.435802393187497 
2.123428850327434 2.615647675537938 
2.0107755580569875 1.8408394853599988 
2.273325563276866 3.2527338330492803 
1.954701659708048 3.18356835828775 
1.8665518341979808 4.008056451581263 
2.273325563276866 3.2527338330492803 
1.9413352718428212 3.548126806898852 
2.1793529313631117 3.269863681355683 
2.4754201923786945 4.060738013109079 
1.9004896304242185 4.322541208189776 
1.9917618359328844 4.247990204814777 
2.3419249094382595 3.9786652361671626 
2.0107755580569875 1.8408394853599988 
1.9951906076718795 4.204092359867249 
2.2110866314314173 4.926888464711225 
2.0598870069011337 4.482889801771427 
1.9413352718428212 3.548126806898852 
2.2110866314314173 4.926888464711225 
1.9917618359328844 4.247990204814777 
2.073036549339676 5.878693061446503 
2.0157119769998366 4.962231933396428 
1.9004896304242185 4.322541208189776 
1.8719765273379405 5.460417379537061 
2.0157119769998366 4.962231933396428 
2.074912391338055 5.9032570735662295 
