3.2206461855153345 2.830346900636236 2.7373708622610313 
3.202081898892494 2.670573022953888 2.9977511779069617 
3.359796755904623 2.613185818477914 2.8373188629588295 
2.9070200578332903 2.456757102086766 2.6392929663182136 
3.3484726661660944 2.5547706082997688 2.9397529887872698 
3.0662774581849632 2.510821237981692 2.8095454480570985 
3.3505915010804643 2.7382661013436853 3.02212505700646 
2.905934965021064 2.4782249032175367 2.6396935961340375 
2.9070200578332903 2.456757102086766 2.6392929663182136 
3.0717343307063665 2.510821237981692 2.833033497488202 
3.0882410368349698 2.767914667328766 2.8233707980859735 
3.295470545578266 2.554271388737912 2.954521721803484 
3.0717343307063665 2.510821237981692 2.833033497488202 
2.905934965021064 2.4782249032175367 2.6396935961340375 
3.295470545578266 2.554271388737912 2.954521721803484 
3.2206461855153345 2.830346900636236 2.7373708622610313 
2.8978086891254327 2.478564190356465 2.6528461319921135 
3.3484726661660944 2.5547706082997688 2.9397529887872698 
2.8978086891254327 2.478564190356465 2.6528461319921135 
3.202081898892494 2.670573022953888 2.9977511779069617 
5.880669260989825 6.138373432285829 7.509360213007198 
7.616682591023693 6.128810456387382 3.532631855470602 
5.554413841032472 4.837167962248028 3.8721826012700626 
4.381447341066216 4.526511679074708 5.459381014369201 
5.687007940933496 6.673533830120746 3.4782800384886996 
6.1499406424447685 3.937390512085099 6.060188948480144 
5.554413841032472 4.837167962248028 3.8721826012700626 
5.510059301111132 5.14600530684518 5.857500524623626 
5.5386226276297 4.640977653890839 4.866306880325349 
7.047283556302758 4.9766079232513825 4.9752841818391875 
4.626850724957645 4.249839839485451 4.457567288472269 
4.428800625217857 3.2343921266503433 3.298542311377214 
5.002004078894325 4.2802031579625135 4.857628809496038 
5.662492427934003 4.262923856638795 3.480395449927564 
6.13045133632947 3.1964940655293956 4.451341434160879 
5.189398751587534 3.6663783423223184 5.369931130210823 
6.532608277668365 5.489261856109196 4.652859864087144 
4.391469479495401 4.4448359598064 4.359734050504752 
6.44858653729975 6.477066467690308 5.1110071423344134 
6.465394487405839 5.621842321753233 5.092678003689893 
4.022122833514228 4.104518087377821 3.7149870334860955 
4.719248146262572 2.6426004032539487 5.400347567782654 
6.5734152609486864 3.0014153359340376 3.708750631117 
7.378414617494631 5.86325450955623 4.052185957208489 
4.23591146223939 4.800670762557472 2.882798271001775 
6.949651476216335 5.150052260255593 6.548197020309464 
5.803530154063437 3.9154756278733776 5.719708990198254 
4.555794519477234 3.9595106909839997 5.257659190564241 
6.75145418903566 5.931855204828997 3.8499358730540885 
5.180018762258312 5.565121950916034 5.936676243412048 
4.842580107234951 6.381368702755926 6.0471687152040765 
4.022122833514228 4.104518087377821 3.7149870334860955 
4.535759522134236 5.023387790985193 3.3293301233983956 
6.768196490864997 6.528832090557781 5.953616562471126 
5.714141013309477 6.202043972780192 6.7222233564050455 
5.002004078894325 4.2802031579625135 4.857628809496038 
7.378414617494631 5.86325450955623 4.052185957208489 
3.8534497972145214 3.652956379713847 4.62762962150824 
7.852136444589025 5.437711953560245 7.653500740420335 
5.454318900242226 4.906163252954066 3.1962801175064564 
6.999478428404216 6.723651213809449 3.7561958793233816 
4.626850724957645 4.249839839485451 4.457567288472269 
5.5019913503126565 3.8056755306675196 4.4991695687555024 
6.023297781665306 4.889473925241692 4.206824028026159 
6.877728183508223 4.352585797509426 5.425909263959599 
5.454318900242226 4.906163252954066 3.1962801175064564 
6.402718692392694 4.776530249215738 3.7994861998465983 
6.13045133632947 3.1964940655293956 4.451341434160879 
6.145074466518505 4.555433576777689 6.2808538788010715 
6.642395112252677 3.945100943215019 6.333267996968697 
4.821779396814591 4.686543696355769 4.557842530543956 
5.244259633951845 4.545836068936586 3.0747949571730273 
7.547385052381252 6.650895815578535 7.478032407456928 
7.011575583561576 5.269873831529293 3.565875856299795 
4.0402611620551445 4.1398438650267195 3.9478303622091557 
5.662492427934003 4.262923856638795 3.480395449927564 
5.873021370342636 3.9145381573344324 5.385135079357902 
5.095206802843592 4.502651532126666 4.07953868513353 
4.0402611620551445 4.1398438650267195 3.9478303622091557 
4.637760439066155 3.7506537327719447 4.5745430311681465 
4.4064386278881065 3.185626469339591 4.2827077474587165 
6.695000110007796 5.497188769743513 4.644196397512945 
4.902782464794677 2.654146429802206 4.7647585530924275 
5.5386226276297 4.640977653890839 4.866306880325349 
4.552061222753114 2.6383110620584898 3.4819726755027087 
5.589693626615881 3.9937501121541987 5.969382629900507 
6.181375499663744 7.478576173669428 4.335090005587255 
6.366338495484965 4.889770999268724 5.499465462899297 
5.597253152988857 4.747546855599176 5.485177054057679 
6.465394487405839 5.621842321753233 5.092678003689893 
7.916554879618069 4.296446090796169 5.7715470629463175 
6.074113853766367 6.9678116294734505 6.95196370080025 
3.31031737535787 4.220106869626143 4.00060391523918 
6.108167304782472 4.453328773660311 6.3961510110749416 
6.458602905034254 5.595619546412972 4.982997306114262 
4.3155992525249385 4.043576247573026 4.379917373732881 
5.873021370342636 3.9145381573344324 5.385135079357902 
6.023621283887494 5.615715376110043 6.834649594036985 
6.780446993437723 6.402205365195991 5.3914126946888095 
5.073820288495274 4.434465043489197 4.277789922547365 
5.182534223258536 3.8216436880862523 4.783142058422673 
6.528192947774441 5.423190270160099 6.813511680480031 
5.073820288495274 4.434465043489197 4.277789922547365 
4.4672317520991065 2.9501617614926547 3.8613212103430854 
7.3648845846612705 5.245849343192498 6.029855632013605 
4.552061222753114 2.6383110620584898 3.4819726755027087 
4.980130947515793 5.6820750074100905 4.163951174219293 
4.391469479495401 4.4448359598064 4.359734050504752 
4.513303543149625 6.304399358620165 4.412767756400635 
6.177838030433726 5.158988505071361 4.54487811365161 
6.688784132313477 5.457036463880486 6.257973931571306 
5.235184773859448 4.50362986743695 3.6349765788007122 
3.9112275463715607 4.033670567299962 3.4405112215010702 
6.338318242739408 2.970307181708479 2.9572202909156795 
5.3790650679722605 5.436757469618547 4.327995810455688 
5.3790650679722605 5.436757469618547 4.327995810455688 
7.483328876797115 6.653165121132772 4.492316034501417 
6.583401625095873 5.82224633346318 5.17327949454412 
5.356084190290642 5.785875503364766 4.675827662922153 
5.095206802843592 4.502651532126666 4.07953868513353 
5.975036792200844 4.781823769586535 5.4794412811302395 
5.506455981352872 4.0666562580914265 7.1889174255436 
4.860250488182505 4.341371331488786 4.362329600146794 
5.5019913503126565 3.8056755306675196 4.4991695687555024 
3.7132258874033335 3.236135487575069 3.6912633111388775 
5.107459398746344 3.523863319014806 5.5378505217888 
5.765764218964131 5.201502280145967 5.927424408167163 
3.8534497972145214 3.652956379713847 4.62762962150824 
5.002004078894325 4.2802031579625135 4.930987458999938 
4.997702759279862 2.807836128987586 4.17703387080692 
4.535759522134236 5.023387790985193 3.3293301233983956 
5.324036359796736 4.857072178284102 3.7249284183365807 
4.637760439066155 3.7506537327719447 4.5745430311681465 
5.662492427934003 4.262923856638795 3.480395449927564 
4.4672317520991065 2.9501617614926547 3.8613212103430854 
5.235184773859448 4.50362986743695 3.6349765788007122 
6.736282093029467 6.837592243997873 3.9601254865582205 
6.736282093029467 6.837592243997873 3.9601254865582205 
5.17937083423976 3.867801072933702 3.553443526312102 
5.324036359796736 4.857072178284102 3.7249284183365807 
4.719248146262572 2.6426004032539487 5.400347567782654 
4.821779396814591 4.686543696355769 4.557842530543956 
6.642395112252677 3.945100943215019 6.333267996968697 
3.985851098894096 3.9217139981982037 3.644263409365275 
7.4392708686388795 4.1785081325478695 7.311194383671783 
3.9112275463715607 4.033670567299962 3.4405112215010702 
3.0764357641081412 4.3137501464920724 4.669456693508502 
5.213899109145158 6.695816349902756 5.744916784623036 
4.23591146223939 4.800670762557472 2.882798271001775 
7.916554879618069 4.296446090796169 5.7715470629463175 
5.752367252839294 4.455054422646458 5.003908128389098 
5.662492427934003 4.262923856638795 3.480395449927564 
5.597253152988857 4.747546855599176 5.485177054057679 
5.002004078894325 4.2802031579625135 4.930987458999938 
3.31031737535787 4.220106869626143 4.00060391523918 
4.980130947515793 5.6820750074100905 4.163951174219293 
3.5601797609686647 3.7450738835899613 4.5259298487411215 
4.902782464794677 2.654146429802206 4.7647585530924275 
6.583401625095873 5.82224633346318 5.17327949454412 
5.356084190290642 5.785875503364766 4.675827662922153 
5.903335263791825 2.8591874266647754 6.87226029297341 
6.269615558246812 3.8685327618228302 4.275682349682045 
4.996467094248361 3.863130501227271 4.292435142574658 
7.173800837727521 6.073595228261191 4.24694498173425 
5.510059301111132 5.14600530684518 5.857500524623626 
4.997702759279862 2.807836128987586 4.17703387080692 
3.7132258874033335 3.236135487575069 3.6912633111388775 
4.3155992525249385 4.043576247573026 4.379917373732881 
7.011575583561576 5.269873831529293 3.565875856299795 
3.0764357641081412 4.3137501464920724 4.669456693508502 
6.528192947774441 5.423190270160099 6.813511680480031 
4.980130947515793 5.6820750074100905 4.163951174219293 
4.980130947515793 5.6820750074100905 4.163951174219293 
4.996467094248361 3.863130501227271 4.292435142574658 
7.105768855690957 5.577244753478939 6.244007787714441 
5.975036792200844 4.781823769586535 5.4794412811302395 
5.189398751587534 3.6663783423223184 5.369931130210823 
4.860250488182505 4.341371331488786 4.362329600146794 
3.985851098894096 3.9217139981982037 3.644263409365275 
4.610455979055624 4.2101566063001785 5.181728553257139 
6.402718692392694 4.776530249215738 3.7994861998465983 
6.039708277840868 4.445171642017313 3.963379152689656 
6.688784132313477 5.457036463880486 6.257973931571306 
6.740770289993312 4.821641779839689 3.538088348545787 
7.412250802297484 6.066573918125605 5.937179390379876 
5.649042878882912 5.641342301659522 7.210112620572705 
5.758719873249753 4.7115708928523965 5.475841653769582 
5.4856237008480875 3.2485170462564668 4.741386746310322 
4.513303543149625 6.304399358620165 4.412767756400635 
4.970527096900969 4.861199147084613 3.324034640953815 
7.860529852514096 5.30635375754664 4.677023777289188 
6.039708277840868 4.445171642017313 3.963379152689656 
5.8051957231298505 6.075169955891125 3.6424682877420507 
5.4856237008480875 3.2485170462564668 4.741386746310322 
4.9965751224954635 2.4327974582048735 4.338659928725171 
4.555794519477234 3.9595106909839997 5.257659190564241 
4.428800625217857 3.2343921266503433 3.298542311377214 
6.5796534093456325 6.714175036303392 3.931399893601588 
6.366338495484965 4.889770999268724 5.499465462899297 
3.5601797609686647 3.7450738835899613 4.5259298487411215 
7.1238861698163785 4.70071937396793 4.232169689529999 
4.052540070674707 6.326573200454536 4.692649188538129 
6.727309094247657 5.477660412624853 4.595713310877741 
6.25162531821436 5.422350838426234 4.547295737879264 
5.182534223258536 3.8216436880862523 4.783142058422673 
5.244259633951845 4.545836068936586 3.0747949571730273 
5.42248667114474 6.702526661861302 3.8660782033180485 
5.687007940933496 6.673533830120746 3.4782800384886996 
4.9965751224954635 2.4327974582048735 4.338659928725171 
6.108167304782472 4.453328773660311 6.3961510110749416 
