0.5618402184231208 -0.8383417787922102 0.6603116318486337 -0.9784731160147186 0.2762062743073721 -0.6081231254972154 -0.6038813046697618 -0.9007532577983284 -0.09544877967317196 -0.2377477600856418 -0.05357720633893029 -0.9072255546461094 0.4154035780556977 -0.16343830139908994 0.48913173290128054 -0.41905914497730734 0.13324545994002476 -0.5159250708839704 -0.26235116934145775 0.3449703120175668 0.6581777754722195 0.04213287805388348 0.7492040030286401 0.5388507631217594 0.16197901964193803 0.9883441521563511 -0.961124319304421 0.18361802985117662 -0.141998622929514 0.34340791736267434 
0.5572389777812871 -0.8274896004558048 0.6766367875634608 -0.9784731160147186 0.28276107578437554 -0.603138903726528 -0.34998030681348224 -0.4929529811201787 -0.8839594944717046 -0.23060216067656022 -0.05473041946415913 -0.9072255546461094 0.8657024935326476 -0.9935203788812954 -0.6683750639985471 -0.41901633137188615 0.13661517579211827 -0.5237245453240804 -0.9722105934020844 0.24959815127547372 0.6678079904007233 0.05843156846365154 0.8037662484455045 0.5598604853183005 -0.32121123446108396 0.22760188334305123 0.13651264173322353 0.2857968899029055 0.8178197721817746 0.33319802507159624 
0.5586138968010468 -0.8274896004558048 0.6766367875634608 -0.9988353480872395 0.28276107578437554 -0.603138903726528 -0.34998030681348224 -0.897627746531627 0.08367359505678129 -0.23611357374845446 -0.05473041946415913 -0.9072255546461094 0.8657024935326476 -0.9921077908804199 -0.03417186913676536 -0.41905914497730734 0.13661517579211827 -0.5320801002464878 -0.9722105934020844 0.24959815127547372 0.12525784107434146 0.04964927023280774 0.8037662484455045 0.3592794840652024 -0.32121123446108396 0.22760188334305123 0.1365720417802899 0.2913375112486529 -0.141998622929514 0.34041986890343967 
0.5572389777812871 -0.8274896004558048 0.6766367875634608 -0.9784731160147186 0.28276107578437554 -0.603138903726528 -0.34998030681348224 -0.4929529811201787 -0.8839594944717046 -0.23060216067656022 -0.05473041946415913 -0.9072255546461094 0.8657024935326476 -0.9935203788812954 -0.6683750639985471 -0.41901633137188615 0.13661517579211827 -0.5237245453240804 -0.9722105934020844 0.24959815127547372 0.6678079904007233 0.05843156846365154 0.8037662484455045 0.5598604853183005 -0.32121123446108396 0.22760188334305123 0.13651264173322353 0.2857968899029055 0.8178197721817746 0.33319802507159624 
0.567989820376196 -0.8043877929488011 0.6706404600808978 -0.9819084981184489 -0.5320369012159136 -0.603138903726528 0.563095021361391 -0.8918348157176393 -0.11618520261870643 -0.24672756696374518 -0.5862220695976565 -0.6975590915562313 -0.9136946553557892 -0.8564737660430034 -0.04979102799964608 -0.3985483088769415 0.5551823160762248 0.26675837985881495 -0.9487590628915543 0.3387248734042391 0.1295606137196082 0.055600033158872006 0.24331195720173016 0.5524511849252821 0.16613444648674808 0.9829042843166232 -0.3422488396607895 0.2964279749709838 -0.12374760156356901 0.08101814825185871 
0.5657823099571889 -0.8324870833722747 0.6706404600808978 -0.9784731160147186 -0.5486694429055036 -0.5924013861240521 -0.17659328394425988 -0.9007532577983284 -0.11618520261870643 -0.23898937361182934 -0.837318956391667 -0.6704970256216775 -0.08376103241522362 -1.0 -0.6683750639985471 -0.08046013994019408 0.5608556960738532 0.28410523736225196 -0.9722105934020844 0.3449703120175668 0.7238473769300694 0.055514012959427726 0.7330387663650175 0.5385460040873987 0.1529736330679078 0.9797711274009993 -0.3433147238399521 0.1743696464801742 -0.12185419935860788 0.07632922716530717 
0.5626956101498163 -0.8109912404854156 -0.9265343211661601 -0.983230488344984 -0.5436149230445482 -0.6022767438506291 -0.5772346892572691 -0.8918348157176393 -0.8806702648968661 -0.2377477600856418 -0.5985938540063535 -0.5944402898657416 0.4154035780556977 -0.16343830139908994 -0.6694076333260562 0.02452155748287052 0.5609265332164978 -0.5327960644999619 0.21677544713980446 0.3449703120175668 -0.4200511138334082 0.04213287805388348 0.7514493103905864 0.5388507631217594 0.16197901964193803 0.9893822463623027 -0.33485456724443413 0.2964279749709838 -0.13571554480158415 0.08022423904866888 
0.5618402184231208 -0.8347681982134614 -0.9233833545403967 -0.9784731160147186 0.2784628198713242 -0.5936312374366866 -0.5819072439797487 -0.8997084726283624 -0.10505254056824924 -0.23498741738834775 -0.05760098130023561 -0.6885919054570331 -0.0716289635070706 -0.16343830139908994 0.48913173290128054 -0.4083222434043878 0.5622261270652518 -0.5320801002464878 -0.27006842615510934 0.5924798877175366 -0.3416915395771557 0.04773488582263999 0.7492040030286401 0.5388507631217594 -0.42655776637915266 0.9849364456537241 -0.961124319304421 0.2964279749709838 -0.11455186291554509 -0.0643430314436823 
0.5626956101498163 -0.8109912404854156 -0.9265343211661601 -0.983230488344984 -0.5436149230445482 -0.6022767438506291 -0.5772346892572691 -0.8918348157176393 -0.8806702648968661 -0.2377477600856418 -0.5985938540063535 -0.5944402898657416 0.4154035780556977 -0.16343830139908994 -0.6694076333260562 0.02452155748287052 0.5609265332164978 -0.5327960644999619 0.21677544713980446 0.3449703120175668 -0.4200511138334082 0.04213287805388348 0.7514493103905864 0.5388507631217594 0.16197901964193803 0.9893822463623027 -0.33485456724443413 0.2964279749709838 -0.13571554480158415 0.08022423904866888 
0.556242784002239 -0.8058696652436367 -0.9265343211661601 -0.9763826977972178 0.5318353744633044 -0.958223894169245 -0.5786700851174041 -0.8918348157176393 -0.0951757082440873 -0.2372589889826048 -0.5942907036761397 -0.9051084713467683 -0.07431789636773338 -0.8564737660430034 -0.7166876147461256 0.0270135231797199 0.5551823160762248 -0.5282816807064417 0.2085270187993188 0.24771336385603424 0.6730627479938822 0.047370514125714906 0.2532788934754105 0.5378109692706642 0.5359336984742515 0.9893822463623027 -0.3422488396607895 0.27867694680444866 -0.11246661679862897 0.08741965457324265 
0.5463201592232855 -0.839659397214015 -0.7854448817266043 -0.9784731160147186 -0.5436149230445482 -0.9450927454512268 -0.5794628727699674 -0.8985644727551559 -0.6377171493187601 -0.22381060676013292 -0.07107245609582045 -0.5960533906845012 -0.08122773100720654 -0.9948552578504136 -0.6691648872001548 -0.3989015203694758 0.13855487077952794 -0.5159250708839704 -0.27428255255414685 0.3449703120175668 0.6701289255815694 0.04732887282639092 0.24677689008081266 0.5524511849252821 0.5372005965946172 0.9883441521563511 0.13226701891027992 0.2857968899029055 -0.15197570663970858 0.08741965457324265 
0.5491480677639213 -0.8471210664231743 -0.8013116948620205 -0.9784731160147186 -0.5424428264330963 -0.949963670763666 -0.3498117038370875 -0.8918348157176393 0.08367359505678129 -0.236284236939209 -0.5942907036761397 -0.6900952392120852 -0.059986305440417366 -0.8564737660430034 -0.04979102799964608 -0.4083222434043878 0.13855487077952794 -0.5159250708839704 -0.27428255255414685 0.3470341103359012 0.1295606137196082 0.04732887282639092 0.24677689008081266 0.5496130007851296 0.1589379993485226 0.9883441521563511 -0.34325579976649584 0.30377844915264396 -0.15197570663970858 0.08741965457324265 
0.5477117770600415 -0.8387072294380317 -0.9102832541364758 -0.9771909098535672 -0.5418229242876563 -0.9497702545976662 -0.17659328394425988 -0.8918348157176393 -0.1067417872929754 -0.24764636585880936 -0.5906058101408891 -0.8940580647640626 -0.0716289635070706 -1.0 0.17332750134665886 0.020114004212760148 0.13647289584055283 0.27256071517121255 0.2085270187993188 0.24771336385603424 0.6687766023359677 0.047370514125714906 0.7976287534080896 0.5524511849252821 0.16470352886068598 0.2086706472667391 -0.34383114641556295 0.4960847262520893 -0.11810997287828467 0.09539584386593192 
0.5572991556465764 -0.8058696652436367 -0.9265343211661601 -0.9771909098535672 -0.5436149230445482 -0.603138903726528 -0.5772346892572691 -0.8918348157176393 -0.10505254056824924 -0.23611357374845446 -0.5942907036761397 -0.04826560645878594 -0.0716289635070706 -0.8564737660430034 -0.6731373854029734 0.0270135231797199 0.5551823160762248 -0.5327960644999619 0.21677544713980446 0.25346501623873147 0.1295606137196082 0.055600033158872006 0.24331195720173016 0.552525020886395 -0.3153169727071164 0.9893822463623027 -0.3422488396607895 0.2964279749709838 -0.13571554480158415 0.08741965457324265 
0.5491480677639213 -0.8471210664231743 -0.8013116948620205 -0.9784731160147186 -0.5424428264330963 -0.949963670763666 -0.3498117038370875 -0.8918348157176393 0.08367359505678129 -0.236284236939209 -0.5942907036761397 -0.6900952392120852 -0.059986305440417366 -0.8564737660430034 -0.04979102799964608 -0.4083222434043878 0.13855487077952794 -0.5159250708839704 -0.27428255255414685 0.3470341103359012 0.1295606137196082 0.04732887282639092 0.24677689008081266 0.5496130007851296 0.1589379993485226 0.9883441521563511 -0.34325579976649584 0.30377844915264396 -0.15197570663970858 0.08741965457324265 
0.5477117770600415 -0.8058696652436367 -0.9226274357164936 -0.9771909098535672 -0.5402003325126021 -0.958223894169245 -0.5772346892572691 -0.8918348157176393 -0.10505254056824924 -0.22988002435563912 -0.9389190391863608 -0.04826560645878594 -0.0716289635070706 -0.8564737660430034 -0.6798468778858596 0.020114004212760148 0.13727267259155085 -0.5282816807064417 0.2085270187993188 0.24771336385603424 0.6730627479938822 0.047370514125714906 0.24331195720173016 0.5426541517896267 0.5372005965946172 1.0 -0.3422488396607895 0.27867694680444866 -0.1266300863617741 0.08741965457324265 
0.5657823099571889 -0.8363757492689976 -0.9226274357164936 -0.9891145113478866 -0.5486694429055036 -0.9540401527753168 0.432284704606958 -0.8996890064080497 -0.884001071892566 -0.23807963030646923 -0.04778523998314805 -0.9072255546461094 -0.05646495470173534 -0.9996359787720945 -0.7265955054412521 -0.3954510696519303 0.13661517579211827 -0.5320801002464878 -0.27428255255414685 0.35733247612584734 0.675597263949646 0.05913838136503046 0.7976287534080896 0.5472004221550241 0.15839696030234932 0.2188390962957584 0.1365720417802899 0.309154885167376 -0.11246661679862897 -0.0643430314436823 
0.5572389777812871 -0.839659397214015 -0.9177700137685746 -0.9784731160147186 -0.5436149230445482 -0.9450927454512268 -0.3592828914018407 -0.8918348157176393 -0.8898749259121183 -0.23060216067656022 -0.5942907036761397 -0.6975590915562313 -0.08601300396846832 -1.0 -0.6683750639985471 -0.4083222434043878 0.13661517579211827 -0.5320801002464878 -0.27428255255414685 0.3449703120175668 0.6730627479938822 0.055514012959427726 0.7976287534080896 0.5524511849252821 0.15273526627602968 0.9883441521563511 0.13226701891027992 0.2857968899029055 0.8143988334664145 0.08741965457324265 
0.5657823099571889 -0.8372776112523495 -0.4042500513077992 -0.9790640898597919 -0.5813021381425466 -0.9484095090914209 -0.17685041158092707 -0.8942625613606038 -0.10715099168659797 -0.2452444169305813 -0.8030262601398159 -0.9072255546461094 -0.09188211531316096 0.17953253002723402 -0.6176425790829607 -0.3954510696519303 0.13661517579211827 0.2889849254879925 -0.27428255255414685 0.34433622482370563 0.12525784107434146 -0.5562736161661235 0.7399908185818943 0.5524511849252821 0.1589379993485226 0.9883441521563511 0.3805240407875028 0.3049932691732348 -0.11246661679862897 0.07632922716530717 
0.5491480677639213 0.048139165256017025 -0.9177700137685746 -0.9643537394082123 -0.5436149230445482 -0.949963670763666 -0.3592828914018407 -0.9041710475708921 -0.8806702648968661 -0.22988002435563912 -0.19282190920796527 -0.6856900669822752 -0.08601300396846832 -0.9962147561584145 -0.04979102799964608 -0.39981496557270185 0.13403855693648276 -0.5159250708839704 0.20322027957428881 0.3514820442373742 0.6799707507353102 0.047370514125714906 0.7976287534080896 0.5496130007851296 0.1589379993485226 0.9883441521563511 -0.3314527893171028 0.27867694680444866 -0.12185419935860788 0.07176183482369594 
0.5577726635959398 -0.839659397214015 -0.9212290845529383 -0.9943966442760122 -0.5407457642344442 -0.9450927454512268 -0.578655168674805 -0.8918348157176393 -0.8898749259121183 -0.23060216067656022 -0.07107245609582045 -0.5960533906845012 -0.0791129234331293 0.5763230597707565 -0.6662168725561662 -0.3954510696519303 0.14789358112868664 0.2049122068633587 -0.9487590628915543 0.3449703120175668 0.6701289255815694 0.046535313927187634 0.24331195720173016 0.5306912140340526 0.5372005965946172 0.9853584363133322 0.13226701891027992 0.2857968899029055 0.8143988334664145 0.08741965457324265 
0.5463201592232855 -0.839659397214015 -0.7854448817266043 -0.9784731160147186 -0.5436149230445482 -0.9450927454512268 -0.5794628727699674 -0.8985644727551559 -0.6377171493187601 -0.22381060676013292 -0.07107245609582045 -0.5960533906845012 -0.08122773100720654 -0.9948552578504136 -0.6691648872001548 -0.3989015203694758 0.13855487077952794 -0.5159250708839704 -0.27428255255414685 0.3449703120175668 0.6701289255815694 0.04732887282639092 0.24677689008081266 0.5524511849252821 0.5372005965946172 0.9883441521563511 0.13226701891027992 0.2857968899029055 -0.15197570663970858 0.08741965457324265 
0.5541346348175424 -0.8343078471939954 -0.90973575002854 -0.9965969895377087 -0.5486694429055036 -0.9540401527753168 0.432284704606958 -0.501161527375265 -0.884001071892566 -0.25104525878377293 -0.5929065567985876 -0.8990941305937575 -0.08395367991946798 -0.9996359787720945 -0.7265955054412521 -0.3954510696519303 0.13661517579211827 0.2889849254879925 -0.270370260351435 0.3487550062983924 0.6669229693003625 0.05913838136503046 0.7986510597056157 0.5497427049278385 0.15839696030234932 0.2188390962957584 -0.5322098860990148 0.309154885167376 0.4771627719733751 -0.07003847986097061 
0.5541346348175424 -0.8343078471939954 -0.90973575002854 -0.9965969895377087 -0.5486694429055036 -0.9540401527753168 0.432284704606958 -0.501161527375265 -0.884001071892566 -0.25104525878377293 -0.5929065567985876 -0.8990941305937575 -0.08395367991946798 -0.9996359787720945 -0.7265955054412521 -0.3954510696519303 0.13661517579211827 0.2889849254879925 -0.270370260351435 0.3487550062983924 0.6669229693003625 0.05913838136503046 0.7986510597056157 0.5497427049278385 0.15839696030234932 0.2188390962957584 -0.5322098860990148 0.309154885167376 0.4771627719733751 -0.07003847986097061 
0.5657823099571889 -0.839659397214015 -0.9281481866496245 -0.9663525725648724 -0.5416807794691317 -0.5818706536096349 -0.3554875628121392 -0.4921908279631437 -0.12646676446897065 -0.2416934196234709 -0.5904889740769904 -0.6903961972626951 -0.17985978910551956 -0.9962147561584145 -0.6683750639985471 -0.38608011600954706 0.13301476414091268 -0.5221405634520746 -0.26076467507197565 0.34433622482370563 0.6669229693003625 -0.5562736161661235 0.7927049878253619 0.861953104248965 -0.3198721883389021 1.0 -0.33710620943116487 0.2906839384325117 -0.10100734876993642 0.08437665663658933 
0.5657823099571889 -0.839659397214015 -0.9177700137685746 -0.9893932378413621 -0.5407457642344442 -0.9484095090914209 -0.17659328394425988 -0.501161527375265 -0.8806702648968661 -0.2416934196234709 -0.5934430720239807 -0.9072255546461094 -0.08601300396846832 -1.0 -0.6683750639985471 -0.3954510696519303 0.1446338002915852 0.2889849254879925 -0.27428255255414685 0.34433622482370563 0.6730627479938822 -0.5562736161661235 0.7976287534080896 0.5524511849252821 0.1589379993485226 0.9883441521563511 0.13226701891027992 0.29952986288306577 -0.1389362357698493 0.08437665663658933 
0.5491480677639213 0.048139165256017025 -0.9177700137685746 -0.9643537394082123 -0.5436149230445482 -0.949963670763666 -0.3592828914018407 -0.9041710475708921 -0.8806702648968661 -0.22988002435563912 -0.19282190920796527 -0.6856900669822752 -0.08601300396846832 -0.9962147561584145 -0.04979102799964608 -0.39981496557270185 0.13403855693648276 -0.5159250708839704 0.20322027957428881 0.3514820442373742 0.6799707507353102 0.047370514125714906 0.7976287534080896 0.5496130007851296 0.1589379993485226 0.9883441521563511 -0.3314527893171028 0.27867694680444866 -0.12185419935860788 0.07176183482369594 
0.5657823099571889 -0.839659397214015 -0.9139976033428133 -1.0 -0.5398361707205289 -0.9484095090914209 -0.17659328394425988 -0.8932340487825087 -0.11133240795393111 -0.2416934196234709 -0.5929065567985876 -0.6128145997960682 -0.3426227575378411 -0.9993182000471843 -0.6683750639985471 -0.3954510696519303 0.1454042418174459 0.2816402094328636 -0.28358090029550315 0.6550563993312822 0.6669229693003625 -0.2671809372901843 0.7973763588917406 0.1905140507790876 0.1589379993485226 0.9834720535572818 0.13226701891027992 0.44971271176683153 0.8642590756618527 -0.0643430314436823 
0.5572389777812871 0.03826287775912242 -0.7816064554726543 -0.9759284712571669 -0.5751933861272193 -0.6081050310736016 -0.3462943084749903 -0.8974606892338481 -0.12646676446897065 -0.2291661086870334 -0.683214146822356 -0.6903961972626951 -0.16821149996261936 -0.9977947128622582 -0.05027736925846715 -0.41905914497730734 0.1358775110767938 0.2826455917041037 -0.2650957335597383 0.24320779351115954 0.12525784107434146 0.5660502594880998 0.7622092801492646 0.5378187573227958 0.1589379993485226 0.9916472371969081 -0.33710620943116487 0.45675773020403665 -0.10812764750286696 0.07632922716530717 
0.5657823099571889 -0.8372776112523495 -0.4042500513077992 -0.9790640898597919 -0.5813021381425466 -0.9484095090914209 -0.17685041158092707 -0.8942625613606038 -0.10715099168659797 -0.2452444169305813 -0.8030262601398159 -0.9072255546461094 -0.09188211531316096 0.17953253002723402 -0.6176425790829607 -0.3954510696519303 0.13661517579211827 0.2889849254879925 -0.27428255255414685 0.34433622482370563 0.12525784107434146 -0.5562736161661235 0.7399908185818943 0.5524511849252821 0.1589379993485226 0.9883441521563511 0.3805240407875028 0.3049932691732348 -0.11246661679862897 0.07632922716530717 
0.5478160845861985 -0.8679379434212603 -0.4042500513077992 -0.9762518121896752 -0.5535991635983247 -0.6009583471256056 -0.4411381828720804 -0.8974606892338481 -0.8848599740639448 -0.2214158851716199 -0.5022420894733686 -0.6878349959781672 -0.18315562423400897 0.18591590254490595 -0.059191664372670094 -0.4163808764206336 0.12439145018471294 -0.7913113859862764 -0.2571703388413163 0.2360167417105227 0.9139965872566549 -0.2606440029896291 0.731286643011116 0.5378187573227958 0.1589379993485226 0.9310024236217322 -0.33710620943116487 0.45087046881145626 0.813940023066594 0.07632922716530717 
0.5681826853492747 -0.839659397214015 -0.9177700137685746 -1.0 -0.5436149230445482 -0.9407205115642688 -0.1707937157144405 -0.8881756451328933 -0.11133240795393111 -0.2416934196234709 -0.5950974059239491 -0.6856900669822752 -0.3426227575378411 -0.9993182000471843 -0.6683750639985471 -0.39981496557270185 0.14094592144820517 -0.5231511474785941 -0.2879907300185604 0.6252677544721055 0.6669229693003625 0.047370514125714906 0.7930449611953789 0.5496130007851296 0.1589379993485226 0.9834720535572818 0.11552194239322591 0.44971271176683153 0.8637645808424204 -0.0643430314436823 
0.5629148417040019 -0.8363553679879444 -0.90973575002854 -0.9965969895377087 -0.5398361707205289 -0.9501887099699219 -0.17659328394425988 -0.8942625613606038 -0.11133240795393111 -0.24764636585880936 -0.5929065567985876 -0.8997288257011139 -0.07428488957282425 -1.0 -0.05534658039891581 -0.38784322228632173 0.14022898216855723 0.2892288188240031 -0.5776573442752121 0.35247641500825927 0.6669229693003625 -0.560861784599986 0.7952200636100957 0.5524511849252821 0.15839696030234932 0.21022093716967277 0.1456650668785271 0.309154885167376 0.4771627719733751 -0.0643430314436823 
0.5629148417040019 -0.8363553679879444 -0.90973575002854 -0.9965969895377087 -0.5398361707205289 -0.9501887099699219 -0.17659328394425988 -0.8942625613606038 -0.11133240795393111 -0.24764636585880936 -0.5929065567985876 -0.8997288257011139 -0.07428488957282425 -1.0 -0.05534658039891581 -0.38784322228632173 0.14022898216855723 0.2892288188240031 -0.5776573442752121 0.35247641500825927 0.6669229693003625 -0.560861784599986 0.7952200636100957 0.5524511849252821 0.15839696030234932 0.21022093716967277 0.1456650668785271 0.309154885167376 0.4771627719733751 -0.0643430314436823 
0.5681826853492747 -0.839659397214015 -0.9177700137685746 -1.0 -0.5436149230445482 -0.9407205115642688 -0.1707937157144405 -0.8881756451328933 -0.11133240795393111 -0.2416934196234709 -0.5950974059239491 -0.6856900669822752 -0.3426227575378411 -0.9993182000471843 -0.6683750639985471 -0.39981496557270185 0.14094592144820517 -0.5231511474785941 -0.2879907300185604 0.6252677544721055 0.6669229693003625 0.047370514125714906 0.7930449611953789 0.5496130007851296 0.1589379993485226 0.9834720535572818 0.11552194239322591 0.44971271176683153 0.8637645808424204 -0.0643430314436823 
0.5657823099571889 -0.8363757492689976 -0.9199766487776154 -0.9720092345158206 -0.5486694429055036 -0.9540401527753168 -0.3563007480109973 -0.01691653940757828 -0.880638479044329 -0.22758060119728404 -0.5969356213705399 -0.8997288257011139 -0.08168660285999431 0.36993679561500803 -0.7841702948150754 -0.07524053712052702 0.14040874182859964 0.2892288188240031 -0.5872740586245178 0.2527335960069864 -0.1359863289436004 0.05913838136503046 0.8076138394426928 0.5369386277456273 0.15839696030234932 0.2188390962957584 0.1365720417802899 -0.42891940105184145 -0.30386646140336593 0.9527947639081157 
0.5680550932290227 0.04257219812351476 -0.7816064554726543 -1.0 -0.5751933861272193 -0.6081050310736016 -0.3452651682735741 -0.8881756451328933 -0.12646676446897065 -0.2416934196234709 -0.691919171313961 -0.6903961972626951 -0.16821149996261936 -0.9993182000471843 -0.6683750639985471 -0.39981496557270185 0.12384744243887433 -0.5231511474785941 -0.2879907300185604 0.646788970308921 0.9314737149994285 0.5660502594880998 0.7833815265603509 0.20060769377145493 0.1651489599963096 0.9916472371969081 0.11552194239322591 0.44971271176683153 -0.10812764750286696 -0.07182952535372393 
0.5593225511353436 -0.8372776112523495 -0.4042500513077992 -0.9712822157908471 -0.5648471455957933 -0.6009583471256056 -0.34998030681348224 -0.01691653940757828 -0.871183847999384 -0.2377527365958741 -0.5014090877508844 -0.5980879048926648 -0.7988996427012327 -0.9867438694785816 -0.034922306648686 -0.40560511719622677 0.13214443308262888 -0.809798918606005 -0.2594301901989674 0.6550563993312822 0.9229053982111385 0.5706930652486057 0.7678711516335205 0.1905140507790876 0.1589379993485226 0.981438671048715 -0.351853810359602 0.29209227568174967 0.8642590756618527 0.07632922716530717 
0.5593225511353436 -0.8372776112523495 -0.4042500513077992 -0.9712822157908471 -0.5648471455957933 -0.6009583471256056 -0.34998030681348224 -0.01691653940757828 -0.871183847999384 -0.2377527365958741 -0.5014090877508844 -0.5980879048926648 -0.7988996427012327 -0.9867438694785816 -0.034922306648686 -0.40560511719622677 0.13214443308262888 -0.809798918606005 -0.2594301901989674 0.6550563993312822 0.9229053982111385 0.5706930652486057 0.7678711516335205 0.1905140507790876 0.1589379993485226 0.981438671048715 -0.351853810359602 0.29209227568174967 0.8642590756618527 0.07632922716530717 
0.5478160845861985 -0.8372776112523495 -0.4042500513077992 -0.9762518121896752 -0.5535991635983247 -0.6009583471256056 -0.4411381828720804 -0.8974606892338481 -0.8898749259121183 -0.21314453126812724 -0.5022420894733686 -0.6885919054570331 -0.18315562423400897 0.18591590254490595 -0.6761118974726114 -0.4163808764206336 0.058577421898435914 -0.7913113859862764 -0.2571703388413163 0.24519471897116482 0.12525784107434146 0.5706930652486057 0.09981352388599986 0.5378187573227958 0.1589379993485226 0.9886174306436079 -0.33710620943116487 0.45100905440616207 0.8083448569085956 0.07632922716530717 
0.5478160845861985 -0.8679379434212603 -0.9041364934966477 -1.0 -0.5535991635983247 -0.9484095090914209 -0.4411381828720804 -0.8974606892338481 -0.8848599740639448 -0.2214158851716199 -0.5022420894733686 -0.693792330161122 -0.19117546440335972 0.18591590254490595 -0.06331389695226576 -0.4163808764206336 0.11720549081322643 -0.790688233620387 -0.2572033991584647 0.6465941753051392 0.6696567109821987 -0.2606440029896291 -0.8907147049163862 0.1905140507790876 0.1575478321369295 0.9834720535572818 0.13226701891027992 0.45087046881145626 0.8642590756618527 0.0801447026909498 
0.5657823099571889 -0.8372776112523495 -0.7906551605180752 -0.9579591600361945 -0.1630301433491963 -0.6009583471256056 -0.34998030681348224 -0.890801738812781 -0.11133240795393111 -0.2314669324285923 -0.6014688404127118 -0.6128145997960682 -0.17737189209255705 -0.9962147561584145 -0.06013470631109395 -0.38784322228632173 0.06388597647356442 0.5725438640249341 -0.2614497986098324 0.6550563993312822 0.9256977407522531 -0.2748310192787709 0.7585596419557905 0.1905140507790876 0.15888011916286626 0.24157238174308726 -0.32528130361546786 0.44971271176683153 0.8642590756618527 -0.0643430314436823 
0.5756845914922262 -0.8363757492689976 -0.9199766487776154 -0.9664783289487556 -0.5794286288664443 -0.5846038416180214 -0.3563007480109973 -0.9715434575309261 -0.880638479044329 -0.22576275753837977 -0.6014688404127118 0.020573625356027785 -0.1704655027605832 -1.0 -0.06013470631109395 -0.06913976757663931 0.14040874182859964 -0.8086548320850299 0.208972466797621 -0.2529623626687978 -0.25059160697233007 0.05913838136503046 0.7388247814244778 0.5498936548773069 0.15839696030234932 0.9942631027673698 -0.358464885270539 0.45897300337317926 0.8731481330839751 0.9580079314325332 
0.5657823099571889 -0.8347681982134614 -0.4132340774850466 -0.0014351790583420065 -0.5794286288664443 -0.5875648949409549 -0.9986046391025567 -0.9033794423907938 0.14849114743514658 -0.23300135898721946 -0.6014688404127118 0.020845380726648866 -0.5300008709536066 0.06893669003818649 -0.1361289901349782 -0.07733067319048269 -0.5171162417131031 -0.8086548320850299 0.6207012771654492 -0.2529623626687978 -0.25121493798471484 -0.29022411290840744 0.7315536488958532 0.1905140507790876 0.04288761645944275 0.5896411080215966 0.38386348210760346 0.45897300337317926 0.8559146824077516 0.326945279504033 
0.5680550932290227 0.04257219812351476 -0.7816064554726543 -1.0 -0.5751933861272193 -0.6081050310736016 -0.3452651682735741 -0.8881756451328933 -0.12646676446897065 -0.2416934196234709 -0.691919171313961 -0.6903961972626951 -0.16821149996261936 -0.9993182000471843 -0.6683750639985471 -0.39981496557270185 0.12384744243887433 -0.5231511474785941 -0.2879907300185604 0.646788970308921 0.9314737149994285 0.5660502594880998 0.7833815265603509 0.20060769377145493 0.1651489599963096 0.9916472371969081 0.11552194239322591 0.44971271176683153 -0.10812764750286696 -0.07182952535372393 
0.5478160845861985 -0.8679379434212603 -0.9041364934966477 -1.0 -0.5535991635983247 -0.9484095090914209 -0.4411381828720804 -0.8974606892338481 -0.8848599740639448 -0.2214158851716199 -0.5022420894733686 -0.693792330161122 -0.19117546440335972 0.18591590254490595 -0.06331389695226576 -0.4163808764206336 0.11720549081322643 -0.790688233620387 -0.2572033991584647 0.6465941753051392 0.6696567109821987 -0.2606440029896291 -0.8907147049163862 0.1905140507790876 0.1575478321369295 0.9834720535572818 0.13226701891027992 0.45087046881145626 0.8642590756618527 0.0801447026909498 
0.5657823099571889 -0.8347681982134614 -0.4042500513077992 -0.001293113198929312 -0.5606438315152861 -0.23595729367674823 -0.9986046391025567 -0.9041443299402124 -0.11976930186515812 -0.24010763844789842 -0.5014090877508844 -0.5901093886840223 -0.16187794203999514 0.18591590254490595 -0.05027736925846715 -0.07733067319048269 0.13175544442432344 -0.8086548320850299 -0.26076467507197565 0.2626551318946271 0.9182077829410629 0.5706930652486057 0.7355834494944992 0.5572506384016636 0.15405596145941633 0.9916472371969081 0.38386348210760346 0.45897300337317926 0.8642590756618527 0.07357651355129907 
0.5657823099571889 -0.8692737149838274 -0.42053873587374485 -0.9597801481799816 -0.5446972642657091 -0.6009583471256056 -0.9941115272375125 -0.01691653940757828 -0.8724032887580256 0.3616442348104978 -0.06396252560059838 0.13763340012386838 -0.8014103924514843 -0.45960952612811856 -0.1476000777973658 -0.40560511719622677 0.13214443308262888 0.37753869138926666 -0.2615706799173488 0.2636758821218294 0.9229053982111385 0.5706930652486057 0.10098080091003032 0.18346829211409868 0.16366587459827056 0.9961069750732611 -0.351853810359602 0.4615078129489967 0.8642590756618527 0.3204717024009037 
0.5478160845861985 -0.8372776112523495 -0.4042500513077992 -0.9762518121896752 -0.5535991635983247 -0.6009583471256056 -0.4411381828720804 -0.8974606892338481 -0.8898749259121183 -0.21314453126812724 -0.5022420894733686 -0.6885919054570331 -0.18315562423400897 0.18591590254490595 -0.6761118974726114 -0.4163808764206336 0.058577421898435914 -0.7913113859862764 -0.2571703388413163 0.24519471897116482 0.12525784107434146 0.5706930652486057 0.09981352388599986 0.5378187573227958 0.1589379993485226 0.9886174306436079 -0.33710620943116487 0.45100905440616207 0.8083448569085956 0.07632922716530717 
0.5756845914922262 -0.8363757492689976 -0.9199766487776154 -0.9664783289487556 -0.5794286288664443 -0.5846038416180214 -0.3563007480109973 -0.9715434575309261 -0.880638479044329 -0.22576275753837977 -0.6014688404127118 0.020573625356027785 -0.1704655027605832 -1.0 -0.06013470631109395 -0.06913976757663931 0.14040874182859964 -0.8086548320850299 0.208972466797621 -0.2529623626687978 -0.25059160697233007 0.05913838136503046 0.7388247814244778 0.5498936548773069 0.15839696030234932 0.9942631027673698 -0.358464885270539 0.45897300337317926 0.8731481330839751 0.9580079314325332 
0.5510046929445294 -0.8483561578266632 -0.8360005682323177 -0.9692996802818206 -0.5736951397422734 -0.6009583471256056 -0.34998030681348224 -0.01691653940757828 -0.8724032887580256 -0.24442886924061322 -0.06534440100263866 -0.6862942661208311 -0.7988996427012327 -1.0 -0.6761118974726114 -0.40560511719622677 0.13214443308262888 -0.809798918606005 -0.2594301901989674 0.6550563993312822 0.9229053982111385 0.5706930652486057 0.10098080091003032 0.18346829211409868 0.16366587459827056 0.981438671048715 -0.351853810359602 0.3123300383102381 0.8642590756618527 0.5605347241946783 
0.5657823099571889 -0.865778327334183 -0.7816064554726543 -0.9664783289487556 -0.5390038195538938 -0.5875648949409549 -0.17659328394425988 -0.9041443299402124 -0.8848599740639448 -0.24210531242499794 -0.6014688404127118 0.6550074957004526 -0.1704655027605832 -1.0 -0.06013470631109395 -0.40560511719622677 0.13175544442432344 -0.8047368668158478 0.208972466797621 0.24804499030158264 0.9156838414079393 -0.26850242433143495 0.7388247814244778 0.5498936548773069 0.881482639759403 0.9916472371969081 -0.351853810359602 0.29209227568174967 0.8731481330839751 -0.05949552986284236 
0.5796006048784017 -0.8404147065697785 -0.4042500513077992 -0.005725634637549654 -0.5722522206511031 -0.8884994801951065 -0.9986046391025567 -0.9041443299402124 0.14849114743514658 -0.23300135898721946 -0.6014688404127118 -0.6828151883407496 -0.18315562423400897 0.18591590254490595 -0.1361289901349782 -0.07733067319048269 0.058577421898435914 -0.8086548320850299 0.6207012771654492 0.24519471897116482 0.9182077829410629 0.5798634898550837 0.09981352388599986 0.5378187573227958 0.1589379993485226 0.9757508951600613 0.38386348210760346 0.45897300337317926 0.8519035159129869 0.06399173038038877 
0.5796006048784017 -0.8404147065697785 -0.4042500513077992 -0.005725634637549654 -0.5722522206511031 -0.8884994801951065 -0.9986046391025567 -0.9041443299402124 0.14849114743514658 -0.23300135898721946 -0.6014688404127118 -0.6828151883407496 -0.18315562423400897 0.18591590254490595 -0.1361289901349782 -0.07733067319048269 0.058577421898435914 -0.8086548320850299 0.6207012771654492 0.24519471897116482 0.9182077829410629 0.5798634898550837 0.09981352388599986 0.5378187573227958 0.1589379993485226 0.9757508951600613 0.38386348210760346 0.45897300337317926 0.8519035159129869 0.06399173038038877 
0.5657823099571889 -0.865778327334183 -0.4132340774850466 -0.9620301181268283 -0.5407457642344442 -0.5875648949409549 -0.9986046391025567 -0.9041443299402124 -0.8898749259121183 -0.2286019381084718 -0.6014688404127118 -0.6049125515531721 -0.17985978910551956 0.18591590254490595 -0.05631887602861118 -0.40560511719622677 0.13175544442432344 -0.8047368668158478 -0.26076467507197565 0.2626551318946271 0.9256977407522531 -0.7872885011289751 0.7388247814244778 0.5572506384016636 0.8751855328043099 0.9916472371969081 -0.3487650141671874 0.4615078129489967 0.8642590756618527 0.326945279504033 
0.5510046929445294 -0.8483561578266632 -0.8360005682323177 -0.9692996802818206 -0.5736951397422734 -0.6009583471256056 -0.34998030681348224 -0.01691653940757828 -0.8724032887580256 -0.24442886924061322 -0.06534440100263866 -0.6862942661208311 -0.7988996427012327 -1.0 -0.6761118974726114 -0.40560511719622677 0.13214443308262888 -0.809798918606005 -0.2594301901989674 0.6550563993312822 0.9229053982111385 0.5706930652486057 0.10098080091003032 0.18346829211409868 0.16366587459827056 0.981438671048715 -0.351853810359602 0.3123300383102381 0.8642590756618527 0.5605347241946783 
0.5657823099571889 -0.8692737149838274 -0.42053873587374485 -0.9597801481799816 -0.5446972642657091 -0.6009583471256056 -0.9941115272375125 -0.01691653940757828 -0.8724032887580256 0.3616442348104978 -0.06396252560059838 0.13763340012386838 -0.8014103924514843 -0.45960952612811856 -0.1476000777973658 -0.40560511719622677 0.13214443308262888 0.37753869138926666 -0.2615706799173488 0.2636758821218294 0.9229053982111385 0.5706930652486057 0.10098080091003032 0.18346829211409868 0.16366587459827056 0.9961069750732611 -0.351853810359602 0.4615078129489967 0.8642590756618527 0.3204717024009037 
0.22900554386765523 -0.014391702342116576 -0.4096146060341055 -0.9861386262404683 -0.5726867822413199 -0.5799122524241441 -0.9941115272375125 -0.8263454992071526 0.14308917602017718 -0.23300135898721946 -0.5961969712898506 -0.5984613957706229 0.07157187202957727 -1.0 -0.14037373053605107 -0.39648743659513114 -0.18873671560912014 -0.259401081800112 0.03924098550696098 -0.13277863435731896 -0.23695916147537885 -0.21804851869513195 0.7676460399018429 0.18723672219875603 -0.33365056877056054 0.9425260833176832 0.38386348210760346 0.46401546599513044 0.870610411464381 0.07735414337200051 
0.23776582937308738 -0.014427637455735758 -0.4096146060341055 -0.0014351790583420065 -0.584097401208091 -0.5901640731366619 -0.9941115272375125 -0.7974261533066614 0.14918625078384315 -0.23300135898721946 -0.6014688404127118 0.02131332764282651 0.2751106777356887 -0.40036311503472977 -0.7064870591617853 -0.22790425972841957 -0.18175071840818857 -0.259401081800112 0.030403900707918145 -0.2529623626687978 -0.24219736152430746 -0.29022411290840744 0.7678711516335205 0.1905140507790876 -0.312834202613263 0.9425260833176832 0.38386348210760346 0.45897300337317926 0.857038635148427 0.326945279504033 
0.5478160845861985 -0.8372776112523495 -0.8360005682323177 -0.9820253001900868 -0.5485021897270118 -0.6009583471256056 -0.4411381828720804 -0.8973547648033141 -0.8695405697137252 0.9623720403485323 -0.5029907279016917 -0.6912550331807303 -0.18315562423400897 -1.0 -0.6761118974726114 -0.40560511719622677 0.124967136774527 -0.7980574924870395 -0.2571703388413163 0.24519471897116482 0.9244860997603488 0.5706930652486057 0.7394631034913328 0.5378187573227958 0.1589379993485226 0.9886174306436079 -0.3479366878477446 0.3123300383102381 0.8642590756618527 -0.06211087043576878 
0.23776582937308738 -0.014427637455735758 -0.4096146060341055 -0.0014351790583420065 -0.584097401208091 -0.5969631419703827 -0.9991513671836874 -0.7998071018254956 0.14918625078384315 -0.23300135898721946 -0.6014688404127118 0.013901426863242108 0.2751106777356887 0.18174795549554018 -0.7064870591617853 -0.22790425972841957 -0.18175071840818857 -0.25149742297212935 0.030086731032556883 -0.2529623626687978 -0.24723032645705958 -0.29022411290840744 0.7678711516335205 0.1868105603606203 0.8928509816242314 0.9494477905771279 0.38386348210760346 0.4579982320259378 0.857038635148427 0.326945279504033 
0.24002492947368803 0.37381752912555455 0.13656380661258463 -0.9657516450895378 -0.584097401208091 -0.5901640731366619 -0.9853893468198647 -0.48974386436556105 0.3719926943732904 -0.24044262704915814 -0.6014688404127118 0.0038519784176847286 0.2789239499311319 -1.0 -0.7064870591617853 -0.23312081399553733 -0.18175071840818857 0.5609010078965515 0.208972466797621 0.2740030625517007 -0.24219736152430746 -0.29022411290840744 0.7756463369218654 0.1942974591748097 0.8757318741333332 0.9799658549249809 0.37621447578506384 0.44776511273568953 0.8738275505853434 0.326945279504033 
0.23629166700630772 0.3647049269360364 -0.4096146060341055 -0.9903950290782744 -0.5922924616464015 -0.5715319513808693 -0.9991513671836874 -0.7998071018254956 0.14918625078384315 -0.22576275753837977 -0.6014688404127118 0.020573625356027785 0.2751106777356887 -0.40036311503472977 -0.06013470631109395 -0.23157092710377689 -0.18873671560912014 -0.8086548320850299 0.21677544713980446 -0.13277863435731896 -0.2344172512769461 -0.2128356260697503 0.777602386707456 0.1812593044349248 -0.33365056877056054 0.9942631027673698 -0.358464885270539 0.4516112602910815 0.857038635148427 0.326945279504033 
0.23467793862871655 -0.16146931742876544 -0.4157666126832725 -0.9657516450895378 -0.3868086457358913 -0.5942654355511139 -0.9941115272375125 -0.44614472955995155 0.14837474777250564 -0.23300135898721946 -0.6237950453295192 0.13763340012386838 0.2695260586028584 -0.4622201897850338 -0.1476000777973658 0.2512450520924594 0.1320030583886124 0.37753869138926666 0.21478052201268052 0.262545022250403 0.9229053982111385 0.506078601205583 0.764346779975737 0.18327137053349474 0.8763914032449932 0.9772529078449229 0.393464030019062 0.29209227568174967 0.8567446013556497 0.326945279504033 
0.24002492947368803 -0.8463266350171296 -0.4096146060341055 -0.9805512281389797 -0.39559164886885223 -0.5774318402973813 -0.9941115272375125 -0.48974386436556105 0.14918625078384315 -0.2487685891038424 -0.6014688404127118 0.13763340012386838 0.2802086985031607 -0.9900958152994174 -0.7064870591617853 0.09193399592283696 -0.18175071840818857 -0.8140964488368586 -0.18532932664164184 0.2626551318946271 -0.23346177128929604 0.49187524639274416 0.7722880382571713 0.18781195137325898 0.8757318741333332 0.9508942262952995 -0.34819586041191486 0.07278053582274979 0.857038635148427 0.3287766321235135 
0.23776582937308738 -0.8462401635983812 -0.4096146060341055 -0.0014351790583420065 -0.584097401208091 -0.5901640731366619 -0.9941115272375125 -0.7998071018254956 0.14918625078384315 -0.23300135898721946 -0.6014688404127118 0.02131332764282651 0.2765480803525281 0.18591590254490595 -0.7064870591617853 -0.22790425972841957 -0.18175071840818857 -0.25908286432485256 -0.18532932664164184 0.271409756233045 -0.2496097606016091 -0.29022411290840744 0.7678711516335205 0.1942974591748097 -0.2995600551638089 0.9445123583394937 0.38386348210760346 0.45549115045810684 0.857038635148427 0.326945279504033 
0.25724911384836024 -0.861730486703606 -0.7943426113586454 0.001451056492282774 0.28845811128906884 -0.5799122524241441 -0.9903024476256913 -0.43906001133499 -0.8848599740639448 -0.23762304214887625 -0.49900462381320504 -0.6049125515531721 0.27209543127608504 -1.0 -0.06392944314450225 -0.40560511719622677 0.1320030583886124 -0.8047368668158478 -0.2387619350751836 0.2626551318946271 -0.3249019927399193 0.49408420851144025 0.7695684324185001 0.18723672219875603 0.8751855328043099 0.9461936346125522 -0.351853810359602 0.46401546599513044 0.8642590756618527 0.08006257029625696 
0.24002492947368803 -0.8463266350171296 -0.4096146060341055 -0.9805512281389797 -0.39559164886885223 -0.5774318402973813 -0.9941115272375125 -0.48974386436556105 0.14918625078384315 -0.2487685891038424 -0.6014688404127118 0.13763340012386838 0.2802086985031607 -0.9900958152994174 -0.7064870591617853 0.09193399592283696 -0.18175071840818857 -0.8140964488368586 -0.18532932664164184 0.2626551318946271 -0.23346177128929604 0.49187524639274416 0.7722880382571713 0.18781195137325898 0.8757318741333332 0.9508942262952995 -0.34819586041191486 0.07278053582274979 0.857038635148427 0.3287766321235135 
0.25321439216470676 -0.16146931742876544 -0.4096146060341055 -0.984088805745781 -0.38748616088590904 -0.5901640731366619 -0.9941115272375125 -0.43906001133499 -0.11976930186515812 -0.23300135898721946 -0.5969356213705399 0.018358933126651704 0.2751106777356887 0.18591590254490595 -0.14037373053605107 0.10314011111762428 -0.18175071840818857 0.37753869138926666 -0.18532932664164184 0.262545022250403 -0.24219736152430746 -0.22021637393430335 0.7678711516335205 -0.06311329669997257 -0.33365056877056054 0.9808362415002209 0.38386348210760346 -0.13096945389939987 0.870610411464381 0.326945279504033 
0.23467793862871655 -0.1653535558701014 -0.9156715536792064 -0.984088805745781 -0.39559164886885223 -0.5799122524241441 0.02664537968165695 -0.4402310293623908 -0.8789694089936406 0.3792850522475395 -0.5083351217661809 0.13763340012386838 0.27233217099973045 -1.0 -0.14868291613746057 0.09193399592283696 0.14242942775307288 -0.8140964488368586 -0.18532932664164184 0.2626551318946271 -0.24219736152430746 0.500790184415479 0.7598817389345074 0.18781195137325898 -0.33365056877056054 0.5829254782697393 -0.34819586041191486 0.46401546599513044 0.8567446013556497 0.09144626348659589 
0.23467793862871655 -0.16146931742876544 -0.9183634707210142 -0.9891493829112116 -0.38110530522891806 -0.587816491770669 0.028810652438559403 -0.43906001133499 0.14837474777250564 0.37388246851662277 -0.62760911581966 -0.019519233329868203 0.27233217099973045 -0.4622201897850338 -0.14037373053605107 -0.23568428609142558 0.1320030583886124 0.37753869138926666 -0.2325905726734098 0.262545022250403 -0.25084093517477085 0.49716172628700717 0.1841434575377363 0.1895560041109013 -0.12792902413608112 0.5829254782697393 0.39292291869919244 -0.13449861522866158 0.8567446013556497 0.09144626348659589 
0.23467793862871655 -0.16146931742876544 -0.9156715536792064 -0.984088805745781 -0.38748616088590904 -0.5942654355511139 0.02664537968165695 -0.44614472955995155 0.14837474777250564 0.3792850522475395 -0.62760911581966 0.13763340012386838 0.27233217099973045 -0.4622201897850338 -0.1476000777973658 0.09430370915481961 0.1320030583886124 0.37753869138926666 -0.18532932664164184 0.262545022250403 -0.24219736152430746 0.500790184415479 0.764346779975737 0.17978785353507118 -0.33365056877056054 0.5829254782697393 0.38386348210760346 -0.13449861522866158 0.8567446013556497 0.09144626348659589 
0.23776582937308738 -0.8488643951910643 -0.4006350834328332 -0.009328069632069797 -0.5893804025244711 -0.5901640731366619 -1.0 -0.8742423384731652 0.14942040786310146 -0.23965948506560655 -0.6014688404127118 0.028691803495986747 0.2765480803525281 0.18591590254490595 -0.7064870591617853 -0.22105035867218192 0.13175544442432344 -0.25908286432485256 -0.18532932664164184 0.26594383980994485 0.9182077829410629 -0.7872885011289751 0.7338631297942736 0.19322805407966673 0.8751855328043099 0.9916472371969081 0.38386348210760346 0.4550792036308835 0.857038635148427 0.326945279504033 
0.2445547797386553 -0.15693725345092047 -0.4096146060341055 -0.0033650213368092777 -0.5395262969632073 -0.5252613468728082 -0.9941115272375125 -0.046081110922227206 0.1520935970422505 0.37388246851662277 -0.4972682699561654 0.0014233731739280286 0.27803757732345663 -0.4491062644050361 -0.7098802055929436 0.037526975359357576 0.6736419641531608 0.36651662737633206 -0.2325905726734098 0.003662018254246997 -0.23520747353728902 -0.2933329229308646 0.7725274661770047 -0.04541658939354022 -0.11849862137581352 0.9513079342431682 0.39292291869919244 0.4529434627589145 0.8570609244766375 0.3333066018167776 
0.23467793862871655 -0.1653535558701014 -0.9156715536792064 -0.9967597786152389 -0.40293992880293755 -0.5828414678647625 -0.9941115272375125 -0.4402310293623908 -0.11976930186515812 0.3792850522475395 -0.04931040416818074 0.03443978781483091 0.2823153089559736 -0.15334103969889795 -0.1518647988581925 -0.2271138831964381 -0.18175071840818857 0.37753869138926666 -0.19141353018833093 0.35438910398475787 -0.24965169242659024 -0.22021637393430335 0.7768566157332244 -0.06311329669997257 -0.12792902413608112 0.9808362415002209 0.40564487187774034 -0.13096945389939987 0.8700679766156078 0.326945279504033 
0.22900554386765523 -0.014391702342116576 -0.4096146060341055 -0.9861386262404683 -0.5726867822413199 -0.5799122524241441 -0.9941115272375125 -0.8263454992071526 0.14308917602017718 -0.23300135898721946 -0.5961969712898506 -0.5984613957706229 0.07157187202957727 -1.0 -0.14037373053605107 -0.39648743659513114 -0.18873671560912014 -0.259401081800112 0.03924098550696098 -0.13277863435731896 -0.23695916147537885 -0.21804851869513195 0.7676460399018429 0.18723672219875603 -0.33365056877056054 0.9425260833176832 0.38386348210760346 0.46401546599513044 0.870610411464381 0.07735414337200051 
0.23467793862871655 -0.16146931742876544 -0.9156715536792064 -0.9917661535359472 -0.39559164886885223 -0.587816491770669 0.02664537968165695 -0.4402310293623908 0.14837474777250564 0.37388246851662277 -0.6436039115473332 0.4710196944588845 0.27233217099973045 -0.4622201897850338 -0.7098802055929436 0.09377436056044428 0.1383637914252876 0.37753869138926666 -0.22407085574349533 0.26068768178946977 -0.2439610919105253 0.49317889331177694 0.7552906311919229 0.18781195137325898 -0.12403440571574047 0.5829254782697393 0.39292291869919244 0.46401546599513044 0.8570609244766375 0.9521452922301152 
0.23467793862871655 -0.1653535558701014 -0.9156715536792064 -0.9967597786152389 -0.40293992880293755 -0.5828414678647625 -0.9941115272375125 -0.4402310293623908 -0.11976930186515812 0.3792850522475395 -0.04931040416818074 0.03443978781483091 0.2823153089559736 -0.15334103969889795 -0.1518647988581925 -0.2271138831964381 -0.18175071840818857 0.37753869138926666 -0.19141353018833093 0.35438910398475787 -0.24965169242659024 -0.22021637393430335 0.7768566157332244 -0.06311329669997257 -0.12792902413608112 0.9808362415002209 0.40564487187774034 -0.13096945389939987 0.8700679766156078 0.326945279504033 
0.2549633026726845 -0.865778327334183 -0.9085601664171428 -0.9965969895377087 -0.5390038195538938 -0.9501887099699219 -0.9935860004780186 -0.8942625613606038 0.07173778425212746 -0.9338288175355932 -0.8445110228952897 -0.8997288257011139 0.9899733678216952 -1.0 -0.06013470631109395 -0.6118769702760668 0.14022898216855723 -0.8077606493309604 0.208972466797621 0.35247641500825927 0.6669229693003625 0.4993739099903581 0.7388247814244778 0.5524511849252821 0.8319137789813726 0.20362697516737116 0.38169148512554874 -0.1319067453856679 0.8731481330839751 -0.06016785556546448 
0.2445547797386553 -0.15693725345092047 -0.41502225070757626 -0.9967597786152389 -0.37239187762763143 0.2511949631026369 -0.9941115272375125 -0.4337028897955947 0.14837474777250564 0.37388246851662277 -0.04931040416818074 0.020051939582054267 0.2823153089559736 -0.1572003621643181 -0.7098802055929436 -0.2271138831964381 -0.18175071840818857 0.5737521553222761 -0.19141353018833093 0.35438910398475787 -0.24219736152430746 0.4954476681339421 0.7768566157332244 -0.06311329669997257 -0.12792902413608112 0.9513079342431682 0.7055670997185475 -0.13449861522866158 0.8570609244766375 0.9521452922301152 
0.2543605401033048 -0.16146931742876544 -0.9146424764382738 -0.9917661535359472 -0.5469869923711652 0.25162560539617074 -0.9917767442245164 -0.4337028897955947 0.07173778425212746 0.36932925220039475 -0.04931040416818074 0.011927759842813883 0.27209534827431475 -0.4622201897850338 -0.13672521476397556 -0.15678519597984364 0.14484558949082066 0.5737521553222761 0.6267663730759824 0.35438910398475787 -0.25193850849676713 0.49317889331177694 0.7498331090553031 -0.060328376912719715 -0.12792902413608112 0.5829254782697393 0.38169148512554874 -0.13096945389939987 0.8617560717623942 0.06773863742908053 
0.2561551582735447 0.07471880232331451 -0.9206271753040997 -0.9833020306109158 -0.5720132799272485 -0.5901640731366619 -0.9986046391025567 -0.9041443299402124 -0.09989828007342816 -0.24837579255533201 -0.6067628255253202 0.6550074957004526 -0.08601300396846832 -1.0 0.2741629711605411 -0.08343737060495854 0.13175544442432344 0.3761281907318501 -0.18392885010658913 0.262545022250403 -0.23866067380370437 -0.2192474077574969 0.7976287534080896 0.5665335092577651 0.881482639759403 1.0 0.38386348210760346 -0.13096945389939987 0.8817928119483308 0.06399173038038877 
0.23776582937308738 -0.8462401635983812 -0.4145230852531908 -0.0033650213368092777 -0.5405910578336144 0.6374086151596698 -0.9935860004780186 -0.04404799795824607 0.14654490858907998 0.36807322947040516 -0.05562516081527313 0.018803020136370308 0.2765480803525281 0.06020704011712705 -0.7054442974556235 0.03626629052478963 0.6736419641531608 0.36651662737633206 -0.2325905726734098 0.003662018254246997 -0.24158243469502524 -0.2985252505858116 0.7725274661770047 -0.06311329669997257 0.9254784874747186 0.9521032867455256 0.13164378165816865 0.45549115045810684 0.8570609244766375 0.326945279504033 
0.2543605401033048 -0.16146931742876544 -0.9146424764382738 -0.9917661535359472 -0.5469869923711652 0.25162560539617074 -0.9917767442245164 -0.4337028897955947 0.07173778425212746 0.36932925220039475 -0.04931040416818074 0.011927759842813883 0.27209534827431475 -0.4622201897850338 -0.13672521476397556 -0.15678519597984364 0.14484558949082066 0.5737521553222761 0.6267663730759824 0.35438910398475787 -0.25193850849676713 0.49317889331177694 0.7498331090553031 -0.060328376912719715 -0.12792902413608112 0.5829254782697393 0.38169148512554874 -0.13096945389939987 0.8617560717623942 0.06773863742908053 
0.25321439216470676 0.07471880232331451 -0.9206271753040997 -0.9833020306109158 -0.5720132799272485 -0.5901640731366619 -0.9986046391025567 -0.4301414453907553 -0.09486101612668091 -0.23300135898721946 -0.6014688404127118 -0.6704934713416812 -0.08601300396846832 0.191972836113008 -0.1377811261308006 -0.07733067319048269 0.058577421898435914 0.37753869138926666 -0.18532932664164184 0.262545022250403 -0.2462588215684238 -0.22021637393430335 0.7976287534080896 0.5203107208532903 -0.33365056877056054 0.2086706472667391 0.38386348210760346 -0.13096945389939987 0.8519035159129869 0.06399173038038877 
0.2543605401033048 -0.17477850606395584 -0.9146424764382738 -0.984088805745781 -0.5469869923711652 0.24249795552788223 -0.9935860004780186 -0.9628709908053711 0.07173778425212746 -0.9338288175355932 0.19112126737843152 0.017584382777341655 0.9990331346955779 0.06645309177172741 -0.13672521476397556 -0.6118769702760668 -0.1741707452307921 0.5737521553222761 0.6267663730759824 0.35438910398475787 0.4996913276798183 0.4992104415341082 0.7685562924342741 -0.06311329669997257 0.8319137789813726 0.9513079342431682 0.38169148512554874 -0.13096945389939987 0.863228577958262 0.07407610955009838 
0.23776582937308738 -0.8462401635983812 -0.41504340099540693 -0.9891493829112116 -0.5405910578336144 0.6605325575668313 -1.0 -0.8742423384731652 -0.12392788798066937 0.36807322947040516 -0.05562516081527313 0.019471846401091064 0.2765480803525281 0.18591590254490595 -0.7064870591617853 -0.22300740139358996 0.14753771669409976 -0.268288467236982 0.6079776001769236 0.26594383980994485 0.9182077829410629 -0.30305698931955505 0.7338631297942736 0.19322805407966673 0.8662813348376693 -0.7031002120303245 0.39292291869919244 0.4550792036308835 0.8139193389672079 0.07407610955009838 
0.24216022730255754 -0.1552878940804916 -0.41504340099540693 -0.9891493829112116 -0.5462326043145013 0.6605325575668313 -0.5966559247873975 -0.42396174048863455 -0.12392788798066937 -0.9272825060469855 -0.62760911581966 0.016310046397031982 -0.5305827859642409 -0.9926447739507056 -0.6731373854029734 0.10994628266575639 0.13725527402998633 -0.5320801002464878 0.6079776001769236 0.3449703120175668 -0.3316208826040291 -0.21343847295526838 0.7976287534080896 0.5524511849252821 0.15273526627602968 0.598798972052645 0.39292291869919244 0.4500042004296216 0.8143988334664145 0.07407610955009838 
0.25321439216470676 0.07471880232331451 -0.9206271753040997 -0.9833020306109158 -0.5720132799272485 -0.5901640731366619 -0.9986046391025567 -0.4301414453907553 -0.09486101612668091 -0.23300135898721946 -0.6014688404127118 -0.6704934713416812 -0.08601300396846832 0.191972836113008 -0.1377811261308006 -0.07733067319048269 0.058577421898435914 0.37753869138926666 -0.18532932664164184 0.262545022250403 -0.2462588215684238 -0.22021637393430335 0.7976287534080896 0.5203107208532903 -0.33365056877056054 0.2086706472667391 0.38386348210760346 -0.13096945389939987 0.8519035159129869 0.06399173038038877 
0.2561551582735447 0.07471880232331451 -0.9206271753040997 -0.9833020306109158 -0.5720132799272485 -0.5901640731366619 -0.9986046391025567 -0.9041443299402124 -0.09989828007342816 -0.24837579255533201 -0.6067628255253202 0.6550074957004526 -0.08601300396846832 -1.0 0.2741629711605411 -0.08343737060495854 0.13175544442432344 0.3761281907318501 -0.18392885010658913 0.262545022250403 -0.23866067380370437 -0.2192474077574969 0.7976287534080896 0.5665335092577651 0.881482639759403 1.0 0.38386348210760346 -0.13096945389939987 0.8817928119483308 0.06399173038038877 
0.2549633026726845 -0.865778327334183 -0.9085601664171428 -0.9965969895377087 -0.5390038195538938 -0.9501887099699219 -0.9935860004780186 -0.8942625613606038 0.07173778425212746 -0.9338288175355932 -0.8445110228952897 -0.8997288257011139 0.9899733678216952 -1.0 -0.06013470631109395 -0.6118769702760668 0.14022898216855723 -0.8077606493309604 0.208972466797621 0.35247641500825927 0.6669229693003625 0.4993739099903581 0.7388247814244778 0.5524511849252821 0.8319137789813726 0.20362697516737116 0.38169148512554874 -0.1319067453856679 0.8731481330839751 -0.06016785556546448 
0.10175459012074985 -0.12778393061512894 -0.2535911016961661 0.5233407263453177 0.08936463397836736 -0.457656236039604 -0.1931347730807274 0.5895037604217908 -0.027006831951051736 -0.17023015135840433 -0.4015591546670472 0.006712074566452301 0.16244247001357567 0.19390563859411336 -0.12130397892469917 0.10281834896026239 0.00869563626704028 0.7628523493811217 -0.29184146616443185 0.1767620679925871 -0.13486849193630412 -0.220076065863898 -0.09984045902116577 -0.9269158324841926 -0.872619062199895 0.011869612482315495 -0.8609091019256575 0.44799671937089225 -0.3046129094222069 0.953188642512671 
0.10470749791740058 0.37196133592431274 0.7214992269415681 -0.5448435028786491 0.09218150470182984 -0.4721957342646485 0.4211306881340695 0.5860689090518085 -0.02850421740565155 0.04451332775913667 -0.7306228266236776 0.03059463349753024 -0.8384541174071538 0.3650299073899021 -0.13500495687424094 -0.07524053712052702 0.013845612311771345 0.7628523493811217 -0.2883088135594643 0.31357104879899084 -0.13486849193630412 -0.2237924315316941 -0.4757726086775333 -0.9448213502612978 0.08151751524086714 -0.5508419216814059 -0.8511196341978189 -0.4226776582820333 -0.3116860557211002 0.9531884652193943 
0.09620282299800124 -0.12782616300304633 0.7092464637054599 -0.5448435028786491 0.09157410072668629 -0.46103990986729115 0.40745867330765717 0.5768322623498396 -0.02850421740565155 0.040497431003145734 -0.4015591546670472 0.03059463349753024 -0.8354517839844592 0.3650299073899021 -0.13500495687424094 0.5599851556679929 0.004273151534339312 0.765091597139761 -0.2883088135594643 -0.9105590736576323 -0.14415335380316222 -0.2237924315316941 -0.11104176988520274 -0.9429779128824177 0.08926498109110896 -0.5546808847688284 -0.8511196341978189 -0.42200438264929313 -0.31293815140992226 0.9531884652193943 
0.09824084620117472 0.37196133592431274 -0.248818372997315 -0.5448435028786491 0.4137047949114854 0.8787215485229275 0.4216577478754989 -0.3079149301962983 0.8090053745919985 -0.1688413788500368 -0.7306228266236776 -0.07724399861598348 -0.8332934913963232 0.36972545883557434 -0.13500495687424094 0.10314011111762428 -0.22785223214120132 0.7637299785153248 -0.2883088135594643 0.3179403914219627 -0.34856194592532475 -0.2237924315316941 -0.4757726086775333 -0.9448213502612978 -0.9065967348859554 0.7135804933516621 -0.8717603514616568 -0.6125638726141428 -0.08527873018341209 0.9647919847636679 
0.10470749791740058 0.37196133592431274 0.7214992269415681 -0.5352372669091355 0.09218150470182984 -0.457656236039604 0.4211306881340695 -0.5081321291464269 -0.027006831951051736 0.04451332775913667 -0.4015591546670472 0.03059463349753024 -0.8310506760851694 0.3650299073899021 -0.12623833926106912 -0.06672687707403663 0.013845612311771345 0.7583880909302002 -0.29694890791778533 0.31357104879899084 -0.13779801258117166 -0.2278318379095345 -0.4811393398130187 -0.9448213502612978 0.07548095341271828 0.016083330317764218 -0.8411964031671847 -0.4226776582820333 -0.01795131816253537 0.9610474704576377 
0.10470749791740058 0.37196133592431274 0.7308015958723578 -0.538383337891873 0.09218150470182984 -0.457656236039604 0.4211306881340695 -0.023713345210925572 -0.027006831951051736 0.04451332775913667 -0.41048624239623394 -0.07724399861598348 -0.8310506760851694 0.35771246505258003 0.6708205675975498 -0.06848280819974811 0.013845612311771345 0.7679235766763254 -0.2883088135594643 -0.9081280519731553 -0.35428701472471746 -0.23162164818968753 -0.4811393398130187 -0.948312281093088 0.07548095341271828 0.36822796294858096 -0.8411964031671847 0.4572876124933216 -0.012618769091795799 0.9610474704576377 
0.09824084620117472 0.3730645141736726 -0.248818372997315 0.1676558949466016 0.41404531656716104 -0.46216308680079443 0.40710176132184955 -0.30085307897409413 0.16088688702966142 0.052897283570992125 -0.7306228266236776 0.0076913148977052394 -0.8313601827661176 0.36972545883557434 -0.14037373053605107 -0.08335807726040934 0.008760489022228608 0.765091597139761 0.2823094024078101 0.32617472211738624 -0.14417138694775106 -0.2906035070339301 -0.4757726086775333 0.1964344929145771 -0.9065967348859554 0.36822796294858096 -0.857308023744109 -0.6125638726141428 -0.3089219818448569 0.9531884652193943 
0.10470749791740058 0.6940061193079896 0.7214992269415681 -0.5495569574253875 0.09218150470182984 -0.457656236039604 0.4216577478754989 -0.011806083002344092 0.8090053745919985 -0.9254682438757424 -0.41048624239623394 -0.07724399861598348 -0.8310506760851694 0.36972545883557434 -0.13500495687424094 -0.06672687707403663 0.013845612311771345 0.7637299785153248 -0.2883088135594643 -0.9081280519731553 -0.34856194592532475 -0.23271981620472373 -0.46848677327654825 -0.948312281093088 0.08009394585149839 0.36822796294858096 -0.8383619822448186 0.4572876124933216 -0.011196127839217505 0.9596282391587613 
0.10470749791740058 0.6940061193079896 0.7214992269415681 -0.5495569574253875 0.09218150470182984 -0.457656236039604 0.4216577478754989 -0.011806083002344092 0.8090053745919985 -0.9254682438757424 -0.41048624239623394 -0.07724399861598348 -0.8310506760851694 0.36972545883557434 -0.13500495687424094 -0.06672687707403663 0.013845612311771345 0.7637299785153248 -0.2883088135594643 -0.9081280519731553 -0.34856194592532475 -0.23271981620472373 -0.46848677327654825 -0.948312281093088 0.08009394585149839 0.36822796294858096 -0.8383619822448186 0.4572876124933216 -0.011196127839217505 0.9596282391587613 
