0.6911768605076493 0.6230015090059478 -0.9637360383781376 0.7813506787282134 0.839787359179704 0.8696191789858085 0.9882558572163487 0.9283973680773419 0.4248916006673092 0.9936387407490413 -0.5002886648138871 0.9865295654216376 0.5140052754299959 0.963131703221981 0.9372128670090585 0.8613403921530896 0.6710238512250839 0.7122532196827306 0.5681115639155193 0.5636627171910833 0.5203020963220124 0.3779017058800902 -0.10682332476302331 0.19162614535795994 -0.08989847576009474 -0.03219870587711231 -0.12327173047273907 -0.269999399454294 -0.26834320936846 -0.44896966655271436 
0.6911768605076493 0.6230015090059478 -0.95809478101334 0.7932397433782514 0.839787359179704 0.8696191789858085 0.9798998475508398 0.9356569612098243 0.4248916006673092 0.9953504662156666 -0.5002886648138871 0.9875539911807717 0.9904808995157228 0.963131703221981 -0.6609133917429824 0.8503447074279329 0.6665943895636874 0.7140077208871997 -0.7015561349263829 0.5670265254770945 0.5268733505598674 0.3779017058800902 -0.122567160467759 0.19162614535795994 -0.08989847576009474 -0.03137881767328491 -0.11997138499490588 -0.269999399454294 -0.26834320936846 -0.4424387235771454 
0.6911768605076493 0.6230015090059478 -0.95809478101334 0.7932397433782514 0.839787359179704 0.8696191789858085 0.9798998475508398 0.9356569612098243 0.4248916006673092 0.9953504662156666 -0.5002886648138871 0.9875539911807717 0.9904808995157228 0.963131703221981 -0.6609133917429824 0.8503447074279329 0.6665943895636874 0.7140077208871997 -0.7015561349263829 0.5670265254770945 0.5268733505598674 0.3779017058800902 -0.122567160467759 0.19162614535795994 -0.08989847576009474 -0.03137881767328491 -0.11997138499490588 -0.269999399454294 -0.26834320936846 -0.4424387235771454 
0.6911768605076493 0.6230015090059478 -0.9637360383781376 0.7815697397707644 0.839787359179704 0.8610128474977065 0.9842534502307809 0.9352745719409136 0.4248916006673092 1.0 -0.5002886648138871 0.9739291031471261 0.9904808995157228 0.963131703221981 0.9372128670090585 0.8503447074279329 0.6789657920173454 0.7122532196827306 -0.13585071882333044 0.5670265254770945 0.5203020963220124 0.3779017058800902 -0.10682332476302331 0.19162614535795994 -0.08989847576009474 -0.03219870587711231 -0.12670007114043663 -0.269999399454294 -0.26834320936846 -0.44896966655271436 
0.6911768605076493 0.6230015090059478 -0.9637360383781376 0.7815697397707644 0.839787359179704 0.8610128474977065 0.9842534502307809 0.9352745719409136 0.4248916006673092 1.0 -0.5002886648138871 0.9739291031471261 0.9904808995157228 0.963131703221981 0.9372128670090585 0.8503447074279329 0.6789657920173454 0.7122532196827306 -0.13585071882333044 0.5670265254770945 0.5203020963220124 0.3779017058800902 -0.10682332476302331 0.19162614535795994 -0.08989847576009474 -0.03219870587711231 -0.12670007114043663 -0.269999399454294 -0.26834320936846 -0.44896966655271436 
0.6911768605076493 0.6232003949313819 0.8020083225768974 0.7871737699462551 0.839787359179704 0.8610128474977065 0.9842534502307809 0.9352745719409136 0.4204613765723935 1.0 -0.5002886648138871 0.9870575481366727 0.7109507513705823 0.963131703221981 0.3359785374119788 0.8494002588913601 0.6640746824764726 0.721829962736158 0.5665294894736796 0.5730564918934652 0.511937574955122 0.37668381968839076 -0.11479886892531256 0.19129759604097543 -0.08989847576009474 -0.023351830885329793 0.8291952893256107 -0.269999399454294 -0.26834320936846 -0.44896966655271436 
0.6911768605076493 0.6230015090059478 0.8020083225768974 0.7925624193875991 0.839787359179704 0.8682461663707146 0.992334470694989 0.9262769402555423 -0.4838477927718202 1.0 0.45393005540895026 0.9870575481366727 0.70153187722396 0.9691456641622737 0.3359785374119788 0.8574050933670465 0.6640746824764726 0.721829962736158 0.5607132735615717 0.5636627171910833 0.511937574955122 0.3711342355941821 -0.099202544438315 0.19129759604097543 0.1536409698965124 -0.02360140145838609 -0.12146578314882997 -0.2720704544232229 -0.26834320936846 -0.44896966655271436 
0.6911768605076493 0.5865001525326491 0.7957201522578149 0.7938069626055231 0.8248119935502939 0.8682461663707146 -0.09574686997507853 0.9258168015288678 0.4221985519977873 0.9739505865130857 0.5386542905596057 0.9870575481366727 0.5140052754299959 0.963131703221981 0.3359785374119788 0.8524360894434858 0.8665318453592217 0.721829962736158 0.5684520293111315 0.5537789601857953 0.5125224870757136 0.3817039876053111 -0.10520576912638846 0.19821081917864003 0.1536409698965124 -0.02360140145838609 -0.12418273886056219 -0.2727628705022527 -0.26834320936846 -0.44896966655271436 
0.6911768605076493 0.6230015090059478 0.7938380306776497 0.7871737699462551 0.8255057373328487 0.8566416035456353 0.9822228429139308 0.9258168015288678 0.4221985519977873 0.9678218566188193 0.5386542905596057 0.9981784474676155 0.5140052754299959 0.963131703221981 0.9434743539519342 0.8571311245138376 0.6710238512250839 0.721829962736158 0.5681115639155193 0.5636627171910833 0.5268829524108635 0.3779017058800902 -0.10682332476302331 0.19821081917864003 0.1536409698965124 -0.02360140145838609 -0.3269663990511602 -0.269999399454294 -0.26834320936846 -0.46946321436767247 
0.6911768605076493 0.5865001525326491 0.8020083225768974 0.7938069626055231 0.839787359179704 0.8659285302046995 0.9729030954677163 0.9375904781827572 0.39683632025439236 0.9912935659152314 0.9542378090306715 0.9870575481366727 0.9921241243142018 0.9581487663020652 0.9399572294423308 0.8349026699191463 0.8665318453592217 0.7205999673103203 0.5724656644254805 0.5696087705658449 0.5159221986137992 0.3841256140300421 -0.10050162119793524 0.19821081917864003 0.23277200173409307 0.0032279168848818635 -0.11205742408445267 -0.27735010925619696 -0.26834320936846 -0.46111251481924276 
0.6911768605076493 0.6230015090059478 0.8020083225768974 0.7938069626055231 0.8113807109039521 0.8607948297531609 0.9729030954677163 0.9283973680773419 0.9972134423433381 0.9864487658054677 0.951968280709938 0.9870575481366727 0.992350324401192 0.963131703221981 0.9248227816238925 0.8349026699191463 0.8597768009945221 0.747873141642733 0.5684520293111315 0.5636627171910833 0.5159221986137992 0.3841256140300421 -0.0971178876807157 0.2499718162666086 0.1605520418396561 0.0032279168848818635 -0.11742848281893396 -0.27735010925619696 -0.26834320936846 -0.5410314286071216 
0.6871440471817194 0.544973153218325 0.6176655382016496 0.7262921980944667 0.7948711668176354 0.8371037491542789 0.9604146037407127 0.8848093431445699 0.952294616058287 0.9720906809276576 0.952822371392815 0.9643715719235931 0.9853054825658522 0.9961430264942072 0.9455781725395761 0.8493251314438882 0.8431942234893558 0.746645376426905 0.6236707270237469 0.5693226806642248 0.554573105065669 0.39153767512573073 0.454633346492841 0.2530910498784 0.14368581130008037 0.15911409841150823 -0.09244573310276291 -0.1739773802703188 -0.27796017464774003 -0.468678834733295 
0.6849815537101848 0.4940063812113702 0.6329595956925087 0.797265741622396 0.6822634013612716 0.8758026047689234 0.8634675138227613 0.8381429779265482 0.9337658583558165 0.8975017906033246 0.9973132609171342 0.926883905823472 0.994083513517815 0.9815734420199262 0.9405424780796448 0.8382352919239988 0.8437065507576306 0.6912276551317418 0.6825467137150253 0.5684704355073704 0.5636375041729172 0.36200312665346623 0.3809112742229206 0.27144733746914285 0.1676354454172159 0.15911409841150823 -0.052037357268400176 -0.2676826335139158 -0.2539897948669354 -0.4109617392620979 
0.6833159246054611 0.30383537428273844 0.6097009007862126 0.7958952035480805 0.7654341173327478 0.8582113881492119 0.8718689639980317 0.8476049263614214 0.9520365508471189 0.9319479165341992 0.9983750005052108 0.9417543436099222 0.9772135593848571 1.0 0.9363538150374432 0.8788667689962668 0.8083085222946697 0.8031334401845179 0.709970550093225 0.8177258991548103 0.5615184256350206 0.5711534153334643 0.37967555551546045 0.247507270478848 0.1706483823658373 0.0502520530511549 -0.009034102444668658 -0.29420054542933033 -0.23580999117682097 -0.4139164854678809 
0.6833159246054611 0.30383537428273844 0.6097009007862126 0.7958952035480805 0.7654341173327478 0.8582113881492119 0.8718689639980317 0.8476049263614214 0.9520365508471189 0.9319479165341992 0.9983750005052108 0.9417543436099222 0.9772135593848571 1.0 0.9363538150374432 0.8788667689962668 0.8083085222946697 0.8031334401845179 0.709970550093225 0.8177258991548103 0.5615184256350206 0.5711534153334643 0.37967555551546045 0.247507270478848 0.1706483823658373 0.0502520530511549 -0.009034102444668658 -0.29420054542933033 -0.23580999117682097 -0.4139164854678809 
0.6737935569057634 0.537693755494692 0.40703393354259243 0.661645297167919 0.6026581828076227 0.6675548808408567 0.739117215744472 0.8967210994888839 0.8600372517018211 0.9902162521442748 0.9143439991515347 0.9664757308698072 0.9906791937857855 0.957553090736441 0.9640511037062304 1.0 0.9262112809098776 0.8506405222021243 0.840412134030709 0.6131725659363931 0.734255476539193 0.5078707763169278 0.5396957544109111 0.5070312508508625 0.38364733485782254 0.19170278510076305 0.19734063038127625 -0.1234858875518086 -0.0058392431873795884 -0.32754082384102257 
0.6737935569057634 0.537693755494692 0.40703393354259243 0.661645297167919 0.6026581828076227 0.6675548808408567 0.739117215744472 0.8967210994888839 0.8600372517018211 0.9902162521442748 0.9143439991515347 0.9664757308698072 0.9906791937857855 0.957553090736441 0.9640511037062304 1.0 0.9262112809098776 0.8506405222021243 0.840412134030709 0.6131725659363931 0.734255476539193 0.5078707763169278 0.5396957544109111 0.5070312508508625 0.38364733485782254 0.19170278510076305 0.19734063038127625 -0.1234858875518086 -0.0058392431873795884 -0.32754082384102257 
0.6713270019119126 0.5516650571904879 0.40703393354259243 0.6737755227616361 0.5897089808077559 0.673328699230947 0.7562693504794896 0.8897283810142457 0.8600372517018211 0.9774358719987121 0.9204544074956558 0.9866445266379359 0.9906791937857855 0.9590725972441214 0.9640511037062304 0.902942313774399 0.9262112809098776 0.8506405222021243 0.9284925874331704 0.7329471428435446 0.734255476539193 0.915567448912592 0.5513892887116887 0.5070312508508625 0.38364733485782254 0.19170278510076305 0.19793378102641931 -0.13294271611256486 -0.01114588402775136 -0.32754082384102257 
0.6713270019119126 0.5288984738720679 0.4032010854309148 0.3111341378459089 0.5967433296324385 0.7248052590011115 0.7607632199042494 0.8969323424763216 0.8600372517018211 0.9794505469584466 0.92568664483143 0.9699858390446623 0.9819769077641359 0.9631799145504193 0.977488664458782 0.8084145515248911 0.9406216503914298 0.8585739133555349 0.851403959226552 0.7329471428435446 0.734255476539193 0.8501575960965274 0.5461765285101775 0.5139460493393727 0.41132048233658813 0.47402670191816165 0.19793378102641931 -0.24903961088954651 0.00625285395944016 -0.32754082384102257 
0.6713270019119126 0.545157965823996 0.4047089236073181 0.2992224104367028 0.6044957996489105 0.727937463971449 0.7562693504794896 0.897954165617044 0.8558133655025433 0.984216013594557 0.9071792021097533 0.9608290412548618 1.0 0.7086205951209748 0.974265278277048 0.7972686917646556 0.9379884953571004 0.8624609343032683 0.8478638843615809 0.7230621607519728 0.7362561499324132 0.8690916824956584 0.5582814801788495 0.6248172830362844 0.4030317208109415 0.199260925776739 0.19793378102641931 0.1680061256462715 0.022773707889564124 -0.32754082384102257 
0.6713270019119126 0.545157965823996 0.4047089236073181 0.2992224104367028 0.6044957996489105 0.727937463971449 0.7562693504794896 0.897954165617044 0.8558133655025433 0.984216013594557 0.9071792021097533 0.9608290412548618 1.0 0.7086205951209748 0.974265278277048 0.7972686917646556 0.9379884953571004 0.8624609343032683 0.8478638843615809 0.7230621607519728 0.7362561499324132 0.8690916824956584 0.5582814801788495 0.6248172830362844 0.4030317208109415 0.199260925776739 0.19793378102641931 0.1680061256462715 0.022773707889564124 -0.32754082384102257 
0.6714134015540136 0.5179208017158278 0.40703393354259243 0.3188179001531999 0.6028216312199015 0.6675548808408567 0.7379651766773987 0.230707114017723 0.8600372517018211 0.9796021357824325 0.9699854174561389 0.9652710677759899 0.9829658102414537 0.957553090736441 0.9621853093561812 0.9079549679190231 0.9337878196170378 0.8506405222021243 0.8390604109646991 0.7315138947948491 0.7392250800198394 0.5078707763169278 0.5577382734382267 0.5087930019298613 0.40928261611763167 0.1802342487538576 0.20699304011389086 -0.1234858875518086 -0.007492844423367029 -0.32754082384102257 
0.6713270019119126 -0.022267913990259958 0.40276841192798707 0.6737755227616361 0.5877751713749455 0.7248052590011115 0.7562693504794896 0.22187803011121776 0.8495439192563106 0.9814014730313427 0.9204544074956558 0.9631620874993285 0.9933685254104923 0.9590725972441214 0.977488664458782 0.902942313774399 0.9306668338792015 0.8585739133555349 0.851403959226552 0.7329471428435446 0.734255476539193 0.9215618037927141 0.5513892887116887 0.5134045398835764 0.40740612625955963 0.1663033563277682 0.19793378102641931 -0.17365761934131163 -0.0031319210872914408 -0.3131548029715754 
0.6713270019119126 0.545157965823996 0.39831534231405313 0.3079800627461763 0.6028216312199015 0.7186592804759989 0.7408706179493285 0.230707114017723 0.851515479623596 0.9796021357824325 0.9143439991515347 0.9652710677759899 1.0 0.7086205951209748 0.9640511037062304 0.7925979707548629 0.9379884953571004 0.8624609343032683 0.8390604109646991 0.7230621607519728 0.734255476539193 0.854919081160914 0.5751534172956988 0.5087930019298613 0.4030317208109415 0.19170278510076305 0.19793378102641931 -0.2577616907886697 0.022773707889564124 -0.32754082384102257 
0.6713270019119126 -0.019812779675363143 0.40276841192798707 0.6737755227616361 0.5888457920091789 0.7212915478167516 0.7562693504794896 0.2195549059722837 0.8539933528883155 0.9729472881484326 0.9424569773083294 0.9631620874993285 0.9933685254104923 0.9590725972441214 0.974265278277048 0.7925979707548629 0.9379884953571004 0.8585739133555349 0.8544475882348832 0.7399124691861456 0.734255476539193 0.8620959253004353 0.5649175914774641 0.5134045398835764 0.41504592188930506 0.17917564468674035 0.19793378102641931 -0.1769214180534909 0.019692739063179917 0.04947875224591347 
0.6713270019119126 0.5322047544705455 0.39831534231405313 0.30012575986917495 0.5943709964726178 0.7186592804759989 0.7562693504794896 0.2195549059722837 0.8471770584199209 0.9774358719987121 0.9480396095769511 0.9860797577286007 0.9906791937857855 0.957553090736441 0.974265278277048 0.7909621875532198 0.9379884953571004 0.5893968188031662 0.8522055659136315 0.7318830682230577 0.7330235193444112 0.8581077107404099 0.5582814801788495 0.6271878678574148 0.40928261611763167 0.18229253997874403 0.19793378102641931 -0.2524757807307965 0.019692739063179917 0.3035208569228378 
0.6713270019119126 0.5355109213732583 0.39831534231405313 0.30292698968091614 0.5994316991469611 0.7248052590011115 0.7500144185825836 0.2195549059722837 0.8600372517018211 0.9757930137235498 0.9268692449180436 0.9652710677759899 0.9933685254104923 0.6244260196500767 0.9704380561507284 0.7925979707548629 0.9379884953571004 0.8585739133555349 0.8478638843615809 0.7318830682230577 0.734255476539193 0.8597401136719086 0.5657540980629681 0.6271878678574148 0.40928261611763167 0.17531290307703887 0.19793378102641931 -0.25449469738427766 0.002342815720016308 -0.32754082384102257 
0.6713270019119126 -0.019812779675363143 0.40276841192798707 0.6737755227616361 0.5888457920091789 0.7212915478167516 0.7562693504794896 0.2195549059722837 0.8539933528883155 0.9729472881484326 0.9424569773083294 0.9631620874993285 0.9933685254104923 0.9590725972441214 0.974265278277048 0.7925979707548629 0.9379884953571004 0.8585739133555349 0.8544475882348832 0.7399124691861456 0.734255476539193 0.8620959253004353 0.5649175914774641 0.5134045398835764 0.41504592188930506 0.17917564468674035 0.19793378102641931 -0.1769214180534909 0.019692739063179917 0.04947875224591347 
0.6703392488522288 0.526139633561604 0.38100171829815876 0.30012575986917495 0.5915104184799757 0.7186592804759989 0.7562693504794896 0.2195549059722837 0.863118409135196 0.9729472881484326 0.9480396095769511 0.988397907854136 0.9906791937857855 0.9546523582727735 0.974265278277048 0.8084145515248911 0.9379884953571004 0.8507573816736783 0.851403959226552 0.740992942471294 0.7330235193444112 0.8599900188166733 0.5582814801788495 0.6271878678574148 0.4052912964081435 0.8850744127604437 0.19793378102641931 -0.2577616907886697 0.019692739063179917 0.3035208569228378 
0.6713270019119126 0.5322047544705455 0.39831534231405313 0.30012575986917495 0.5943709964726178 0.7186592804759989 0.7562693504794896 0.2195549059722837 0.8471770584199209 0.9774358719987121 0.9480396095769511 0.9860797577286007 0.9906791937857855 0.957553090736441 0.974265278277048 0.7909621875532198 0.9379884953571004 0.5893968188031662 0.8522055659136315 0.7318830682230577 0.7330235193444112 0.8581077107404099 0.5582814801788495 0.6271878678574148 0.40928261611763167 0.18229253997874403 0.19793378102641931 -0.2524757807307965 0.019692739063179917 0.3035208569228378 
0.6713270019119126 0.5365536839472675 0.39831534231405313 0.3079800627461763 0.6056801397524568 0.7186592804759989 0.7373993038439439 0.21782113637835013 0.8558133655025433 0.9952375956938819 0.9402308817634355 0.9652710677759899 0.9906791937857855 0.9575991460123762 0.9640511037062304 0.5991393638206379 0.9379884953571004 0.5963584302243476 0.8396335493963727 0.7318830682230577 0.7330235193444112 0.8597401136719086 0.583400306178057 0.6271878678574148 0.4160487201713544 0.19170278510076305 0.19793378102641931 -0.2577616907886697 0.022773707889564124 0.3035208569228378 
0.6713270019119126 -0.5436837646831594 0.4032010854309148 0.6737755227616361 0.5967433296324385 0.7305529882817745 0.7562693504794896 0.2195549059722837 0.8692009936478686 0.9729472881484326 0.9480396095769511 0.988397907854136 0.9906791937857855 0.9631799145504193 0.9793528283014497 0.8084145515248911 0.9333118036990112 0.8587400952834282 0.851403959226552 0.7329471428435446 0.7404428545956228 0.8620959253004353 0.5658482343946275 0.6271878678574148 0.4183902791538218 0.4726969451297046 0.19793378102641931 -0.2524757807307965 0.008738527653566645 0.3035208569228378 
0.6713270019119126 -0.5436837646831594 0.4032010854309148 0.6737755227616361 0.5967433296324385 0.7305529882817745 0.7562693504794896 0.2195549059722837 0.8692009936478686 0.9729472881484326 0.9480396095769511 0.988397907854136 0.9906791937857855 0.9631799145504193 0.9793528283014497 0.8084145515248911 0.9333118036990112 0.8587400952834282 0.851403959226552 0.7329471428435446 0.7404428545956228 0.8620959253004353 0.5658482343946275 0.6271878678574148 0.4183902791538218 0.4726969451297046 0.19793378102641931 -0.2524757807307965 0.008738527653566645 0.3035208569228378 
0.3527117995231728 0.5302644214041322 0.703147773648588 0.677700146422238 0.5918754080413822 0.8273100276979708 0.8787922415571836 0.929365180304755 0.8565790573311486 0.980004305096806 0.9153174657116542 0.9869193051111469 0.6909459052635769 0.9607576987868092 0.6761058597745988 0.8840791984344621 0.12247781959215631 0.797362165854102 0.7460542567079966 0.6464487859326884 -0.23363805175431396 0.4758549633839702 0.49403416415892165 0.2753103280279126 0.23968663178792426 0.07100767643229608 0.17601074784477264 -0.16967434405496573 -0.2836215094300991 -0.34545956924849214 
0.3527117995231728 0.5395799835430948 0.4810071584328847 0.6649727007184826 0.5918754080413822 0.8524400537495285 0.8831492754372376 0.9150309946708095 0.8583428233660485 0.980004305096806 0.8019734583550191 0.9869193051111469 0.6866240056749928 0.9794774862689072 0.9177023688274469 0.8782600755672949 0.5866427827713766 0.7949770074533251 0.7514349504465512 0.6464487859326884 -0.49255049287993713 0.47254615177885584 0.5773873510482752 0.2753103280279126 0.23968663178792426 0.07037862666621857 0.18996078309425318 -0.16012891901494047 -0.2836215094300991 -0.35235762300060053 
0.3527117995231728 0.5302644214041322 0.703147773648588 0.677700146422238 0.5918754080413822 0.8273100276979708 0.8787922415571836 0.929365180304755 0.8565790573311486 0.980004305096806 0.9153174657116542 0.9869193051111469 0.6909459052635769 0.9607576987868092 0.6761058597745988 0.8840791984344621 0.12247781959215631 0.797362165854102 0.7460542567079966 0.6464487859326884 -0.23363805175431396 0.4758549633839702 0.49403416415892165 0.2753103280279126 0.23968663178792426 0.07100767643229608 0.17601074784477264 -0.16967434405496573 -0.2836215094300991 -0.34545956924849214 
0.3527117995231728 0.5302644214041322 0.703147773648588 0.6722126709350664 0.5930999170484059 0.8273100276979708 0.8787922415571836 0.929365180304755 0.7121677622832633 0.9954260429932422 0.9153174657116542 0.9869193051111469 0.6944330936832214 0.9711564635805507 0.6698185638842324 0.8840791984344621 0.12247781959215631 0.8003939517287205 0.39087627365543987 0.6473095429199383 0.48995009128330175 0.4744822857533242 0.5715892593545135 0.29073191064528403 0.23213308251915787 0.053329202822191515 0.17601074784477264 -0.16967434405496573 -0.270234004048426 -0.3491607658738741 
0.3527117995231728 0.5302644214041322 0.703147773648588 0.6722126709350664 0.5930999170484059 0.8273100276979708 0.8787922415571836 0.929365180304755 0.7121677622832633 0.9954260429932422 0.9153174657116542 0.9869193051111469 0.6944330936832214 0.9711564635805507 0.6698185638842324 0.8840791984344621 0.12247781959215631 0.8003939517287205 0.39087627365543987 0.6473095429199383 0.48995009128330175 0.4744822857533242 0.5715892593545135 0.29073191064528403 0.23213308251915787 0.053329202822191515 0.17601074784477264 -0.16967434405496573 -0.270234004048426 -0.3491607658738741 
0.3527117995231728 0.5385635459248835 0.4719158340657985 0.6617395604288111 0.5918754080413822 0.8309123406672698 0.8833001630616878 0.9150309946708095 0.8569249591778972 0.9913559384885943 0.8205873099279165 0.9872170547207294 0.7028274018288261 0.9794774862689072 0.9177023688274469 0.8840791984344621 0.9242186971474062 0.797362165854102 0.7451644081215226 0.656380879252594 -0.23363805175431396 0.4758549633839702 0.5810590685072736 0.2753103280279126 0.23968663178792426 0.07100767643229608 0.17601074784477264 -0.1667391433207814 -0.3580303435348745 -0.3463887003026522 
0.3527117995231728 0.5362614748311536 0.703147773648588 0.6649727007184826 0.5870579308301298 0.8404036307650119 0.8825683592980831 0.9115099925078507 0.7121677622832633 0.9913559384885943 0.8107293476810893 0.9858372185097549 0.6944330936832214 0.976725769361004 0.6698185638842324 0.8840791984344621 0.9191477758999245 0.7938565366087443 0.7525735776008236 0.6473095429199383 0.4808944741032092 0.4758549633839702 0.572426460584646 0.29073191064528403 0.3992063799056358 0.07317590066274691 0.18775982878937414 -0.16967434405496573 -0.3587986977587972 -0.3491607658738741 
0.3527117995231728 0.5385635459248835 0.4770468710322816 0.6660661109582818 0.5918754080413822 0.8309123406672698 0.8825683592980831 0.9150309946708095 0.862746445380619 0.9913559384885943 0.8107293476810893 0.9850581764889147 0.6944330936832214 0.9881509457855311 0.9101010682101941 0.8755702231408471 0.17319445464422611 0.7926387792554316 0.7525735776008236 0.6473095429199383 0.4746255491548814 0.4758549633839702 0.5729729070335029 0.2662439824038805 0.23803578581761614 0.07530616735481595 0.18996078309425318 -0.13461252909051272 -0.35646006439189964 -0.33312987542646716 
0.3527117995231728 0.5362614748311536 0.703147773648588 0.6649727007184826 0.5870579308301298 0.8404036307650119 0.8825683592980831 0.9115099925078507 0.7121677622832633 0.9913559384885943 0.8107293476810893 0.9858372185097549 0.6944330936832214 0.976725769361004 0.6698185638842324 0.8840791984344621 0.9191477758999245 0.7938565366087443 0.7525735776008236 0.6473095429199383 0.4808944741032092 0.4758549633839702 0.572426460584646 0.29073191064528403 0.3992063799056358 0.07317590066274691 0.18775982878937414 -0.16967434405496573 -0.3587986977587972 -0.3491607658738741 
0.3527117995231728 0.5182313499617973 0.4770468710322816 0.6677242970133244 0.5918754080413822 0.8404036307650119 0.8825683592980831 0.9277329212118967 0.8506413904517245 0.9877116692375851 0.8205873099279165 0.9858372185097549 0.6944330936832214 0.9794774862689072 0.6678754099541419 0.8840791984344621 0.9191477758999245 0.7859584093064362 0.7465305319866957 0.6473095429199383 0.38428350118766774 0.48727223510984413 0.572426460584646 0.28026499970194935 0.3992063799056358 0.07100767643229608 0.18401365578948287 -0.17266315267792406 -0.35666551042409694 -0.33312987542646716 
0.3527117995231728 0.5395799835430948 0.4770468710322816 0.6633098680257549 0.5918754080413822 0.8353142811511529 0.8831492754372376 0.9146694794998875 0.8583428233660485 0.980004305096806 0.8119214782742782 0.9918406729343842 0.6866240056749928 0.9881509457855311 0.9309259303351086 0.8760273840610117 0.6280475040112758 0.7949770074533251 0.7514349504465512 0.6464487859326884 0.4746255491548814 0.4870652118912165 0.5744824913304493 0.28026499970194935 0.23968663178792426 0.07100767643229608 0.18996078309425318 -0.13461252909051272 -0.2836215094300991 -0.33312987542646716 
0.3527117995231728 0.5395799835430948 0.4770468710322816 0.6633098680257549 0.5918754080413822 0.8353142811511529 0.8831492754372376 0.9146694794998875 0.8583428233660485 0.980004305096806 0.8119214782742782 0.9918406729343842 0.6866240056749928 0.9881509457855311 0.9309259303351086 0.8760273840610117 0.6280475040112758 0.7949770074533251 0.7514349504465512 0.6464487859326884 0.4746255491548814 0.4870652118912165 0.5744824913304493 0.28026499970194935 0.23968663178792426 0.07100767643229608 0.18996078309425318 -0.13461252909051272 -0.2836215094300991 -0.33312987542646716 
0.35210776253773923 0.5125573413433991 0.4810071584328847 0.6885004326954804 0.5960079481103993 0.8445606773472155 0.7500189990513705 0.9381126057449993 0.7204020923982402 0.9864385982997945 0.9153174657116542 0.9834441356482165 0.9016889338877805 0.9839104192973215 0.9203691109817488 0.874171037289689 0.9119545271453499 0.8003939517287205 0.7563584276202882 0.6453855698126408 0.38309038489161473 0.4874387162577284 0.5741914570631586 0.28026499970194935 0.267630726906673 0.07100767643229608 0.11246564124470906 -0.13301649628919254 -0.2933704245981525 -0.3272138887472804 
0.3527117995231728 0.5280778683298895 0.47719444616975587 0.6649727007184826 0.6443265030668853 0.8445606773472155 0.8691653205503392 0.9381126057449993 0.7124209843893751 0.9595067465260235 0.9161524008558991 0.9866881948111306 0.9325360534604508 0.9723972680132881 0.922890729853363 0.9049582517285731 0.9115260539616697 0.8085510756340909 0.7514349504465512 0.6570451518210279 0.47394948589917485 0.5067179949314594 0.500727638394165 0.28983594331241075 0.23968663178792426 0.07709333147591214 0.011203335849397908 -0.1273912235111635 -0.2836215094300991 -0.3396204080946237 
0.35118800911977915 0.4874240220277412 0.6231206952579009 0.673993883033283 0.7420583246652961 0.8328858195903247 0.7510051842106945 0.9108556298673556 0.9230927413034333 0.9794505469584466 0.9265351334340018 0.9849274347260897 0.9016889338877805 0.9571232844250332 0.9813267806597581 0.9246549719873519 0.9149144281795161 0.8096864679584621 0.756465928359457 0.6668414564294027 0.5884300902946571 0.5025791573772802 0.5001894943790532 0.33869385862590295 0.2630738224857488 0.0933192007240738 0.11246564124470906 -0.09643154898087425 -0.29657159665794647 -0.3272418604083678 
0.3470005102856688 0.4912619458191541 0.43569153330996957 0.6490078289968239 0.7115726769910089 0.8222186562095917 0.7500189990513705 0.907634484676489 0.914060095366915 0.9774140721605333 0.8135854507372714 0.9973411362115238 0.9025946345655045 0.9630816225871572 0.9318111158799481 0.9238009649468988 0.9198129448982063 0.8096864679584621 0.7514774110427185 0.6642693389315311 0.7020875902495122 0.5148977973922244 0.5247310769160596 0.3063037158054008 0.26289011469954804 0.09953189595893411 0.10965627936742375 -0.10665031787170011 -0.2836215094300991 -0.2944768568334361 
0.3452585824466852 0.48942013922309974 0.47719444616975587 0.6849692558859951 0.7629136813494481 0.8298830665202981 0.7500189990513705 0.9381126057449993 0.8786982067601277 0.9755178296275346 0.9153174657116542 0.9834441356482165 0.9016889338877805 0.9630816225871572 0.922890729853363 0.9133293986096117 0.9119545271453499 0.8185000385563336 0.7563584276202882 0.6570451518210279 0.7020875902495122 0.5067179949314594 0.500727638394165 0.2939036127110727 0.267630726906673 0.07709333147591214 0.11246564124470906 -0.10665031787170011 -0.2836215094300991 -0.3202604329312397 
0.34201044022702254 0.40146733383977606 0.420668771122271 0.6511798863974484 0.5690833001280394 0.8211964995491488 0.7769350902803475 0.9540125079824708 0.9001255238260343 0.8165771452423967 0.9440412359363117 0.9807293357684651 0.9489387366890593 0.911495119877318 0.922890729853363 0.9030578193078828 0.9108591230026778 0.7930820510678142 0.8306018325000427 0.7984577424948021 0.6855381238644469 0.5086412903147045 0.612567467006222 0.45210729098180863 0.3604488530726413 0.13778666439277476 0.09061299486269336 -0.07743767880175069 -0.015364874956260368 -0.3152826588180505 
0.34201044022702254 0.404577094666549 0.40499916318748486 0.6496155907308266 0.5690833001280394 0.8211433650450216 0.7769350902803475 0.9540125079824708 0.8597756084487467 0.8165771452423967 0.9362110013623197 0.9827221234975274 0.9489387366890593 0.8920417022146093 0.9909922009131418 0.9030578193078828 0.9108591230026778 0.7901454078237475 0.8306018325000427 0.6376575603477066 0.6855381238644469 0.5086412903147045 0.6058639685898785 0.45210729098180863 0.3604488530726413 0.1414645670876881 0.09844276213626464 -0.08577878703197121 -0.06372894822854813 -0.30822380851514775 
0.3377801314107038 0.3983878623473587 0.38718914876149535 0.6874924525215338 0.553821399307606 0.7293123637282918 0.7604104389455572 0.9039346081583813 0.8696120897494096 0.8165771452423967 0.9331518223503266 0.9843498034817592 0.9855029371368316 0.892635432572753 0.9425163625243245 0.9009421023713137 0.9614253558839635 0.7816004648050291 0.8317924245341555 0.8173046292891909 0.8129310501376975 0.6448543358673016 0.5632862082094243 0.650623108552715 0.42160333311208076 0.13069196200101987 0.22308468533656434 -0.052006305625695665 -0.012053099369479502 0.05322417062863523 
0.3377801314107038 0.3983878623473587 0.41123000279795363 0.6927727554262954 0.5801070215891858 0.7342949964056404 0.7549240113804385 0.9075556809157185 0.8696120897494096 0.7912004028164249 0.9284516303906916 0.9770151697115271 0.972962747410554 0.8924689066611831 0.9998191291413364 0.9006375870893206 0.9727059666755258 0.7719736349080029 0.8802135295532799 0.6291215940048759 0.7558817574097563 0.8648141796784731 0.6127988946354851 0.6606072336653988 0.42160333311208076 0.13069196200101987 0.22012001332201706 -0.05463496938286878 4.615682342678307E-4 -0.062309848221251185 
0.33642583080601157 -0.011552149649863099 0.4074289245836817 0.31707681520825204 0.5819806520975995 0.5598421186901503 0.7527069648298639 0.9043609487429755 0.8614107865880715 0.779849182322812 0.9507243684747266 0.982413241895692 1.0 0.8907445851269625 1.0 0.8907390982770191 0.9699444062648072 0.7855113562062406 0.8745505702851148 0.6589147606759725 0.7692508196488865 0.6537458717421785 0.6307427769490621 0.373592267539526 0.4117754081695103 0.7256724345819991 0.23396795040197194 -0.05495829542255243 0.012267147147514276 0.05397454890466461 
0.33642583080601157 -0.011552149649863099 0.4074289245836817 0.31707681520825204 0.5819806520975995 0.5598421186901503 0.7527069648298639 0.9043609487429755 0.8614107865880715 0.779849182322812 0.9507243684747266 0.982413241895692 1.0 0.8907445851269625 1.0 0.8907390982770191 0.9699444062648072 0.7855113562062406 0.8745505702851148 0.6589147606759725 0.7692508196488865 0.6537458717421785 0.6307427769490621 0.373592267539526 0.4117754081695103 0.7256724345819991 0.23396795040197194 -0.05495829542255243 0.012267147147514276 0.05397454890466461 
0.3366701808463028 0.16608462743614827 0.3884026555267014 0.6971401338995137 0.5801070215891858 0.7198029258741596 0.7527069648298639 0.9075556809157185 0.8696120897494096 0.779849182322812 0.9633759428302441 0.992286316267083 0.9852883396989637 0.8872201213548592 0.9981072094222394 0.9056838489599369 0.9666091465816077 0.7719736349080029 0.8802135295532799 0.6751292765537221 0.7484994804226268 0.8929352096079648 0.6210024581217855 0.09456912612906274 0.42160333311208076 0.568473089466307 0.22132719393987355 -0.20501680541343442 0.013218797627346629 -0.062309848221251185 
0.3366701808463028 -0.006874799872530926 0.40499916318748486 0.6916389612042195 0.578057319864429 0.7326302189622845 0.7559117751218287 0.9043609487429755 0.8597756084487467 0.7917700047900159 0.9507243684747266 0.9881154114343935 1.0 0.9021378266657447 1.0 0.8902886969747665 0.976353842957912 0.7855113562062406 0.8745505702851148 0.6629199384109278 0.7627890270195922 0.6435943428135057 0.6212500138273335 0.09448746280350831 0.42160333311208076 0.13069196200101987 0.22442553201152582 0.5408710456804158 0.020502411558440663 0.048566172438436785 
0.33642583080601157 -0.011552149649863099 0.41421753484408685 0.3235383709372856 0.5819806520975995 0.5598421186901503 0.7527069648298639 0.9043609487429755 0.8597756084487467 0.779849182322812 0.9416737163925428 0.9846588541898565 1.0 0.8907445851269625 0.9922044525180629 0.8857712370086499 0.9699444062648072 0.7855113562062406 0.8745505702851148 0.6589147606759725 0.7638991618115715 0.6448543358673016 0.6307427769490621 0.36837541613365277 0.43073572625013096 0.13653050532447963 0.23396795040197194 -0.05495829542255243 0.016997501197093038 0.05397454890466461 
0.33642583080601157 -0.011552149649863099 0.40499916318748486 0.6916389612042195 0.576519959358885 0.5618361007289328 0.7527069648298639 0.8949702002644584 0.8548223695867408 0.779849182322812 0.9507243684747266 0.9936869840076322 1.0 0.8880153102120095 0.9922044525180629 0.8933967737657897 0.9796992646769653 0.7819348777444539 0.8745505702851148 0.6589147606759725 0.7632566251475943 0.6442891153406965 0.6212500138273335 0.09241903686122047 0.42160333311208076 0.14148088533675815 0.2272064136491294 -0.5697681819854714 0.016997501197093038 0.05397454890466461 
0.33642583080601157 -0.011552149649863099 0.40499916318748486 0.6916389612042195 0.576519959358885 0.5618361007289328 0.7527069648298639 0.8949702002644584 0.8548223695867408 0.779849182322812 0.9507243684747266 0.9936869840076322 1.0 0.8880153102120095 0.9922044525180629 0.8933967737657897 0.9796992646769653 0.7819348777444539 0.8745505702851148 0.6589147606759725 0.7632566251475943 0.6442891153406965 0.6212500138273335 0.09241903686122047 0.42160333311208076 0.14148088533675815 0.2272064136491294 -0.5697681819854714 0.016997501197093038 0.05397454890466461 
0.3366701808463028 -0.011552149649863099 0.40499916318748486 0.6909811685828393 0.5819806520975995 0.5598421186901503 0.7472064936237924 0.9043609487429755 0.8597756084487467 0.7771283579242523 0.9416737163925428 0.9846588541898565 0.9879121303453935 0.8907445851269625 0.9953513531032976 0.027451202766405024 0.9763271193022164 0.7882953355686017 0.8745505702851148 0.6600485797882819 0.7638991618115715 0.6474654343316284 0.6137111987654909 0.4738558326034088 0.42160333311208076 0.13653050532447963 0.23446972951929285 -0.05495829542255243 0.016997501197093038 0.04580936935229125 
0.3366701808463028 -0.011552149649863099 0.4080388887781387 0.6916389612042195 0.578057319864429 0.5504578416572087 0.7472064936237924 0.8949702002644584 0.8597756084487467 0.779849182322812 0.9416737163925428 0.9788386040288533 0.981866638878217 0.9064444814179404 0.9953513531032976 0.035208808934057305 0.9695120795612072 0.7882953355686017 0.8745505702851148 0.6613613140578682 0.7609327288743649 0.6474654343316284 0.6073055181411401 0.09448746280350831 0.4294706863795835 0.13653050532447963 0.23997561741830473 -0.05495829542255243 0.016997501197093038 0.0594618066693022 
0.3366701808463028 -0.011552149649863099 0.40499916318748486 0.685698449830111 0.580552187950893 0.5615478467332939 0.731212281686958 0.8949702002644584 0.8597756084487467 0.7848712629094888 0.9416737163925428 0.9846588541898565 0.981866638878217 0.8716168594763967 0.9953513531032976 0.03688868648448568 0.9763271193022164 0.7882953355686017 0.8745505702851148 0.6534840631417498 0.7709929937621958 0.6474654343316284 0.6198507642256403 0.09448746280350831 0.42809865205258846 0.13653050532447963 0.23997561741830473 -0.03892793983955883 0.016997501197093038 0.0594618066693022 
0.3366701808463028 -0.011552149649863099 0.4080388887781387 0.6916389612042195 0.578057319864429 0.5504578416572087 0.7472064936237924 0.8949702002644584 0.8597756084487467 0.779849182322812 0.9416737163925428 0.9788386040288533 0.981866638878217 0.9064444814179404 0.9953513531032976 0.035208808934057305 0.9695120795612072 0.7882953355686017 0.8745505702851148 0.6613613140578682 0.7609327288743649 0.6474654343316284 0.6073055181411401 0.09448746280350831 0.4294706863795835 0.13653050532447963 0.23997561741830473 -0.05495829542255243 0.016997501197093038 0.0594618066693022 
0.3366701808463028 -0.011552149649863099 0.40499916318748486 0.31707681520825204 0.5825331734115647 0.5615478467332939 0.7375142520742644 0.8949702002644584 0.8573135623859348 0.779849182322812 0.9416737163925428 0.9788386040288533 1.0 0.9064444814179404 0.9879864944115458 0.031747721226938024 0.9617379338664094 0.09290581413616761 0.8745505702851148 0.6589147606759725 0.7709929937621958 0.6498606077235396 0.6073055181411401 0.09448746280350831 0.4294706863795835 0.13653050532447963 0.23396795040197194 -0.04628331562855353 0.016997501197093038 0.05651752830118011 
0.3366701808463028 -0.011552149649863099 0.40499916318748486 0.685698449830111 0.580552187950893 0.5615478467332939 0.731212281686958 0.8949702002644584 0.8597756084487467 0.7848712629094888 0.9416737163925428 0.9846588541898565 0.981866638878217 0.8716168594763967 0.9953513531032976 0.03688868648448568 0.9763271193022164 0.7882953355686017 0.8745505702851148 0.6534840631417498 0.7709929937621958 0.6474654343316284 0.6198507642256403 0.09448746280350831 0.42809865205258846 0.13653050532447963 0.23997561741830473 -0.03892793983955883 0.016997501197093038 0.0594618066693022 
0.06093027672570758 0.9975147859711988 0.7494186148396141 0.9853605455427409 0.9533012397410733 0.965994168509358 0.8771132125248301 0.9438435378017004 0.691675126305202 0.8053515575788295 0.8251103442460813 0.732247894384748 0.6394199495996556 0.5825316498953351 -0.35289378433285123 0.37371997296701653 0.3324804230769762 0.14078815794390126 -0.5040795726671798 -0.13185491064597743 0.48388500655344546 -0.3477238902987628 -0.4275897826741721 -0.41285775651367984 -0.6233997157334382 -0.6392444949400091 -0.8707144872744248 -0.8046990329390751 -0.9603875120705605 -0.877295594304967 
0.06093027672570758 0.9848716744381762 0.746852722846072 0.9913466469003401 0.9520908730489344 0.9729771243009764 0.8771132125248301 0.9438435378017004 0.6887538598962766 0.8053515575788295 0.2483193551297798 0.732247894384748 0.6319676290002428 0.5880519087519526 -0.0541300834109191 0.3831299031170133 0.33036373299250027 0.14078815794390126 0.32067168635962173 -0.13185491064597743 0.4822158519005786 -0.3477238902987628 -0.4275897826741721 -0.4030097207303061 -0.6139549336644846 -0.6361635620685102 -0.8682276897060177 -0.8046990329390751 -0.9870275629808302 -0.8816977432713832 
0.06093027672570758 0.9975147859711988 0.7494186148396141 0.9853605455427409 0.9533012397410733 0.965994168509358 0.8771132125248301 0.9438435378017004 0.691675126305202 0.8053515575788295 0.8251103442460813 0.732247894384748 0.6394199495996556 0.5825316498953351 -0.35289378433285123 0.37371997296701653 0.3324804230769762 0.14078815794390126 -0.5040795726671798 -0.13185491064597743 0.48388500655344546 -0.3477238902987628 -0.4275897826741721 -0.41285775651367984 -0.6233997157334382 -0.6392444949400091 -0.8707144872744248 -0.8046990329390751 -0.9603875120705605 -0.877295594304967 
0.06093027672570758 1.0 0.7494186148396141 0.9807027341562585 0.9527221007188061 0.9662704787742792 0.854964907493073 0.9698973848219609 0.9029999276671896 0.813502682193054 0.8251103442460813 0.746469372072265 0.6424911579460694 0.5953342759685705 0.35041860304890676 0.38262151812735595 0.3324804230769762 0.13418337871368435 -0.9122309047782096 -0.13262870608282645 -0.14507681372968503 -0.3354848826550331 -0.4319743614218982 -0.4282629654766356 -0.6218214361281188 -0.6366013680575929 -0.8614396337549924 -0.8046990329390751 -0.9718688652017023 -0.8760190432877116 
0.06093027672570758 0.9848716744381762 0.746852722846072 0.9913466469003401 0.9520908730489344 0.9729771243009764 0.8771132125248301 0.9438435378017004 0.6887538598962766 0.8053515575788295 0.2483193551297798 0.732247894384748 0.6319676290002428 0.5880519087519526 -0.0541300834109191 0.3831299031170133 0.33036373299250027 0.14078815794390126 0.32067168635962173 -0.13185491064597743 0.4822158519005786 -0.3477238902987628 -0.4275897826741721 -0.4030097207303061 -0.6139549336644846 -0.6361635620685102 -0.8682276897060177 -0.8046990329390751 -0.9870275629808302 -0.8816977432713832 
0.06093027672570758 0.9848716744381762 0.7504371326177492 0.9873158447155144 0.9520908730489344 0.9662704787742792 0.8692992420567469 0.9438435378017004 0.6887538598962766 0.8057253118206951 0.8251103442460813 0.732247894384748 0.6424911579460694 0.5805618640098857 0.35041860304890676 0.38262151812735595 0.3324804230769762 0.14515730414784844 -0.5040795726671798 -0.14299836716670353 0.4822158519005786 -0.34047773220624594 -0.4319743614218982 -0.4030097207303061 -0.6218214361281188 -0.6361635620685102 -0.9197242901944473 -0.8046990329390751 -0.9603875120705605 -0.8816977432713832 
0.06093027672570758 0.993574036398818 0.7494186148396141 0.9853605455427409 0.9491809918167328 0.9729771243009764 0.8771132125248301 0.9566827393532539 0.6887538598962766 0.8053515575788295 0.2554090201330969 0.7378742712730869 0.6430775373829856 0.5843280988813108 -0.058323470614461345 0.37371997296701653 0.3333209945340545 0.14078815794390126 0.396372835258804 -0.13185491064597743 0.1052062592931152 -0.3477238902987628 0.20212317868004817 -0.4030097207303061 -0.6218214361281188 -0.6304042417402765 -0.8745049663013287 -0.8046990329390751 -0.9855493330417905 -0.8816977432713832 
0.06093027672570758 0.9897177704288987 0.7417964109848197 0.9853605455427409 0.9467804301001088 0.9729771243009764 0.8666142191853763 0.9566827393532539 0.6887538598962766 0.7969135661425685 0.24648637287304964 0.731483681844915 0.6430775373829856 0.5843280988813108 -0.058323470614461345 0.37371997296701653 0.3446533405780828 0.09107557802933708 0.396372835258804 -0.13698946267619946 -0.8498855579183294 -0.3215143366161456 -0.4484644731657088 -0.40332961503397 -0.6295189533719374 -0.6304042417402765 -0.8632872656863323 -0.8070423643516854 -0.9644565980472121 -0.8816977432713832 
0.06093027672570758 1.0 0.7414750030778783 0.9837027519212348 0.9473572100226327 0.965994168509358 0.8640817013663266 0.9438435378017004 0.9058870272735917 0.8125858484341196 0.8251103442460813 0.738474997986137 0.6307091489531691 0.48457955288017207 0.37110825176628537 0.38262151812735595 0.3321323239908006 0.14078815794390126 0.3078032989123494 -0.13698946267619946 0.33844431429825605 -0.25705955428891875 -0.4267296056627234 -0.41248114321097695 -0.6188257825151428 -0.6271134746422237 -0.8898288140367663 -0.8107604034781486 -0.9745685246034763 -0.8760190432877116 
0.06093027672570758 1.0 0.7452865307236113 0.9786830787891304 0.9558862152282391 0.9820618336908425 0.8655652575893339 0.9438435378017004 0.890199277447688 0.8249193760415666 0.4624342475178316 0.732247894384748 0.6307091489531691 0.4944633586341305 0.3702625750781351 0.38262151812735595 0.3321323239908006 0.15756716033640888 0.3110407056964486 -0.13698946267619946 -0.1365600779539947 -0.25705955428891875 -0.4267296056627234 -0.40008253122017323 -0.6175264838880814 -0.6219793312292422 -0.9197242901944473 -0.8107604034781486 -0.9739012144512368 -0.8816977432713832 
0.06093027672570758 1.0 0.7414750030778783 0.9837027519212348 0.9473572100226327 0.965994168509358 0.8640817013663266 0.9438435378017004 0.9058870272735917 0.8125858484341196 0.8251103442460813 0.738474997986137 0.6307091489531691 0.48457955288017207 0.37110825176628537 0.38262151812735595 0.3321323239908006 0.14078815794390126 0.3078032989123494 -0.13698946267619946 0.33844431429825605 -0.25705955428891875 -0.4267296056627234 -0.41248114321097695 -0.6188257825151428 -0.6271134746422237 -0.8898288140367663 -0.8107604034781486 -0.9745685246034763 -0.8760190432877116 
0.06093027672570758 0.993574036398818 0.7452865307236113 0.9852598997653548 0.9515703762342163 0.9820618336908425 0.8729663359430069 0.9838179626633267 0.9569728299423629 0.832723994012456 0.2483193551297798 0.732247894384748 0.6307091489531691 0.5825316498953351 -0.0541300834109191 0.3831299031170133 0.34509476752201673 0.13418337871368435 0.32067168635962173 -0.13698946267619946 -0.1365600779539947 -0.3378680884388342 -0.4275897826741721 -0.40235293349184204 -0.6139549336644846 -0.6361635620685102 -0.8653977810071065 -0.8046990329390751 -0.9692536060320818 -0.8816977432713832 
0.06093027672570758 0.993574036398818 0.7494186148396141 0.983811426934943 0.9515703762342163 0.9729771243009764 0.8729663359430069 0.9754582393651062 0.9669336320493525 0.8053515575788295 0.24648637287304964 0.746469372072265 0.6307091489531691 0.5825316498953351 -0.06153018887286177 0.37371997296701653 0.34509476752201673 0.13418337871368435 0.38983747250566547 -0.13698946267619946 -0.14507681372968503 -0.3215143366161456 -0.4484644731657088 -0.40332961503397 -0.63138918222711 -0.6366013680575929 -0.8614396337549924 -0.8046990329390751 -0.9692536060320818 -0.8816977432713832 
0.06093027672570758 1.0 0.7452865307236113 0.9786830787891304 0.9558862152282391 0.9820618336908425 0.8655652575893339 0.9438435378017004 0.890199277447688 0.8249193760415666 0.4624342475178316 0.732247894384748 0.6307091489531691 0.4944633586341305 0.3702625750781351 0.38262151812735595 0.3321323239908006 0.15756716033640888 0.3110407056964486 -0.13698946267619946 -0.1365600779539947 -0.25705955428891875 -0.4267296056627234 -0.40008253122017323 -0.6175264838880814 -0.6219793312292422 -0.9197242901944473 -0.8107604034781486 -0.9739012144512368 -0.8816977432713832 
0.06093027672570758 0.9839678127738288 0.7548501515214496 0.9817849757626197 0.957070849192157 0.9729771243009764 0.8363317273115743 0.9438435378017004 0.8758136407838522 0.8404746612002427 0.8200676479123394 0.7247394242675917 0.6233028135687474 0.5929996770746218 0.717763878831354 0.3831299031170133 0.319724090953959 0.13632069086811083 0.3094856899955939 -0.1486938220039795 -0.13584597060259057 -0.34029931730705787 -0.7529803876451602 -0.4210231838878945 -0.1179033266947942 -0.6356409851770667 -0.9197242901944473 -0.7358459000118451 -0.9648161432715049 -0.8816977432713832 
0.06093027672570758 0.9839678127738288 0.7452865307236113 0.9873158447155144 0.9576133076124383 0.9729771243009764 0.8725911463178267 0.9906794804329426 0.6887538598962766 0.8057253118206951 0.2483193551297798 0.732247894384748 0.6233028135687474 0.5805618640098857 0.7192631929311475 0.3831299031170133 0.3281246917408705 0.1403831256614728 0.3011219191841616 -0.1356782673924613 -0.14507681372968503 -0.34902621242999354 -0.4319743614218982 -0.40235293349184204 -0.6139549336644846 -0.6361635620685102 -0.9197242901944473 -0.8046990329390751 -0.9721538815966986 -0.8816977432713832 
0.06093027672570758 0.9944400495933297 0.7504371326177492 0.9794491530791117 0.9597112626716943 0.9729771243009764 0.8655652575893339 0.936229419365046 0.8685489043169811 0.8057253118206951 0.8166717996551575 0.7333012164349689 0.6283397586048954 0.5929996770746218 0.18289444319691195 0.3831299031170133 0.3324804230769762 0.14871637440084282 0.3094856899955939 -0.1486938220039795 0.10491761928378003 -0.34047773220624594 -0.7529803876451602 -0.4027704692794621 -0.6218214361281188 -0.6362050390042684 -0.9197242901944473 -0.7358459000118451 -0.9739012144512368 -0.8731582354606211 
0.06093027672570758 0.9990440131038019 0.7494186148396141 0.9807027341562585 0.9527221007188061 0.965994168509358 0.8640817013663266 0.9438435378017004 0.9058870272735917 0.813502682193054 0.8251103442460813 0.738474997986137 0.6403118883003706 0.5863140914297704 0.35041860304890676 0.38262151812735595 0.33036373299250027 0.14078815794390126 0.3786203573097443 -0.13698946267619946 -0.1665959097659102 -0.34029931730705787 -0.4319743614218982 -0.4130224243474215 -0.6218214361281188 -0.6271134746422237 -0.8955069680232992 -0.7277052849597866 -0.9738182240354604 -0.8760190432877116 
0.05994577127623696 1.0 0.7335678978557665 0.9786830787891304 0.9558862152282391 0.965994168509358 0.8655652575893339 0.9438435378017004 0.8907853561318826 0.8167466150434595 0.4624342475178316 0.732247894384748 0.6283397586048954 0.5805618640098857 0.36796719359134894 0.38262151812735595 0.3388004329164668 0.14871637440084282 0.3094856899955939 -0.14611555662386683 0.10491761928378003 -0.25491134917358466 -0.4323055479401982 -0.40215130924068254 -0.6175264838880814 -0.6219793312292422 -0.9197242901944473 -0.7358459000118451 -0.9739012144512368 -0.8917925387921832 
0.05994577127623696 1.0 0.7335678978557665 0.9786830787891304 0.9558862152282391 0.965994168509358 0.8655652575893339 0.9438435378017004 0.8907853561318826 0.8167466150434595 0.4624342475178316 0.732247894384748 0.6283397586048954 0.5805618640098857 0.36796719359134894 0.38262151812735595 0.3388004329164668 0.14871637440084282 0.3094856899955939 -0.14611555662386683 0.10491761928378003 -0.25491134917358466 -0.4323055479401982 -0.40215130924068254 -0.6175264838880814 -0.6219793312292422 -0.9197242901944473 -0.7358459000118451 -0.9739012144512368 -0.8917925387921832 
0.06093027672570758 1.0 0.7494186148396141 0.9786830787891304 0.953302222041801 0.9567238817514889 0.8363317273115743 0.9523194301519794 0.8864075879924799 0.8404746612002427 0.8200676479123394 0.732247894384748 0.6497221027885005 0.5929996770746218 0.3600294697892055 0.20399105597035083 0.3388004329164668 0.15284965408440315 0.16264362717045894 -0.15806369514347007 0.10020968596684866 -0.39986620230325576 -0.4494310613989042 -0.4210231838878945 -0.7625764302891249 -0.6450287211454112 -0.9197242901944473 -0.7358459000118451 -0.9611739608621016 -0.8566027313422876 
0.06093027672570758 1.0 0.7573163441023503 0.9907690700496907 0.9607966001533561 0.9574482697484465 0.8363317273115743 0.9523194301519794 0.909081881103479 0.8404746612002427 0.8188920481444695 0.7607856953835954 0.6404500553429904 0.5981068903286985 0.3600294697892055 0.20399105597035083 0.34369802438318064 0.1405369087017923 0.17042374537727295 -0.1310255082661766 0.10020968596684866 -0.3539916393555368 -0.4494310613989042 -0.4210231838878945 -0.63878986404401 -0.6394943573614598 -0.912403093592097 -0.7375039317738422 -0.9611739608621016 -0.851448750294495 
0.05599374638448429 0.980400657439891 0.7548123172774142 0.96203987807229 0.9564913103285145 0.9688896261130137 0.9631910437818796 1.0 0.9027025531479587 0.9125925127844369 0.8315420344260315 0.7560284257349128 0.5198064899378854 0.6137360797177313 0.5686608679782875 0.4366979858297337 0.33184767187430575 0.24300495732400207 0.17694719982638762 -0.011470515447237609 0.11349677686451942 -0.2004761252420596 -0.20954985025884285 -0.38293572023642475 -0.4505587066787514 -0.5431713068536979 -0.9074919926980995 -0.7303822234235516 -0.813080124571287 -0.7439672537931137 
0.05599374638448429 0.9937041883267999 0.7447019898603406 0.9810652131289747 0.9444163692889739 0.9683031744103279 0.9631910437818796 0.9515826426369471 0.8879315438476638 0.921785592886545 0.8110390714993787 0.7465176128149872 0.6422834808652269 0.6032961563475018 0.5615305074750824 0.3678408807101066 0.3433120666437741 0.1405369087017923 -0.014392102526996187 -0.12224797364924092 -0.058365654783027625 -0.34029931730705787 -0.3834045269527617 -0.41267607403851525 -0.6287721812654941 -0.6390389191937629 -0.8988753628524032 -0.6255921731495354 -0.958386853963803 -0.8526219291502879 
0.051686381095165976 0.8300055825733981 0.7803263244187052 0.9643329256828694 0.9423870016183619 0.9605472386034349 0.9508044266569552 1.0 0.9071236260424839 0.9536632762399911 0.8062328143598114 0.8820502851688136 0.5198064899378854 0.7423489194766892 0.5615305074750824 0.43481969144566723 0.5050133536177067 0.29190440483871943 0.31820287084746385 0.07887927232750198 -0.061038991277611754 -0.16842970827210826 -0.20954985025884285 -0.3718909546851237 -0.4515611399397044 -0.5404981919413544 -0.38480477706189575 -0.620636734275775 -0.8085864832295464 -0.737715154847707 
0.04958129845737485 0.840960603643677 0.7774235680328998 0.9632508602820573 0.9420896751111587 0.9572156037930274 0.9473691044972113 1.0 0.875373934109145 0.9614220251249178 0.8062328143598114 0.9241792165708157 0.8902310649156651 0.7423489194766892 0.559280387395247 0.5176570846872132 0.5050133536177067 0.42120994669020756 0.3250773800309861 0.08829106661889335 0.09273957779625808 -0.044589922198114786 -0.20468378234426096 -0.26815526355109925 -0.4674408897325673 -0.5358202944345207 -0.38480477706189575 -0.6138384906892991 -0.8033603553384718 -0.737715154847707 
0.04186928170173208 0.8453102557391311 0.7781394214505364 0.9701873901204288 0.9401022994648174 0.49007866153921265 0.9401712436691335 0.9936838502945511 0.8890491792580023 0.921165059168603 0.9083916074764452 0.9070425715495254 0.8902310649156651 0.7526190758888548 0.559280387395247 0.8718875932257614 0.5050133536177067 0.40494448459036947 0.608374264314779 0.10285351936218964 0.08482752201799204 0.2473817461766583 -0.10833605671696331 -0.26421559625685587 -0.1616141474488135 -0.5446155534991246 -0.3907843917945059 -0.6103287205904846 -0.8033603553384718 -0.737715154847707 
0.023885225486207876 0.8317320760840631 0.6192623348006172 0.689187037739414 0.7877417790060132 0.4752448896134061 0.9757100308447729 0.907634484676489 0.9662547200786377 0.9672950662169635 0.9069354254630313 0.8883304443769786 0.9025946345655045 0.9863949574207208 0.9291677204207891 0.8591324549106392 0.9316693248383104 0.7241810640113967 0.5988019898787487 0.5777141485574179 0.6164013781406527 0.5404654563200473 0.188922574427295 0.24062458269266765 0.15485209223986302 0.003006051370180867 -0.12888080795925025 -0.12836957406146376 -0.6549660489076572 -0.4538318301101083 
0.023885225486207876 0.8317320760840631 0.6192623348006172 0.689187037739414 0.7877417790060132 0.4752448896134061 0.9757100308447729 0.907634484676489 0.9662547200786377 0.9672950662169635 0.9069354254630313 0.8883304443769786 0.9025946345655045 0.9863949574207208 0.9291677204207891 0.8591324549106392 0.9316693248383104 0.7241810640113967 0.5988019898787487 0.5777141485574179 0.6164013781406527 0.5404654563200473 0.188922574427295 0.24062458269266765 0.15485209223986302 0.003006051370180867 -0.12888080795925025 -0.12836957406146376 -0.6549660489076572 -0.4538318301101083 
0.023885225486207876 0.8317320760840631 0.6192623348006172 0.689187037739414 0.7877417790060132 0.4752448896134061 0.9757100308447729 0.9143439835109686 0.9662547200786377 0.9821006355812527 0.9069354254630313 0.887678044549789 0.9090203509233659 0.9863949574207208 0.9239235608201938 0.8633408276534054 0.9316693248383104 0.7364429937216854 0.6063870869685614 0.5777141485574179 0.629537624505924 0.5404654563200473 0.17980204176453343 0.24062458269266765 0.15485209223986302 -0.015304394462321014 -0.12888080795925025 -0.11895228733076542 -0.2955958955336857 -0.4538318301101083 
0.019093926261060136 0.454509930034648 0.6189317016630803 0.6861332996237559 0.7957433386889055 0.49249297018978855 0.9757100308447729 0.9186312925286959 0.971442421533754 0.9625734905349903 0.9750637006850944 0.9719964079174181 0.9836138140064059 0.9770045026254901 0.9309415409827886 0.8591324549106392 0.8366932660671333 0.7241810640113967 0.7588856468918035 0.5636627171910833 0.616716176554595 0.37536641864426373 0.18349764626718115 0.23330020734727808 0.1697888314226014 3.533769568356939E-4 -0.12888080795925025 -0.2920047929358142 -0.25258585139032347 -0.5255864930546224 
0.019093926261060136 0.454509930034648 0.6202910797514933 0.685218265348077 0.7877417790060132 0.4752448896134061 0.9540623902067059 0.20454363479304183 0.9333303292543451 0.9604534587497446 0.9750637006850944 0.9779880812084867 0.9836138140064059 0.9837615611809103 0.9291677204207891 0.8578793752580179 0.8279670404975328 0.7163879026788651 0.7588856468918035 0.5636627171910833 0.6164013781406527 0.37536641864426373 0.188922574427295 0.24032836890021958 0.1673814696386324 -0.0035560780305483666 -0.12888080795925025 -0.27911321928273847 -0.25258585139032347 -0.5255864930546224 
0.019093926261060136 0.8317320760840631 0.6189317016630803 0.7871737699462551 0.7877417790060132 0.4752448896134061 0.9540623902067059 0.916782826255767 0.9423366720115949 0.6627626529216064 0.9750637006850944 0.9870575481366727 0.9836138140064059 0.9770045026254901 0.9291677204207891 0.8591324549106392 0.8279670404975328 0.7241810640113967 0.7588856468918035 0.5636627171910833 0.6164013781406527 0.37536641864426373 0.19304520313036722 0.24032836890021958 0.1697888314226014 0.003006051370180867 -0.12953745026157468 -0.27911321928273847 -0.25258585139032347 -0.5255864930546224 
