1.4594981990718892 0.4214455151095645 
1.397569811036711 0.4268649531978335 
1.251882856119523 0.4216494991514595 
1.267605186940373 0.42886023259696626 
1.1736485183627798 0.4379033467494537 
1.133678004297252 0.4426027271634449 
1.133678004297252 0.4426027271634449 
1.0474010249610894 0.4494812985340606 
1.125193203158664 0.4510545811889683 
1.0474010249610894 0.4494812985340606 
1.1019169674625109 0.4566817368783854 
0.9895314653223536 0.4477300944174172 
1.0739470973582068 0.46434996738226814 
1.0513884937916778 0.4622300031559654 
1.0513884937916778 0.4622300031559654 
0.9895314653223536 0.4477300944174172 
1.0353855655998099 0.4767865454938713 
1.0103342878909347 0.4675972242890729 
0.9878143133571515 0.47941094192953115 
1.0182020599186314 0.4756363251762761 
1.0191995893992332 0.4851391837095971 
1.0198587740006664 0.49307811649103583 
0.9878143133571515 0.47941094192953115 
1.0130151811734565 0.4879598527276984 
1.0275165267708672 0.50364805019807 
1.0119453636021345 0.48759703105501545 
1.0182020599186314 0.4756363251762761 
0.9727728752102072 0.503697986605499 
1.0019212808661704 0.5191845085220785 
0.9602384096175212 0.4917776323203943 
0.9602384096175212 0.4917776323203943 
0.9317138538870191 0.5197523289644157 
0.9671817031701025 0.47253148126411404 
0.9956933749932129 0.5218154701417466 
0.9555817054769878 0.49662081746789394 
0.9555817054769878 0.49662081746789394 
0.9762981875585035 0.5538563277382832 
0.9762981875585035 0.5538563277382832 
0.9232925644256901 0.4778445594306443 
0.97123335507415 0.4924471910740944 
0.9671817031701025 0.47253148126411404 
0.9361595703185841 0.5670332574172191 
0.9232925644256901 0.4778445594306443 
0.9494271111658303 0.5073647491857036 
0.9598742795919737 0.5866098137656393 
0.9474272917768648 0.5972396030004781 
0.952442202128225 0.5828052650156168 
0.9361595703185841 0.5670332574172191 
0.9436496071796263 0.5993579888475331 
0.9373091441796342 0.607920686412931 
0.9436496071796263 0.5993579888475331 
0.9395625188542233 0.5424823733347899 
0.9486988513057969 0.6220841849137374 
0.9370750696516861 0.6503619452313985 
0.9370750696516861 0.6503619452313985 
0.9373091441796342 0.607920686412931 
0.9317138538870191 0.5197523289644157 
0.9421078821755859 0.5265392827441944 
0.9395625188542233 0.5424823733347899 
0.9381940957668907 0.6799917457269568 
0.9381940957668907 0.6799917457269568 
0.9412622284244129 0.5945240361699116 
0.9413107767244846 0.7260818855604981 
0.9587651004808063 0.6084678581352478 
0.948094302171305 0.5394548163094148 
0.9386884224503758 0.7941122789035663 
0.9386884224503758 0.7941122789035663 
0.9173371877969245 0.7860570895203645 
0.9159944461746373 0.7896938076094812 
0.8934977160103915 0.7780438705281548 
0.8934977160103915 0.7780438705281548 
0.8121760239611188 0.7872795386129098 
0.8679487700120951 0.8051281568786942 
0.8723774538089653 0.8059152793623972 
0.8679487700120951 0.8051281568786942 
0.7996257706035829 0.810599500670427 
0.8585273465578317 0.7991885591973967 
0.8325985865327143 0.8059685364285855 
0.8187427435481799 0.8026744612694298 
0.8121760239611188 0.7872795386129098 
0.8325985865327143 0.8059685364285855 
0.8115128603436252 0.7752528999599123 
0.8226395877779478 0.8123561884884763 
0.8203281964057042 0.8128046311864415 
0.7941333997892751 0.8085057595392018 
0.8115128603436252 0.7752528999599123 
0.7941333997892751 0.8085057595392018 
0.8027018794317218 0.8146114698003185 
0.7969918717414817 0.8149166754394328 
0.7828372980632021 0.8213854551441249 
0.7828372980632021 0.8213854551441249 
0.7843278634340224 0.8211883559968169 
0.779414568864911 0.8752370743050959 
0.779414568864911 0.8752370743050959 
0.7671354310602383 0.8421900895290502 
0.7638485092609593 0.8274515669247273 
0.7638485092609593 0.8274515669247273 
0.7545495329699753 0.8679670429631359 
0.748792045646399 0.9134319761426857 
0.748792045646399 0.9134319761426857 
