0.34979382911826673 0.503809825169532 0.5720446618664035 0.6722917724115293 0.7352501252989831 0.8080170707791214 0.37608394714009774 0.4227189412764676 0.8771393604491278 0.9790139374861191 0.9921123751206223 0.5129525886044137 0.4924623186937379 0.9802643917561302 0.9482779043147518 0.9048313512913371 0.8782001735392695 0.8155550388925319 0.034175905976343235 0.19032513142950708 0.5967526950894988 0.49955316480215534 0.4212714156644919 0.3139327977170959 0.21910421056734025 0.5844534682079168 -0.17428032505863794 -0.10217095039000625 -0.19696796608683276 -0.7948622031198909 
0.349648649361872 0.49364428499955004 0.5735454968767975 0.6598498530182553 0.7365383114928767 0.8051240238845838 0.3741418646174395 0.4294438897899684 0.9433400340269905 0.9817902753258361 0.9935754346354814 0.5095318541692303 0.507952762090025 0.979822824102294 0.9548595765941604 0.9095407345316298 0.8689744249869511 0.8218030444046687 0.264680443138268 0.17747694637306075 0.5955367279641333 0.494532335432595 0.389387180695303 0.3132794377839404 0.22949765970262892 0.5948603046767558 0.01109620680723215 -0.0931618941130465 -0.19578691737111809 -0.7989799586294596 
0.3496377796927882 0.4863851084447173 0.5850912038430328 0.6691391467064706 0.7353344018006533 0.8084938614448667 0.37502101535808985 0.4265026656019274 0.9489087112825031 0.9857665128933435 0.9915437658531314 0.5140209726430781 0.5082702563747817 0.9835735769385268 0.9544229744224475 0.9019271577032061 0.8693645741249565 0.8201107199208861 0.25665667343517995 0.19231506181073016 0.5959819282313432 0.49007985588520386 0.4114525636577158 0.30574195576381935 0.21590653465132548 0.5942234102020534 0.0104255724399665 -0.10032603119473413 -0.19796150724895545 -0.7961379631654006 
0.34963996505464834 0.49753710765062864 0.5788612629296523 0.6499942848453583 0.7372770618701181 0.8157642424998761 0.3751366457864531 0.42660019456458187 0.9607574707794946 0.9825182498389227 0.9908708750407429 0.5098738532657936 0.5002260548984583 0.9922224269296172 0.9558792915338736 0.9063622376284548 0.8711487560061139 0.8126184601607983 0.7461833513098782 0.18753085113373763 0.5956109354872663 0.4963230162285692 0.41507524675921 0.3029126121972132 0.21359886627436175 0.6069036178288589 0.009591151611444537 -0.08524259312346932 -0.19924136570744713 -0.7859273896419382 
0.34963996505464834 0.512116432285812 0.5780887663982872 0.6528935075464422 0.7367882623966986 0.8196039479522718 0.37417011702179426 0.4278371374656218 0.9489536265108978 0.984892727144857 0.9908708750407429 0.5137286962888017 0.5002260548984583 0.9922224269296172 0.9573377118501194 0.9025532556958895 0.8742010199338187 0.8208027882325026 0.7450604681372816 0.18753085113373763 0.5956109354872663 0.4963230162285692 0.41651800934379546 0.31075304663301473 0.21254455611070266 0.6018206167305462 0.010016525835041723 -0.09078601342681494 -0.19924136570744713 -0.793928696954048 
0.34963996505464834 0.512116432285812 0.5788612629296523 0.6528935075464422 0.7372770618701181 0.8153592923155664 0.37466634938646315 0.4278371374656218 0.9489536265108978 0.9825182498389227 0.9908708750407429 0.5068004622285871 0.5002260548984583 0.9922224269296172 0.9558792915338736 0.900491300135135 0.8709863089633483 0.8208027882325026 0.7458773086234245 0.18753085113373763 0.5956109354872663 0.4963230162285692 0.4150760975526579 0.31075304663301473 0.21328872310776814 0.6045641326095037 0.009814051067113472 -0.0883041462405271 -0.19924136570744713 -0.7859273896419382 
0.3496397984869418 0.49101058588131175 0.5785195687104464 0.6681981874735354 0.7373427175401421 0.8181802700651201 0.37463151209256473 0.42766000061695475 0.9486490384270618 0.9923971749442704 0.9950344520413572 0.5027857217407743 0.5076895921506747 0.9838222538782451 0.9554837765298226 0.9009056257307438 0.8677072159543844 0.8204290699302451 0.7465514467066257 0.17196589963950887 0.5949518809826438 0.4869344686266604 0.41356977578937965 0.31242594469952145 0.21384431808637122 0.6101507061865971 0.009310132967210264 -0.08498232903210602 -0.1991751634867203 -0.7780467196087102 
0.3496397984869418 0.49101058588131175 0.5785195687104464 0.6681981874735354 0.7373427175401421 0.8181802700651201 0.37463151209256473 0.42766000061695475 0.9486490384270618 0.9923971749442704 0.9950344520413572 0.5027857217407743 0.5076895921506747 0.9838222538782451 0.9554837765298226 0.9009056257307438 0.8677072159543844 0.8204290699302451 0.7465514467066257 0.17196589963950887 0.5949518809826438 0.4869344686266604 0.41356977578937965 0.31242594469952145 0.21384431808637122 0.6101507061865971 0.009310132967210264 -0.08498232903210602 -0.1991751634867203 -0.7780467196087102 
0.3496391900448077 0.4727090146018925 0.5796337594610175 0.6519043587186675 0.7377658613435377 0.8111146366788611 0.375162581751132 0.4256516338953963 0.9487637567454573 0.9801437725329885 0.9935073637887164 0.49987222816837257 0.5076640217231501 0.9851979717447861 0.9544208712176279 0.8984293445743805 0.867771597992878 0.8265033969256017 0.7466941491095673 0.1669562330514688 0.5948365025247571 0.49322407207893626 0.41363418576152033 0.3030512667978915 0.21403289010483362 0.6073076484884611 0.00961157629918522 -0.08582227905423925 -0.19998585057718055 -0.7779260823298284 
0.3496391900448077 0.4727090146018925 0.5796337594610175 0.6519043587186675 0.7377658613435377 0.8111146366788611 0.375162581751132 0.4256516338953963 0.9487637567454573 0.9801437725329885 0.9935073637887164 0.49987222816837257 0.5076640217231501 0.9851979717447861 0.9544208712176279 0.8984293445743805 0.867771597992878 0.8265033969256017 0.7466941491095673 0.1669562330514688 0.5948365025247571 0.49322407207893626 0.41363418576152033 0.3030512667978915 0.21403289010483362 0.6073076484884611 0.00961157629918522 -0.08582227905423925 -0.19998585057718055 -0.7779260823298284 
0.3496396560176377 0.45895282105290325 0.580075444909135 0.6685155345074987 0.7375278617232243 0.8209034641682551 0.37528073427405695 0.4256516338953963 0.9484842191439695 0.9801437725329885 0.9947129169315009 0.49987222816837257 0.5076640217231501 0.9851979717447861 0.9539866129337049 0.9028074581815699 0.8677394069736312 0.8155964962414939 0.7466941491095673 0.16316531099975695 0.5949518809826438 0.4948246392438087 0.41366767610230376 0.30609524342981465 0.21393860409560242 0.6073076484884611 0.009392989607940912 -0.08091695480115592 -0.1995805070319504 -0.7790198916679333 
0.349645257793891 0.46185193661094487 0.5811843396928473 0.6623997420713676 0.7382430998679941 0.8189901704337397 0.3755721048925446 0.42518611481487484 0.9486313030845067 0.982243431747923 0.9939940793941157 0.5089325038151874 0.5076762791372252 0.9913464124908622 0.9551483544765824 0.9126475007173833 0.8680321100399155 0.8040604137868365 0.7471635320795331 0.1663693683388886 0.5948298385921991 0.5059038233062405 0.4135680742024838 0.2967450758279184 0.21446460441955847 0.6148296766253074 0.008864334055872392 -0.07885922279799046 -0.20065744749761705 -0.7828955156914201 
0.3496395363022887 0.45672146714729345 0.580412439978231 0.6519043587186675 0.737646861533381 0.8100290268580801 0.37528073427405695 0.4256516338953963 0.9487637567454573 0.9741552637176865 0.9938771346430504 0.4994550904818339 0.5076640217231501 0.9946407962108779 0.9542429157489319 0.8983415670448774 0.867771597992878 0.8265033969256017 0.7465465924664428 0.1648462911893188 0.5949518809826438 0.49322407207893626 0.4136754060101431 0.30394732211423475 0.21403289010483362 0.6076161930454895 0.009460854633197742 -0.08624225406530586 -0.19998585057718055 -0.780880595292843 
0.349645257793891 0.46185193661094487 0.5811843396928473 0.6623997420713676 0.7382430998679941 0.8189901704337397 0.3755721048925446 0.42518611481487484 0.9486313030845067 0.982243431747923 0.9939940793941157 0.5089325038151874 0.5076762791372252 0.9913464124908622 0.9551483544765824 0.9126475007173833 0.8680321100399155 0.8040604137868365 0.7471635320795331 0.1663693683388886 0.5948298385921991 0.5059038233062405 0.4135680742024838 0.2967450758279184 0.21446460441955847 0.6148296766253074 0.008864334055872392 -0.07885922279799046 -0.20065744749761705 -0.7828955156914201 
0.34964726936096174 0.4708646945504055 0.5819562394074638 0.6728951254240678 0.7383525604442528 0.8439887717367892 0.37574260379714586 0.42518611481487484 0.9481432172090283 0.9803384025119796 0.9941366943860126 0.5184099171485409 0.5074231952596442 0.9831900260496819 0.9551483544765824 0.9126475007173833 0.8682926220869531 0.8040604137868365 0.7477804716926235 0.16349682529720133 0.5948298385921991 0.5059038233062405 0.41319230941510543 0.28317310922676997 0.21470286495046415 0.6101309235922467 0.00877106527347599 -0.07364712102722197 -0.20035888232151206 -0.7860922468199983 
0.3496546043656438 0.4669824060745963 0.5819562394074638 0.6728951254240678 0.7391326877529647 0.8439887717367892 0.37574260379714586 0.42518611481487484 0.9481885796553416 0.9853350011450694 0.9941366943860126 0.5184099171485409 0.5075563834229702 0.9880520287708465 0.9551483544765824 0.9126475007173833 0.8682926220869531 0.8040604137868365 0.7477804716926235 0.16789244548845839 0.5948298385921991 0.5059038233062405 0.41319230941510543 0.286357969384186 0.21479959184237374 0.616087041898686 0.008833244461740258 -0.07885922279799046 -0.2007507054336999 -0.7849370568139626 
0.3496574280316439 0.4669824060745963 0.5819710610204312 0.6728951254240678 0.7402121942385183 0.8439887717367892 0.37607669891525497 0.41547993872967837 0.9481885796553416 0.9853350011450694 0.9941366943860126 0.5184099171485409 0.5076416415279011 0.9880520287708465 0.9549640355858995 0.9228993359852169 0.8683943106290913 0.8040604137868365 0.7477804716926235 0.17552639354183786 0.5948202819281495 0.5059038233062405 0.4131374610291183 0.286357969384186 0.21479959184237374 0.6222390627147019 0.008833244461740258 -0.07885922279799046 -0.20181896601863453 -0.7849370568139626 
0.3496645730575797 0.4669824060745963 0.5819394057588797 0.6728951254240678 0.7389860129777859 0.8503943162539757 0.3755721048925446 0.42125114320183177 0.9483437145394489 0.9878333004616144 0.9938732314503043 0.5163826908136274 0.5076224599871353 0.9889118023685364 0.9551483544765824 0.9126475007173833 0.8682926220869531 0.8022073983924027 0.7483666129228941 0.16789244548845839 0.5948298385921991 0.5059038233062405 0.41319230941510543 0.287950399462894 0.21484795528832853 0.6190651010519057 0.008864334055872392 -0.07885922279799046 -0.20094661698979385 -0.7843594618109448 
0.3496527918255685 0.4669824060745963 0.5819562394074638 0.6728951254240678 0.7389860129777859 0.8359700428730943 0.3755721048925446 0.42518611481487484 0.9483437145394489 0.9878333004616144 0.9939940793941157 0.5184099171485409 0.5076224599871353 0.9880520287708465 0.9551483544765824 0.9126475007173833 0.8682926220869531 0.8040604137868365 0.7477804716926235 0.16789244548845839 0.5948298385921991 0.5059038233062405 0.413326525904965 0.287950399462894 0.21484795528832853 0.6190651010519057 0.008864334055872392 -0.07885922279799046 -0.20065744749761705 -0.7828955156914201 
0.3496574280316439 0.4669824060745963 0.5819710610204312 0.6728951254240678 0.7402121942385183 0.8439887717367892 0.37607669891525497 0.41547993872967837 0.9481885796553416 0.9853350011450694 0.9941366943860126 0.5184099171485409 0.5076416415279011 0.9880520287708465 0.9549640355858995 0.9228993359852169 0.8683943106290913 0.8040604137868365 0.7477804716926235 0.17552639354183786 0.5948202819281495 0.5059038233062405 0.4131374610291183 0.286357969384186 0.21479959184237374 0.6222390627147019 0.008833244461740258 -0.07885922279799046 -0.20181896601863453 -0.7849370568139626 
0.3496645730575797 0.4669824060745963 0.5819394057588797 0.6728951254240678 0.7389860129777859 0.8503943162539757 0.3755721048925446 0.42125114320183177 0.9483437145394489 0.9878333004616144 0.9938732314503043 0.5184099171485409 0.5076224599871353 0.9889118023685364 0.9551483544765824 0.9126475007173833 0.8682926220869531 0.8022073983924027 0.7483666129228941 0.16789244548845839 0.5948298385921991 0.5059038233062405 0.41319230941510543 0.287950399462894 0.21484795528832853 0.6190651010519057 0.008864334055872392 -0.07885922279799046 -0.20094661698979385 -0.7843594618109448 
0.3496645730575797 0.4669824060745963 0.5819394057588797 0.6728951254240678 0.7389860129777859 0.8503943162539757 0.3755721048925446 0.42125114320183177 0.9483437145394489 0.9878333004616144 0.9938732314503043 0.5184099171485409 0.5076224599871353 0.9889118023685364 0.9551483544765824 0.9126475007173833 0.8682926220869531 0.8022073983924027 0.7483666129228941 0.16789244548845839 0.5948298385921991 0.5059038233062405 0.41319230941510543 0.287950399462894 0.21484795528832853 0.6190651010519057 0.008864334055872392 -0.07885922279799046 -0.20094661698979385 -0.7843594618109448 
0.3496645730575797 0.4669824060745963 0.5817994742462415 0.6808063892366685 0.7397984397167463 0.843502008433527 0.37589855174897263 0.40794730006086366 0.948288828320552 0.9878333004616144 0.9937927030490243 0.5168110741080667 0.5076224599871353 0.9875391216457119 0.9539347057531598 0.9288138922068918 0.8682389569716475 0.7935654041797209 0.7483564396285047 0.16832613485334036 0.5947456869210689 0.5059038233062405 0.413127477653669 0.287950399462894 0.21484795528832853 0.6190651010519057 0.008788491326516417 -0.07885922279799046 -0.20094661698979385 -0.7843594618109448 
0.3496645730575797 0.4669824060745963 0.5819394057588797 0.6728951254240678 0.7389860129777859 0.8503943162539757 0.3755721048925446 0.42125114320183177 0.9483437145394489 0.9878333004616144 0.9938732314503043 0.5163826908136274 0.5076224599871353 0.9889118023685364 0.9551483544765824 0.9126475007173833 0.8682926220869531 0.8022073983924027 0.7483666129228941 0.16789244548845839 0.5948298385921991 0.5059038233062405 0.41319230941510543 0.287950399462894 0.21484795528832853 0.6190651010519057 0.008864334055872392 -0.07885922279799046 -0.20094661698979385 -0.7843594618109448 
0.34965988775750023 0.4619460603347584 0.5816298995076685 0.6868218873565941 0.7384518534845996 0.8408330052717901 0.3755568083691825 0.41405580909028844 0.9481876799202582 0.9830630894106986 0.9933811629300144 0.4808357095850656 0.5074711898809492 0.9862351048108893 0.9530896948111028 0.9244766131607329 0.8679819147720655 0.8173883562122968 0.747652163664918 0.15349192811146345 0.5946806485780378 0.4972912258029612 0.4131723426642067 0.29129967116443634 0.21465521681354338 0.628509062321028 0.008965186669707838 -0.06713644405722086 -0.20033626211889496 -0.7876352227630863 
0.3496645730575797 0.4669824060745963 0.5819394057588797 0.6728951254240678 0.7389860129777859 0.8507141451239677 0.3755721048925446 0.42125114320183177 0.948288828320552 0.9878333004616144 0.9938732314503043 0.5184099171485409 0.5076320830389732 0.9879690084445568 0.9551483544765824 0.9126475007173833 0.8682926220869531 0.8022073983924027 0.74864951024364 0.16832613485334036 0.5947456869210689 0.5059038233062405 0.41319230941510543 0.3699495700948438 0.21494436566519226 0.6299391025024826 0.008788491326516417 -0.09140850179000512 -0.20094661698979385 -0.7847999244189493 
0.34967083182498404 0.46045173902295283 0.5819225721102956 0.6377933136069904 0.7403875724465973 0.872837318498552 0.37624065159837905 0.41731617158878875 0.9478783098871271 0.99066413800643 0.9938949984983899 0.5184099171485409 0.5074242302946399 0.9831900260496819 0.9542642315468443 0.9126475007173833 0.8688530865144548 0.8003543829979689 0.7489527541531646 0.16837260502110762 0.5948298385921991 0.5274568886284436 0.4129238764353863 0.2859966221267368 0.21470286495046415 0.610643368312634 0.00877106527347599 -0.08027170011987791 -0.20093722130586567 -0.7890201390590477 
0.34966553508950055 0.4679245624959659 0.5816595427336032 0.6887176530492691 0.7406108664557068 0.8366097006130784 0.37622499860540065 0.3946434569198955 0.948233942101655 0.9958929650820709 0.9937121746477445 0.5192666837374196 0.5076417060908112 0.9861664409228874 0.9527210570297371 0.9449802836964002 0.868185291856342 0.7849234099670389 0.7483462663341154 0.16875982421822236 0.5946615352499387 0.5512933617703261 0.4130626458922325 0.29712581251256165 0.21504077604205596 0.6408131039530596 0.008712648597160443 -0.1039577807820198 -0.20247278328876422 -0.783776440907429 
0.34965988775750023 0.4619460603347584 0.5816298995076685 0.6868218873565941 0.7394729405666735 0.8671293038040481 0.37565231756201956 0.41405580909028844 0.9480406119679818 0.9830630894106986 0.9933811629300144 0.4808357095850656 0.507459941998339 0.9862351048108893 0.9530896948111028 0.9244766131607329 0.8681085136395112 0.8173883562122968 0.747652163664918 0.15425116161319746 0.5946806485780378 0.5076019364480134 0.41304233801882073 0.29768525276108837 0.2146046450078461 0.628509062321028 0.00897274491856788 -0.06713644405722086 -0.20033626211889496 -0.7893616107070771 
0.34966009435537293 0.46737394392323817 0.5816110338476869 0.6441427051517621 0.7392036192038199 0.8311000639387979 0.37600419997055556 0.40988285489112186 0.9482775526985097 0.9964538611609268 0.9941301401377044 0.47906924169586573 0.5077315056946643 0.9843240525822768 0.9530210842604545 0.9535097074631216 0.8681878734514973 0.7848219062655719 0.7479931592384614 0.17054871923078424 0.5947015088039171 0.5721423724548718 0.4132018556334835 0.29143288636737064 0.2150966381337952 0.6089094814094371 0.008760154057272316 -0.10218681785558573 -0.20147848904230423 -0.7793243998792796 
0.34966009435537293 0.46737394392323817 0.5816110338476869 0.6441427051517621 0.7392036192038199 0.8311000639387979 0.37600419997055556 0.40988285489112186 0.9482501095890612 0.9964538611609268 0.9941301401377044 0.47906924169586573 0.5077363172205833 0.9843240525822768 0.9530210842604545 0.9535097074631216 0.8681878734514973 0.7848219062655719 0.7479931592384614 0.17076556391322523 0.594659432968352 0.5721423724548718 0.4132018556334835 0.29143288636737064 0.21514484332222705 0.6143464821347255 0.008722232692594329 -0.10218681785558573 -0.20147848904230423 -0.7795446311832818 
0.3496645730575797 0.4669824060745963 0.5817994742462415 0.6808063892366685 0.7397984397167463 0.843502008433527 0.37589855174897263 0.40794730006086366 0.948288828320552 0.9878333004616144 0.9937927030490243 0.5168110741080667 0.5076224599871353 0.9875391216457119 0.9539347057531598 0.9288138922068918 0.8682389569716475 0.7935654041797209 0.7483564396285047 0.16832613485334036 0.5947456869210689 0.5059038233062405 0.413127477653669 0.287950399462894 0.21484795528832853 0.6190651010519057 0.008788491326516417 -0.07885922279799046 -0.20094661698979385 -0.7843594618109448 
0.34966009435537293 0.46363753218673165 0.581825554338463 0.6441427051517621 0.7390919721992651 0.8311000639387979 0.3760120264670448 0.40988285489112186 0.9482501095890612 0.9917859301641418 0.9941301401377044 0.4786408584014264 0.5076134525541842 0.9843240525822768 0.9530210842604545 0.9326275387164171 0.8681878734514973 0.8001513755950349 0.7482465399618566 0.16930079505836532 0.594659432968352 0.5602241358839305 0.4131324709050604 0.2858682911744582 0.21491099951080633 0.6143464821347255 0.008790233464343763 -0.09034377752451478 -0.20147848904230423 -0.7822320907152076 
0.34966009435537293 0.46737394392323817 0.5816110338476869 0.6441427051517621 0.7392036192038199 0.8311000639387979 0.37600419997055556 0.40988285489112186 0.9482775526985097 0.9964538611609268 0.9941301401377044 0.47906924169586573 0.5077315056946643 0.9843240525822768 0.9530210842604545 0.9535097074631216 0.8681878734514973 0.7848219062655719 0.7479931592384614 0.17054871923078424 0.5947015088039171 0.5721423724548718 0.4132018556334835 0.29143288636737064 0.2150966381337952 0.6089094814094371 0.008760154057272316 -0.10218681785558573 -0.20147848904230423 -0.7793243998792796 
0.34966009435537293 0.46737394392323817 0.5816016010176961 0.6441427051517621 0.7390689585223932 0.8130854440061728 0.37600419997055556 0.40779637779153854 0.9482501095890612 1.0 0.9941301401377044 0.47906924169586573 0.5077363172205833 0.9851013777812798 0.9529867789851303 0.9535097074631216 0.8682275533574904 0.7685386812922095 0.7479931592384614 0.1790227650632391 0.5946488251635091 0.5721423724548718 0.4132018556334835 0.28830670317051177 0.21514484332222705 0.6143464821347255 0.008596976579607554 -0.10218681785558573 -0.20204960250400886 -0.7795446311832818 
0.34966009435537293 0.46363753218673165 0.581825554338463 0.6441427051517621 0.7390919721992651 0.8311000639387979 0.3760120264670448 0.40988285489112186 0.9482501095890612 0.9917859301641418 0.9941301401377044 0.4786408584014264 0.5076134525541842 0.9843240525822768 0.9530210842604545 0.9326275387164171 0.8681878734514973 0.8001513755950349 0.7482465399618566 0.16930079505836532 0.594659432968352 0.5602241358839305 0.4131324709050604 0.2858682911744582 0.21491099951080633 0.6143464821347255 0.008790233464343763 -0.09034377752451478 -0.20147848904230423 -0.7822320907152076 
0.34967097582362816 0.4679245624959659 0.5814935311287435 0.6887176530492691 0.7406108664557068 0.842119337287359 0.37622499860540065 0.37940405894866913 0.948233942101655 1.0 0.9932942091577847 0.5192666837374196 0.5076699596274381 0.988008829263498 0.9527210570297371 0.9558724334435877 0.8681827102611865 0.7696954443390429 0.7484459927063742 0.16976049805445342 0.5946615352499387 0.5512933617703261 0.4130626458922325 0.29712581251256165 0.21517055257330556 0.6408131039530596 0.008635063729977122 -0.1039577807820198 -0.20247278328876422 -0.783776440907429 
0.34966009435537293 0.46737394392323817 0.5816016010176961 0.6441427051517621 0.7390689585223932 0.8130854440061728 0.37600419997055556 0.40779637779153854 0.9482501095890612 1.0 0.9941301401377044 0.47906924169586573 0.5077363172205833 0.9851013777812798 0.9529867789851303 0.9535097074631216 0.8682275533574904 0.7685386812922095 0.7479931592384614 0.1790227650632391 0.5946488251635091 0.5721423724548718 0.4132018556334835 0.28830670317051177 0.21514484332222705 0.6143464821347255 0.008596976579607554 -0.10218681785558573 -0.20204960250400886 -0.7795446311832818 
0.34967097582362816 0.4679245624959659 0.5814935311287435 0.6887176530492691 0.7406108664557068 0.842119337287359 0.37622499860540065 0.36416466097744277 0.9482258583579519 1.0 0.9932942091577847 0.5192666837374196 0.5076699596274381 0.9898512176041085 0.9527210570297371 0.9660342855743775 0.8681801286660311 0.7544674787110469 0.7484459927063742 0.17130214273082744 0.5946690665483987 0.5468279747135238 0.4130626458922325 0.30275457318161336 0.21530032910455515 0.6408131039530596 0.008635063729977122 -0.1039577807820198 -0.2028672767919832 -0.7844173950913067 
0.34966009435537293 0.46363753218673165 0.581825554338463 0.6441427051517621 0.7390919721992651 0.8311000639387979 0.3760120264670448 0.40988285489112186 0.9482501095890612 0.9917859301641418 0.9941301401377044 0.4786408584014264 0.5076134525541842 0.9843240525822768 0.9530210842604545 0.9326275387164171 0.8681878734514973 0.8001513755950349 0.7482465399618566 0.16930079505836532 0.594659432968352 0.5602241358839305 0.4131324709050604 0.2858682911744582 0.21491099951080633 0.6143464821347255 0.008790233464343763 -0.09034377752451478 -0.20147848904230423 -0.7822320907152076 
0.34967097582362816 0.4679245624959659 0.5814935311287435 0.6887176530492691 0.7406108664557068 0.842119337287359 0.37622499860540065 0.37940405894866913 0.948233942101655 1.0 0.9932942091577847 0.5192666837374196 0.5076699596274381 0.988008829263498 0.9527210570297371 0.9544118382107922 0.8681827102611865 0.7696954443390429 0.7484459927063742 0.17130214273082744 0.5946690665483987 0.5512933617703261 0.4130626458922325 0.29712581251256165 0.21517055257330556 0.6408131039530596 0.008635063729977122 -0.1039577807820198 -0.20237012966875317 -0.783645219995196 
0.3496635557127733 0.4644672423546738 0.581825554338463 0.6441427051517621 0.7390919721992651 0.8311000639387979 0.3760120264670448 0.4046953891237316 0.9482501095890612 0.9916338279290902 0.9941301401377044 0.4786408584014264 0.5076134525541842 0.9843240525822768 0.9530759900607539 0.9438850888130721 0.8681878734514973 0.8001513755950349 0.7482465399618566 0.16930079505836532 0.5946628316050908 0.5602241358839305 0.4131324709050604 0.2858682911744582 0.21500807674649192 0.6143464821347255 0.008793279412048131 -0.09034377752451478 -0.20188286052377458 -0.7830377282866816 
0.3496851251323817 0.4685185990023928 0.5813106858752997 0.7017263972399301 0.7406108664557068 0.842119337287359 0.3765962265065787 0.34990702740070617 0.9480707234738447 1.0 0.9931766383381274 0.519695067031859 0.5076321365998999 0.9879872295098238 0.9536739085282375 0.97748489980669 0.868177343292807 0.7530275607139708 0.7489469178775535 0.14880488959460406 0.5947435668344484 0.5339955629809148 0.4129342772863147 0.30250973407674947 0.21542806433379186 0.5894599211326783 0.008635063729977122 -0.11335300039863301 -0.20281600254234572 -0.7831961329541622 
0.34966945948553296 0.46778608302644237 0.5830889527897266 0.7339158963866595 0.7394437965824638 0.8257432824975266 0.37644271484825653 0.40034450583767367 0.9482341610370703 0.986766281835903 0.9935201887727763 0.5200502465599501 0.5076983536785551 0.9874265584988606 0.9533920045196724 0.9944090445593009 0.8682629685044074 0.7507544581706739 0.7483354244823881 0.16089594232386575 0.594676426152046 0.5345871733118941 0.4130771878208006 0.2847518031645233 0.2154213284416786 0.600411745639147 0.008805463202865606 -0.09434429964953196 -0.2028262720204273 -0.7859003282583468 
0.34966891374171405 0.4669563728585002 0.5830889527897266 0.7032671131920998 0.7394437965824638 0.8314629274248453 0.37641664516865825 0.39942131708625206 0.9482341610370703 0.986766281835903 0.9935201887727763 0.5200502465599501 0.5076983536785551 0.9874265584988606 0.9533920045196724 0.9944090445593009 0.8682497445393654 0.7507544581706739 0.7484120881286562 0.1587199143128067 0.5946730275153072 0.5393740747930276 0.4130771878208006 0.2847518031645233 0.21529930845354872 0.600411745639147 0.008802417255161238 -0.09915324753981586 -0.2028262720204273 -0.7859003282583468 
0.34968230630846886 0.4669563728585002 0.5818807350003166 0.713432846607724 0.7400146281210938 0.8375673390503549 0.37650643583761845 0.3891329918215608 0.9481524422554575 0.9977943803059839 0.993391369401772 0.5198726567959046 0.5076652451392275 0.9877068940043422 0.9533816594659346 0.9859469721829954 0.8682407693116654 0.7549969300896424 0.7484459927063742 0.1587199143128067 0.5946730275153072 0.5375360464701557 0.4130771878208006 0.29118632055220905 0.21529930845354872 0.6066113848102375 0.008802417255161238 -0.10180388363597062 -0.20309597496818557 -0.7854546410011037 
0.34968148707627633 0.4685185990023928 0.5812621769893833 0.7017263972399301 0.7406108664557068 0.842119337287359 0.3764819139409116 0.3435966361681776 0.9482566233248118 1.0 0.9932942091577847 0.519695067031859 0.5077267477296721 0.9879872295098238 0.9530797877851923 0.97748489980669 0.868177343292807 0.7529260570125038 0.7489469178775535 0.1492689846132329 0.5946600633408943 0.5503791866086581 0.4130385745211518 0.30250973407674947 0.21542806433379186 0.5913114780437241 0.008635063729977122 -0.11838903910095144 -0.20281600254234572 -0.7831961329541622 
0.3496683920853928 0.4669563728585002 0.5830889527897266 0.7161141289511859 0.7394050987425108 0.8273824557049405 0.37641664516865825 0.39942131708625206 0.9482341610370703 0.986766281835903 0.993391369401772 0.5200502465599501 0.5076983536785551 0.9874265584988606 0.9533920045196724 0.9944090445593009 0.8682407693116654 0.7507544581706739 0.7484120881286562 0.1587199143128067 0.5946730275153072 0.5410765299593967 0.4130771878208006 0.2847518031645233 0.21529930845354872 0.5990008306186364 0.008802417255161238 -0.09915324753981586 -0.2028262720204273 -0.7854546410011037 
0.34966945948553296 0.46778608302644237 0.5830889527897266 0.7339158963866595 0.7394437965824638 0.8257432824975266 0.37644271484825653 0.40034450583767367 0.9482341610370703 0.986766281835903 0.9935201887727763 0.5200502465599501 0.5076983536785551 0.9874265584988606 0.9533920045196724 0.9944090445593009 0.8682629685044074 0.7507544581706739 0.7483354244823881 0.16089594232386575 0.594676426152046 0.5345871733118941 0.4130771878208006 0.2847518031645233 0.2154213284416786 0.600411745639147 0.008805463202865606 -0.09434429964953196 -0.2028262720204273 -0.7859003282583468 
0.34968230630846886 0.4671651583908692 0.5817411680090063 0.678787775879743 0.7400146281210938 0.8253263915282638 0.37650643583761845 0.3891329918215608 0.9482012759222593 0.9977943803059839 0.9937607547697382 0.49947094924588514 0.5076652451392275 0.9877068940043422 0.9531842192255324 0.9697283398230585 0.8682341613345779 0.7549969300896424 0.7482195759724178 0.1587199143128067 0.5946730275153072 0.5548392094625137 0.4130771878208006 0.29118632055220905 0.21529930845354872 0.6104789334724815 0.008699696917384396 -0.10180388363597062 -0.20309597496818557 -0.6763566037661661 
0.34968230630846886 0.4669563728585002 0.5818807350003166 0.713432846607724 0.7400146281210938 0.8375673390503549 0.37650643583761845 0.3891329918215608 0.9481524422554575 0.9977943803059839 0.993391369401772 0.5198726567959046 0.5076652451392275 0.9877068940043422 0.9533816594659346 0.9859469721829954 0.8682407693116654 0.7549969300896424 0.7484459927063742 0.1587199143128067 0.5946730275153072 0.5375360464701557 0.4130771878208006 0.29118632055220905 0.21529930845354872 0.6066113848102375 0.008802417255161238 -0.10180388363597062 -0.20309597496818557 -0.7854546410011037 
0.3496873183034392 0.4685185990023928 0.5812621769893833 0.6404288308508106 0.7406108664557068 0.8531080443021704 0.376429774581715 0.33137532713055384 0.9482702679065964 1.0 0.9935190214662731 0.519695067031859 0.5077267477296721 0.9879872295098238 0.9532002122305134 0.97748489980669 0.868177343292807 0.7577492558915337 0.7491999715423485 0.14491692859111477 0.5946600633408943 0.5503791866086581 0.4130515297430491 0.30631430908891744 0.21537817882890328 0.5913114780437241 0.008635063729977122 -0.12800693488151924 -0.20281600254234572 -0.7816612679763946 
0.34968230630846886 0.4671651583908692 0.5817411680090063 0.678787775879743 0.7400146281210938 0.8253263915282638 0.37650643583761845 0.3891329918215608 0.9482012759222593 0.9977943803059839 0.9937607547697382 0.49947094924588514 0.5076652451392275 0.9877068940043422 0.9531842192255324 0.9697283398230585 0.8682341613345779 0.7549969300896424 0.7482195759724178 0.1587199143128067 0.5946730275153072 0.5548392094625137 0.4130771878208006 0.29118632055220905 0.21529930845354872 0.6104789334724815 0.008699696917384396 -0.10180388363597062 -0.20309597496818557 -0.6763566037661661 
0.34969521811467946 0.4709484982836619 0.5812621769893833 0.7017263972399301 0.7412330992322814 0.8510774310986946 0.3764819139409116 0.30530936417435983 0.9482566233248118 0.9996957955298967 0.9932942091577847 0.519695067031859 0.5077267477296721 0.9882675650153053 0.9531895993857911 0.9863445433003581 0.868203791222891 0.7540118564334188 0.7490466442498123 0.1492689846132329 0.5946810763103367 0.5408053836463913 0.4129916263291975 0.31404771422173794 0.21562221880516305 0.5913114780437241 0.008557478862793802 -0.12800693488151924 -0.20360486645756193 -0.7839009977022611 
0.3496851251323817 0.4685185990023928 0.5813106858752997 0.7017263972399301 0.7406108664557068 0.842119337287359 0.3765962265065787 0.34990702740070617 0.9480707234738447 1.0 0.9931766383381274 0.519695067031859 0.5076321365998999 0.9879872295098238 0.9536739085282375 0.97748489980669 0.868177343292807 0.7530275607139708 0.7489469178775535 0.14880488959460406 0.5947435668344484 0.5339955629809148 0.4129342772863147 0.30250973407674947 0.21542806433379186 0.5894599211326783 0.008635063729977122 -0.11335300039863301 -0.20281600254234572 -0.7831961329541622 
0.3496807708079974 0.4677374859304465 0.5812621769893833 0.6476226967064385 0.7400079825991088 0.8531080443021704 0.376429774581715 0.3592876675895911 0.9482702679065964 0.9933831409179514 0.9935190214662731 0.519695067031859 0.5077125507041136 0.9879872295098238 0.9533563205977535 0.9859469721829954 0.868177343292807 0.7566634564706187 0.7491999715423485 0.14964239344090166 0.5946600633408943 0.5503791866086581 0.4130708363928735 0.2974353436328043 0.21531380088878171 0.5951561543311803 0.008635063729977122 -0.11838903910095144 -0.20281600254234572 -0.7816612679763946 
0.34968148707627633 0.4685185990023928 0.5812621769893833 0.7017263972399301 0.7406108664557068 0.842119337287359 0.3764819139409116 0.3435966361681776 0.9482566233248118 1.0 0.9932942091577847 0.519695067031859 0.5077267477296721 0.9879872295098238 0.9530797877851923 0.97748489980669 0.868177343292807 0.7529260570125038 0.7489469178775535 0.1492689846132329 0.5946600633408943 0.5503791866086581 0.4130385745211518 0.30250973407674947 0.21542806433379186 0.5913114780437241 0.008635063729977122 -0.11838903910095144 -0.20281600254234572 -0.7831961329541622 
0.34969521811467946 0.4709484982836619 0.5812621769893833 0.7017263972399301 0.7412330992322814 0.8510774310986946 0.3764819139409116 0.30530936417435983 0.9482566233248118 0.9996957955298967 0.9932942091577847 0.519695067031859 0.5077267477296721 0.9882675650153053 0.9531895993857911 0.9863445433003581 0.868203791222891 0.7540118564334188 0.7490466442498123 0.1492689846132329 0.5946810763103367 0.5408053836463913 0.4129916263291975 0.31404771422173794 0.21562221880516305 0.5913114780437241 0.008557478862793802 -0.12800693488151924 -0.20360486645756193 -0.7839009977022611 
0.3496635557127733 0.4644672423546738 0.581825554338463 0.6441427051517621 0.7390919721992651 0.8311000639387979 0.3760120264670448 0.4046953891237316 0.9482501095890612 0.9916338279290902 0.9941301401377044 0.4786408584014264 0.5076134525541842 0.9843240525822768 0.9530759900607539 0.9438850888130721 0.8681878734514973 0.8001513755950349 0.7482465399618566 0.16930079505836532 0.5946628316050908 0.5602241358839305 0.4131324709050604 0.2858682911744582 0.21500807674649192 0.6143464821347255 0.008793279412048131 -0.09034377752451478 -0.20188286052377458 -0.7830377282866816 
0.3496800545397185 0.46934830917033493 0.581220740914314 0.6593556517677639 0.7404377978740815 0.8493598697345631 0.3764635856384446 0.34088405283956497 0.9482085059782024 0.9980556929189869 0.9935202646478114 0.5403997611111209 0.5076665755608705 0.9894086386250664 0.9536328534103147 0.9570445138462106 0.8681570957812509 0.7459184189990189 0.7489181954582462 0.14703569928606522 0.5947474589499373 0.6145698596448702 0.4130196014564843 0.30403274889886306 0.21542806433379186 0.558405159064989 0.008635063729977122 -0.11838903910095144 -0.20278651392497837 -0.7840875074686482 
0.3496739397849744 0.4669563728585002 0.58276986845753 0.713432846607724 0.7400146281210938 0.8301988982591456 0.37641664516865825 0.3891329918215608 0.9482341610370703 0.9911775212239353 0.993391369401772 0.5200502465599501 0.5076983536785551 0.9874265584988606 0.953240707461652 0.9944090445593009 0.8682407693116654 0.753860378817994 0.7484459927063742 0.1587199143128067 0.5946730275153072 0.5410765299593967 0.4130771878208006 0.29118632055220905 0.21529930845354872 0.6113818395532165 0.008802417255161238 -0.10180388363597062 -0.20309597496818557 -0.7854546410011037 
0.3496800545397185 0.46934830917033493 0.581220740914314 0.6593556517677639 0.7404377978740815 0.8493598697345631 0.3764635856384446 0.34088405283956497 0.9482085059782024 0.9980556929189869 0.9935202646478114 0.5403997611111209 0.5076665755608705 0.9894086386250664 0.9536328534103147 0.9570445138462106 0.8681570957812509 0.7459184189990189 0.7489181954582462 0.14703569928606522 0.5947474589499373 0.6145698596448702 0.4130196014564843 0.30403274889886306 0.21542806433379186 0.558405159064989 0.008635063729977122 -0.11838903910095144 -0.20278651392497837 -0.7840875074686482 
0.34968253038891883 0.4684973307492699 0.5809845287322561 0.676032365721758 0.740688262135613 0.8502802807271687 0.3764819139409116 0.3435966361681776 0.9482566233248118 0.9980556929189869 0.9935518478997933 0.519695067031859 0.5076498582065161 0.9879872295098238 0.953303967012828 0.9570445138462106 0.8681952937482071 0.7529260570125038 0.7489469178775535 0.1492689846132329 0.5947014589072368 0.5469742762759199 0.4130385745211518 0.30250973407674947 0.21542806433379186 0.5941333080847453 0.008635063729977122 -0.11838903910095144 -0.20278651392497837 -0.7840875074686482 
0.34966392909579275 0.4635949956804859 0.5811440975096713 0.6495443083705403 0.7393913177086503 0.8255886729717503 0.37617947556455256 0.40636076185383146 0.9482662770764675 0.9968082236934999 0.9941301401377044 0.4650610903652153 0.507537588109169 0.9844245072818039 0.9532323704803005 0.9076286741752733 0.8682759449019566 0.7678756548449638 0.748267865547343 0.1671512631585253 0.594663818562591 0.6184030131355054 0.4131676220080387 0.2859572213667029 0.21497101055375128 0.7263241653715966 0.008765119755274099 -0.09166909557259216 -0.20194930101259984 -0.7806823146224884 
0.34966115524600194 0.4635949956804859 0.5813036396757696 0.6508849495422713 0.7393913177086503 0.8241804516946478 0.37617947556455256 0.40636076185383146 0.9482662770764675 0.9946026039994837 0.9941301401377044 0.4650610903652153 0.507537588109169 0.9844245072818039 0.9532323704803005 0.9076286741752733 0.8682759449019566 0.7678756548449638 0.748267865547343 0.1671512631585253 0.594663818562591 0.31829923927841586 0.4131676220080387 0.28273996267286 0.21497101055375128 0.7201336609043065 0.008765119755274099 -0.09034377752451478 -0.20181444953872069 -0.7806823146224884 
0.3496873183034392 0.4685185990023928 0.5812621769893833 0.6404288308508106 0.7406108664557068 0.8531080443021704 0.376429774581715 0.33137532713055384 0.9482702679065964 1.0 0.9935190214662731 0.519695067031859 0.5077267477296721 0.9879872295098238 0.9532002122305134 0.97748489980669 0.868177343292807 0.7577492558915337 0.7491999715423485 0.14491692859111477 0.5946600633408943 0.5503791866086581 0.4130515297430491 0.30631430908891744 0.21537817882890328 0.5913114780437241 0.008635063729977122 -0.12800693488151924 -0.20281600254234572 -0.7816612679763946 
0.3496800545397185 0.46934830917033493 0.5813388470053429 0.6593556517677639 0.7403125657433157 0.8493598697345631 0.37645442148721114 0.3395277611752586 0.9481844473048977 0.9980556929189869 0.9935202646478114 0.5507521081507518 0.5076749342380477 0.9901193431826878 0.9536328534103147 0.9570445138462106 0.8681379967977727 0.7459184189990189 0.7489038342485925 0.14703569928606522 0.5947474589499373 0.6483676513293454 0.4130101149241506 0.30403274889886306 0.21542806433379186 0.5405410845551109 0.008635063729977122 -0.11838903910095144 -0.20278651392497837 -0.7840875074686482 
0.3496800545397185 0.46934830917033493 0.5813388470053429 0.6593556517677639 0.7403125657433157 0.8493598697345631 0.37645442148721114 0.3395277611752586 0.9481844473048977 0.9980556929189869 0.9935202646478114 0.5507521081507518 0.5076749342380477 0.9901193431826878 0.9536328534103147 0.9570445138462106 0.8681379967977727 0.7459184189990189 0.7489038342485925 0.14703569928606522 0.5947474589499373 0.6483676513293454 0.4130101149241506 0.30403274889886306 0.21542806433379186 0.5405410845551109 0.008635063729977122 -0.11838903910095144 -0.20278651392497837 -0.7840875074686482 
9.9912504548759E-6 -0.2789362904974664 0.29497725003192177 -0.08035068720286334 0.007303737449724564 0.10045412909076779 0.6416344648413277 0.741161285072662 0.2905949024983656 0.37732533763540654 0.9517428392967682 0.9514702005818436 0.9542771072586165 0.9948834869494088 0.4655296249558049 0.9938374758283242 0.948753468802261 0.9500850161219018 0.4019993598388503 0.3762961700798426 0.845687849997254 0.741708098540288 0.7168439871877275 -0.3830248364372082 0.4557984807679447 0.40259478709874336 0.29011943108980975 0.2057239124229776 0.11426532611986837 -9.348142274288977E-4 
9.9912504548759E-6 -0.2789362904974664 0.29497725003192177 -0.08035068720286334 0.007303737449724564 0.10045412909076779 0.6416344648413277 0.741161285072662 0.2905949024983656 0.37732533763540654 0.9517428392967682 0.9514702005818436 0.9542771072586165 0.9948834869494088 0.4655296249558049 0.9938374758283242 0.948753468802261 0.9500850161219018 0.4019993598388503 0.3762961700798426 0.845687849997254 0.741708098540288 0.7168439871877275 -0.3830248364372082 0.4557984807679447 0.40259478709874336 0.29011943108980975 0.2057239124229776 0.11426532611986837 -9.348142274288977E-4 
6.754179357354121E-6 -0.2789362904974664 0.31305761538983423 -0.07986558909018623 0.008251110448122032 0.10070551681611571 0.6416344648413277 0.741251728902242 0.29836280229706424 0.37549273162601493 0.9389708185648511 0.9514702005818436 0.9525554349491085 0.9950743636041701 0.49205277834459255 0.9938374758283242 0.948753468802261 0.9497628910093131 0.4019993598388503 0.37472191955422246 0.8406227654287906 0.741796699666808 0.705995591918805 -0.3831352583896095 0.46034095041906503 0.40259478709874336 0.29964175536228543 0.20574324536313238 0.11299203284569294 -9.348142274288977E-4 
9.9912504548759E-6 -0.2789362904974664 0.31305761538983423 -0.08004919956544564 0.008251110448122032 0.10070551681611571 0.6416344648413277 0.741251728902242 0.29836280229706424 0.3762863440932718 0.9517428392967682 0.9514702005818436 0.9537032164887805 0.9950605397178203 0.49844064660715953 0.9938374758283242 0.948753468802261 0.9499861967214871 0.4019993598388503 0.37472191955422246 0.845687849997254 0.741796699666808 0.7051156013559624 -0.3830248364372082 0.46034095041906503 0.40259478709874336 0.29011943108980975 0.20574324536313238 0.11426532611986837 -9.348142274288977E-4 
9.9912504548759E-6 -0.2776836848093542 0.30582546924666926 -0.08021482158662362 0.008251110448122032 0.10070551681611571 0.667204889645076 0.7411914330158553 0.31071616865817914 0.3762863440932718 0.9612873172462247 0.9514702005818436 0.9537032164887805 0.9950727939241237 0.46153720729170056 0.9938374758283242 0.948753468802261 0.9499861967214871 0.39796060474182504 0.37472191955422246 0.8370406446440927 0.741796699666808 0.7048956037152517 -0.3830248364372082 0.46034095041906503 0.40250531254345556 0.29011943108980975 0.20572050786852114 0.11426532611986837 -9.083631602989702E-4 
6.068065990023906E-6 -0.2789362904974664 0.3275219076761642 -0.07961184631178822 0.010145856444916966 0.10096173323592882 0.6433618292418389 0.741251728902242 0.32625196825557634 0.37549273162601493 0.9442988770491294 0.9514702005818436 0.9525554349491085 0.9952628857388619 0.49205277834459255 0.9942226204221136 0.9554485208942164 0.9497628910093131 0.4019993598388503 0.3727628406351102 0.8233283547224679 0.741796699666808 0.6934972143445526 -0.3831352583896095 0.46098078521483 0.40283962783813626 0.29964175536228543 0.20574324536313238 0.06647954781455842 -9.348142274288977E-4 
6.068065990023906E-6 -0.2776836848093542 0.3275219076761642 -0.07994309035414418 0.010107362222729097 0.1001282655203396 0.6406125545266707 0.741251728902242 0.3509587009778061 0.37539241143433877 0.9506503498156067 0.951514573859382 0.9525554349491085 0.9954514078735537 0.45355237196349185 0.9944291906264866 0.9621435729861718 0.9499588919044355 0.3939218496447997 0.3727628406351102 0.8060339440161453 0.7416194974137679 0.6809988367703002 -0.3831352583896095 0.46098078521483 0.40308446857752916 0.30462866137367806 0.2057136987596082 0.11037406909013855 -9.348142274288978E-4 
6.754179357354121E-6 -0.2789362904974664 0.31305761538983423 -0.07986558909018623 0.008251110448122032 0.10070551681611571 0.6416344648413277 0.741251728902242 0.29836280229706424 0.37549273162601493 0.9325848081988926 0.9514702005818436 0.9525554349491085 0.995081275547345 0.48885884421330905 0.9938374758283242 0.948753468802261 0.949651238153226 0.4019993598388503 0.37472191955422246 0.8406227654287906 0.741796699666808 0.705995591918805 -0.3831352583896095 0.46034095041906503 0.40259478709874336 0.3044029174985233 0.20574324536313238 0.11235538620860522 -9.348142274288977E-4 
9.9912504548759E-6 -0.2789362904974664 0.31305761538983423 -0.08004919956544564 0.008251110448122032 0.10070551681611571 0.6416344648413277 0.741251728902242 0.29836280229706424 0.3762863440932718 0.9517428392967682 0.9514702005818436 0.9537032164887805 0.9950605397178203 0.49844064660715953 0.9938374758283242 0.948753468802261 0.9499861967214871 0.4019993598388503 0.37472191955422246 0.845687849997254 0.741796699666808 0.7051156013559624 -0.3830248364372082 0.46034095041906503 0.40259478709874336 0.29011943108980975 0.20574324536313238 0.11426532611986837 -9.348142274288977E-4 
6.754179357354121E-6 -0.2789362904974664 0.31305761538983423 -0.07986558909018623 0.008251110448122032 0.10070551681611571 0.6416344648413277 0.741251728902242 0.29836280229706424 0.37549273162601493 0.9389708185648511 0.9514702005818436 0.9525554349491085 0.9950743636041701 0.49205277834459255 0.9938374758283242 0.948753468802261 0.9497628910093131 0.4019993598388503 0.37472191955422246 0.8406227654287906 0.741796699666808 0.705995591918805 -0.3831352583896095 0.46034095041906503 0.40259478709874336 0.29964175536228543 0.20574324536313238 0.11299203284569294 -9.348142274288977E-4 
6.754179357354121E-6 -0.2789362904974664 0.31305761538983423 -0.07986558909018623 0.008251110448122032 0.10070551681611571 0.6416344648413277 0.741251728902242 0.29836280229706424 0.37549273162601493 0.9325848081988926 0.9514702005818436 0.9525554349491085 0.995081275547345 0.48885884421330905 0.9938374758283242 0.948753468802261 0.949651238153226 0.4019993598388503 0.37472191955422246 0.8406227654287906 0.741796699666808 0.705995591918805 -0.3831352583896095 0.46034095041906503 0.40259478709874336 0.3044029174985233 0.20574324536313238 0.11235538620860522 -9.348142274288977E-4 
5.38195262269369E-6 -0.2789362904974664 0.34198619996249413 -0.07967405710161342 0.010145856444916966 0.10037482455122235 0.6427599159146691 0.741251728902242 0.3509587009778061 0.37450484305095444 0.9420348976438454 0.9514923872206128 0.9522312947676342 0.9953885671619898 0.49205277834459255 0.9947110501180896 0.9634099380779995 0.9500300501562975 0.4019993598388503 0.3727628406351102 0.8146811493693065 0.741796699666808 0.6891881116186358 -0.3831352583896095 0.4630607869983734 0.40308446857752916 0.30462866137367806 0.2057136987596082 0.11037406909013855 -9.877163616887528E-4 
6.068065990023906E-6 -0.2801888961855786 0.34198619996249413 -0.07961184631178822 0.010145856444916966 0.10120829226681158 0.6451126007965964 0.7413723206750154 0.32625196825557634 0.3742083570090022 0.9315613939166936 0.9514171339206237 0.9525554349491085 0.9954268994609468 0.5273592505944098 0.9942226204221136 0.9554485208942164 0.9497885579206577 0.4019993598388503 0.3715734185029821 0.8233283547224679 0.741973901919848 0.6814388320517215 -0.3831352583896095 0.4694258897213057 0.4032634176881048 0.3094365111926822 0.2057591737488307 0.06538473715457549 -9.877163616887528E-4 
6.329553111819774E-6 -0.27638122956274175 0.34198619996249413 -0.07916053050879997 0.021107628452409523 0.10021684335427782 0.6463800409116636 0.741419290291649 0.34777626774152387 0.3733448462134607 0.9463908344057138 0.9515589471369204 0.9585919847802502 0.9953257264504259 0.507478623787167 0.9948143352202761 0.9777164790859818 0.9499973496953596 0.42138860584695115 0.3712109796690143 0.8118855546992509 0.7421511041728881 0.6732384925254622 -0.3833699039303705 0.5297218904555255 0.4034551687416238 0.3208696031624657 0.2056250589490357 0.1360953971807012 -4.734172067553442E-4 
9.545376101289488E-6 -0.266287773354545 0.2978475352772674 -0.07947205423296799 0.003720738905950507 0.10122542311004633 0.6501300677263989 0.7410573640654121 0.3139799514996139 0.3749061238176591 0.8999810510672379 0.9511248141043485 0.9613871327966489 0.9947945319449141 0.5087141379163188 0.9939880544027843 0.9595328899045803 0.949777851785071 0.4149201546069518 0.37609917534480275 0.8517764296652484 0.7421511041728881 0.6877164759852081 -0.3832473382815397 0.4678619377806026 0.402999374034297 0.3098023181161357 0.20586605211297404 0.11241936689731644 -9.574189014998855E-4 
1.0707720437596933E-5 -0.266287773354545 0.311055692293575 -0.07956692545482535 7.500263452936721E-4 0.09912434740210319 0.6497884463199098 0.743022155441866 0.3409590801017637 0.3738641404841356 0.9282895903561472 0.9512666273206452 0.9620354131595975 0.99488879301226 0.5186134986289668 0.9939880544027843 0.9703012202159959 0.949777851785071 0.4052947078924935 0.37378964802235537 0.8350315760886791 0.7421511041728881 0.6708221784974719 -0.3832621217710654 0.4586990425097893 0.40338262935264074 0.305967909655559 0.20579103052022737 0.11411144611100078 -7.365978778603536E-4 
8.173149366629059E-6 -0.266287773354545 0.2978475352772674 -0.07947205423296799 0.003720738905950507 0.10122542311004633 0.6513338943807385 0.7410573640654121 0.33868668422184367 0.3739182352425986 0.9045090098778059 0.9511691873818868 0.9620354131595975 0.9949202133680419 0.5186134986289668 0.9939880544027843 0.9703012202159959 0.949777851785071 0.4149201546069518 0.37378964802235537 0.8344820189589258 0.7421511041728881 0.6713379262885367 -0.3832473382815397 0.4708674214302501 0.40342956485573717 0.3098023181161357 0.20586605211297404 0.11241936689731644 -9.574189014998855E-4 
8.173149366629059E-6 -0.266287773354545 0.2978475352772674 -0.07939978840904635 0.003720738905950507 0.10122542311004633 0.6497884463199098 0.740941616276115 0.3409590801017637 0.37381791505092243 0.9153884414548512 0.9512666273206452 0.9620354131595975 0.99488879301226 0.5186134986289668 0.9939880544027843 0.9703012202159959 0.949777851785071 0.4149201546069518 0.37378964802235537 0.8344820189589258 0.7421511041728881 0.6674577541661177 -0.3832621217710654 0.4717929032963542 0.4034359658272088 0.3098023181161357 0.20579103052022737 0.11224753584860947 -7.365978778603536E-4 
4.233578242553373E-6 -0.2662705304238503 0.32212232656570167 -0.07919970450430655 0.02289734132707579 0.10078724907789588 0.6592400971197544 0.7398181494481357 0.3305017430365548 0.37227691554962183 0.9139110086321844 0.9517105035289687 0.9597398500802535 0.9949164407849598 0.5058377621038328 0.9917491665496239 0.9726528500579609 0.949331240360723 0.42846608843206735 0.373975129705513 0.8249014069517522 0.7420516691651922 0.6725821596231571 -0.383482965675868 0.4773364648322156 0.40349035119011 0.3250125582005104 0.20540594482875957 0.11156485956264994 -0.0024970372807304325 
1.0305723283379097E-6 -0.2661444206785335 0.3155698859298789 -0.07908080479162109 0.01426952401381144 0.1052522450184159 0.656859115181373 0.7368859315577243 0.3152708309854758 0.37362514399282 0.896562477995426 0.9498321224595812 0.9627771007449806 0.9947917127228387 0.5154587621381236 0.994029840294382 0.9732636227112129 0.948719267535957 0.4374052736558681 0.37696867253121613 0.804934829756639 0.7435687221972089 0.6742699881075916 -0.3847612242016717 0.4906886755592817 0.4033636896657693 0.3174646587160689 0.20795769492772984 0.10834788427511988 -0.0018538041399932736 
1.0305723283379097E-6 -0.2661444206785335 0.3155698859298789 -0.07908080479162109 0.01426952401381144 0.1054007862937675 0.656859115181373 0.7368859315577243 0.3279160162320883 0.37362514399282 0.908548454600269 0.9499103625838161 0.9627771007449806 0.9947917127228387 0.5189547565798527 0.994029840294382 0.9732636227112129 0.948719267535957 0.4374052736558681 0.37696867253121613 0.804934829756639 0.7435687221972089 0.6742699881075916 -0.3847612242016717 0.4906886755592817 0.4033636896657693 0.3174646587160689 0.20795769492772984 0.10834788427511988 -0.0018538041399932736 
6.716914045479264E-7 -0.2661444206785335 0.3155698859298789 -0.07908080479162109 0.01426952401381144 0.1054007862937675 0.656859115181373 0.7368859315577243 0.3279160162320883 0.37362514399282 0.908548454600269 0.9499103625838161 0.9627771007449806 0.9947917127228387 0.5154587621381236 0.994029840294382 0.9732636227112129 0.948719267535957 0.4374052736558681 0.37696867253121613 0.804934829756639 0.7435687221972089 0.6742699881075916 -0.40864488039996216 0.4906886755592817 0.4033636896657693 0.31742120919391276 0.20795769492772984 0.10834788427511988 -0.0018538041399932736 
3.12810480757943E-7 -0.2661444206785335 0.3155698859298789 -0.07908080479162109 0.01426952401381144 0.1054007862937675 0.656859115181373 0.7368859315577243 0.3279160162320883 0.37362514399282 0.908548454600269 0.9499103625838161 0.9627771007449806 0.9947917127228387 0.5154587621381236 0.994029840294382 0.9732636227112129 0.948719267535957 0.4374052736558681 0.37696867253121613 0.804934829756639 0.7435687221972089 0.6742699881075916 -0.3847612242016717 0.4906886755592817 0.4033636896657693 0.31737775967175663 0.20795769492772984 0.10834788427511988 -0.0018538041399932736 
3.12810480757943E-7 -0.26610582340247846 0.3155698859298789 -0.07908080479162109 0.01426952401381144 0.10436986403905804 0.663267613697056 0.7359073150902314 0.3179930105506591 0.3688874662380573 0.9085133945736106 0.9513016017483125 0.967239653279968 0.9947917127228387 0.5043399460663223 0.9922066640122813 0.9753303493070957 0.9482105718200469 0.4425258766407909 0.374616677418839 0.804934829756639 0.890902421117058 0.6742699881075916 -0.3832425024291873 0.5028570544797425 0.4033636896657693 0.30138186682357637 0.2059274854578401 0.10851977899646104 -0.005299036895066016 
5.1266396573710465E-6 -0.7670214142683994 0.3353474647001224 -0.08134627777661048 0.007439667677724644 0.10007513416892636 0.6783277337057334 0.2552158847939161 0.8565337310994392 0.37817213362033497 0.899880240503971 0.9487993525056722 0.971027278484083 0.5095121644144227 0.5248999093143506 0.9953955191138253 0.9759251961086123 0.9498893621669586 0.4192652806280048 0.3794585019403812 0.814059984744666 0.7422249790597479 0.671764543963215 -0.38639730545227874 0.48131517975573335 0.4050971037849391 0.33071014389881204 0.20934666647653305 0.10907956098261593 -3.069556059575576E-4 
5.664961043056022E-6 -0.7670214142683994 0.33109617801993674 -0.08134627777661048 -0.005412712137214337 0.10003164959846841 0.6793917873500793 0.2552158847939161 0.8169041806620473 0.378170553800519 0.8978038151844446 0.9488189125367309 0.971027278484083 0.5094990565105528 0.5295502675425308 0.9953955191138253 0.9759251961086123 0.9498893621669586 0.4192652806280048 0.3794585019403812 0.8200187084253365 0.7422249790597479 0.6715269731835993 -0.3863677384732273 0.48357293161167836 0.4050971037849391 0.33071014389881204 0.20934666647653305 0.10907956098261593 -2.9257615447491193E-4 
5.1266396573710465E-6 -0.7670214142683994 0.3353474647001224 -0.08134627777661048 0.007439667677724644 0.10007513416892636 0.6783277337057334 0.2552158847939161 0.8565337310994392 0.37817213362033497 0.899880240503971 0.9487993525056722 0.971027278484083 0.5095121644144227 0.5248999093143506 0.9953955191138253 0.9759251961086123 0.9498893621669586 0.4192652806280048 0.3794585019403812 0.814059984744666 0.7422249790597479 0.671764543963215 -0.38639730545227874 0.48131517975573335 0.4050971037849391 0.33071014389881204 0.20934666647653305 0.10907956098261593 -3.069556059575576E-4 
5.664961043056022E-6 -0.7670214142683994 0.33109617801993674 -0.08134627777661048 -0.005412712137214337 0.10003164959846841 0.6793917873500793 0.2552158847939161 0.8169041806620473 0.378170553800519 0.8978038151844446 0.9488189125367309 0.971027278484083 0.5094990565105528 0.5295502675425308 0.9953955191138253 0.9759251961086123 0.9498893621669586 0.4192652806280048 0.3794585019403812 0.8200187084253365 0.7422249790597479 0.6715269731835993 -0.3863677384732273 0.48357293161167836 0.4050971037849391 0.33071014389881204 0.20934666647653305 0.10907956098261593 -2.9257615447491193E-4 
5.1266396573710465E-6 -0.7670214142683994 0.3353474647001224 -0.08134627777661048 0.020292047492663626 0.1001186187393843 0.6783277337057334 0.2552158847939161 0.8025650007178804 0.3781752932599669 0.899880240503971 0.9487993525056722 0.971027278484083 0.5095252723182926 0.5202495510861704 0.9953955191138253 0.9759251961086123 0.9498893621669586 0.4192652806280048 0.3794585019403812 0.8081012610639955 0.7422249790597479 0.6722396855224464 -0.38639730545227874 0.48131517975573335 0.4050971037849391 0.33071014389881204 0.20934666647653305 0.10907956098261593 -3.3571450892284894E-4 
5.772827701509012E-6 -0.7670214142683994 0.313278132357509 -0.08134627777661048 0.020292047492663626 0.10039900495179466 0.684342911972504 0.25445971545921936 0.8233105794512653 0.3781752932599669 0.923852193713657 0.9489558327541421 0.971027278484083 0.5093225157771006 0.5166385616322513 0.9953618714901262 0.9759307415040641 0.9497769366779176 0.4192652806280048 0.3794585019403812 0.8081012610639955 0.7422249790597479 0.6722396855224464 -0.38639730545227874 0.48357293161167836 0.4050971037849391 0.3305363458101875 0.20946716305850221 0.10907956098261593 -0.001455700024493259 
0.0 -0.7675073717495668 0.31289347182950955 -0.08142693793774064 0.018845135146958285 0.099339602451353 0.6495925697343874 0.260256496527923 0.805221137004068 0.37992631604614413 0.9130171858997798 0.9458736468771209 0.9700835699123354 0.5095508806929582 0.5307106614099157 0.9954394825233822 0.9809867076888554 0.9496064208641567 0.4179356828206401 0.37880777407212585 0.8081012610639955 0.7479733680082609 0.6730270345107532 -0.38564256429911037 0.49519428628514395 0.4055120573690211 0.3225403275513331 0.20940418186336096 0.10569731377365721 2.6978817081595684E-4 
4.6299641303145345E-6 -0.6112495522695935 0.3107557283731167 -0.07530348275152512 0.018845135146958285 0.10403071925744808 0.6636711759664606 0.2587085715766476 0.8044188308125353 0.37667473316254274 0.9133613211088308 0.9430896215716617 0.97718674162081 0.6013073352065458 0.5144401857313624 0.9969895744210197 0.9883678440871425 0.9496971006270281 0.41869485230715575 0.37944960928733196 0.8098834802305293 0.8292369295366402 0.6664449988167565 -0.38432983950616045 0.5070941099007307 0.40947424706211605 0.31124831130066216 0.2066317231696857 0.10595078552743842 0.005752842808823046 
