0.4435701722136043 0.5049345952624796 1.4188232751537546 
0.28566080649994924 0.30044464510621394 1.376885657931755 
0.28566080649994924 0.30044464510621394 1.376885657931755 
0.5452222651593555 0.2819022750613684 1.412159180983093 
0.5608567810159031 0.4801955852619616 1.343175181004905 
0.4435701722136043 0.5049345952624796 1.4188232751537546 
0.5142611089352804 0.4376844747819827 1.3528666776023854 
0.5294628537467658 0.5514302721652403 1.3810499923037345 
0.6207632693176374 0.5107987972897398 1.406289883434638 
0.5608567810159031 0.4801955852619616 1.343175181004905 
0.5420943175434695 0.5530299826024788 1.3361424044018622 
0.5815822356237188 0.4717942657509411 1.3431527025920467 
0.5815822356237188 0.4717942657509411 1.3431527025920467 
0.5253101843081585 0.273141879607962 1.3456339238846138 
0.5253101843081585 0.273141879607962 1.3456339238846138 
0.5294628537467658 0.5514302721652403 1.3810499923037345 
0.3684031927277206 0.17912445091044435 1.426288549459029 
0.4970455481061268 0.5672356700184669 1.3328088812609191 
0.5142611089352804 0.4376844747819827 1.3528666776023854 
0.6207632693176374 0.5107987972897398 1.406289883434638 
1.023750172699795 2.077865209312271 3.9225560514545625 
1.4751189207905917 1.7042215166267822 2.498748832727662 
2.5314789875248263 3.3576778984690456 2.4810496193880285 
0.6674262940949446 1.3209884678358372 1.226563421107525 
2.6781941376036857 2.565429118405726 3.3660087273611015 
3.7530763747272387 3.559283366385567 3.3550397348886136 
3.2661035778823155 2.415638065305466 5.5046282152532875 
1.7692234578902242 2.296004713270705 2.706129867804199 
3.203828941711326 1.7178587770864804 2.2711147573872035 
1.9087299142355616 2.3393151987741123 2.9421980306554687 
1.7450403051940775 1.6549403432287988 2.2359519110291135 
3.163600403628167 2.006909277936877 3.745857810612112 
2.08635739783981 1.7610822498015215 3.2574422047799123 
3.173867809832323 5.63001621696287 6.90153846026503 
1.6867703374305778 2.6749920457466714 2.2705240645607 
1.3714086483469095 1.912557621014748 2.928539794918918 
1.760358044599848 1.2206241709350054 3.0093390302399414 
1.3281180377028925 2.2835657548486274 1.5387258345732095 
1.4495549042466955 1.011655799511726 3.3970666118235124 
1.4823021015014644 0.9905851829416809 3.0514421654896795 
2.1907998774569544 2.466295475839208 2.59478828683688 
7.003902151267795 5.414779511600006 6.064983430483423 
0.4988548465479803 1.472214912136304 1.907939117611503 
1.999429300468344 0.8254580312783742 3.5076166356717113 
1.6535728230495408 0.49385682516912527 3.618061105509644 
1.7026581750876544 1.2238059169683118 2.5087784690567965 
3.2810647708882597 3.164054875762037 3.4815166459165727 
2.816352163557205 0.75055324997374 1.9030728253344347 
2.5091054691615198 2.6301267007170996 3.044607745274025 
2.554998030517656 1.656837105491794 1.1364113195742669 
1.4780116106328123 2.0035456888973795 2.9090253803130888 
1.4862980302706073 2.397267823486373 2.8655217712812213 
1.3387721854153725 0.9543297912947223 3.608902410225448 
1.0359807087066413 2.0192951499292326 2.6315936078990636 
4.593082190771457 3.2791753634908565 3.705436148721556 
0.4988548465479803 1.472214912136304 1.907939117611503 
2.058925197586189 1.9284107015223493 3.364005568620229 
1.7032661438218653 0.8408493674021129 2.699524117455095 
2.154377604143726 2.082114998503635 3.8667301803272225 
3.3675887220479654 2.7842203754440296 2.5434734341157 
1.2908734209412507 1.2675757655064723 2.4118410790204443 
1.7212449162987702 2.289412147366606 3.56492039273879 
1.2715017556622041 1.3217332513824553 3.761026804935445 
1.1072262796343262 1.4069675699461894 1.9304094616622134 
1.5997379525492772 3.1555010424631478 2.5347361439259997 
2.243085072741607 1.8333875765101841 1.8151728682642285 
2.868558001106486 1.182969392581241 3.709974092831068 
1.2629211930992919 2.08075393741918 2.953213751442407 
3.5963990733598927 3.4551826926849514 3.2889510549126335 
1.7450403051940775 1.6549403432287988 2.2359519110291135 
1.4823021015014644 0.9905851829416809 3.0514421654896795 
2.9840468232121538 2.8006551283036347 2.9944606358082373 
1.551126365999256 0.836855677051716 2.4635416740612395 
1.9531996070246358 1.701065488497006 3.6542741854313068 
1.7376305355978978 2.422976856226031 3.4614919287781234 
2.3172986523559596 1.9103245067166557 2.8479277551132838 
2.2247519274922456 1.7563431015319126 2.0193155491685113 
1.0359807087066413 2.0192951499292326 2.6315936078990636 
2.4399151114911315 1.565567602612616 2.6226083473449875 
1.1072262796343262 1.4069675699461894 1.9304094616622134 
1.6535728230495408 0.49385682516912527 3.618061105509644 
1.796295162395603 1.121094906797705 3.3612590143498706 
2.488934393121459 3.09869290825126 3.3270973948136255 
1.9999247632599955 0.6900150924952984 1.8282882320602025 
1.7212449162987702 2.289412147366606 3.56492039273879 
2.422208514680146 2.2079812645489802 3.5281433198889047 
2.1498189345288385 1.3084986291273073 2.0408747462366237 
2.6992958526934654 2.5290422333240565 2.8893340373409666 
1.2117156587844604 1.2473509979228237 2.235733389559256 
0.8320028005350693 1.8870795951557449 3.1519698519244725 
1.9071623914091558 2.6065694838953655 3.464822082118588 
1.4004053520519124 1.0895307195700905 3.1388602508897234 
1.9087299142355616 2.3393151987741123 2.9421980306554687 
2.63459056291799 2.9542397319805764 3.189891276466427 
1.5575564809889677 1.8219566501023725 3.737747990990306 
1.9956186835561507 1.3834988313879943 2.2169809385956656 
2.1907998774569544 2.466295475839208 2.59478828683688 
1.7899034088083876 2.2981587054038592 2.3764511221461007 
1.4454865762436768 1.3237501846881272 2.346232734381389 
2.647376312123257 2.301409419981978 3.1942791459813 
2.2639674087734667 2.0483075442677134 1.6556401007459776 
1.023750172699795 2.077865209312271 3.9225560514545625 
1.286920056771744 2.5081778268796953 2.6494472750046496 
3.0635904581476634 2.1250045023295843 2.41869872051175 
4.402320478787124 6.259307987520429 3.7982209167383236 
0.8121455100936968 1.334128630399493 3.817866195405086 
1.7318642645160827 0.8723421500671131 3.323684334997415 
2.058925197586189 1.9284107015223493 3.364005568620229 
2.5723405573014455 1.5895096076020827 2.599319855337792 
0.9868719396619553 0.9809202853700917 2.0812201798237444 
1.7124331892345885 1.2579719901054267 3.0104621740834356 
2.152713333031627 0.8812205793537861 2.956307328798654 
2.8325270751227305 2.882414784291452 3.370886635888787 
1.760358044599848 1.2206241709350054 3.0093390302399414 
2.282160403890652 2.5284306287233633 3.516078247514651 
1.796295162395603 1.121094906797705 3.3612590143498706 
1.7156685106806557 2.6580435164048857 3.4304339782235527 
1.9531996070246358 1.701065488497006 3.6542741854313068 
1.8995629563571694 2.3594931551046394 2.47185529852996 
2.868558001106486 1.182969392581241 3.709974092831068 
2.4677278162168683 3.0798564351058344 2.8235287680318617 
1.7164272777107157 0.9750276103799687 3.5677490895383763 
1.906507285572533 1.085954451796776 2.389189527734309 
5.289023698728337 6.110356547190192 5.762609677563742 
2.488934393121459 3.09869290825126 3.3270973948136255 
2.3172986523559596 1.9103245067166557 2.8479277551132838 
1.7156685106806557 2.6580435164048857 3.4304339782235527 
1.7899034088083876 2.2981587054038592 2.3764511221461007 
2.243085072741607 1.8333875765101841 1.8151728682642285 
2.1186897749370655 3.7355579846896996 2.1926864490295164 
1.9379473549929331 1.3647148703466578 2.2342056565267683 
1.906507285572533 1.085954451796776 2.389189527734309 
3.222952693640298 2.7134547790589516 2.055487567932647 
2.6992958526934654 2.5290422333240565 2.8893340373409666 
1.7212771111089245 2.1849052266021154 3.895154325868596 
1.3166915289422514 2.2418040445641707 4.258120211184339 
1.2320005735945465 3.049854445702273 2.9562159500098852 
2.86622147616122 3.3540300571596404 3.7143996628852785 
1.6972469775102716 2.1360659966285622 4.220784960866462 
1.8995629563571694 2.3594931551046394 2.47185529852996 
1.7497459169822223 3.0702526711077636 3.16029609382622 
1.9618980564639774 2.332098037069253 2.1592384124207635 
2.5754522638461803 3.020388827168438 1.9999073043826383 
1.4454865762436768 1.3237501846881272 2.346232734381389 
1.459065692154853 2.363377658152978 2.140124198444026 
2.152713333031627 0.8812205793537861 2.956307328798654 
1.3281180377028925 2.2835657548486274 1.5387258345732095 
5.746636242493684 4.6244162811250815 3.924877566216946 
0.9868719396619553 0.9809202853700917 2.0812201798237444 
2.283809011397827 1.0162471964020248 3.277855118055352 
2.535333561616782 1.6092725246921653 2.429047713786301 
6.150050160353747 3.3269663637300093 4.566836842048327 
2.1498189345288385 1.3084986291273073 2.0408747462366237 
1.9999247632599955 0.6900150924952984 1.8282882320602025 
3.4098898895350986 3.0213025032582843 3.075033571602769 
2.7557536288484656 3.829287485105006 3.4476363233196867 
1.3714086483469095 1.912557621014748 2.928539794918918 
3.24909456812998 2.4102147676537715 3.149064752938976 
2.4399151114911315 1.565567602612616 2.6226083473449875 
1.4969972896522452 1.0439513585647915 2.3113207326772307 
1.7464736568759738 2.106504120947353 2.4328810346888927 
1.7464736568759738 2.106504120947353 2.4328810346888927 
2.3243222967347315 3.0938756169645845 2.7980043140126423 
3.24909456812998 2.4102147676537715 3.149064752938976 
1.2908734209412507 1.2675757655064723 2.4118410790204443 
2.9840468232121538 2.8006551283036347 2.9944606358082373 
1.2743230446684657 1.316193501227288 2.8417310335707793 
1.6119377192303321 2.9990960269369586 2.5295284493411105 
1.7497459169822223 3.0702526711077636 3.16029609382622 
1.2117156587844604 1.2473509979228237 2.235733389559256 
1.3952203215250853 0.8299009223267255 3.9899409405758197 
1.9379473549929331 1.3647148703466578 2.2342056565267683 
1.9956186835561507 1.3834988313879943 2.2169809385956656 
1.3387721854153725 0.9543297912947223 3.608902410225448 
2.001381352288236 2.014242789159527 1.9922748022640802 
1.6447693784069113 3.2954150201047856 2.1068719350037184 
1.286920056771744 2.5081778268796953 2.6494472750046496 
1.7376305355978978 2.422976856226031 3.4614919287781234 
3.194239451404494 2.645355705873249 3.3416286540026086 
1.4969972896522452 1.0439513585647915 2.3113207326772307 
2.3464596570279954 3.933708561979287 1.8824141732485677 
2.08635739783981 1.7610822498015215 3.2574422047799123 
0.8176576455725829 2.0840525849823353 3.291787920947585 
4.688384886273507 4.519066054038204 5.871465886978714 
1.551126365999256 0.836855677051716 2.4635416740612395 
2.013439470686087 2.216717742607692 3.8837832582342102 
2.482467070424299 2.6131483534209483 2.799411638471594 
4.4499427771810405 2.5080046612647218 3.725988933667695 
1.6447693784069113 3.2954150201047856 2.1068719350037184 
5.131558462947078 5.883670402774215 7.899652280093778 
2.6521790324969787 1.9500289810633546 2.6132634392976595 
1.4495549042466955 1.011655799511726 3.3970666118235124 
1.8721347169149258 3.260216696085684 2.945700463941732 
1.7026581750876544 1.2238059169683118 2.5087784690567965 
2.2639674087734667 2.0483075442677134 1.6556401007459776 
1.9058724270424796 1.9437481542174524 2.3305839301947686 
2.9883391532057733 2.2149207403132394 3.5502501634128483 
0.8643776294433391 2.303286212620877 1.9567147641256497 
0.9088601025165672 1.5429799294430677 3.033570024639854 
1.7243275195133492 2.2951365231277623 3.092042185333828 
2.6521790324969787 1.9500289810633546 2.6132634392976595 
3.459703657671404 1.8465976688199925 4.868091337552702 
1.7032661438218653 0.8408493674021129 2.699524117455095 
1.2629211930992919 2.08075393741918 2.953213751442407 
2.4408850552703436 1.9166228736673478 3.8425705043522727 
3.3675887220479654 2.7842203754440296 2.5434734341157 
0.6674262940949446 1.3209884678358372 1.226563421107525 
1.4751189207905917 1.7042215166267822 2.498748832727662 
2.8718012962000454 4.036807534089316 4.460262269334605 
1.6650419965415895 1.9325795305048588 2.2744444107666397 
