1.7125648440542318 0.6077239377763453 
1.5925827101194656 0.6024704907833778 
1.7125648440542318 0.6077239377763453 
1.6010789609373002 0.6086060398775286 
1.5925827101194656 0.6024704907833778 
1.586165971338065 0.6120560212482167 
1.5351597332851223 0.6155709860541907 
1.5351597332851223 0.6155709860541907 
1.3699726131227044 0.6409425321741458 
1.3682009768058414 0.5834392650075546 
1.3982933987489565 0.5853277045235826 
1.3686435218693216 0.5834392650075546 
1.3327120697950616 0.6542152931960974 
1.3686435218693216 0.5834392650075546 
1.3956527336854192 0.6181344453828634 
1.3034557904931647 0.6784603433452092 
1.2848542966976 0.680559042773611 
1.2973666797737584 0.6471776342051316 
1.3682009768058414 0.5834392650075546 
1.3034557904931647 0.6784603433452092 
1.2848542966976 0.680559042773611 
1.2819397407993218 0.7239738446053039 
1.3224294309458986 0.655161280516591 
1.2661763054291078 0.7393128208603469 
1.2593171234666738 0.7392860972018638 
1.2152435570074616 0.7133541706752609 
1.2152435570074616 0.7133541706752609 
1.1896948271047072 0.7114065799253763 
1.1896948271047072 0.7114065799253763 
1.2593171234666738 0.7392860972018638 
1.0886410825709723 0.7696324735709367 
1.2529822292280504 0.7440672837385566 
1.1741061760091704 0.7453307263220059 
1.2546817634570833 0.7956377899943858 
1.1741061760091704 0.7453307263220059 
1.1077790380649297 0.7657159525584197 
1.1565019460155546 0.7593099297399233 
1.1558075045352152 0.8068892377019814 
1.0940719440172069 0.795520110492537 
1.1077790380649297 0.7657159525584197 
1.135414838859023 0.7921331240597418 
1.1353791943711564 0.807993775101491 
1.1353791943711564 0.807993775101491 
1.0955068121770624 0.7886304151965318 
1.0940719440172069 0.795520110492537 
1.0845453818728472 0.8185367136989083 
1.1187816395939263 0.8567249437504758 
1.1187816395939263 0.8567249437504758 
1.068679983578373 0.8389037445705496 
1.0425383365974743 0.8514270767164297 
1.0605725279187785 0.8705928006947989 
1.0768556517952874 0.8290934135431638 
1.0768556517952874 0.8290934135431638 
1.0425383365974743 0.8514270767164297 
1.0338155984335202 0.8865315251154222 
1.0381485257614336 0.8336639446935267 
1.074568289166086 0.9012930476893636 
1.0381485257614336 0.8336639446935267 
0.9988480503871293 0.7776898445582976 
0.9943477050065517 0.891261710010424 
1.0305919979125955 0.780178654748221 
0.9938422441423367 0.8866081403905286 
0.9653493635969441 0.8827568343831973 
0.911985220763585 0.8396565696630184 
1.0014928174476923 0.9027335890478326 
0.94892553991557 0.8553320267658621 
0.9169915697021593 0.9505439309654646 
0.9434905988540491 0.8791271794676654 
0.9368052788985125 0.8954595531454244 
0.9368052788985125 0.8954595531454244 
0.9372409148125322 0.9367803793852263 
0.9372409148125322 0.9367803793852263 
0.9434905988540491 0.8791271794676654 
0.9023716142229194 0.87132746400924 
0.911985220763585 0.8396565696630184 
0.8976882607971769 0.9005778827120505 
0.9296959056820631 1.0364866148032856 
0.9169915697021593 0.9505439309654646 
0.9252774189675834 0.9595270482335596 
0.9076394533831513 0.9493749181013988 
0.857192187302173 1.0528921612811786 
0.8976882607971769 0.9005778827120505 
0.9102681882241981 1.0892124623145714 
0.9102681882241981 1.0892124623145714 
0.8358466259511359 1.0578407675434822 
0.8358466259511359 1.0578407675434822 
0.8686733969046478 1.113479014729756 
0.8868629243097392 1.1618923761202467 
0.818111582317286 1.1314693333940888 
0.8330175166114844 1.1206529330751316 
0.8686733969046478 1.113479014729756 
0.8330175166114844 1.1206529330751316 
0.8355684816833503 1.2223430584497252 
0.8365438338780485 1.2726217958918205 
0.818111582317286 1.1314693333940888 
0.8284416531426639 1.2862501751337172 
0.8107817497519494 1.3986412820620426 
0.8108972147981122 1.373916366476983 
0.8107817497519494 1.3986412820620426 
0.8460803615645749 1.7499229083182013 
