1.2843761017861128 0.2654854559732109 
1.3190952795713566 0.2679381087035323 
1.2843761017861128 0.2654854559732109 
1.2661540018550355 0.2766419290643346 
1.2315876399662664 0.2839659399561929 
1.2287334184466177 0.28108083301901926 
1.2287334184466177 0.28108083301901926 
1.1994852050515286 0.3033804283683864 
1.197159224328745 0.3060667001999702 
1.1994852050515286 0.3033804283683864 
1.181800241846164 0.3285309807582094 
1.1908992520311519 0.3324753786419461 
1.1658336111530634 0.34090275512915635 
1.1658336111530634 0.34090275512915635 
1.181800241846164 0.3285309807582094 
1.1641139743159032 0.36120800371100426 
1.164256829519217 0.37259305871519 
1.1641139743159032 0.36120800371100426 
1.1583363971538532 0.37880943191610394 
1.1583363971538532 0.37880943191610394 
1.1563308468166862 0.40706071794787424 
1.1532213366602126 0.4023323760345937 
1.158898441986567 0.38989582129581485 
1.1532213366602126 0.4023323760345937 
1.1472765610795068 0.44544983865196003 
1.1326393663358554 0.44894661788571316 
1.066586917903388 0.44881183849593415 
1.1051223975401654 0.45615878824473866 
1.0433056256610518 0.4535696238351297 
1.0201720735993243 0.4570735851309921 
1.0201720735993243 0.4570735851309921 
0.9296933934656959 0.4690306935291238 
0.9721548193776961 0.4669812768782728 
0.9180256348272171 0.4695331572861619 
0.9180256348272171 0.4695331572861619 
0.9296933934656959 0.4690306935291238 
0.9104300315680567 0.4625826423694041 
0.9117498136133798 0.47082949236759697 
0.8818736505012977 0.4767267063455203 
0.9072699430229163 0.4854433204168932 
0.9097544837116082 0.4952430224393708 
0.9072699430229163 0.4854433204168932 
0.9020575326247521 0.5089756141691046 
0.901676254081402 0.5193918149824372 
0.8818736505012977 0.4767267063455203 
0.901676254081402 0.5193918149824372 
0.901676254081402 0.5193918149824372 
0.8311590656617238 0.5633197236688751 
0.8311590656617238 0.5633197236688751 
0.8176204155881831 0.5658373304556806 
0.8176204155881831 0.5658373304556806 
0.8110052649376789 0.5658181001449594 
0.8148245391616824 0.571016587490691 
0.809319085121162 0.5695739999301896 
0.8110052649376789 0.5658181001449594 
0.8092891420617887 0.5747267117317989 
0.8019218339515197 0.5824150243271378 
0.7190745531331185 0.5891112585185031 
0.7183370240531884 0.5886477543241879 
0.7812244611772239 0.5893434883072076 
0.7526129698850577 0.5936222238056041 
0.7526129698850577 0.5936222238056041 
0.6957311595519002 0.6058007449572029 
0.7183370240531884 0.5886477543241879 
0.7196577698015008 0.6026912593143487 
0.7300059216163073 0.5959540142004454 
0.7190745531331185 0.5891112585185031 
0.6939002103816118 0.5995857316517388 
0.6939002103816118 0.5995857316517388 
0.6938518580957596 0.6088114630723176 
0.6938518580957596 0.6088114630723176 
0.6853280364410259 0.6134176275785076 
0.6645948056380248 0.6271436312394063 
0.6496310784862064 0.6411789007932296 
0.6645948056380248 0.6271436312394063 
0.6631136679693381 0.6365974096739087 
0.6631136679693381 0.6365974096739087 
0.663426906725689 0.6515519702609468 
0.6561441686938341 0.6398494241774038 
0.6496310784862064 0.6411789007932296 
0.6473769869067415 0.6584695961251649 
0.6390813123116947 0.6707321655327294 
0.6344871621427176 0.6693781270328921 
0.6165292529128659 0.6752886432819678 
0.6165393653798812 0.6780199280778813 
0.6165292529128659 0.6752886432819678 
0.6127476338589315 0.6781167625007427 
0.6112223343334229 0.6791325626524674 
0.5742316371216029 0.6995399128483262 
0.5809144761144147 0.7240265352841726 
0.592524349050949 0.7172936619333514 
0.5641538564546462 0.6983039534420517 
0.5742316371216029 0.6995399128483262 
0.5618582869253057 0.7156138882047701 
0.5552227968134088 0.7632589143817594 
0.5618582869253057 0.7156138882047701 
0.5641538564546462 0.6983039534420517 
0.551784398815162 0.7676301314786047 
0.551784398815162 0.7676301314786047 
0.551641434011105 0.7741539393940786 
