0.8351653562011802 -0.2440079159440972 -0.26684051179250934 -0.429824921476337 -0.5335881791066673 -0.6214556281987523 -0.7521243430292996 -0.7739613914337637 -0.8416311754271256 -0.8543452446948919 -0.8842368991326489 -0.9807565971423842 -0.7525728598342448 -0.9962167305605587 -0.8148030817560046 -0.989684148554485 -0.872967805522063 -0.9211755639113837 -0.6426619508900984 -0.8532176418961191 -1.0 -0.7108805045937729 -0.6352858318310888 -0.5589686729182084 -0.5304449059359312 -0.37943371624698485 -0.08111119374098469 -0.1466172735544173 0.08827922532694724 0.06383081154611552 
0.8352770501753544 -0.24992592321551146 -0.17261729132335293 -0.4274601783099782 -0.5437023143209353 -0.6222563236006307 -0.7496012408079515 -0.7692523229048169 -0.8416311754271256 -0.8730069842346129 -0.8842368991326489 -0.988563739396576 -0.6789109194880012 -0.994775474353067 -0.8148030817560046 -0.989684148554485 -0.8475824964674727 -0.9107918462108193 -0.6476748603779392 -0.8532176418961191 -1.0 -0.7112645532724953 -0.6352858318310888 -0.566873888792817 -0.5304449059359312 -0.3690814352293919 -0.09928491565384634 -0.1466172735544173 0.10220233334246265 0.06383081154611552 
0.8351653562011802 -0.2440079159440972 -0.26684051179250934 -0.429824921476337 -0.5335881791066673 -0.6214556281987523 -0.7521243430292996 -0.7739613914337637 -0.8416311754271256 -0.8543452446948919 -0.8842368991326489 -0.9807565971423842 -0.7525728598342448 -0.9962167305605587 -0.8148030817560046 -0.989684148554485 -0.872967805522063 -0.9211755639113837 -0.6426619508900984 -0.8532176418961191 -1.0 -0.7108805045937729 -0.6352858318310888 -0.5589686729182084 -0.5304449059359312 -0.37943371624698485 -0.08111119374098469 -0.1466172735544173 0.08827922532694724 0.06383081154611552 
0.8351191881140885 -0.24572905145076243 -0.26684051179250934 -0.429824921476337 -0.5313345458198999 -0.6154482090913602 -0.7521243430292996 -0.7826644906201001 -0.8375346112435622 -0.8489060718339673 -0.8842368991326489 -0.9807565971423842 -0.8356602469336972 -0.9962167305605587 -0.8148030817560046 -0.9943283477357889 -0.8871884650921176 -0.9225454269066409 -0.7141503576387813 -0.8529921370202702 -1.0 -0.7157479799573574 -0.6235101268534583 -0.5593375621107655 -0.5724692031367529 -0.3585831463900479 -0.11104872516382883 -0.15482245930426283 0.17751467155274894 0.04349716685934222 
0.8351191881140885 -0.2440079159440972 -0.26684051179250934 -0.429824921476337 -0.523940963314164 -0.6138684466008337 -0.7521243430292996 -0.7826644906201001 -0.8375346112435622 -0.8489060718339673 -0.8842368991326489 -0.9807565971423842 -0.8356602469336972 -0.9962167305605587 -0.8148030817560046 -0.989684148554485 -0.8958490312555525 -0.9211755639113837 -0.7141503576387813 -0.8532176418961191 -0.9272683451477951 -0.7108805045937729 -0.6254803677763089 -0.5589686729182084 -0.5356712855502481 -0.3906352833341954 -0.11104872516382883 -0.15482245930426283 0.11539376265140759 0.06383081154611552 
0.8351422721576344 -0.24428912140121095 -0.26684051179250934 -0.42884253775755415 -0.5335881791066673 -0.6138684466008337 -0.7356615922059442 -0.7708496850654593 -0.8416311754271256 -0.8465615579816403 -0.8632444777488801 -0.9792490101085092 -0.8356602469336972 -0.9962167305605587 -0.8148030817560046 -0.9880194479204969 -0.8958490312555525 -0.9163612406046932 -0.7227601035601874 -0.8532176418961191 -0.920595300844481 -0.7108805045937729 -0.6254803677763089 -0.5589686729182084 -0.5304449059359312 -0.3906352833341954 -0.11104872516382883 -0.15071986642934007 0.11539376265140759 0.05714799404082287 
0.8351422721576344 -0.24428912140121095 -0.26684051179250934 -0.42884253775755415 -0.5335881791066673 -0.6138684466008337 -0.7356615922059442 -0.7708496850654593 -0.8416311754271256 -0.8465615579816403 -0.8632444777488801 -0.9792490101085092 -0.8356602469336972 -0.9962167305605587 -0.8148030817560046 -0.9880194479204969 -0.8958490312555525 -0.9163612406046932 -0.7227601035601874 -0.8532176418961191 -0.920595300844481 -0.7108805045937729 -0.6254803677763089 -0.5589686729182084 -0.5304449059359312 -0.3906352833341954 -0.11104872516382883 -0.15071986642934007 0.11539376265140759 0.05714799404082287 
0.8351788872376782 -0.23623368489775726 -0.384411903134082 -0.4442293148605968 -0.5003717606291016 -0.629038640687876 -0.6551123982643526 -0.7686810231731251 -0.8790416404396391 -0.8815815054013909 -0.9872599018233456 -0.9520302925321815 -0.9269447215480688 -1.0 -0.7994880013008321 -0.9731095229612985 -0.8579814409413089 -0.9093824947820777 -0.8128044928828045 -0.8720532912681912 -0.8405146827557304 -0.7095230582528467 -0.6811143729827072 -0.5839599197209663 -0.26348719746607696 -0.4002638140045922 -0.1542949102791889 -0.1389661288513982 -0.02073966517671107 -0.01591280112456408 
0.8351673452159052 -0.236953649922533 -0.384411903134082 -0.4442293148605968 -0.5003717606291016 -0.629038640687876 -0.6633437736760304 -0.7745884259504456 -0.8769933583478573 -0.8827537623275544 -0.9872599018233456 -0.952784086049119 -0.9269447215480688 -1.0 -0.7994880013008321 -0.9731095229612985 -0.8579814409413089 -0.9093824947820777 -0.8084996199221015 -0.8720532912681912 -0.8405146827557304 -0.7095230582528467 -0.6811143729827072 -0.5841443643172448 -0.2844993460664878 -0.38423774553251844 -0.1542949102791889 -0.1389661288513982 0.010320789273959605 -0.022738214715304406 
0.8351788872376782 -0.23623368489775726 -0.384411903134082 -0.4442293148605968 -0.5003717606291016 -0.629038640687876 -0.6551123982643526 -0.7686810231731251 -0.8790416404396391 -0.8815815054013909 -0.9872599018233456 -0.9520302925321815 -0.9269447215480688 -1.0 -0.7994880013008321 -0.9731095229612985 -0.8579814409413089 -0.9093824947820777 -0.8128044928828045 -0.8720532912681912 -0.8405146827557304 -0.7095230582528467 -0.6811143729827072 -0.5839599197209663 -0.26348719746607696 -0.4002638140045922 -0.1542949102791889 -0.1389661288513982 -0.02073966517671107 -0.01591280112456408 
0.8351538264773832 -0.24702708748187316 -0.3044610523216704 -0.44256682832006616 -0.5289151493094635 -0.6190967986195777 -0.6035566931097269 -0.7727949955877134 -0.8218258935719663 -0.8624205243252661 -0.7463867582842416 -0.9344924553141072 -1.0 -1.0 -0.8148030817560046 -0.9803957501918774 -0.887784854527832 -0.9083022882181999 -0.7825125646896091 -0.8639834320797579 -0.8071482381237002 -0.709566557555245 -0.6343235816494 -0.572803995362194 -0.4568490707629216 -0.39552023224137905 -0.26473452989405766 -0.14381899440603269 0.027887403458485324 0.1044981009196621 
0.8351769105209291 -0.24648365220218102 -0.3031214277648773 -0.4415844446012833 -0.5289151493094635 -0.6190967986195777 -0.6035566931097269 -0.7727949955877134 -0.8259224577555297 -0.8660025737418714 -0.7253943369004728 -0.9344924553141072 -1.0 -1.0 -0.8148030817560046 -0.9803957501918774 -0.8649036287943425 -0.8995277030505728 -0.7560047209226538 -0.8536686516478169 -0.8292880715088756 -0.7015296025453264 -0.63922631367679 -0.5661361104077027 -0.4568490707629216 -0.39552023224137905 -0.23479699847121352 -0.13971640153110992 -0.022039484460220055 0.1044981009196621 
0.8352235306922 -0.24858981672142982 -0.3049078948970342 -0.4498806357128853 -0.510972682667287 -0.6036143997944237 -0.6728698327933622 -0.7703952905235257 -0.8241083365862909 -0.8605948876598619 -0.8693795134842743 -0.9531726742655556 -0.9342561235540108 -0.9745549112286598 -0.810188343490506 -1.0 -0.8810355068984639 -0.9111641367657253 -0.8276486526924858 -0.8496709546785959 -0.7699801722600679 -0.7207259582522585 -0.6711272809701646 -0.581484941907813 -0.4568490707629216 -0.41158779659098876 -0.1807947424184025 -0.13466357890730865 0.036366806697564404 0.10094201824603516 
0.8352235306922 -0.24858981672142982 -0.3049078948970342 -0.4498806357128853 -0.510972682667287 -0.6036143997944237 -0.6728698327933622 -0.7703952905235257 -0.8241083365862909 -0.8605948876598619 -0.8693795134842743 -0.9531726742655556 -0.9342561235540108 -0.9745549112286598 -0.810188343490506 -1.0 -0.8810355068984639 -0.9111641367657253 -0.8276486526924858 -0.8496709546785959 -0.7699801722600679 -0.7207259582522585 -0.6711272809701646 -0.581484941907813 -0.4568490707629216 -0.41158779659098876 -0.1807947424184025 -0.13466357890730865 0.036366806697564404 0.10094201824603516 
0.8351538264773832 -0.24702708748187316 -0.3044610523216704 -0.44256682832006616 -0.5289151493094635 -0.6190967986195777 -0.6035566931097269 -0.7727949955877134 -0.8218258935719663 -0.8624205243252661 -0.7463867582842416 -0.9344924553141072 -1.0 -1.0 -0.8148030817560046 -0.9803957501918774 -0.887784854527832 -0.9083022882181999 -0.7825125646896091 -0.8639834320797579 -0.8071482381237002 -0.709566557555245 -0.6343235816494 -0.572803995362194 -0.4568490707629216 -0.39552023224137905 -0.26473452989405766 -0.14381899440603269 0.027887403458485324 0.1044981009196621 
0.8351038069503752 -0.24858981672142982 -0.3049078948970342 -0.4455139794764147 -0.506786742078893 -0.6078446422140693 -0.6728698327933622 -0.7703952905235257 -0.834215831263175 -0.8539486522787916 -0.8623319268486109 -0.9531726742655556 -0.9276931558021733 -0.9745549112286598 -0.8054723544955009 -0.9554880441616894 -0.8985329946633948 -0.9187125850157201 -0.8330217974795991 -0.8743076085481927 -0.7699801722600679 -0.7207259582522585 -0.6183018916186631 -0.581484941907813 -0.4568490707629216 -0.41158779659098876 -0.17332788563623125 -0.13466357890730865 0.007067682375329752 0.10094201824603516 
0.8350807229068293 -0.24907001603063023 -0.30847992599204965 -0.4455139794764147 -0.509438290544048 -0.604708711950132 -0.669407696403149 -0.7811684271030661 -0.8301192670796116 -0.8503666028621863 -0.8093640224355478 -0.9531726742655556 -0.963626936538705 -0.9745549112286598 -0.8148030817560046 -0.9636272285471994 -0.9127294841570581 -0.9196864903966915 -0.8595296412465544 -0.8742982125116989 -0.740728737968174 -0.7222394720249246 -0.6183018916186631 -0.595214469495519 -0.4658240019678958 -0.4179233664158002 -0.22822449545375956 -0.1387661717822314 0.05824177824673449 0.10094201824603516 
0.8351038069503752 -0.24858981672142982 -0.3049078948970342 -0.4455139794764147 -0.506786742078893 -0.6078446422140693 -0.6728698327933622 -0.7703952905235257 -0.834215831263175 -0.8539486522787916 -0.8623319268486109 -0.9531726742655556 -0.9276931558021733 -0.9745549112286598 -0.8054723544955009 -0.9554880441616894 -0.8985329946633948 -0.9187125850157201 -0.8330217974795991 -0.8743076085481927 -0.7699801722600679 -0.7207259582522585 -0.6183018916186631 -0.581484941907813 -0.4568490707629216 -0.41158779659098876 -0.17332788563623125 -0.13466357890730865 0.007067682375329752 0.10094201824603516 
0.8350807229068293 -0.24907001603063023 -0.30847992599204965 -0.4458351456303692 -0.5015142354529452 -0.604708711950132 -0.6711387645982556 -0.778127563114425 -0.8301192670796116 -0.8475385989309967 -0.8093640224355478 -0.9531726742655556 -0.963626936538705 -0.9745549112286598 -0.8148030817560046 -0.9471037833393504 -0.9214142203968843 -0.9196864903966915 -0.8595296412465544 -0.8743264006211799 -0.7265055361547369 -0.7198968355041577 -0.6183018916186631 -0.5810911842290891 -0.4613365363654087 -0.4147555815033945 -0.22119723428931837 -0.1387661717822314 0.031841453586374656 0.10094201824603516 
0.8350807229068293 -0.24907001603063023 -0.30847992599204965 -0.4458351456303692 -0.5015142354529452 -0.604708711950132 -0.6711387645982556 -0.778127563114425 -0.8301192670796116 -0.8475385989309967 -0.8093640224355478 -0.9531726742655556 -0.963626936538705 -0.9745549112286598 -0.8148030817560046 -0.9471037833393504 -0.9214142203968843 -0.9196864903966915 -0.8595296412465544 -0.8743264006211799 -0.7265055361547369 -0.7198968355041577 -0.6183018916186631 -0.5810911842290891 -0.4613365363654087 -0.4147555815033945 -0.22119723428931837 -0.1387661717822314 0.031841453586374656 0.10094201824603516 
0.8350807229068293 -0.25036319794485484 -0.31281501733791867 -0.4455139794764147 -0.5040025802029492 -0.604708711950132 -0.6728698327933622 -0.7708750438061642 -0.8243135991309749 -0.8422963206661428 -0.8845657629945705 -0.9504011644720785 -0.981968044034023 -0.9745549112286598 -0.8148030817560046 -0.9281973529949645 -0.9300989566367103 -0.9177386796347485 -0.8595296412465544 -0.8848384978194888 -0.6679970831159691 -0.7266767749697873 -0.6081085351152404 -0.5669678989626591 -0.4568490707629216 -0.42843060703262964 -0.22822449545375956 -0.1387661717822314 0.007067682375329752 0.10094201824603516 
0.8350807229068293 -0.24907001603063023 -0.30847992599204965 -0.44615631178432363 -0.5126457812689437 -0.604708711950132 -0.6741707259618149 -0.7811684271030661 -0.8066822214454887 -0.8341730231295024 -0.8093640224355478 -0.9531726742655556 -0.981968044034023 -0.9745549112286598 -0.9244430904632173 -0.9423626361323009 -0.9127294841570581 -0.9196864903966915 -0.8850446519087809 -0.8754253711516997 -0.740728737968174 -0.7222394720249246 -0.5868956509366411 -0.5936878794514412 -0.5519988643161127 -0.4179233664158002 -0.22822449545375956 -0.1387661717822314 0.05824177824673449 0.10094201824603516 
0.8350807229068293 -0.2491964879716137 -0.3049078948970342 -0.4455139794764147 -0.506786742078893 -0.603393390880088 -0.6728698327933622 -0.7708750438061642 -0.8301192670796116 -0.8503666028621863 -0.8623319268486109 -0.9531726742655556 -0.963626936538705 -0.9745549112286598 -0.8148030817560046 -0.9305803381315014 -0.9300989566367103 -0.9187125850157201 -0.8595296412465544 -0.8743076085481927 -0.754951939781611 -0.7207259582522585 -0.6183018916186631 -0.5810911842290891 -0.4568490707629216 -0.41158779659098876 -0.17332788563623125 -0.1387661717822314 0.007067682375329752 0.10094201824603516 
0.8350807229068293 -0.24907001603063023 -0.30847992599204965 -0.44615631178432363 -0.5126457812689437 -0.604708711950132 -0.6741707259618149 -0.7811684271030661 -0.8066822214454887 -0.8341730231295024 -0.8093640224355478 -0.9531726742655556 -0.981968044034023 -0.9745549112286598 -0.9244430904632173 -0.9423626361323009 -0.9127294841570581 -0.9196864903966915 -0.8850446519087809 -0.8754253711516997 -0.740728737968174 -0.7222394720249246 -0.5868956509366411 -0.5936878794514412 -0.5519988643161127 -0.4179233664158002 -0.22822449545375956 -0.1387661717822314 0.05824177824673449 0.10094201824603516 
0.8350807229068293 -0.13835521434283962 -0.30847992599204965 -0.4836420265012857 -0.509438290544048 -0.604708711950132 -0.669407696403149 -0.7721139715582863 -0.8201229288300685 -0.8518021726236004 -0.8093640224355478 -0.9531726742655556 -0.9902412972389361 -0.9745549112286598 -0.9055788137481131 -0.9636272285471994 -0.9664502054439009 -0.9339406829396625 -0.8905287542717792 -0.8546199622311981 -0.697140818333782 -0.7212331396213755 -0.6183018916186631 -0.595214469495519 -0.4658240019678958 -0.4422833784330187 -0.2761854123898211 -0.1387661717822314 0.038650944175297686 0.06476005810044132 
0.833659032921344 -0.17801209497652584 -0.2760494155595405 -0.5178405386510253 -0.5101953190933206 -0.5694962801326944 -0.6024552504265652 -0.7641631100251174 -0.8217379264777989 -0.8693783067771015 -0.9201939437135076 -0.888829868546078 -0.9801734429485308 -0.9999541246947181 -0.9963545457402216 -0.9513208636532562 -0.9678508969151298 -0.9280360881365148 -0.8965265915487964 -0.8139363096270672 -0.7990162084037999 -0.7083251737827687 -0.6371499778656797 -0.5546003840750612 -0.5757955074286929 -0.4329577695669554 -0.29790127820784096 -0.12702766637645319 -0.020615381127284924 0.02857809795484747 
0.8352516993833456 -0.17801209497652584 -0.2848009564606029 -0.5116936742254532 -0.5203968752563886 -0.5338933648560222 -0.5766271323718781 -0.8442364569586063 -0.8200520199031935 -0.933167792199445 -0.9245756006660157 -0.9102425085140142 -0.9660681897368175 -1.0 -0.9961302440532166 -1.0 -0.9641723524450054 -0.9292156525779933 -0.9121824053765343 -0.8139363096270672 -0.823971100074224 -0.682930328627307 -0.6362094123379098 -0.5753868964914257 -0.45303221036478714 -0.4177737240398764 -0.22500579795801703 -0.11446050864649464 -0.013144885912801461 0.008312673723689778 
0.8352516993833456 -0.17801209497652584 -0.2848609368924828 -0.540402823352166 -0.5203968752563886 -0.5293026503248199 -0.6152950721724038 -0.8398363614128015 -0.8200520199031935 -0.933167792199445 -0.922405599591889 -0.8827833249159871 -0.9660681897368175 -1.0 -0.9961302440532166 -1.0 -0.9658931341989282 -0.9264041083348334 -0.9121824053765343 -0.8139363096270672 -0.823971100074224 -0.682930328627307 -0.6362094123379098 -0.5748027376662481 -0.4548584141497697 -0.4255106410496563 -0.22830769226808623 -0.1060815507396136 -0.018001293696398232 0.008312673723689778 
0.8360490042516653 -0.17801209497652584 -0.2848009564606029 -0.5086202420126671 -0.5254976533379225 -0.5338933648560222 -0.5551012509924838 -0.8442364569586063 -0.8200520199031935 -0.942500711828162 -0.9245756006660157 -0.9102425085140142 -0.9590155631309609 -0.9987727123642642 -0.9945802496352298 -1.0 -0.9641723524450054 -0.9292156525779933 -0.9121824053765343 -0.8139363096270672 -0.823971100074224 -0.682930328627307 -0.6354965220179078 -0.5902805509261898 -0.45303221036478714 -0.4338628172713964 -0.22500579795801703 -0.10859125594360551 -0.013144885912801461 4.2407883146367356E-4 
0.8360490042516653 -0.17801209497652584 -0.2879071457614345 -0.5373293911393799 -0.5254976533379225 -0.5293026503248199 -0.5551012509924838 -0.8442364569586063 -0.8179224897551554 -0.9368917800859249 -0.922405599591889 -0.8628799125185436 -0.98274172126057 -0.9987727123642642 -0.9940366483329517 -1.0 -0.9641723524450054 -0.9292156525779933 -0.9121824053765343 -0.8171087299284372 -0.8079676419336359 -0.6819268124305518 -0.6354965220179078 -0.5902805509261898 -0.4548584141497697 -0.3902061248299707 -0.22830769226808623 -0.10859125594360551 -0.018001293696398232 -0.011542953086314905 
0.8360490042516653 -0.17801209497652584 -0.2879071457614345 -0.5373293911393799 -0.5254976533379225 -0.5293026503248199 -0.5551012509924838 -0.8442364569586063 -0.8179224897551554 -0.9368917800859249 -0.922405599591889 -0.8628799125185436 -0.98274172126057 -0.9987727123642642 -0.9940366483329517 -1.0 -0.9641723524450054 -0.9292156525779933 -0.9121824053765343 -0.8171087299284372 -0.8079676419336359 -0.6819268124305518 -0.6354965220179078 -0.5902805509261898 -0.4548584141497697 -0.3902061248299707 -0.22830769226808623 -0.10859125594360551 -0.018001293696398232 -0.011542953086314905 
0.8352575292072586 -0.16076805443998265 -0.2585463337574157 -0.42947029786247387 -0.5321928657622772 -0.44166269538087516 -0.568007961018362 -0.7491617619389453 -0.8251097396270094 -0.8335875802409088 -0.9070906276602376 -0.8712089788772817 -0.9648546536583636 -1.0 -0.9906031714422847 -0.9585727473176541 -0.9623665557944724 -0.9213359229723481 -0.8670311056942381 -0.8051600355246156 -0.8016094903480572 -0.7148076363254758 -0.6347537670012074 -0.578494834962989 -0.45412831267456144 -0.4964090947885944 -0.26511133991059777 -0.11735419902485872 -0.07601902607119443 0.021777377063806225 
0.8352536426579833 -0.15537878655293808 -0.2703541960444409 -0.5116936742254532 -0.5203968752563886 -0.46997657248011265 -0.5595608410225883 -0.8191354007323015 -0.8182693544602657 -0.8426144859842688 -0.9201939437135076 -0.888829868546078 -0.9660681897368175 -0.9974995494232466 -0.9927090914804435 -1.0 -0.965305693177993 -0.9243556876547226 -0.8965265915487964 -0.8139363096270672 -0.8252677410463527 -0.6959243893132788 -0.6357241972256757 -0.5843876929445894 -0.45339757780137857 -0.4651359560299954 -0.24016080588228228 -0.11146489605860099 -0.05257081428023562 -0.03955545394742454 
0.8352546142953021 -0.16939007470825423 -0.2660624167622776 -0.49929113517067636 -0.5239759707672901 -0.44166269538087516 -0.5696475411722276 -0.7491617619389453 -0.8219880198089916 -0.8340103702860991 -0.9070906276602376 -0.8351939043815344 -0.9756026444743102 -0.9222699499107884 -0.990699125148188 -0.9585727473176541 -0.9663214834331384 -0.9204931765459065 -0.8896067555353862 -0.8158930131785813 -0.7967328102451199 -0.6868124825600217 -0.6368232523852506 -0.5769408657272074 -0.45568049088210044 -0.33745830994971926 -0.2628933177686802 -0.11420568083881825 -0.04742707344730885 0.012800908170395258 
0.8352546142953021 -0.16939007470825423 -0.2660624167622776 -0.49929113517067636 -0.5239759707672901 -0.44166269538087516 -0.5696475411722276 -0.7491617619389453 -0.8219880198089916 -0.8340103702860991 -0.9070906276602376 -0.8351939043815344 -0.9756026444743102 -0.9222699499107884 -0.990699125148188 -0.9585727473176541 -0.9663214834331384 -0.9204931765459065 -0.8896067555353862 -0.8158930131785813 -0.7967328102451199 -0.6868124825600217 -0.6368232523852506 -0.5769408657272074 -0.45568049088210044 -0.33745830994971926 -0.2628933177686802 -0.11420568083881825 -0.04742707344730885 0.012800908170395258 
0.8352575292072586 -0.16076805443998265 -0.2585463337574157 -0.42947029786247387 -0.5321928657622772 -0.44166269538087516 -0.568007961018362 -0.7491617619389453 -0.8251097396270094 -0.8335875802409088 -0.9070906276602376 -0.8712089788772817 -0.9648546536583636 -1.0 -0.9906031714422847 -0.9585727473176541 -0.9623665557944724 -0.9213359229723481 -0.8670311056942381 -0.8051600355246156 -0.8016094903480572 -0.7148076363254758 -0.6347537670012074 -0.578494834962989 -0.45412831267456144 -0.4964090947885944 -0.26511133991059777 -0.11735419902485872 -0.07601902607119443 0.021777377063806225 
0.8352546142953021 -0.16939007470825423 -0.2585463337574157 -0.49929113517067636 -0.5239759707672901 -0.44166269538087516 -0.5713373400840256 -0.7491617619389453 -0.8251097396270094 -0.8335875802409088 -0.9070906276602376 -0.8712089788772817 -0.9756026444743102 -1.0 -0.9906031714422847 -0.9585727473176541 -0.9623665557944724 -0.9213359229723481 -0.8896067555353862 -0.8113750932120687 -0.8047885661408465 -0.6917641081166448 -0.6354815896695587 -0.5769408657272074 -0.45412831267456144 -0.3387664656610564 -0.26511133991059777 -0.11735419902485872 -0.04943836377559471 0.015045025393748001 
0.8352575292072586 -0.16076805443998265 -0.2646387514953191 -0.42947029786247387 -0.5321928657622772 -0.44166269538087516 -0.568007961018362 -0.7491617619389453 -0.8219880198089916 -0.8335875802409088 -0.9070906276602376 -0.8314021540823946 -0.978495293414559 -1.0 -0.990882074218758 -0.8927826676940243 -0.9623665557944724 -0.9213359229723481 -0.8799627068205998 -0.8078510348549008 -0.8016094903480572 -0.713408447948726 -0.6347537670012074 -0.5856985454491626 -0.45412831267456144 -0.39362187588618314 -0.26511133991059777 -0.11735419902485872 -0.07601902607119443 0.021777377063806225 
0.8352555126514749 -0.15264309355846029 -0.2585463337574157 -0.5465520012577478 -0.5239759707672901 -0.44166269538087516 -0.5683154434463986 -0.8189214557625419 -0.8251097396270094 -0.8335875802409088 -0.9179822878351263 -0.8712089788772817 -0.9838692888225323 -0.949104642576848 -0.9906031714422847 -0.8927826676940243 -0.9623665557944724 -0.9213359229723481 -0.8912505317411739 -0.8113750932120687 -0.8047885661408465 -0.6917641081166448 -0.6368875648528038 -0.5849215608312717 -0.45568049088210044 -0.4174250448650857 -0.2678467692881888 -0.11400181413590665 -0.06378149631085164 0.003077993475969423 
0.8352549535516695 -0.14346141488825653 -0.27062774051969896 -0.23871577776364472 -0.5304033180068264 -0.4692069825680891 -0.563604250364022 -0.7665481991524046 -0.8204271598999827 -0.8594412812109801 -0.926703946935888 -0.8954621548965321 -0.9873222487427619 -0.898209285153696 -0.9929975513467514 -0.9153208943352527 -0.9710554794606965 -0.9197460237717492 -0.8912505317411739 -0.8102824683546124 -0.7932608247651763 -0.7060398122632913 -0.6369160605080565 -0.581746160798834 -0.45956093640094786 -0.4194163889916076 -0.2508797695227123 -0.11379794743299505 -0.055689178774394055 0.047823026616175913 
0.8352558519078422 -0.14346141488825653 -0.27062774051969896 -0.2859766438507162 -0.5332515697354613 -0.4692069825680891 -0.563604250364022 -0.8363078929760013 -0.8188662999909738 -0.8594412812109801 -0.926703946935888 -0.8736628673495187 -0.9960842523235991 -0.898209285153696 -0.993228477270273 -0.8495308147116227 -0.9710554794606965 -0.9193246505585283 -0.8928943079469616 -0.8102824683546124 -0.7932608247651763 -0.7186382007692685 -0.6376512043334557 -0.581746160798834 -0.4603370255047174 -0.49872904605130547 -0.2508797695227123 -0.11379794743299505 -0.06797386475805098 0.047823026616175913 
0.8352549535516695 -0.14346141488825653 -0.27062774051969896 -0.23871577776364472 -0.5304033180068264 -0.4692069825680891 -0.563604250364022 -0.7665481991524046 -0.8204271598999827 -0.8594412812109801 -0.926703946935888 -0.8954621548965321 -0.9873222487427619 -0.898209285153696 -0.9929975513467514 -0.9153208943352527 -0.9710554794606965 -0.9197460237717492 -0.8912505317411739 -0.8102824683546124 -0.7932608247651763 -0.7060398122632913 -0.6369160605080565 -0.581746160798834 -0.45956093640094786 -0.4194163889916076 -0.2508797695227123 -0.11379794743299505 -0.055689178774394055 0.047823026616175913 
0.8352555126514749 -0.15589738590391472 -0.2675815316507472 -0.156544493022472 -0.5316635137756851 -0.4600255535056844 -0.5649614574688172 -0.7665481991524046 -0.8204271598999827 -0.9741653096047681 -0.9158122867609995 -0.9153655672939757 -0.9873222487427619 -0.898209285153696 -0.9929975513467514 -0.9153208943352527 -0.9655806181262945 -0.9216114593042656 -0.8912505317411739 -0.8089369686894698 -0.7932608247651763 -0.7067394064516661 -0.6369160605080565 -0.581746160798834 -0.45800875819340886 -0.3681855149001417 -0.2508797695227123 -0.11379794743299505 -0.055689178774394055 0.0631562343689836 
0.8352564110076477 -0.1358961124086663 -0.2707311692332226 -0.5938128673448193 -0.5296724742245599 -0.4600255535056845 -0.5652935468087715 -0.8886811495861386 -0.8188662999909738 -0.8536522003886124 -0.9288739480100148 -0.7915953292875075 -0.9921359331707544 -0.898209285153696 -0.9911609769952312 -0.8269925880703943 -0.9733162784632763 -0.9176050519073153 -0.8928943079469616 -0.810542034185186 -0.7932608247651763 -0.7120092595719762 -0.638293540036049 -0.5929022559353361 -0.45723266908963944 -0.496083624069115 -0.2705821986657798 -0.11064942924695459 -0.07812462884610859 -0.008889038441809157 
0.8352555126514749 -0.15264309355846029 -0.2585463337574157 -0.5465520012577478 -0.5239759707672901 -0.44166269538087516 -0.5683154434463986 -0.8189214557625419 -0.8251097396270094 -0.8335875802409088 -0.9179822878351263 -0.8712089788772817 -0.9838692888225323 -0.949104642576848 -0.9906031714422847 -0.8927826676940243 -0.9623665557944724 -0.9213359229723481 -0.8912505317411739 -0.8113750932120687 -0.8047885661408465 -0.6917641081166448 -0.6368875648528038 -0.5849215608312717 -0.45568049088210044 -0.4174250448650857 -0.2678467692881888 -0.11400181413590665 -0.06378149631085164 0.003077993475969423 
0.8352564110076477 -0.1358961124086663 -0.2707311692332226 -0.5938128673448193 -0.5296724742245599 -0.4600255535056845 -0.5652935468087715 -0.8886811495861386 -0.8188662999909738 -0.8536522003886124 -0.9288739480100148 -0.7915953292875075 -0.9921359331707544 -0.898209285153696 -0.9911609769952312 -0.8269925880703943 -0.9733162784632763 -0.9176050519073153 -0.8928943079469616 -0.810542034185186 -0.7932608247651763 -0.7120092595719762 -0.638293540036049 -0.5929022559353361 -0.45723266908963944 -0.496083624069115 -0.2705821986657798 -0.11064942924695459 -0.07812462884610859 -0.008889038441809157 
0.8352564110076477 -0.1358961124086663 -0.2707311692332226 -0.5938128673448193 -0.5296724742245599 -0.4600255535056845 -0.5652935468087715 -0.8886811495861386 -0.8188662999909738 -0.8536522003886124 -0.9288739480100148 -0.7915953292875075 -0.9921359331707544 -0.898209285153696 -0.9911609769952312 -0.8269925880703943 -0.9733162784632763 -0.9176050519073153 -0.8928943079469616 -0.810542034185186 -0.7932608247651763 -0.7120092595719762 -0.638293540036049 -0.5929022559353361 -0.45723266908963944 -0.496083624069115 -0.2705821986657798 -0.11064942924695459 -0.07812462884610859 -0.008889038441809157 
0.49960074313491243 -0.27136660130539525 -0.18302488805889125 -0.39735612485227045 -0.5033753086292885 -0.5855662224855949 -0.705028948110519 -0.739408589546592 -0.7323367090402986 -0.8689876134020186 -0.93041347808547 -0.9608208685627784 -0.8800162969242503 -0.993920246787362 -0.9461462394922945 -1.0 -0.9351483375029865 -0.9604250018365814 -0.8987298546294187 -0.8713087083172328 -0.6159887438456432 -0.7606319603075739 -0.7237694861491397 -0.5887531468515629 -0.5358296482295495 -0.4268184926258667 -0.30121585488292624 -0.22028136898799838 -0.07325497378029419 -0.26861233191312583 
0.49960074313491243 -0.27136660130539525 -0.18302488805889125 -0.39735612485227045 -0.5033753086292885 -0.5855662224855949 -0.705028948110519 -0.739408589546592 -0.7323367090402986 -0.8689876134020186 -0.93041347808547 -0.9608208685627784 -0.8800162969242503 -0.993920246787362 -0.9461462394922945 -1.0 -0.9351483375029865 -0.9604250018365814 -0.8987298546294187 -0.8713087083172328 -0.6159887438456432 -0.7606319603075739 -0.7237694861491397 -0.5887531468515629 -0.5358296482295495 -0.4268184926258667 -0.30121585488292624 -0.22028136898799838 -0.07325497378029419 -0.26861233191312583 
0.49960544899934856 -0.2713868068146579 -0.1870464725490268 -0.40197927201840294 -0.4961174432882278 -0.5855662224855949 -0.6802570697403343 -0.7424670597235601 -0.78595869059276 -0.8698597991434327 -0.9295037810979353 -0.966365091799841 -0.9995165561125177 -0.9929087134929542 -0.911495513826151 -1.0 -0.9312854394357251 -0.9594223353161907 -0.8948351996988801 -0.8704096933347596 -0.7236613473345612 -0.7519524712969266 -0.8249670000125554 -0.5841815790939872 -0.5363880288706596 -0.4149330460723091 -0.31846509014817204 -0.21574127911620725 -0.07231890669334105 -0.26659755313072014 
0.49960544899934856 -0.2713868068146579 -0.1870464725490268 -0.40197927201840294 -0.4961174432882278 -0.5855662224855949 -0.6802570697403343 -0.7424670597235601 -0.78595869059276 -0.8698597991434327 -0.9295037810979353 -0.966365091799841 -0.9995165561125177 -0.9929087134929542 -0.911495513826151 -1.0 -0.9312854394357251 -0.9594223353161907 -0.8948351996988801 -0.8704096933347596 -0.7236613473345612 -0.7519524712969266 -0.8249670000125554 -0.5841815790939872 -0.5363880288706596 -0.4149330460723091 -0.31846509014817204 -0.21574127911620725 -0.07231890669334105 -0.26659755313072014 
0.49960889173411993 -0.2713868068146579 -0.18829116606428936 -0.40197927201840294 -0.48885957794716717 -0.5855662224855949 -0.6518864518582954 -0.7424670597235601 -0.78595869059276 -0.8707319848848468 -0.8945736307971723 -0.966365091799841 -0.9995165561125177 -0.9930015859589486 -0.911495513826151 -1.0 -0.937587511698125 -0.9584196687958 -0.8973142733017354 -0.8695106783522863 -0.7236613473345612 -0.7498453101959313 -0.7687609999379266 -0.5841815790939872 -0.5198338818923325 -0.4149330460723091 -0.31846509014817204 -0.21574127911620725 -0.07360018169237442 -0.2663450783367465 
0.49960889173411993 -0.2713868068146579 -0.19078055309481454 -0.40663228754255454 -0.4901195707642053 -0.5855662224855949 -0.6518864518582954 -0.7424314404879955 -0.78595869059276 -0.8718877683374233 -0.8892185507297714 -0.966365091799841 -0.9995165561125177 -0.9931873308909376 -0.9636402021983298 -1.0 -0.9501916562229251 -0.9584196687958 -0.8973142733017354 -0.8695106783522863 -0.7236613473345612 -0.7456309879939407 -0.7687609999379266 -0.5861963279602965 -0.5027213542728952 -0.4149330460723091 -0.31846509014817204 -0.21574127911620725 -0.07117177857642544 -0.26584012874879914 
0.4996076286044552 -0.2713868068146579 -0.1888348200539004 -0.3934356990115375 -0.48885957794716717 -0.5832003156786638 -0.6482877123464412 -0.7424670597235601 -0.7734706054360849 -0.8707319848848468 -0.865908257551345 -0.966365091799841 -0.9995165561125177 -0.9921130494727969 -0.911495513826151 -1.0 -0.970076519209324 -0.9584196687958 -0.9036880018351293 -0.8695106783522863 -0.753364473410493 -0.7498453101959313 -0.7687609999379266 -0.5841815790939872 -0.5198338818923325 -0.4149330460723091 -0.3180879079054364 -0.21574127911620725 -0.07581752377836093 -0.2663450783367465 
0.49960889173411993 -0.2713868068146579 -0.18829116606428936 -0.40197927201840294 -0.48885957794716717 -0.5855662224855949 -0.6518864518582954 -0.7424670597235601 -0.78595869059276 -0.8707319848848468 -0.8945736307971723 -0.966365091799841 -0.9995165561125177 -0.9930015859589486 -0.911495513826151 -1.0 -0.937587511698125 -0.9584196687958 -0.8973142733017354 -0.8695106783522863 -0.7236613473345612 -0.7498453101959313 -0.7687609999379266 -0.5841815790939872 -0.5198338818923325 -0.4149330460723091 -0.31846509014817204 -0.21574127911620725 -0.07360018169237442 -0.2663450783367465 
0.4996076286044552 -0.2713868068146579 -0.1888348200539004 -0.3957622067736133 -0.48885957794716717 -0.5832003156786638 -0.6482877123464412 -0.7424492501057778 -0.7734706054360849 -0.8766385571709394 -0.8632307175176446 -0.966365091799841 -0.9995165561125177 -0.9921130494727969 -0.911495513826151 -1.0 -0.976378591471724 -0.9584196687958 -0.9036880018351293 -0.8604787976588439 -0.753364473410493 -0.7498453101959313 -0.7687609999379266 -0.5851889535271418 -0.5112776180826138 -0.4149330460723091 -0.3180879079054364 -0.21574127911620725 -0.07460332222038643 -0.2660926035427728 
0.499663621198175 -0.2733429958069711 -0.191477642765287 -0.3901834491891396 -0.48483722595358564 -0.5803117388214815 -0.6520208780561197 -0.7387915182041478 -0.7949933065978847 -0.8661068760666796 -0.7622048851141983 -0.9660173944115854 -0.9957336245087125 -0.9903755344755991 -0.9881550023193113 -1.0 -0.9694351375291933 -0.9622566206854896 -0.9111284821530818 -0.8723843955437206 -0.789306802116406 -0.7497476798007459 -0.7460537954776709 -0.5773720578831085 -0.3969581993061506 -0.41229927228113994 -0.31048155884576284 -0.21671152417259482 -0.07620351536726061 -0.25509221168210683 
0.4997463469590899 -0.27948282499620314 -0.1957514274455068 -0.3920280262045527 -0.4859481117606875 -0.5766391568889222 -0.6483708939085995 -0.7348957603551488 -0.7975984600541782 -0.8667411882905114 -0.7443891179076427 -0.9582244831364826 -0.9938415601298927 -0.9876223458401397 -0.9897005171798093 -1.0 -0.9687937558490625 -0.959477520733919 -0.9133715315067312 -0.8728591625871353 -0.824392276371218 -0.7507026904790508 -0.7266957299503125 -0.57077861462154 -0.476462069320744 -0.41095953361716986 -0.34663375358797704 -0.2176817692289824 -0.06987011173898235 -0.25453423855876434 
0.4997463469590899 -0.27948282499620314 -0.1957514274455068 -0.3920280262045527 -0.4859481117606875 -0.5766391568889222 -0.6483708939085995 -0.7348957603551488 -0.7975984600541782 -0.8667411882905114 -0.7532970015109205 -0.9582244831364826 -0.9938415601298927 -0.9876223458401397 -0.9897005171798093 -1.0 -0.9687937558490625 -0.959477520733919 -0.9133715315067312 -0.873929201448849 -0.824392276371218 -0.7507026904790508 -0.7266957299503125 -0.57077861462154 -0.476462069320744 -0.41095953361716986 -0.34663375358797704 -0.2176817692289824 -0.06987011173898235 -0.25624476485958786 
0.49970561564346483 -0.27699143447913643 -0.19656690842992341 -0.39700364911147773 -0.48815891983303994 -0.5748028659226425 -0.6360555114140563 -0.7382254639551213 -0.7747731821642316 -0.8667411882905114 -0.7622048851141983 -0.9660173944115854 -0.9957948000815671 -0.9879285369601474 -0.9904732746100584 -1.0 -0.937587511698125 -0.959477520733919 -0.9093549440074944 -0.8453196375057224 -0.8094458508458011 -0.750274000337491 -0.7514590047784193 -0.5778042137817292 -0.4858099964973282 -0.41016483112614205 -0.369711734904301 -0.21671152417259482 -0.07137228847476404 -0.25949476483115264 
0.49970561564346483 -0.27699143447913643 -0.1957514274455068 -0.3960813606037712 -0.48815891983303994 -0.5766391568889222 -0.6378805034878163 -0.7382254639551213 -0.7734706054360849 -0.8667411882905114 -0.7622048851141983 -0.9660173944115854 -0.9957948000815671 -0.9876223458401397 -0.9897005171798093 -1.0 -0.9531906337735938 -0.959477520733919 -0.9133715315067312 -0.8453196375057224 -0.8094458508458011 -0.750274000337491 -0.7353015123231204 -0.57077861462154 -0.4858099964973282 -0.41016483112614205 -0.34663375358797704 -0.21671152417259482 -0.07453899028890318 -0.2579552911604114 
0.49970561564346483 -0.27699143447913643 -0.1957514274455068 -0.3960813606037712 -0.48815891983303994 -0.5766391568889222 -0.6378805034878163 -0.7382254639551213 -0.7734706054360849 -0.8667411882905114 -0.7622048851141983 -0.9660173944115854 -0.9957948000815671 -0.9876223458401397 -0.9897005171798093 -1.0 -0.9531906337735938 -0.959477520733919 -0.9133715315067312 -0.8453196375057224 -0.8094458508458011 -0.750274000337491 -0.7353015123231204 -0.57077861462154 -0.4858099964973282 -0.41016483112614205 -0.34663375358797704 -0.21671152417259482 -0.07453899028890318 -0.2579552911604114 
0.499663621198175 -0.2719773307765285 -0.1941204654766736 -0.3901834491891396 -0.47277016997284105 -0.5803117388214815 -0.6520208780561197 -0.7423976647188169 -0.7949933065978847 -0.8614817672485123 -0.7622048851141983 -0.9656696970233298 -0.9879218618558493 -0.9870099636001246 -0.9881550023193113 -1.0 -1.0 -0.9660935725751791 -0.9214047065052049 -0.8723843955437206 -0.8114742385273879 -0.7485974083320703 -0.6943807450397145 -0.5567274163011617 -0.48650803357988237 -0.4154019096839664 -0.3004777909553291 -0.21671152417259482 -0.07620351536726061 -0.2531658175181054 
0.4997463469590899 -0.27948282499620314 -0.1957514274455068 -0.3920280262045527 -0.4859481117606875 -0.5766391568889222 -0.6483708939085995 -0.7348957603551488 -0.7975984600541782 -0.8667411882905114 -0.7532970015109205 -0.9582244831364826 -0.9938415601298927 -0.9876223458401397 -0.9897005171798093 -1.0 -0.9687937558490625 -0.959477520733919 -0.9133715315067312 -0.873929201448849 -0.824392276371218 -0.7507026904790508 -0.7266957299503125 -0.57077861462154 -0.476462069320744 -0.41095953361716986 -0.34663375358797704 -0.2176817692289824 -0.06987011173898235 -0.25624476485958786 
0.4997743432559498 -0.281143752007581 -0.1957514274455068 -0.3926428852096904 -0.4859481117606875 -0.5766391568889222 -0.6491207207431844 -0.7348957603551488 -0.7975984600541782 -0.8667411882905114 -0.7443891179076427 -0.9582244831364826 -0.9929573020902546 -0.9876223458401397 -0.9897005171798093 -1.0 -0.9687937558490625 -0.959477520733919 -0.9133715315067312 -0.8453888213305762 -0.824392276371218 -0.7507026904790508 -0.7225835892146099 -0.57077861462154 -0.4702301178696879 -0.41016483112614205 -0.34663375358797704 -0.2176817692289824 -0.06987011173898235 -0.25453423855876434 
0.4997743432559498 -0.27699143447913643 -0.1949359464610902 -0.3911057376968461 -0.4797366783563206 -0.5784754478552019 -0.6440718012845441 -0.7382254639551213 -0.779290490166794 -0.8641114777695118 -0.7622048851141983 -0.963808393551618 -0.9904395819730519 -0.9873161547201321 -0.9889277597495603 -1.0 -0.9843968779245312 -0.959477520733919 -0.9133715315067312 -0.8475288990540037 -0.8104600446865945 -0.7507026904790508 -0.7142688773293133 -0.57077861462154 -0.4858099964973282 -0.41016483112614205 -0.34663375358797704 -0.21671152417259482 -0.07443873533973387 -0.2579552911604114 
0.4997463469590899 -0.27948282499620314 -0.1957514274455068 -0.3920280262045527 -0.4859481117606875 -0.5766391568889222 -0.6483708939085995 -0.7348957603551488 -0.7975984600541782 -0.8667411882905114 -0.7443891179076427 -0.9582244831364826 -0.9938415601298927 -0.9876223458401397 -0.9897005171798093 -1.0 -0.9687937558490625 -0.959477520733919 -0.9133715315067312 -0.8728591625871353 -0.824392276371218 -0.7507026904790508 -0.7266957299503125 -0.57077861462154 -0.476462069320744 -0.41095953361716986 -0.34663375358797704 -0.2176817692289824 -0.06987011173898235 -0.25453423855876434 
0.499663621198175 -0.2719773307765285 -0.19439229247147916 -0.3901834491891396 -0.47277016997284105 -0.5816253597375098 -0.6520208780561197 -0.7387568207017763 -0.7949933065978847 -0.8614817672485123 -0.7666588269158372 -0.9658435457174577 -0.9879218618558493 -0.9870099636001246 -0.9881550023193113 -1.0 -0.9843968779245312 -0.9660935725751791 -0.9214047065052049 -0.8811294344997769 -0.8183616846748534 -0.7485974083320703 -0.6943807450397145 -0.5636449764866958 -0.4833920578543543 -0.41500455843845246 -0.3004777909553291 -0.21671152417259482 -0.07555268194853906 -0.2531658175181054 
0.499663621198175 -0.2719773307765285 -0.19439229247147916 -0.3901834491891396 -0.47277016997284105 -0.5816253597375098 -0.6520208780561197 -0.7387568207017763 -0.7949933065978847 -0.8614817672485123 -0.7666588269158372 -0.9658435457174577 -0.9879218618558493 -0.9870099636001246 -0.9881550023193113 -1.0 -0.9843968779245312 -0.9660935725751791 -0.9214047065052049 -0.8811294344997769 -0.8183616846748534 -0.7485974083320703 -0.6943807450397145 -0.5636449764866958 -0.4833920578543543 -0.41500455843845246 -0.3004777909553291 -0.21671152417259482 -0.07555268194853906 -0.2531658175181054 
0.49971835066223 -0.2778218979848253 -0.19520777345589574 -0.391413167199415 -0.4779034077735244 -0.5740119150568654 -0.6476882801729267 -0.7421226813309236 -0.8005634765561638 -0.8628565248888783 -0.7443891179076427 -0.957876785748227 -0.9889284710411967 -0.9876223458401397 -0.9897005171798093 -1.0 -1.0 -0.963668673027934 -0.9133715315067312 -0.8564391235367366 -0.8106173840762869 -0.7507026904790508 -0.6936177432369091 -0.5569434942504721 -0.4826940207718001 -0.4117542361081977 -0.3376401039915556 -0.2176817692289824 -0.07117177857642544 -0.25068145023076144 
0.49971835066223 -0.2778218979848253 -0.19520777345589574 -0.391413167199415 -0.4779034077735244 -0.5740119150568654 -0.6476882801729267 -0.7421226813309236 -0.8005634765561638 -0.8628565248888783 -0.7443891179076427 -0.957876785748227 -0.9889284710411967 -0.9876223458401397 -0.9897005171798093 -1.0 -1.0 -0.963668673027934 -0.9133715315067312 -0.8564391235367366 -0.8106173840762869 -0.7507026904790508 -0.6936177432369091 -0.5569434942504721 -0.4826940207718001 -0.4117542361081977 -0.3376401039915556 -0.2176817692289824 -0.07117177857642544 -0.25068145023076144 
0.49960889173411993 -0.2711709896386746 -0.19520777345589574 -0.38895373117886417 -0.48104495699030825 -0.5740119150568654 -0.6471215103255352 -0.7417370157300562 -0.8010920512644734 -0.8544564402438571 -0.7700181493472202 -0.957876785748227 -0.9856031050107037 -0.9902483480360031 -0.9871923420396695 -1.0 -1.0 -0.9644456906131282 -0.9214047065052049 -0.8814674862668543 -0.8012451182324 -0.7528079726260313 -0.6936177432369091 -0.5562508619531418 -0.4797388775934254 -0.4106946327868273 -0.31900689068760807 -0.21729367120642734 -0.07117177857642544 -0.24571271565607344 
0.4993866881968182 -0.262483512048633 -0.3796140843488284 -0.3949615134687141 -0.47522027841255454 -0.5821285407155588 -0.6554825776445239 -0.7302338617315052 -0.8094716566239849 -0.8501732230237402 -0.739471189266081 -0.9463612675297005 -0.9834540253987974 -0.9961902894939396 -0.9806299115081905 -0.8273580048755935 -0.9645013921488895 -0.9791871041969288 -0.9310973279687584 -0.8709573156914221 -0.8101924141099117 -0.7490772128384865 -0.6431360372098384 -0.5657694694255528 -0.45937099648844604 -0.43563760810749497 -0.28211764632244873 -0.1998974571397671 -0.10144639772340525 -0.05385499886167724 
0.4993866881968182 -0.2608537135239888 -0.37978752548272054 -0.3937317954584387 -0.47119792641897296 -0.5801012136035402 -0.6569326563009916 -0.7303981629064242 -0.8122567416031244 -0.8483989137927627 -0.739471189266081 -0.9461874188355728 -0.9814396098742686 -0.9972067624341974 -0.9805038749992967 -0.8273580048755935 -0.9879094452046538 -0.9791871041969288 -0.9310973279687584 -0.8771523935027061 -0.8101924141099117 -0.7501298539119767 -0.6427545363084357 -0.5586210318075754 -0.4659633564277887 -0.43563760810749497 -0.30069880284056194 -0.19348561178477836 -0.09893052932798765 -0.05331474557097168 
0.4993866881968182 -0.262483512048633 -0.3796140843488284 -0.3949615134687141 -0.47522027841255454 -0.5821285407155588 -0.6554825776445239 -0.7302338617315052 -0.8094716566239849 -0.8501732230237402 -0.739471189266081 -0.9463612675297005 -0.9834540253987974 -0.9961902894939396 -0.9806299115081905 -0.8273580048755935 -0.9645013921488895 -0.9791871041969288 -0.9310973279687584 -0.8709573156914221 -0.8101924141099117 -0.7490772128384865 -0.6431360372098384 -0.5657694694255528 -0.45937099648844604 -0.43563760810749497 -0.28211764632244873 -0.1998974571397671 -0.10144639772340525 -0.05385499886167724 
0.4993866881968182 -0.2579314299198404 -0.37924387149310945 -0.3937317954584387 -0.4686313075186313 -0.5832511254858481 -0.6569326563009916 -0.7303981629064242 -0.8094716566239849 -0.8473678455624882 -0.7528330146709976 -0.9520321022918998 -0.980684652985258 -0.9884766159314009 -0.9805038749992967 -0.8273580048755935 -0.9879094452046538 -0.9791871041969288 -0.9310973279687584 -0.8851250295061981 -0.8101924141099117 -0.7485508923017414 -0.6433267876605397 -0.5585129928329202 -0.4688238660338504 -0.43563760810749497 -0.28211764632244873 -0.19348561178477836 -0.10144639772340525 -0.026362169002813046 
0.4993866881968182 -0.2579314299198404 -0.37924387149310945 -0.3937317954584387 -0.4686313075186313 -0.5832511254858481 -0.6569326563009916 -0.7303981629064242 -0.8094716566239849 -0.8473678455624882 -0.7528330146709976 -0.9520321022918998 -0.980684652985258 -0.9884766159314009 -0.9805038749992967 -0.8273580048755935 -0.9879094452046538 -0.9791871041969288 -0.9310973279687584 -0.8851250295061981 -0.8101924141099117 -0.7485508923017414 -0.6433267876605397 -0.5585129928329202 -0.4688238660338504 -0.43563760810749497 -0.28211764632244873 -0.19348561178477836 -0.10144639772340525 -0.026362169002813046 
0.4993866881968182 -0.2579314299198404 -0.37924387149310945 -0.3937317954584387 -0.4686313075186313 -0.5832511254858481 -0.6569326563009916 -0.7303981629064242 -0.8094716566239849 -0.8477115349725797 -0.7483790728693588 -0.9500838744731241 -0.9809363052815948 -0.9969005713141897 -0.9805038749992967 -0.8273580048755935 -0.9879094452046538 -0.9791871041969288 -0.9310973279687584 -0.8851250295061981 -0.8101924141099117 -0.7490772128384865 -0.6431360372098384 -0.5585129928329202 -0.4678703628318298 -0.43563760810749497 -0.28211764632244873 -0.19348561178477836 -0.10144639772340525 -0.05331474557097168 
0.4993866881968182 -0.2601763424975031 -0.37979919077668783 -0.3892510955877087 -0.47522027841255454 -0.5821285407155588 -0.6562076169727578 -0.7301517111440456 -0.8048147821222544 -0.8501732230237402 -0.739471189266081 -0.950170798820188 -0.9834540253987974 -0.9913935275524146 -0.9806299115081905 -0.8285210301430952 -0.9645013921488895 -0.9791871041969288 -0.9310973279687584 -0.8773712458906062 -0.8122192376501627 -0.7490772128384865 -0.6431360372098384 -0.56237210856168 -0.4632602711718514 -0.43563760810749497 -0.28211764632244873 -0.1998974571397671 -0.10460849047326429 -0.05385499886167724 
0.4993866881968182 -0.2608537135239888 -0.37978752548272054 -0.3937317954584387 -0.47119792641897296 -0.5801012136035402 -0.6569326563009916 -0.7303981629064242 -0.8122567416031244 -0.8483989137927627 -0.739471189266081 -0.9461874188355728 -0.9814396098742686 -0.9972067624341974 -0.9805038749992967 -0.8273580048755935 -0.9879094452046538 -0.9791871041969288 -0.9310973279687584 -0.8771523935027061 -0.8101924141099117 -0.7501298539119767 -0.6427545363084357 -0.5586210318075754 -0.4659633564277887 -0.43563760810749497 -0.30069880284056194 -0.19348561178477836 -0.09893052932798765 -0.05331474557097168 
0.4993866881968182 -0.2578691729463731 -0.38031179942055643 -0.3835406777067033 -0.4777678988185039 -0.5842964655863507 -0.6569326563009916 -0.7298504923233607 -0.7939487416182165 -0.8555966927410374 -0.7533803243561256 -0.9539803301106755 -0.982208834403496 -0.9845638197303742 -0.9805038749992967 -0.8296840554105969 -0.9722995832440628 -0.9792381984237035 -0.9374710565021523 -0.8837851760897903 -0.8141617297448882 -0.7505604230075513 -0.6431360372098384 -0.5589747476978071 -0.4671495458552568 -0.43563760810749497 -0.28174046407971304 -0.20630930249475582 -0.10777058322312331 -0.05439525215238279 
0.49933195873276315 -0.2545401186229781 -0.3798988759251277 -0.3835406777067033 -0.4777678988185039 -0.583532321003395 -0.6569326563009916 -0.7299657317453803 -0.7939487416182165 -0.8513729127045201 -0.7483790728693588 -0.9643562585393048 -0.980653491788332 -0.9848388699748405 -0.9830907586847175 -0.8273580048755935 -0.9731055195519471 -0.9804862347574244 -0.9414876440013892 -0.8919872681170722 -0.8099815854960979 -0.7505604230075513 -0.643517538111241 -0.5585129928329202 -0.46567197426606943 -0.43563760810749497 -0.3479276916876683 -0.20572715546092327 -0.104226483632672 -0.05331474557097168 
0.4994635662532616 -0.25750756731125285 -0.3798988759251277 -0.3889216697297607 -0.48236528658009337 -0.5824869809028924 -0.6593036021867946 -0.7269404747218999 -0.7949881715179999 -0.8551159891379214 -0.7481097118428714 -0.9336434163009592 -0.982208834403496 -0.9734297314244345 -0.9810412966200484 -0.8273580048755935 -0.9705732368243145 -0.9771841088957534 -0.9271789371450279 -0.8953036148353288 -0.8108182446601956 -0.7505604230075513 -0.6431360372098384 -0.5585129928329202 -0.4678703628318298 -0.43563760810749497 -0.3561967912284907 -0.2220218237176036 -0.1273128219417731 -0.05331474557097168 
0.49946616815981526 -0.25750756731125285 -0.3798988759251277 -0.38761900354731244 -0.47978703865625183 -0.5840397206209754 -0.6593036021867946 -0.7269404747218999 -0.7949881715179999 -0.8517814459188198 -0.7481097118428714 -0.9249451307981473 -0.9831288947522882 -0.9737187459382144 -0.9761973566188928 -0.8273580048755935 -0.9705732368243145 -0.9719647255720638 -0.9201012335817211 -0.8938822756545033 -0.8088852767042661 -0.7505604230075513 -0.6484804149409942 -0.5585129928329202 -0.48906709714886376 -0.43563760810749497 -0.3547780213399585 -0.2220218237176036 -0.12997053711923334 -0.05331474557097168 
0.4993345606393168 -0.2570060086142082 -0.38072472291598514 -0.382238011524255 -0.47261140297082077 -0.585085060721478 -0.6563455194001917 -0.7240156820722881 -0.7914833292994694 -0.8480383694854183 -0.7486536673944497 -0.955657973036493 -0.9815735521371242 -0.9851278844886204 -0.9734028786824066 -0.8257421129551973 -0.9690870187446029 -0.9752668514337348 -0.9273322368747756 -0.8905659289362466 -0.806115649584239 -0.7493697115272911 -0.6488619158423967 -0.558250592903967 -0.5080654429001373 -0.4377244386953948 -0.34650892179913617 -0.20314090886378927 -0.1095419139875925 -0.06960248112008675 
0.49946616815981526 -0.25750756731125285 -0.3798988759251277 -0.38761900354731244 -0.47978703865625183 -0.5840397206209754 -0.6593036021867946 -0.7269404747218999 -0.7949881715179999 -0.8517814459188198 -0.7481097118428714 -0.9249451307981473 -0.9831288947522882 -0.9737187459382144 -0.9761973566188928 -0.8273580048755935 -0.9705732368243145 -0.9719647255720638 -0.9201012335817211 -0.8938822756545033 -0.8088852767042661 -0.7505604230075513 -0.6484804149409942 -0.5585129928329202 -0.48906709714886376 -0.43563760810749497 -0.3547780213399585 -0.2220218237176036 -0.12997053711923334 -0.05331474557097168 
0.49946616815981526 -0.25750756731125285 -0.3798988759251277 -0.3882703366385366 -0.47978703865625183 -0.5832633507619339 -0.6595971706371946 -0.729915499558446 -0.7949881715179999 -0.8534487175283707 -0.7481097118428714 -0.9249451307981473 -0.982668864577892 -0.9735742386813244 -0.9810412966200484 -0.8281659508357917 -0.9725824872279867 -0.9745744172339086 -0.9201012335817211 -0.8945929452449161 -0.8088852767042661 -0.7511557787476815 -0.6458082260754163 -0.5585129928329202 -0.48906709714886376 -0.43459419281354505 -0.3547780213399585 -0.2233149470161706 -0.12997053711923334 -0.0578742684868456 
0.4993371625458704 -0.2594718986054383 -0.38072472291598514 -0.38093534534180673 -0.47261140297082077 -0.586637800439561 -0.6557583824993918 -0.718065632399196 -0.7914833292994694 -0.8447038262663167 -0.7489282619195408 -0.9469596875336812 -0.9824936124859163 -0.9854168990024004 -0.9734028786824066 -0.824126221034801 -0.9690870187446029 -0.9700474681100452 -0.9273322368747756 -0.8891445897554211 -0.806115649584239 -0.748179000047031 -0.6542062935735525 -0.5579881929750137 -0.5080654429001373 -0.4377244386953948 -0.345090151910604 -0.20055466226665525 -0.1095419139875925 -0.06960248112008675 
0.49972277374949525 -0.2567072073554725 -0.3816772465554212 -0.40403304303545623 -0.499050210154001 -0.5728662517899049 -0.6640398943877499 -0.7319062649671312 -0.8000521585862057 -0.839454666141251 -0.748669070333087 -0.9582919862804442 -0.9801238456956116 -0.955647561090547 -0.9942703631086749 -0.990734202375791 -0.9754324607873335 -0.9736911537745032 -0.9136716857697208 -0.8874216994420159 -0.8208459510005799 -0.7453170798999649 -0.6911445051853218 -0.5574532982708277 -0.4855540760360452 -0.6292929930611878 -0.30331298416783536 -0.21235514939565767 -0.14002626788955505 -0.008334943993638938 
0.4997240747027721 -0.2567072073554725 -0.3820901700508499 -0.4013425470239275 -0.500059780072875 -0.5731199515986951 -0.6652253673306514 -0.7304438686423252 -0.7988194524268322 -0.839454666141251 -0.7488063675956325 -0.973648407399617 -0.9801238456956116 -0.9613521303657501 -0.9908236620757626 -0.9899262564155928 -0.9754324607873335 -0.9753422167053387 -0.906593982206414 -0.8883692032107314 -0.8194611374405663 -0.6978714332936704 -0.691335255636023 -0.5574532982708277 -0.4855540760360452 -0.6303364083551377 -0.3026035992235693 -0.2029146919687505 -0.1426839830670153 -0.008334943993638938 
0.49964098576941174 -0.2575989715937851 -0.38270386648303795 -0.40820431876223506 -0.5059995610914994 -0.588845664030713 -0.6616773478579232 -0.7275257973825981 -0.7976833843972536 -0.8393945781908614 -0.7483269659577855 -0.9751729890546137 -0.9797556155166314 -0.9592022859326446 -1.0 -0.9976861170598792 -0.9741633723787874 -0.9740185295565154 -0.9139959834387337 -0.901243147877713 -0.8247490678087164 -0.743649381728527 -0.6690578783985408 -0.5577379925838293 -0.4837975654796359 -0.6220572879264913 -0.27432394427685636 -0.19627074963740063 -0.11946818569017362 -0.03876910049108219 
0.499656969989246 -0.2567072073554725 -0.3820901700508499 -0.4013425470239275 -0.499050210154001 -0.5728662517899049 -0.6640398943877499 -0.7304438686423252 -0.7982997374769404 -0.839454666141251 -0.7489410481088762 -0.973648407399617 -0.9801238456956116 -0.9613521303657501 -0.9942703631086749 -0.9899262564155928 -0.9754324607873335 -0.9753422167053387 -0.917287187416248 -0.8874216994420159 -0.8194611374405663 -0.7453170798999649 -0.691335255636023 -0.5574532982708277 -0.4855540760360452 -0.6303364083551377 -0.2991784343974242 -0.2029146919687505 -0.12981195632373463 -0.008334943993638938 
0.49972277374949525 -0.2567072073554725 -0.3816772465554212 -0.40403304303545623 -0.499050210154001 -0.5728662517899049 -0.6640398943877499 -0.7319062649671312 -0.8000521585862057 -0.839454666141251 -0.748669070333087 -0.9582919862804442 -0.9801238456956116 -0.955647561090547 -0.9942703631086749 -0.990734202375791 -0.9754324607873335 -0.9736911537745032 -0.9136716857697208 -0.8874216994420159 -0.8208459510005799 -0.7453170798999649 -0.6911445051853218 -0.5574532982708277 -0.4855540760360452 -0.6292929930611878 -0.30331298416783536 -0.21235514939565767 -0.14002626788955505 -0.008334943993638938 
0.4993371625458704 -0.26064584438046556 -0.38072472291598514 -0.39759761103446245 -0.48722627338212987 -0.586637800439561 -0.6575365919137441 -0.7234133389667575 -0.7914833292994694 -0.8448240021670956 -0.7504310207468132 -0.9469596875336812 -0.983930385416629 -0.9949074560909497 -0.9796783606071677 -0.8344915739455903 -0.9719499504505088 -0.9701228333816492 -0.9221387142062467 -0.9337473750225553 -0.8113547546848799 -0.7444443595471565 -0.6744022561296965 -0.5565870157940542 -0.496629555223948 -0.44595087451755305 -0.3377807753206732 -0.19429007715220947 -0.1263986213766226 -0.06960248112008675 
0.49954558485469636 -0.2567072073554725 -0.3820901700508499 -0.4013425470239275 -0.4963679753426248 -0.5754396130514903 -0.6616745480725977 -0.7304438686423252 -0.7960276014177834 -0.8393945781908614 -0.7486340070333308 -0.9660393885177043 -0.980272328098552 -0.9613521303657501 -0.9942703631086749 -0.9164019912898795 -0.9741633723787874 -0.9753422167053387 -0.917287187416248 -0.8874216994420159 -0.8194611374405663 -0.7456350710274167 -0.683909463223529 -0.5574532982708277 -0.4855540760360452 -0.6220572879264913 -0.3021237377481235 -0.20329904945586807 -0.12981195632373463 -0.018479662826120024 
0.4993371625458704 -0.26064584438046556 -0.38072472291598514 -0.39759761103446245 -0.48722627338212987 -0.586637800439561 -0.6575365919137441 -0.7234133389667575 -0.7914833292994694 -0.8448240021670956 -0.7504310207468132 -0.9469596875336812 -0.983930385416629 -0.9949074560909497 -0.9796783606071677 -0.8344915739455903 -0.9719499504505088 -0.9701228333816492 -0.9221387142062467 -0.9337473750225553 -0.8113547546848799 -0.7444443595471565 -0.6744022561296965 -0.5565870157940542 -0.496629555223948 -0.44595087451755305 -0.3377807753206732 -0.19429007715220947 -0.1263986213766226 -0.06960248112008675 
0.499656969989246 -0.2567072073554725 -0.3820901700508499 -0.4013425470239275 -0.499050210154001 -0.5728662517899049 -0.6640398943877499 -0.7304438686423252 -0.7982997374769404 -0.839454666141251 -0.7489410481088762 -0.973648407399617 -0.9801238456956116 -0.9613521303657501 -0.9942703631086749 -0.9899262564155928 -0.9754324607873335 -0.9753422167053387 -0.917287187416248 -0.8874216994420159 -0.8194611374405663 -0.7453170798999649 -0.691335255636023 -0.5574532982708277 -0.4855540760360452 -0.6303364083551377 -0.2991784343974242 -0.2029146919687505 -0.12981195632373463 -0.008334943993638938 
0.49954558485469636 -0.2579991515716753 -0.38160821942017686 -0.4013425470239275 -0.4963679753426248 -0.5944323984462483 -0.6593092017574456 -0.7275257973825981 -0.7960276014177834 -0.8393945781908614 -0.7483269659577855 -0.9508213507538789 -0.9797556155166314 -0.9592022859326446 -0.9942703631086749 -0.9164019912898795 -0.9741633723787874 -0.9740185295565154 -0.9154030065214702 -0.901243147877713 -0.8194611374405663 -0.7462710532823202 -0.6690578783985408 -0.5577379925838293 -0.4855540760360452 -0.6220572879264913 -0.3021237377481235 -0.20582431551182717 -0.11954747608792297 -0.03876910049108219 
0.49954558485469636 -0.2579991515716753 -0.38160821942017686 -0.4013425470239275 -0.4963679753426248 -0.5944323984462483 -0.6593092017574456 -0.7275257973825981 -0.7960276014177834 -0.8393945781908614 -0.7483269659577855 -0.9508213507538789 -0.9797556155166314 -0.9592022859326446 -0.9942703631086749 -0.9164019912898795 -0.9741633723787874 -0.9740185295565154 -0.9154030065214702 -0.901243147877713 -0.8194611374405663 -0.7462710532823202 -0.6690578783985408 -0.5577379925838293 -0.4855540760360452 -0.6220572879264913 -0.3021237377481235 -0.20582431551182717 -0.11954747608792297 -0.03876910049108219 
0.49954558485469636 -0.2579087501628952 -0.38160821942017686 -0.4026877950296919 -0.4963679753426248 -0.5944323984462483 -0.6593092017574456 -0.7275257973825981 -0.7960276014177834 -0.8392744022900824 -0.7470093128294719 -0.9495598271169977 -0.9797556155166314 -0.9428702127481084 -0.9942703631086749 -0.9158204786561287 -0.9741633723787874 -0.9740185295565154 -0.9128299766821891 -0.8919017585231404 -0.8186252661693931 -0.7462710532823202 -0.6690578783985408 -0.5577379925838293 -0.4857342802801885 -0.6220572879264913 -0.3021237377481235 -0.2097524458175391 -0.11954747608792297 -0.03876910049108219 
