1.0298217767766191 0.011176997718291984 
0.9936108517970831 0.013257877022831857 
0.9934084862812614 0.016143146820306015 
0.9933788164012339 0.02587657772824198 
0.9933638699209106 0.04593523863962446 
0.993376764115166 0.0486265116766743 
0.9933638699209106 0.04593523863962446 
0.993376764115166 0.0486265116766743 
0.9933721350399342 0.08417381828048862 
0.9129727363197414 0.09536539228395764 
0.9129342284137635 0.10169833813341882 
0.912883186170975 0.09857512756062442 
0.9129120016389846 0.1079961370377213 
0.9129135438875989 0.1361184572847208 
0.912883186170975 0.09857512756062442 
0.9128958192130217 0.14699491072822168 
0.9128449097989697 0.1349932845326139 
0.9128595453930383 0.17873874590771688 
0.9128449097989697 0.1349932845326139 
0.8036377671512717 0.2180697269062833 
0.8036377671512717 0.2180697269062833 
0.7989607193470396 0.21949471861665945 
0.7862337237951681 0.22583963708860308 
0.7860664839961793 0.23115765711469613 
0.7856727250345603 0.24882319838397873 
0.7854258068496278 0.2632551639764113 
0.7854174964595193 0.27529664538061754 
0.7853326827744594 0.29188054570278676 
0.7852955450767473 0.30282628013171004 
0.7852570331913962 0.2803121568527531 
0.7852597984203157 0.34284341078694014 
0.7852570331913962 0.2803121568527531 
0.7852593611225378 0.29636209659312485 
0.785223585809496 0.29184450603246703 
0.7852474452283295 0.40389006599405186 
0.785223585809496 0.29184450603246703 
0.7852564864458053 0.4327572330038888 
0.7852238964304674 0.47049801425100507 
0.7852238964304674 0.47049801425100507 
0.7852313846003006 0.3735802201974664 
0.708340938592653 0.5157255296208559 
0.6915366709100811 0.5156146597346072 
0.6915366709100811 0.5156146597346072 
0.6397344138418142 0.516820662702795 
0.6397344138418142 0.516820662702795 
0.5888789069945776 0.5171552166241644 
0.5720548115178584 0.517549590403434 
0.5582552397631863 0.517923504048648 
0.5457556158932904 0.5186381184629937 
0.524854634159679 0.5228642596146009 
0.5174241219474464 0.5304155291462354 
0.4948373316010788 0.5415099424687493 
0.49035930090652224 0.5423467095111877 
0.47178652795803555 0.563829848843638 
0.46896141597585506 0.5651771396651665 
0.45570858010211446 0.5740065025245327 
0.45185443814699844 0.5862065168705075 
0.4337714761752997 0.6029252391929877 
0.4316047324423699 0.6103473509685877 
0.41661429227114527 0.6170900584313301 
0.40361708269407137 0.6261431982161608 
0.39635854120839903 0.6329069803314823 
0.38178791723222805 0.6408830147004996 
0.3674443258727435 0.6485808360747563 
0.3549807969762034 0.6581880721355116 
0.34994180564856325 0.6683275743617718 
0.3326425892359964 0.6771802241646925 
0.32719544899111436 0.6873381820103193 
0.3143892633240244 0.6928538561268927 
0.30429349469571854 0.7070877923734401 
0.2932043023513206 0.7130505723930727 
0.2821907954006711 0.724557302400537 
0.2738489970230607 0.7331827653467554 
0.263882025238785 0.740408666413383 
0.25454518972794266 0.7496254895809233 
0.24087208782034844 0.7620665611855256 
0.2344634403901482 0.7782638965641375 
0.2242782667223043 0.7803524718600611 
0.20983397246049237 0.7949950618758007 
0.20539030197185204 0.7987356666596988 
0.19138720177233548 0.8148605726259641 
0.18328594982326973 0.8340952585310996 
0.17328338774258595 0.8342237195313921 
0.15585071113456223 0.8510055785975008 
0.15307781837565904 0.851836150216931 
0.1428428454736313 0.8660697538571897 
0.13786801470588989 0.8882948568404747 
0.11463701803746976 0.9110398092024504 
0.11463701803746976 0.9110398092024504 
0.10097001089449342 0.9110671587797518 
0.0927827221195047 0.9119535615408919 
0.08499052078568166 0.9289569662544511 
0.07343360177710757 1.000243624115189 
0.01598897082032869 1.0002165482649694 
0.03483221446224936 1.0002925240006502 
0.01598897082032869 1.0002165482649694 
0.025556113533462828 1.0002984596585414 
0.014899528470453335 1.0003121423649954 
0.008484020805033767 1.0003738043260413 
0.0026611257033236813 1.0227759959839995 
