1.0548664323350632 0.041732687113014054 
1.0384221256835309 0.051791786309617345 
1.0331869132716573 0.061047030244455035 
1.0304509586082098 0.07146770340103786 
1.0284079226851752 0.08163357552565254 
1.0266376613058492 0.09273195839934106 
1.0239296312561263 0.10456073134022273 
1.0212416021392106 0.11404976731585134 
1.0203318873566363 0.1220265551174099 
1.0200634253224456 0.13749288828796424 
1.0187474021180838 0.14848846412918493 
1.0186627864723525 0.15477605564461455 
1.0084612155424595 0.173870998846798 
1.001616137045703 0.18720959708651064 
0.9955173709513702 0.1975062675653447 
0.9880514002205356 0.21206007530947155 
0.9805266658384191 0.22353843740295604 
0.9762223548744272 0.23624361386199916 
0.9676680025062028 0.24944100409896608 
0.9514595887867985 0.26001676413874597 
0.9356712577288862 0.26941350592337915 
0.9353307512442999 0.27117557330229836 
0.9278726416661758 0.29037891082704703 
0.9034100897508737 0.30768412142014867 
0.8933153308462953 0.31591013594962325 
0.8887989908118341 0.3243424170001724 
0.8856763885931374 0.3404597082739646 
0.8768538359155764 0.3580778348715537 
0.8753639618141469 0.3712210762992251 
0.863601330050817 0.3878720108310593 
0.8543681900597312 0.39819085434254897 
0.837971901590526 0.40854076218856095 
0.8307708934199668 0.42115589466788356 
0.8228504119466172 0.43443421733282434 
0.8169511390053007 0.4515517718145907 
0.8148791684619237 0.4599843941628863 
0.8105567507336782 0.47492404220094186 
0.8083830074534973 0.5045344011442197 
0.8067081821304504 0.5195545874537649 
0.7873039440817335 0.533485134729673 
0.7721103858309692 0.5430648072658609 
0.7546594086043051 0.5524009149909638 
0.7363511234178918 0.561725771312095 
0.7234981360915324 0.5710949769142774 
0.7127041608402781 0.5838454731524878 
0.7055622798632288 0.5985151288948366 
0.6983238119000664 0.6130267886632034 
0.6922556506946631 0.6363462279173195 
0.6834333487365946 0.6538983966227192 
0.662768759225817 0.6643679125683859 
0.6581002194710386 0.6746464780892424 
0.6491230974364042 0.6920933554478469 
0.643680430081539 0.7118759258284251 
0.6356797344175843 0.7348658850561463 
0.6208272458240394 0.7510918285636301 
0.6023321764822394 0.7534274792704752 
0.5824284619384886 0.7612813912204544 
0.5711923319477029 0.7723000094501914 
0.563378572270655 0.7852599013994345 
0.526924016923849 0.795823222494009 
0.525565052693601 0.7998723563186899 
0.5106053746983398 0.81189126537366 
0.49985375889908407 0.8239966178770688 
0.49094624145391724 0.8378023484859723 
0.4825984906145079 0.8555812851882127 
0.47624264164050517 0.8808529342968805 
0.4579628362730079 0.9039345513937259 
0.4422704029660595 0.9039345513937259 
0.4259483751177972 0.9075355171299297 
0.40630495191199545 0.9117979373453365 
0.3922248437768753 0.9171500052858566 
0.38061498180326775 0.9242872303309441 
0.36757871874264175 0.9423409030369813 
0.3318747548882461 0.9485739137878578 
0.3318747548882461 0.9485739137878578 
0.32199929595418414 0.9499189004705526 
0.3103938555315493 0.969581434735679 
0.28148836743925154 0.9959955230955773 
0.2815066838258476 0.9959955230955773 
0.27310133059064445 0.9959955230955773 
0.2578110647574765 0.9959955230955773 
0.24415639099102737 1.005718192209033 
0.2331198132283768 1.0099667225091946 
0.10138085307296481 1.0289970364136911 
0.10507849189809651 1.0289970364136911 
0.11214876705869421 1.0289970364136911 
0.10397822469718254 1.0289970364136911 
0.11214876705869421 1.0289970364136911 
0.11066496188004538 1.0289970364136911 
0.10138085307296481 1.0289970364136911 
0.10507849189809651 1.0289970364136911 
0.11066496188004538 1.0289970364136911 
0.10397822469718254 1.0289970364136911 
0.08346776570270024 1.0289970364136911 
0.08346776570270024 1.0289970364136911 
0.07340029324435098 1.0290790616448005 
0.04640721803503678 1.031856976282912 
0.04640721803503678 1.031856976282912 
0.035240584151594055 1.0390913389119691 
0.03186779873026353 1.0500223011990326 
