1.0 -2.0 2.0 -2.0 -2.0 -2.0 -1.997475682227496 -2.0 -2.0 -2.0 -2.0 0.9595740933158761 -2.0 -2.0 2.0 -1.8936252127965851 -2.0 -2.0 -2.0 -2.0 -2.0 -2.0 -2.0 2.0 -2.0 -2.0 2.0 2.0 2.0 -2.0 
0.9998406912799533 -1.992375615113776 2.0 -2.0 -2.0 0.4666542543117631 -2.0 -2.0 -2.0 -2.0 -2.0 0.9148463412417582 -2.0 -1.7957501161181515 1.003240700293057 -1.934490362777097 -1.9984254194989306 -1.950408276970078 -2.0 -1.8649617829830378 -2.0 -2.0 -2.0 1.9159487192682567 -1.8808092123520033 -1.777030723885165 2.0 2.0 2.0 -1.9916199941072152 
0.9928842326619045 -2.0 2.0 -2.0 -2.0 0.4666542543117631 -2.0 -2.0 -2.0 -2.0 -2.0 -1.119024454381086 -2.0 -2.0 0.9842987650295841 -2.0 -2.0 -2.0 -2.0 -2.0 -2.0 -2.0 -2.0 2.0 -1.9005877481905689 -2.0 2.0 2.0 2.0 -2.0 
0.9894060033528801 -2.0 2.0 -2.0 -2.0 0.4666542543117631 -1.9901861840027302 -2.0 -2.0 -2.0 -2.0 0.8809755456189139 -2.0 -2.0 0.9842987650295841 -2.0 -2.0 -2.0 -2.0 -2.0 -2.0 -1.84603754822046 -2.0 1.8487009475023044 -1.9812504314505366 -1.7796712439776556 2.0 2.0 2.0 -2.0 
0.9862436270987074 -2.0 2.0 -2.0 -2.0 0.4666542543117631 -2.0 -2.0 -2.0 -2.0 -2.0 0.8471047499960693 -2.0 -1.9750230662171422 0.9697999897174217 -1.9333211150508434 -1.9968508389978612 -1.9256124154551169 -2.0 -1.9611157140538993 -2.0 -2.0 -2.0 1.8826960755833064 -1.997577784363894 -1.8050569773736855 2.0 2.0 2.0 -2.0 
0.9822327098847738 -1.9847512302275516 2.0 -2.0 -2.0 1.946646806898821 -2.0 -2.0 -2.0 -2.0 -2.0 0.7793631587503803 -2.0 -2.0 0.9530796344296041 -1.9728579007496747 -2.0 -1.8923184378044438 -2.0 -1.789518221978489 -2.0 -2.0 -2.0 1.976841591681964 -2.0 -1.8891357378392475 2.0 2.0 2.0 -2.0 
0.9772360052931062 -1.9847512302275516 2.0 -2.0 -2.0 2.0 -2.0 -2.0 -2.0 -2.0 -2.0 0.7492196758003791 -2.0 -1.868147874101055 0.906822867553279 -1.9728579007496747 -2.0 -1.7867614046428155 -2.0 -1.789518221978489 -2.0 -2.0 -2.0 1.976841591681964 -2.0 -1.8597892243044816 2.0 2.0 2.0 -2.0 
0.9694944282362746 -2.0 2.0 -2.0 -2.0 2.0 -2.0 -1.8631892808938186 -2.0 -2.0 -2.0 0.6374179413069779 -2.0 -1.9850874371296179 0.8360447780634015 -1.9582455477748888 -2.0 -1.7888859336767435 -2.0 -1.5264159994516004 -2.0 -2.0 -2.0 1.0169956530507234 -1.991287353181206 -1.9682078144733675 2.0 2.0 2.0 -1.9958099970536076 
0.9669960759404408 -2.0 2.0 -2.0 -2.0 2.0 -2.0 -1.8631892808938186 -2.0 -2.0 -2.0 0.6374179413069779 -2.0 -1.9191613741801454 0.8129163946252389 -1.9582455477748888 -2.0 -1.7361074170959294 -2.0 -1.5264159994516004 -2.0 -2.0 -2.0 1.0169956530507234 -1.991287353181206 -1.9682078144733675 2.0 2.0 2.0 -1.9958099970536076 
0.9656236397078588 -2.0 2.0 -2.0 -2.0 2.0 -2.0 -1.794783921340728 -2.0 -1.9492464387406132 -2.0 0.6167093905897425 -2.0 -1.96011050334676 0.7989895483367214 -1.9582455477748888 -2.0 -1.7155606136488244 -2.0 -1.5264159994516004 -2.0 -2.0 -2.0 1.976841591681964 -2.0 -2.0 2.0 2.0 2.0 -2.0 
0.9593290475799361 -2.0 2.0 -2.0 -2.0 1.9599851051741157 -2.0 -2.0 -2.0 -2.0 -2.0 0.4783430998605274 -2.0 -2.0 0.7210551642131913 -1.7945566020805632 -2.0 -2.0 -2.0 -2.0 -2.0 -2.0 -2.0 2.0 -1.9685514275466711 -2.0 2.0 2.0 2.0 -1.9862083276036997 
0.958199560840343 -2.0 2.0 -2.0 -2.0 1.9866617017247052 -2.0 -2.0 -2.0 -2.0 -2.0 0.37920282508092307 -2.0 -2.0 0.7084019615618153 -1.9702473619385246 -2.0 -2.0 -2.0 -2.0 -2.0 -2.0 -2.0 2.0 -2.0 -2.0 2.0 2.0 2.0 -1.9862083276036997 
0.9454193342136472 -0.7297158202208276 1.9990117848672493 -2.0 2.0 2.0 -2.0 2.0 2.0 2.0 -2.0 -1.9497837047476914 2.0 -2.0 2.0 -2.0 -2.0 -2.0 -2.0 -2.0 2.0 -2.0 -2.0 1.942783546648526 -2.0 -1.8875969228389364 -2.0 2.0 -2.0 -1.9944385635237518 
0.9403055778417834 -0.8196731494245192 2.0 -2.0 2.0 2.0 -2.0 2.0 2.0 2.0 -2.0 -1.9175595123980245 2.0 -2.0 2.0 -2.0 -2.0 -1.801633107880312 -2.0 -2.0 2.0 -2.0 -2.0 1.9282431682677583 -2.0 -1.9152213553848578 -2.0 2.0 -2.0 -1.9994991917452147 
0.935455905746549 -0.8196731494245192 2.0 -2.0 2.0 2.0 -2.0 2.0 2.0 2.0 -2.0 -1.8853353200483576 2.0 -2.0 2.0 -2.0 -2.0 -1.900816553940156 -2.0 -2.0 2.0 -2.0 -2.0 1.9282431682677583 -2.0 -1.9152213553848578 -2.0 2.0 -2.0 -1.996698575947046 
0.9290408121789412 -0.9548650248018896 2.0 -2.0 2.0 2.0 -2.0 2.0 2.0 2.0 -2.0 -1.89109091054456 2.0 -2.0 2.0 -1.943074005771832 -2.0 -2.0 -2.0 -2.0 2.0 -2.0 -2.0 2.0 -2.0 -2.0 -2.0 2.0 -2.0 -1.9545313828966817 
0.9218730387537208 -0.9548650248018896 2.0 -2.0 2.0 2.0 -2.0 2.0 2.0 2.0 -2.0 -2.0 2.0 -2.0 2.0 -2.0 -2.0 -2.0 -2.0 -2.0 2.0 -2.0 -2.0 2.0 -2.0 -2.0 -2.0 2.0 -2.0 -1.9774692286109286 
0.9173550917953481 -0.9548650248018896 2.0 -2.0 2.0 2.0 -2.0 1.9315946404469093 2.0 2.0 -2.0 -1.89109091054456 2.0 -2.0 2.0 -1.9922285680576892 -2.0 -2.0 -2.0 -2.0 2.0 -2.0 -2.0 2.0 -2.0 -2.0 -2.0 2.0 -2.0 -1.9774692286109286 
0.9060827591911245 2.0 2.0 2.0 2.0 -0.8490678949222563 -0.9372173511235632 2.0 2.0 2.0 2.0 -1.9305809467108808 2.0 2.0 -2.0 -1.9961142840288446 -2.0 2.0 0.021542096061538674 2.0 2.0 -2.0 2.0 2.0 -2.0 2.0 -2.0 -1.9968461585372217 -2.0 -1.9839982541135832 
0.9000332051096432 1.9623898387125451 2.0 2.0 2.0 -0.8490678949222563 -0.9372173511235632 1.9657973202234547 1.9933088627222042 1.9103912833006076 2.0 -2.0 2.0 2.0 -2.0 -2.0 -2.0 2.0 0.022805664232462552 2.0 2.0 -2.0 2.0 2.0 -2.0 2.0 -2.0 -1.9940745743128259 -2.0 -1.9908123051003173 
0.8904011518804436 2.0 2.0 1.999388257841827 2.0 -0.9744836914053499 -0.9372173511235632 2.0 2.0 2.0 2.0 -2.0 2.0 2.0 -2.0 -2.0 -0.2619002203609533 2.0 2.0 2.0 2.0 -2.0 2.0 2.0 -1.9127507383445308 2.0 -2.0 -1.9957302637038246 -2.0 -1.995237533634182 
0.8904011518804436 1.9700142235987694 2.0 1.999388257841827 2.0 -0.9481316041378121 -0.9372173511235632 1.999950547449996 2.0 2.0 2.0 -2.0 2.0 2.0 -2.0 -1.9961142840288446 -0.2619002203609533 2.0 2.0 2.0 2.0 -2.0 2.0 2.0 -2.0 2.0 -2.0 -1.9951965466668027 -2.0 -1.9885921015634247 
0.893792493413912 0.9781545133539018 2.0 1.9955767646781024 2.0 -1.5893503393291173 -0.9558627817752011 1.9408210741706895 -0.9110305247375083 1.9864759963496428 2.0 -2.0 2.0 2.0 -2.0 -2.0 -0.22328624080874315 -0.02883260735529858 -0.020278527890614795 1.8947591109892445 0.17457719912993663 -1.9706879928412013 2.0 1.9268829790035173 -1.9688879367416208 1.8930283472614655 -2.0 -2.0 -2.0 -1.998349287973523 
0.856240186983938 2.0 -2.0 1.992370071665667 1.9578327062122296 -0.8505847878688457 2.0 2.0 2.0 1.996143805485975 2.0 2.0 1.992087687863843 1.9544087026915271 -1.0 2.0 2.0 1.9679901531156603 2.0 2.0 2.0 2.0 2.0 1.9706740188958265 -2.0 2.0 -1.9612285785571655 -1.5016011511110658 -2.0 2.0 
0.8488703695765618 2.0 -2.0 1.9837939688725874 1.9156654124244592 -0.8505847878688457 2.0 2.0 2.0 1.996143805485975 2.0 2.0 1.9873317381434479 1.9191076112091427 -1.0 2.0 2.0 2.0 2.0 2.0 2.0 2.0 2.0 2.0 -2.0 2.0 -2.0 -2.0 -2.0 2.0 
0.8449389298098005 2.0 -2.0 2.0 1.9156654124244592 -0.8505847878688457 2.0 2.0 2.0 1.996143805485975 2.0 1.9820650676792129 1.99262155434808 1.9191076112091427 -1.0 2.0 2.0 2.0 2.0 2.0 2.0 2.0 2.0 2.0 -2.0 2.0 -2.0 -2.0 -2.0 2.0 
0.8410826274582615 2.0 -2.0 2.0 2.0 -1.69590125060694 2.0 2.0 2.0 2.0 2.0 2.0 1.974663476286896 1.9568777926663325 -1.0 2.0 2.0 1.9359803062313206 2.0 2.0 2.0 2.0 2.0 1.9413480377916532 -1.9717630407931352 2.0 -2.0 -2.0 -1.9181834678833036 2.0 
0.8280339571813161 2.0 -2.0 1.8127887259665258 2.0 -2.0 2.0 1.999724610044931 2.0 1.9597613577319528 2.0 1.6568614741408074 1.8404455082302213 2.0 -1.0 2.0 2.0 2.0 2.0 2.0 2.0 2.0 1.9999963606727222 2.0 -2.0 2.0 -2.0 -2.0 -2.0 2.0 
0.8201710776477933 2.0 -2.0 2.0 2.0 -2.0 2.0 1.999724610044931 2.0 1.9597613577319528 2.0 1.5662776248751518 1.8531137700867735 2.0 -1.0 2.0 2.0 2.0 2.0 2.0 2.0 2.0 1.9999963606727222 2.0 -2.0 2.0 -2.0 -2.0 -2.0 2.0 
0.8186213277520229 2.0 -2.0 -2.0 -2.0 -0.36873549800679684 2.0 2.0 2.0 1.8000294231100902 -1.9991177737730932 2.0 2.0 -1.9820087048379003 2.0 2.0 2.0 2.0 2.0 -0.960768131186291 2.0 1.942432072080581 1.999895015870616 -2.0 2.0 2.0 2.0 2.0 2.0 2.0 
0.8123714970961732 1.9681132541283017 -2.0 -2.0 -2.0 -2.0 2.0 2.0 2.0 2.0 -1.987899269434172 2.0 1.9955063445775283 -2.0 2.0 2.0 1.9806930102238949 1.7899377131542602 2.0 -0.9408801893645837 2.0 1.9219022584954273 2.0 -0.9585494975697102 2.0 1.8771286964629794 2.0 1.9830264106391473 2.0 2.0 
0.8001809451459205 2.0 -2.0 -2.0 -2.0 -2.0 2.0 1.9991738301347932 2.0 1.8812121704528713 -2.0 1.9403771704385795 1.9724666455535345 -2.0 2.0 2.0 2.0 1.9563523488665036 2.0 -0.9652078114081968 2.0 1.9413759856824027 1.9995189592482967 -0.9585494975697102 2.0 1.987144256632688 2.0 1.965897568195788 2.0 2.0 
0.7938266316116164 2.0 -2.0 -1.9990079107668428 -2.0 2.0 2.0 2.0 2.0 1.9395387985876937 -1.9990724421805601 1.9829649058395942 1.997427169729257 -1.9088174053830542 2.0 2.0 2.0 1.9237301847497708 2.0 -0.9989678998391953 2.0 1.9280359441278265 1.9995747218798257 -0.9970635863168996 2.0 2.0 1.9526349889971 2.0 2.0 2.0 
0.7858253799648764 2.0 -2.0 -2.0 -2.0 -2.0 2.0 1.9991738301347932 2.0 1.8812121704528713 -2.0 2.0 2.0 -2.0 2.0 2.0 1.9903465051119476 2.0 2.0 -0.9652078114081968 2.0 1.9023271149301162 1.9995189592482967 -0.9585494975697102 2.0 1.9257086048641776 2.0 1.9821877793577425 2.0 2.0 
0.7774200570658855 2.0 -2.0 -2.0 -1.8313308248489186 -2.0 2.0 1.9994492200898621 2.0 2.0 -2.0 2.0 2.0 -2.0 2.0 2.0 2.0 2.0 2.0 -0.9483277671926975 2.0 1.9978878272036433 1.999944237368471 -0.9585494975697102 2.0 1.9135877039989624 1.9999999999999998 1.9615765443143216 2.0 2.0 
0.7753696050596424 2.0 -2.0 -2.0 -2.0 -2.0 2.0 2.0 2.0 1.8610928493188477 -2.0 2.0 2.0 -2.0 2.0 2.0 2.0 2.0 2.0 -0.9652078114081968 2.0 1.9023271149301162 1.9995189592482967 -0.9292235164655368 2.0 2.0 2.0 1.9715016594659562 2.0 2.0 
0.7674249908149491 2.0 -2.0 -2.0 -2.0 -2.0 2.0 1.9991738301347932 2.0 2.0 -2.0 2.0 2.0 -2.0 2.0 2.0 2.0 2.0 2.0 -0.9652078114081968 2.0 1.9685758200448447 1.99958236482671 -0.9585494975697102 2.0 1.9135877039989624 2.0 2.0 2.0 2.0 
0.7610273035328681 2.0 -2.0 -1.8771294041247901 -2.0 2.0 2.0 2.0 2.0 1.9847247514007602 -2.0 1.9659298116791883 2.0 -2.0 2.0 2.0 2.0 1.7871202950473992 2.0 -0.6849355735744784 2.0 2.0 2.0 -2.0 1.867260908134261 1.6945501760017347 2.0 1.9962903196968087 2.0 2.0 
0.7584408033821117 2.0 -2.0 -1.9951632614986892 -2.0 1.9650331388129803 2.0 2.0 2.0 2.0 -1.9916138012743243 2.0 2.0 -1.9967915274476604 2.0 2.0 2.0 2.0 2.0 -1.9659673958564938 2.0 1.9957756544072862 2.0 -2.0 2.0 1.7251473503769108 2.0 1.9693697301183628 -1.0037354683219673 2.0 
0.7209297878111389 -1.9362265082566035 2.0 -2.0 -0.9784539087457942 1.002658283238651 -2.0 -1.9988984401797245 -2.0 -2.0 -1.9780608332537928 0.7756726509458809 -2.0 -1.9940158700865822 0.4679338837119633 -2.0 -2.0 -1.9981217212620928 -2.0 -2.0 -2.0 -2.0 -2.0 2.0 -2.0 -2.0 1.7312289173035538 1.976150414233417 1.926689579033861 -2.0 
0.7101684454253026 -2.0 2.0 -1.8797682038229029 -2.0 -1.9108486665877376 -2.0 -2.0 -2.0 -2.0 -1.9998532060155108 -2.0 -2.0 -2.0 2.0 -2.0 -2.0 -2.0 -2.0 -2.0 -2.0 -2.0 -2.0 2.0 -1.9998459152242716 -2.0 2.0 1.9504459883152383 1.989943685853242 -2.0 
0.7001568379200969 -2.0 2.0 -2.0 -2.0 -2.0 -2.0 -2.0 -2.0 -2.0 -1.738037350687228 0.970164249739004 -1.9877622282643566 -2.0 0.9812589190560768 -1.971373056193721 -2.0 -2.0 -2.0 -2.0 -2.0 -2.0 -2.0 1.9807429556264053 -1.9998882441099202 -2.0 2.0 1.982948784097894 2.0 -2.0 
0.6913523104681412 -2.0 2.0 -1.9999722219830147 -2.0 -2.0 -2.0 -1.999724610044931 -1.8710997937891942 -2.0 -1.9994319337445396 0.9970799999375328 -1.9596572808293546 -1.9996739784847284 0.9636882757045249 -1.9466318283585973 -2.0 -1.9889787912646226 -2.0 -2.0 -2.0 -2.0 -2.0 2.0 -1.9999691709556906 -1.9567938519994812 2.0 2.0 2.0 -2.0 
0.6833881098926611 -2.0 2.0 -2.0 -2.0 -2.0 -2.0 -2.0 -2.0 -2.0 -2.0 0.9990549271762721 -2.0 -2.0 0.9812589190560768 -1.9466318283585973 -2.0 -2.0 -2.0 -2.0 -2.0 -2.0 -2.0 2.0 -2.0 -2.0 2.0 2.0 2.0 -2.0 
0.6750511283634091 -2.0 2.0 -2.0 -2.0 -2.0 -2.0 -2.0 -2.0 -2.0 -1.9997064120310215 0.9990549271762721 -2.0 -2.0 0.9812589190560768 -1.9466318283585973 -2.0 -2.0 -2.0 -2.0 -2.0 -2.0 -2.0 2.0 -1.9999691709556906 -2.0 2.0 2.0 2.0 -2.0 
0.6667160002176712 -2.0 2.0 -2.0 -2.0 -2.0 -2.0 -2.0 -2.0 -2.0 -1.998505364958869 -2.0 -2.0 -1.8836027333349228 0.9854932089641786 -2.0 -2.0 -2.0 -2.0 -2.0 -2.0 -2.0 -2.0 2.0 -2.0 -2.0 2.0 1.9165019584727379 2.0 -2.0 
0.6585050692521464 -2.0 2.0 -2.0 -2.0 -1.9108486665877376 -2.0 -2.0 -2.0 -2.0 -2.0 -2.0 -2.0 -1.9418013666674614 0.9883160689029131 -2.0 -2.0 -2.0 -2.0 -1.790337241978065 -2.0 -2.0 -2.0 2.0 -1.9999152503510584 -2.0 2.0 2.0 2.0 -2.0 
0.6478703626412613 -2.0 2.0 -2.0 -2.0 -1.9554243332938688 -2.0 -2.0 -2.0 -2.0 -2.0 -2.0 -2.0 -1.9994773392049296 0.9374233399136245 -2.0 -2.0 -1.9215714777003614 -1.9816552547975885 -2.0 -2.0 -2.0 -2.0 2.0 -2.0 -1.9962932466560857 2.0 1.7446976324569956 2.0 -2.0 
0.6249676131972748 -2.0 1.9935233212677221 2.0 2.0 2.0 -2.0 2.0 2.0 2.0 -1.9998131706198587 -2.0 1.9601192739926752 -1.9991651043595273 -1.9964714250765818 -1.9987706080185177 -2.0 -2.0 -2.0 -2.0 2.0 -1.9928620189469506 -2.0 0.9517660564654482 -1.9999711282960984 -1.9162943879404035 -2.0 -1.8230574982042929 -1.9886946420596612 -2.0 
0.6065005684654536 -0.7934257518054486 2.0 2.0 2.0 1.9825194691218604 -2.0 2.0 2.0 2.0 -2.0 -1.9927540320022745 1.9835062991822987 -1.9915695116515928 -1.9038602618988918 -1.9752587721648762 -2.0 -1.7773134234871213 -1.7431735671662385 -2.0 2.0 -1.9966765015928172 -2.0 1.0278994207707481 -1.9214948570649208 -1.9968227828480734 -1.9922149038540309 -1.8749919222626734 -1.9773892841193224 -2.0 
0.6021572194296421 -0.7573232802691181 2.0 2.0 2.0 1.9825194691218604 -2.0 2.0 2.0 2.0 -2.0 -1.985508064004549 2.0 -1.9964693974106398 -2.0 -1.925776316494629 -2.0 -1.6094351701524665 -1.7064840767614156 -2.0 2.0 -1.995462566949175 -2.0 0.9415084415126822 -1.9479301274088086 -1.9894092761602447 -1.9922149038540309 -1.7499838445253466 -1.9773892841193224 -2.0 
0.5918646934065361 -0.8295282233417791 2.0 2.0 2.0 2.0 -2.0 2.0 2.0 2.0 -2.0 -2.0 1.9978620496986652 -1.9843158908329726 -2.0 -1.9752587721648762 -2.0 -1.8962398090690225 -1.7798630575710617 -2.0 2.0 -1.9920527291845223 -2.0 0.9834405341781343 -1.9991069656621248 -2.0 -2.0 -2.0 -1.9830419630894918 -2.0 
0.5823750813591716 -0.8475794591099444 2.0 2.0 2.0 2.0 -2.0 1.9335892843884026 2.0 2.0 -2.0 -2.0 1.9978620496986652 -1.9843158908329726 -1.9265962227947218 -1.9752587721648762 -2.0 -1.8962398090690225 -1.8165525479758848 -2.0 2.0 -1.990954777624017 -2.0 0.9402450445491012 -1.9991069656621248 -2.0 -1.8025331491668575 -2.0 -1.9858683025745765 -2.0 
0.5706995386740333 -0.1120033616366205 2.0 2.0 2.0 2.0 -2.0 2.0 2.0 2.0 -2.0 -2.0 2.0 -1.9704766426003175 -2.0 -1.919431816560509 -2.0 -2.0 -2.0 -2.0 2.0 -1.9841054583690447 -2.0 0.6554019172886234 -2.0 -1.949164525569174 -2.0 -2.0 -2.0 -2.0 
0.5584054027180589 2.0 -2.0 2.0 2.0 -0.9864474739463565 2.0 2.0 2.0 2.0 2.0 2.0 2.0 2.0 -1.957448705957718 2.0 2.0 2.0 2.0 2.0 2.0 2.0 2.0 2.0 -2.0 2.0 -2.0 -2.0 -2.0 2.0 
0.5443680425389726 2.0 -2.0 2.0 2.0 -0.9951877393854263 1.9223498455583283 2.0 2.0 2.0 2.0 2.0 1.9952147498278778 1.993334812946273 -2.0 2.0 1.9530905443471203 2.0 2.0 2.0 2.0 2.0 2.0 2.0 -2.0 2.0 -2.0 -1.8749919222626734 -2.0 2.0 
0.5260408341041114 2.0 -2.0 2.0 2.0 2.0 2.0 2.0 2.0 2.0 2.0 2.0 2.0 2.0 -2.0 2.0 2.0 2.0 2.0 2.0 2.0 2.0 2.0 2.0 -2.0 2.0 -2.0 -2.0 -2.0 2.0 
0.5127469013008246 2.0 -2.0 2.0 2.0 -0.7117940168166862 1.9611749227791642 2.0 2.0 2.0 2.0 2.0 2.0 2.0 -2.0 2.0 2.0 2.0 2.0 1.9409461380878668 2.0 2.0 2.0 -0.3435971189362894 -2.0 1.995763710464098 -2.0 -2.0 -2.0 2.0 
0.4989067968424907 2.0 -1.9967616606338612 2.0 2.0 2.0 2.0 2.0 2.0 2.0 1.9999065853099294 2.0 2.0 2.0 -2.0 2.0 2.0 2.0 2.0 2.0 1.5891018388658873 2.0 2.0 1.8518179304115876 -2.0 1.9835649311856147 -2.0 -2.0 -2.0 2.0 
0.49033398462323197 2.0 -2.0 -2.0 -1.8994687484576804 -0.5067762630268218 2.0 2.0 2.0 2.0 2.0 2.0 2.0 2.0 1.9175949419191851 1.8195720756792917 2.0 2.0 2.0 2.0 1.8560276285022341 2.0 2.0 -0.75 1.969173536733658 2.0 1.9956208834178923 2.0 2.0 2.0 
0.49033398462323197 1.9859753441169796 -2.0 -2.0 -2.0 -2.0 2.0 2.0 2.0 2.0 2.0 2.0 2.0 2.0 2.0 1.8691532823839552 2.0 2.0 2.0 2.0 1.8560276285022341 2.0 2.0 -0.75 1.984586768366829 2.0 1.9956208834178923 2.0 2.0 2.0 
0.47912752628443567 1.9859753441169796 -2.0 -2.0 -1.986628639841133 -2.0 2.0 2.0 2.0 2.0 2.0 2.0 2.0 2.0 1.9388705889403262 2.0 2.0 2.0 2.0 2.0 1.8560276285022341 2.0 2.0 -0.9532014405318553 2.0 2.0 1.9956208834178923 2.0 2.0 2.0 
0.4700276166331737 2.0 -2.0 -2.0 -2.0 -2.0 2.0 2.0 2.0 2.0 2.0 2.0 2.0 2.0 2.0 2.0 2.0 1.927199423620783 2.0 2.0 2.0 2.0 2.0 -0.75 2.0 2.0 1.9980537259635076 2.0 2.0 2.0 
0.45686186856564337 2.0 -2.0 -2.0 -2.0 -2.0 2.0 2.0 2.0 2.0 2.0 2.0 1.581634511864645 2.0 2.0 2.0 2.0 2.0 2.0 2.0 2.0 2.0 2.0 -0.833684681971183 2.0 2.0 1.9980537259635076 2.0 1.8728391389294896 2.0 
0.44641255181438794 2.0 -2.0 -2.0 -2.0 -2.0 2.0 2.0 2.0 2.0 2.0 2.0 2.0 2.0 2.0 2.0 2.0 2.0 2.0 2.0 2.0 2.0 2.0 -0.75 2.0 2.0 1.9948910306542076 2.0 1.924113344479225 2.0 
0.43170971366236505 2.0 -2.0 -2.0 -1.9893029118729064 -1.5474338411877524 2.0 2.0 2.0 2.0 -1.9996951164169372 2.0 2.0 -2.0 2.0 2.0 1.9988190646241981 2.0 2.0 2.0 2.0 2.0 2.0 -0.75 2.0 2.0 2.0 2.0 2.0 2.0 
0.3840442278346203 -2.0 2.0 -2.0 -2.0 -2.0 -2.0 -2.0 -2.0 -2.0 -2.0 -2.0 -2.0 -2.0 1.0386925767256643 -2.0 -2.0 -2.0 -2.0 -2.0 -2.0 -2.0 -2.0 2.0 -1.94188637436775 -2.0 2.0 2.0 2.0 -2.0 
0.3840442278346203 -2.0 2.0 -2.0 -2.0 -2.0 -2.0 -2.0 -2.0 -2.0 -2.0 -2.0 -2.0 -2.0 0.5293220362537027 -2.0 -2.0 -2.0 -2.0 -2.0 -2.0 -2.0 -2.0 2.0 -1.9563589028307726 -2.0 2.0 2.0 2.0 -2.0 
0.36732512106913195 -2.0 2.0 -2.0 -2.0 -2.0 -2.0 -2.0 -2.0 -2.0 -2.0 -2.0 -2.0 -2.0 2.0 -2.0 -2.0 -1.9757331412069277 -2.0 -2.0 -2.0 -2.0 -2.0 2.0 -1.970943187183875 -2.0 2.0 2.0 1.9383331727298776 -1.993007796354005 
0.3574433290219172 -2.0 2.0 -2.0 -2.0 -2.0 -2.0 -2.0 -2.0 -2.0 -2.0 -2.0 -2.0 -2.0 1.0386925767256643 -2.0 -2.0 -2.0 -2.0 -2.0 -2.0 -2.0 -2.0 2.0 -1.94188637436775 -2.0 2.0 2.0 2.0 -2.0 
0.34899417593507054 -2.0 2.0 -2.0 -1.986628639841133 -2.0 -2.0 -2.0 -2.0 -2.0 -2.0 -2.0 -2.0 -2.0 1.0386925767256643 -2.0 -2.0 -2.0 -2.0 -2.0 -2.0 -2.0 -2.0 2.0 -2.0 -2.0 2.0 2.0 2.0 -2.0 
0.3401988218327652 -2.0 2.0 -2.0 -2.0 -2.0 -2.0 -2.0 -2.0 -2.0 -2.0 -2.0 -2.0 -2.0 1.0386925767256643 -2.0 -2.0 -2.0 -2.0 -2.0 -2.0 -2.0 -2.0 2.0 -2.0 -2.0 2.0 2.0 2.0 -2.0 
0.32322072020758597 -2.0 2.0 -2.0 -1.9893029118729064 -2.0 -2.0 -2.0 -2.0 -2.0 -2.0 -2.0 -2.0 -2.0 1.0386925767256643 -2.0 -2.0 -2.0 -2.0 -2.0 -2.0 -2.0 -2.0 2.0 -2.0 -2.0 2.0 2.0 2.0 -2.0 
0.2892645169572275 -0.6641983392399241 1.9999869832000705 2.0 2.0 2.0 -1.9039907429719243 0.01085331398986078 -1.8981620023592463 2.0 1.9993902328338744 -2.0 -1.443955862995053 -1.9985382060761954 -1.9886411450537267 -1.9748554596888042 -1.9711257321452869 -1.9111088278467823 -2.0 -1.8487176943515127 -1.5933038392623318 -1.9950571210666233 -2.0 0.9990191645658477 -2.0 -1.8682004816951792 -2.0 -2.0 -2.0 -2.0 
0.2892645169572275 -0.6641983392399241 1.9999869832000705 2.0 2.0 2.0 -1.9039907429719243 0.01085331398986078 -1.8981620023592463 2.0 1.9993902328338744 -2.0 -1.443955862995053 -1.9985382060761954 -1.9886411450537267 -1.9748554596888042 -1.9711257321452869 -1.9111088278467823 -2.0 -1.8487176943515127 -1.5933038392623318 -1.9950571210666233 -2.0 0.9990191645658477 -2.0 -1.8682004816951792 -2.0 -2.0 -2.0 -2.0 
0.28143255255882355 -0.6969072394350225 1.9999873526912264 2.0 2.0 2.0 -1.817235524598496 -0.07481214133067882 -2.0 2.0 1.9536953887170363 -2.0 -2.0 -1.993709985364923 -2.0 -2.0 -1.9972444841231285 -2.0 -2.0 -2.0 -2.0 -2.0 -2.0 0.9990191645658477 -2.0 -1.8854474852435534 -1.821151549862519 -1.9668060450051965 -2.0 -2.0 
0.26834566566524254 -0.729616139630121 1.9999638124626298 2.0 2.0 2.0 -1.8592797556071854 -0.3812696568276827 -2.0 0.0 -0.041159654473745366 -2.0 -2.0 -2.0 -2.0 -1.9641387568272188 -2.0 -2.0 -2.0 -2.0 -2.0 -1.975444838814289 -2.0 0.9990191645658477 -2.0 -1.8682004816951792 -2.0 -1.9668060450051965 -2.0 -2.0 
0.18899795703295147 2.0 -2.0 2.0 2.0 2.0 2.0 2.0 -1.5 2.0 1.9794201727631273 2.0 -2.0 2.0 -2.0 2.0 2.0 2.0 2.0 2.0 1.6486537825215875 2.0 2.0 2.0 -0.1957178321375253 0.0 -2.0 -2.0 -2.0 2.0 
0.18899795703295147 2.0 -2.0 2.0 2.0 2.0 2.0 2.0 -1.5 2.0 1.9794201727631273 2.0 -2.0 2.0 -2.0 2.0 2.0 2.0 2.0 2.0 1.645717930607031 2.0 2.0 2.0 -0.1957178321375253 0.0 -2.0 -2.0 -2.0 2.0 
0.18899795703295147 2.0 -2.0 2.0 2.0 2.0 2.0 2.0 -1.0 2.0 1.9794201727631273 2.0 -2.0 2.0 -2.0 2.0 2.0 2.0 2.0 2.0 -0.06925647802150903 2.0 2.0 2.0 -0.08173660896313711 0.0 -2.0 -2.0 -2.0 2.0 
0.18899795703295147 2.0 -2.0 2.0 2.0 2.0 2.0 2.0 -1.0 2.0 1.9806397070953787 2.0 -2.0 2.0 -2.0 2.0 2.0 2.0 2.0 2.0 1.8660040090448287 2.0 2.0 2.0 -0.08173660896313711 0.0 -2.0 -2.0 -2.0 2.0 
0.16376984810174602 2.0 -1.9999996699783227 1.9962238754662287 1.6110256529558056 -0.5390737604764011 1.9815355360472657 2.0 1.0 2.0 2.0 2.0 1.3058894474729759 2.0 -1.9242743003581775 2.0 2.0 2.0 2.0 1.8325685405439884 0.9653717609892456 1.971615631714875 1.9964669202323975 2.0 -2.0 2.0 -1.999154171160158 -2.0 -1.989405807150895 2.0 
0.16035492081211966 1.9754683248536762 -2.0 1.9097645273171477 1.996001772072145 2.0 2.0 2.0 2.0 2.0 2.0 2.0 2.0 2.0 -2.0 2.0 2.0 1.8309111286982152 1.9592523166249052 2.0 0.9732006994280624 2.0 2.0 2.0 -1.8821045219472294 2.0 -1.9713219855955435 -2.0 -2.0 2.0 
0.0 -2.0 2.0 0.40676015261788456 -1.7844154058966322 -2.0 -1.829716096951815 0.743149416722587 1.9730386672398177 -2.0 -1.9975609313354972 -2.0 1.5613624607615009 -2.0 -1.7487457359698588 -2.0 -2.0 -2.0 -1.7243948024165108 0.8659065860465816 1.8705209741326754 -2.0 -2.0 2.0 -0.3075109739898685 -2.0 -1.5379880135232553 -2.0 0.049387994998523865 0.0 
0.0 -2.0 2.0 0.40676015261788456 -1.792411861752342 -2.0 -1.829716096951815 0.743149416722587 1.7693626719583102 -2.0 -1.9975609313354972 -2.0 1.5659877634584585 -2.0 -1.7411731660056764 -2.0 -2.0 -2.0 -1.7243948024165108 0.8659065860465816 1.8705209741326754 -2.0 -2.0 2.0 -0.3075109739898685 -2.0 -1.5888980762141096 -2.0 0.026983581151315383 0.0 
0.0 -2.0 2.0 0.40676015261788456 -1.792411861752342 -2.0 -1.829716096951815 0.743149416722587 1.7693626719583102 -2.0 -1.9975609313354972 -2.0 1.5659877634584585 -2.0 -1.7714634458624055 -2.0 -2.0 -2.0 -1.7243948024165108 0.8659065860465816 1.8646492703035626 -2.0 -2.0 2.0 -0.3075109739898685 -2.0 -1.5888980762141096 -2.0 -0.11223344403071789 0.0 
0.0 -2.0 2.0 0.40676015261788456 -1.788413633824487 -2.0 -1.829716096951815 0.743149416722587 1.871200669599064 -2.0 -1.9975609313354972 -2.0 1.5636751121099797 -2.0 -1.7411731660056764 -2.0 -2.0 -2.0 -1.7243948024165108 0.8659065860465816 1.8705209741326754 -2.0 -2.0 2.0 -0.3075109739898685 -2.0 -1.5634430448686825 -2.0 0.026983581151315383 0.0 
0.0 -2.0 2.0 0.40676015261788456 -1.792411861752342 -2.0 -1.829716096951815 0.743149416722587 1.7693626719583102 -2.0 -1.9975609313354972 -2.0 1.5659877634584585 -2.0 -1.7714634458624055 -2.0 -2.0 -2.0 -1.7243948024165108 0.8659065860465816 1.8646492703035626 -2.0 -2.0 2.0 -0.3075109739898685 -2.0 -1.5888980762141096 -2.0 -0.11223344403071789 0.0 
0.0 -2.0 2.0 0.40676015261788456 -1.792411861752342 -2.0 -1.829716096951815 0.743149416722587 1.5656866766768027 -2.0 -1.9996447956079817 -2.0 1.5659877634584585 -2.0 -1.6881651762564005 -2.0 -2.0 -2.0 -1.7243948024165108 0.8659065860465816 1.8705209741326754 -2.0 -2.0 2.0 -0.3514100491931649 -2.0 -1.5888980762141096 -2.0 -0.04262493143970125 0.0 
0.0 -2.0 2.0 0.40676015261788456 -1.7844154058966322 -2.0 -1.829716096951815 0.743149416722587 1.9730386672398177 -2.0 -1.9975609313354972 -2.0 1.5613624607615009 -2.0 -1.7487457359698588 -2.0 -2.0 -2.0 -1.7243948024165108 0.8659065860465816 1.8705209741326754 -2.0 -2.0 2.0 -0.3075109739898685 -2.0 -1.5379880135232553 -2.0 0.049387994998523865 0.0 
0.0 -2.0 2.0 0.40676015261788456 -1.792411861752342 -2.0 -1.829716096951815 0.743149416722587 1.7693626719583102 -2.0 -1.9975609313354972 -2.0 1.5659877634584585 -2.0 -1.7411731660056764 -2.0 -2.0 -2.0 -1.7243948024165108 0.8659065860465816 1.8705209741326754 -2.0 -2.0 2.0 -0.3075109739898685 -2.0 -1.5888980762141096 -2.0 0.026983581151315383 0.0 
0.0 -2.0 2.0 0.40676015261788456 -1.792411861752342 -2.0 -1.829716096951815 0.743149416722587 1.5656866766768027 -2.0 -1.9996447956079817 -2.0 1.5659877634584585 -2.0 -1.6881651762564005 -2.0 -2.0 -2.0 -1.7243948024165108 0.8659065860465816 1.8705209741326754 -2.0 -2.0 2.0 -0.3514100491931649 -2.0 -1.5888980762141096 -2.0 -0.04262493143970125 0.0 
0.0 -2.0 2.0 0.40676015261788456 -1.788413633824487 -2.0 -1.829716096951815 0.743149416722587 1.871200669599064 -2.0 -1.9975609313354972 -2.0 1.5636751121099797 -2.0 -1.7411731660056764 -2.0 -2.0 -2.0 -1.7243948024165108 0.8659065860465816 1.8705209741326754 -2.0 -2.0 2.0 -0.3075109739898685 -2.0 -1.5634430448686825 -2.0 0.026983581151315383 0.0 
0.0 -2.0 2.0 0.40676015261788456 -1.7844154058966322 -2.0 -1.829716096951815 0.743149416722587 1.9730386672398177 -2.0 -1.9975609313354972 -2.0 0.9495835658155489 -2.0 -1.7487457359698588 -2.0 -2.0 -2.0 -1.7243948024165108 0.8659065860465816 1.8783499125714922 -2.0 -2.0 2.0 -0.3075109739898685 -2.0 -1.5379880135232553 -2.0 0.049387994998523865 0.0 
0.0 -2.0 2.0 0.40676015261788456 -1.7844154058966322 -2.0 -1.829716096951815 0.743149416722587 1.9730386672398177 -2.0 -1.9975609313354972 -2.0 0.9495835658155489 -2.0 -1.7487457359698588 -2.0 -2.0 -2.0 -1.7243948024165108 0.8659065860465816 1.8783499125714922 -2.0 -2.0 2.0 -0.3075109739898685 -2.0 -1.5379880135232553 -2.0 0.049387994998523865 0.0 
0.0 -2.0 2.0 0.4078221876430077 -2.0 -2.0 -1.829716096951815 0.743318968322601 1.9733109136055673 -2.0 -1.9948300251262117 -2.0 -0.7764422101080961 -2.0 -1.8926245652893217 -2.0 -2.0 -2.0 -1.9513432289687171 0.8659065860465816 1.9843421231223664 -2.0 -2.0 2.0 0.6233536932949358 -2.0 -1.4764428911611396 -2.0 0.1417994354354788 0.0 
0.0 -2.0 2.0 -2.0 -1.864014006372524 -2.0 -2.0 0.7431494167225869 -1.6181075088471735 -2.0 -2.0 -1.8450369744761628 0.9518962171640277 -2.0 1.096065070752582 -1.9881922332100364 -2.0 -2.0 -1.7732577340806182 0.8659065860465816 -2.0 -2.0 -2.0 2.0 0.38686604105753464 -2.0 0.2779240294440266 0.15544919235919852 1.9651957437044918 0.002202329218723209 
0.0 -2.0 2.0 -2.0 -1.864014006372524 -2.0 -2.0 0.7431494167225869 -1.6181075088471735 -2.0 -2.0 -1.8450369744761628 0.9518962171640277 -2.0 1.096065070752582 -1.9881922332100364 -2.0 -2.0 -1.7732577340806182 0.8659065860465816 -2.0 -2.0 -2.0 2.0 0.38686604105753464 -2.0 0.2779240294440266 0.15544919235919852 1.9651957437044918 0.002202329218723209 
0.0 -2.0 2.0 -2.0 -1.9840070882885805 -2.0 -2.0 0.7432483218225951 -1.592648009436985 -2.0 -2.0 -2.0 -2.0 -2.0 1.0278508313790167 -2.0 -2.0 -2.0 -2.0 0.8659065860465816 -1.9921710615611832 -2.0 -2.0 2.0 0.5454475310440143 -2.0 0.2906515451167402 0.0 2.0 0.0 
0.0 -1.5704607945960039 2.0 -2.0 -1.9980008860360725 -2.0 -2.0 0.743318968322601 -1.9490810011796231 -1.9611958482782499 -1.9979161357275155 -2.0 -1.9907493946060848 -2.0 1.001346836504379 -2.0 -2.0 -2.0 -2.0 0.776737769897312 -2.0 -2.0 -2.0 0.75 0.544606118203251 -2.0 0.31540311294573176 -0.11699557077015621 1.9303914874089834 0.0 
