3.441495107983485 1.6377999384232873 
3.441495107983485 1.6377999384232873 
3.6160756837073844 1.6506478730273255 
3.51494128338663 1.6932112922479963 
3.4433865942396746 1.6801001667597655 
3.463620775635346 1.7153306157835242 
3.4433865942396746 1.6801001667597655 
3.41151376945784 1.722120986434739 
3.418408539946485 1.7064768066082132 
3.420580104751024 1.7966547750483288 
3.395101324058703 1.8837061154728787 
3.4003043529587966 1.809903734091136 
3.382192605113735 1.9236023098150536 
3.382192605113735 1.9236023098150536 
3.3897185855548884 1.809864741708987 
3.4344369306545515 1.7261522881565343 
3.395101324058703 1.8837061154728787 
3.3686756353626848 2.120146997303922 
3.3686756353626848 2.120146997303922 
2.5357672266958824 2.1713401032164663 
2.5357672266958824 2.1713401032164663 
2.7679889628976793 2.2067749256883014 
2.6846730396323637 2.23269273393413 
2.7679889628976793 2.2067749256883014 
3.4180229613709283 2.0858722908716523 
2.57670963965903 2.2966829868202776 
2.555637012193512 2.1936020273889456 
2.555637012193512 2.1936020273889456 
2.7683833588916302 2.183443370758346 
2.7683833588916302 2.183443370758346 
2.6846730396323637 2.23269273393413 
2.648769774228858 2.2945651004072096 
2.650861083941275 2.442045914035247 
2.650861083941275 2.442045914035247 
2.7398983734095697 2.5069310273072745 
2.693006929102057 2.4552922703136244 
2.693006929102057 2.4552922703136244 
2.648769774228858 2.2945651004072096 
2.321605545956228 2.5999136444218696 
2.35235641384118 2.6092906290814084 
2.35235641384118 2.6092906290814084 
2.3965047734512748 2.665817736109952 
2.228879437521085 2.618033225196957 
2.321605545956228 2.5999136444218696 
2.228879437521085 2.618033225196957 
2.0617983839197924 2.7272221098479204 
2.2188025695615856 2.7802208448439587 
2.0225165308959565 2.74272686288616 
2.0283585922446985 2.572448300750816 
2.0283585922446985 2.572448300750816 
1.8329533892520566 2.835127373777137 
1.213444171893027 2.714359767882139 
1.8528611334552805 2.6749673249057 
1.742794726912646 2.723446732650335 
1.8329533892520566 2.835127373777137 
1.6419476238446071 2.8404895975521 
1.8459127629795251 2.7236417652739022 
1.2253227364855512 2.5020279539108055 
1.742794726912646 2.723446732650335 
1.213444171893027 2.714359767882139 
1.0928902067132482 2.696191097820972 
1.184277714108065 2.5199018006837512 
1.1835090312476417 2.495814344854322 
1.373710587759758 2.8424553499377327 
1.3586647610403428 2.716837375628521 
1.253877092367629 2.662711222074255 
1.2253227364855512 2.5020279539108055 
1.253877092367629 2.662711222074255 
1.2763167684848051 2.788560502186684 
1.1835090312476417 2.495814344854322 
1.1082678400682038 2.4865473400627387 
1.2851087357205642 2.697857474037723 
1.1082678400682038 2.4865473400627387 
1.2282159300228621 2.6385815037375804 
1.2139007775280304 2.6700700476075294 
1.2139007775280304 2.6700700476075294 
1.2851087357205642 2.697857474037723 
1.2763167684848051 2.788560502186684 
1.2443675914841936 2.8008261500949643 
1.184277714108065 2.5199018006837512 
1.0819866163960896 2.935402484808489 
1.1219424701727052 2.9363262301401343 
1.1930161390879155 2.7897584530381003 
1.1576345755080641 2.837032864992958 
1.0986364445017915 2.9042027462410336 
1.1576345755080641 2.837032864992958 
1.113075733416714 2.9723700331778686 
1.1204535819611219 2.9592148079348743 
1.113075733416714 2.9723700331778686 
1.0640116962491253 3.1542804802234565 
1.086013283920436 3.0055845634038008 
1.0640116962491253 3.1542804802234565 
0.9906697639492852 3.09867306466772 
1.0079698252518 3.1850239137126435 
0.9906697639492852 3.09867306466772 
1.0079698252518 3.1850239137126435 
0.9309200750411382 3.4153845473652247 
0.9468795963599117 3.3865087416496724 
0.9541157961822013 3.603742502678025 
0.9309200750411382 3.4153845473652247 
