0.7254308843569423 0.6269532178542161 0.6860353881227944 
0.7249552236149844 0.3544889798144169 0.6858824637538444 
0.725292894841029 0.32381941593554525 0.6860650439437165 
0.7251559290367947 0.45589759163606114 0.6860141668572171 
0.7251559290367947 0.45589759163606114 0.6860141668572171 
0.7254115214917501 0.6677952180266751 0.6861016034718727 
0.7255104481257862 0.5511466206562065 0.6861843549523906 
0.7246466932663561 0.5710524801399091 0.686118561155358 
0.7246466932663561 0.5710524801399091 0.686118561155358 
0.725334551841879 0.7352941271218378 0.6859824824036174 
0.7255368858323241 0.494494368504901 0.6860508918393308 
0.7251446459265536 0.7227895143724202 0.6860281970693256 
0.7249011659493971 0.4509514409253261 0.6860140797536727 
0.7249552236149844 0.3544889798144169 0.6858824637538444 
0.7249011659493971 0.4509514409253261 0.6860140797536727 
0.7254451150086387 0.5846439498516185 0.6860010011794389 
0.7254451150086387 0.5846439498516185 0.6860010011794389 
0.7251053465138332 0.48322797402506057 0.6861190358505376 
0.7253721352319356 0.39845173763075703 0.6859842624991788 
0.7255104481257862 0.5511466206562065 0.6861843549523906 
0.7287678861510268 0.6592140162481926 0.692868720352525 
0.7318412291214439 0.30205826477708136 0.6902389687754699 
0.7321084638300435 0.6397235407729254 0.6925351434172645 
0.7309381949481281 0.5800687832453935 0.6941873934145563 
0.7314728145248088 0.3542036056183703 0.6936047981960292 
0.7242589219893834 0.45919025632305943 0.6930456687187411 
0.7306080938366152 0.3452572140031809 0.6895853853248705 
0.7309243732893453 0.5540523068426704 0.6931677933115711 
0.7267419168524352 0.6326473691125447 0.6871644094503824 
0.7260359204917047 0.6758533800830805 0.6908217609112606 
0.7325189777074333 0.4621589989226942 0.6850351747254593 
0.7311588183162228 0.6441288425930584 0.6945866908373148 
0.7370456757975405 0.6691005958033409 0.6843157953231416 
0.7272376072101643 0.28993263643843115 0.6890034873681176 
0.7303388375857819 0.554765481391943 0.6928411239785094 
0.7278045200934543 0.7178145882760054 0.6901811869725595 
0.7336537158474006 0.6452663227191503 0.6916380808090375 
0.732972782861767 0.7381698991440032 0.6910990713827376 
0.7337704292785894 0.5543779013826036 0.6943187452642513 
0.7349703018397589 0.34193322613340627 0.6979829005464316 
0.7313706483515973 0.5427883055030984 0.6937938694629032 
0.725949851173854 0.7390297593045486 0.6868579042562049 
0.7281533342413243 0.6777411106778487 0.6929553309273323 
0.7295076762406401 0.6199907174595147 0.6891801526371031 
0.7341191079895004 0.4306645152041344 0.6938883008135008 
0.7342839478512362 0.3305292037576566 0.6864854375632686 
0.72784570780826 0.5443604274741853 0.6928105851900782 
0.7351946496903745 0.4854842247531576 0.6941945746070077 
0.7311674259846485 0.2517667984677146 0.6910842868516333 
0.7311674259846485 0.2517667984677146 0.6910842868516333 
0.7300760665115146 0.5148796556099537 0.6920155677708558 
0.7332179569351106 0.5139662918394341 0.6922970312088365 
0.7283633964517582 0.7251704784516294 0.6930704037143495 
0.72896696538859 0.2826696023126296 0.6927717256308669 
0.7283135630169761 0.5975896350192029 0.6942737141390065 
0.7335148510356808 0.556277523537982 0.6943243665444244 
0.7314016113257991 0.45670164017864434 0.6941277007964561 
0.7302455486335072 0.41729056158146366 0.693319608307133 
0.7335294501441235 0.6240686389889747 0.6931014926085075 
0.7308905780467688 0.7056446137282657 0.6912426544987522 
0.7342732600302585 0.31473750150567054 0.6952188130838032 
0.7284227440340605 0.35173561252863617 0.688698551638331 
0.731049971217895 0.33998957018539216 0.6882579713255182 
0.7284227440340605 0.35173561252863617 0.688698551638331 
0.7298737806232519 0.31522003763527595 0.6937126368614274 
0.7294271437046961 0.7388968844476254 0.6883067873063757 
0.7274216379283399 0.5544701551711522 0.6911584698443757 
0.732246684773993 0.7495923910638508 0.6927218941543146 
0.7227277211617632 0.4871263436234954 0.6950618247746152 
0.7325137891733798 0.7135131056986523 0.6924659355743477 
0.7292610226990638 0.46429858593023876 0.6913868799422207 
0.7274514460345985 0.646152964827164 0.6907845305140445 
0.7331023902965386 0.7106784407023202 0.6912334383195223 
0.7284605847338863 0.25762575601229964 0.6941036052854945 
0.7324564489617909 0.5840662800949319 0.6909116207544099 
0.7335294501441235 0.6240686389889747 0.6931014926085075 
0.7308390274433765 0.7264189805666743 0.6931103000229937 
0.7292708935214693 0.5377953809490457 0.6862585432965103 
0.7299155952609538 0.6393128164647286 0.6906500133383738 
0.7264816517693121 0.4502820438204465 0.6930433196075124 
0.7283633964517582 0.7251704784516294 0.6930704037143495 
0.7285662699525591 0.3021055537778795 0.690635875063798 
0.7342756860044768 0.5653589602043677 0.692509093404804 
0.726605483919925 0.23015848833983593 0.6936022046098206 
0.7289517323716895 0.4922382014269679 0.6878037617826568 
0.731331952799449 0.6880561779586498 0.6927447653447052 
0.7325137891733798 0.7135131056986523 0.6924659355743477 
0.7285662699525591 0.3021055537778795 0.690635875063798 
0.731135037554025 0.6453455743511296 0.6873256625954115 
0.7348616902625614 0.3753908834817367 0.6917602855541588 
0.7281751282202066 0.48152034473759997 0.6922870242496401 
0.7341191079895004 0.4306645152041344 0.6938883008135008 
0.7281751282202066 0.48152034473759997 0.6922870242496401 
0.7351946496903745 0.4854842247531576 0.6941945746070077 
0.7309243732893453 0.5540523068426704 0.6931677933115711 
0.7285210673068946 0.4257512729921815 0.6893938690335017 
0.7258861472394111 0.6940345121154006 0.6867862026076457 
0.7314728145248088 0.3542036056183703 0.6936047981960292 
0.7283135630169761 0.5975896350192029 0.6942737141390065 
0.7311912048446938 0.34674424428217254 0.6896087807785654 
0.7327746844582387 0.3140839645842428 0.6843475707820654 
0.7324564489617909 0.5840662800949319 0.6909116207544099 
0.7313706483515973 0.5427883055030984 0.6937938694629032 
0.7314299570608133 0.43385348467448115 0.6875828920836131 
0.7321084638300435 0.6397235407729254 0.6925351434172645 
0.7318923710103359 0.5305113137103915 0.6898111761869204 
0.7281503141683333 0.2506209114462544 0.6869533084287245 
0.7294756618108313 0.644448191473568 0.6879573795167198 
0.7316135887774585 0.6872251369232907 0.6911282026570437 
0.733030048135528 0.5437934688193865 0.6890005003781899 
0.7290229517872399 0.5226673406550841 0.6956707335574108 
0.7334124118961023 0.6699852861851029 0.693572234344502 
0.7317138042041388 0.5916123841678 0.6876651853400608 
0.7278813395684128 0.6315358810585908 0.6922579653657275 
0.7274216379283399 0.5544701551711522 0.6911584698443757 
0.733539516556819 0.647420426838583 0.689358890396392 
0.734890513898015 0.5496306974859578 0.6901142268269913 
0.7342756860044768 0.5653589602043677 0.692509093404804 
0.7264816517693121 0.4502820438204465 0.6930433196075124 
0.7329531247755895 0.21776105777543037 0.695336524923289 
0.7302433927088229 0.4632857330052543 0.6951195118890141 
0.7258856113361523 0.5502254335347135 0.691901100164494 
0.7270020689769536 0.25066603786916114 0.6886931097428661 
0.7298083734040816 0.2683734642794502 0.6896989590038443 
0.7258856113361523 0.5502254335347135 0.691901100164494 
0.7267458143563383 0.5323177658087176 0.690381213173229 
0.7302957868825636 0.5034827697318098 0.6930584755164843 
0.731049971217895 0.33998957018539216 0.6882579713255182 
0.7335602039506985 0.40830041671211 0.6952421324081035 
0.7227277211617632 0.4871263436234954 0.6950618247746152 
0.7289517323716895 0.4922382014269679 0.6878037617826568 
0.733539516556819 0.647420426838583 0.689358890396392 
0.7296437851018986 0.7431403121704145 0.6882542541489541 
0.7318213125273499 0.3594280554590672 0.6945776186805622 
0.7335122478352247 0.5154703141165581 0.6853553502726657 
0.7297740257031959 0.39262031631561206 0.6888984852111242 
0.7259028455860557 0.6663519589559426 0.6944664632295348 
0.7283125687492656 0.4820282314607815 0.6900088504482067 
0.7258861472394111 0.6940345121154006 0.6867862026076457 
0.7307320095368477 0.6725208660443263 0.694951441102136 
0.7268589985211614 0.549898679937581 0.6923806718659506 
0.7303388375857819 0.554765481391943 0.6928411239785094 
0.731135037554025 0.6453455743511296 0.6873256625954115 
0.7237111072222058 0.6964358295197908 0.6935119383795141 
0.7341457628278014 0.478030166761007 0.6921222428307816 
0.7347776498117264 0.5788518058804942 0.6943732510621301 
0.7237111072222058 0.6964358295197908 0.6935119383795141 
0.7335602039506985 0.40830041671211 0.6952421324081035 
0.7300943008801258 0.4823949996512454 0.6907424918558827 
0.7285210673068946 0.4257512729921815 0.6893938690335017 
0.7272376072101643 0.28993263643843115 0.6890034873681176 
0.7296437851018986 0.7431403121704145 0.6882542541489541 
0.7313739611076489 0.6834246401193742 0.6928419068184279 
0.7306080938366152 0.3452572140031809 0.6895853853248705 
0.7251685049459788 0.6170283174291072 0.6929491618833145 
0.7320103742881291 0.3943380476272931 0.6921277025021115 
0.733722449284981 0.6790663644422921 0.694194651364175 
0.7292610226990638 0.46429858593023876 0.6913868799422207 
0.7260359204917047 0.6758533800830805 0.6908217609112606 
0.726605483919925 0.23015848833983593 0.6936022046098206 
0.732972782861767 0.7381698991440032 0.6910990713827376 
0.730256335522577 0.3159586702987589 0.688415163404326 
0.7300943008801258 0.4823949996512454 0.6907424918558827 
0.7260940451358857 0.7019580506893327 0.6932351406526513 
0.7335122478352247 0.5154703141165581 0.6853553502726657 
0.7274514460345985 0.646152964827164 0.6907845305140445 
0.7278045200934543 0.7178145882760054 0.6901811869725595 
0.7348616902625614 0.3753908834817367 0.6917602855541588 
0.7267458143563383 0.5323177658087176 0.690381213173229 
0.7257868972697091 0.7004998869018425 0.6888146019134649 
0.7327938775372694 0.4726575263361319 0.6954130568050517 
0.7301764851915138 0.5155749124494489 0.6882854036551787 
0.7242589219893834 0.45919025632305943 0.6930456687187411 
0.72896696538859 0.2826696023126296 0.6927717256308669 
0.7306156442695969 0.31069888010354124 0.6904673816891777 
0.7313739611076489 0.6834246401193742 0.6928419068184279 
0.7301983724433809 0.703652538090248 0.691350509070643 
0.7294756618108313 0.644448191473568 0.6879573795167198 
0.7348114366812706 0.29099544175250563 0.6875821496458121 
0.7265225174185811 0.4338113149781455 0.6946972557014518 
0.7318412291214439 0.30205826477708136 0.6902389687754699 
0.7298737806232519 0.31522003763527595 0.6937126368614274 
0.734890513898015 0.5496306974859578 0.6901142268269913 
0.7270450949781988 0.6710408023178254 0.6931395831889587 
0.7283125687492656 0.4820282314607815 0.6900088504482067 
0.7341457628278014 0.478030166761007 0.6921222428307816 
0.7286193809037099 0.5167514744942774 0.6963329620192531 
0.733030048135528 0.5437934688193865 0.6890005003781899 
0.7278813395684128 0.6315358810585908 0.6922579653657275 
0.7280858713904722 0.46382880624481604 0.6974055984880966 
0.730256335522577 0.3159586702987589 0.688415163404326 
0.7267419168524352 0.6326473691125447 0.6871644094503824 
0.7257868972697091 0.7004998869018425 0.6888146019134649 
0.7306156442695969 0.31069888010354124 0.6904673816891777 
0.7294271437046961 0.7388968844476254 0.6883067873063757 
0.7332179569351106 0.5139662918394341 0.6922970312088365 
0.7281876988834534 0.5862461344526563 0.6913133198137146 
0.7311912048446938 0.34674424428217254 0.6896087807785654 
0.7281503141683333 0.2506209114462544 0.6869533084287245 
0.7336338471172057 0.7421256063695445 0.690601970392331 
0.7309381949481281 0.5800687832453935 0.6941873934145563 
0.7281460115450978 0.34257894041481457 0.6940829398374395 
0.7259958110046655 0.613123174751332 0.6977561311734493 
0.7318923710103359 0.5305113137103915 0.6898111761869204 
0.7281876988834534 0.5862461344526563 0.6913133198137146 
0.725949851173854 0.7390297593045486 0.6868579042562049 
0.7298083734040816 0.2683734642794502 0.6896989590038443 
0.7323323568857463 0.2437342530433284 0.6881340930470471 
0.7287678861510268 0.6592140162481926 0.692868720352525 
0.7355161353849125 0.2862566479392039 0.6886845633576553 
