1.1479207670467624 0.655026274641124 
1.258093167299012 0.6661606628483416 
1.1650487629173618 0.6631725419193055 
1.1479207670467624 0.655026274641124 
1.1899803388016195 0.6745714766571458 
1.2640717390599325 0.6610656654306302 
1.1899803388016195 0.6745714766571458 
1.242299246273129 0.6386777827715326 
1.1899803388016195 0.6608801759402254 
1.1437469515020973 0.6466869246144362 
1.1437469515020973 0.6466869246144362 
1.1452547340143568 0.6867799075958559 
1.1100917430070902 0.6866621980213969 
1.0209987408970997 0.6772587086218618 
1.166594868480022 0.6970634127856753 
1.1100917430070902 0.6866621980213969 
1.162233825085642 0.7044681083555634 
1.103132781358339 0.7028688521789186 
1.0209987408970997 0.6772587086218618 
0.9887931666468954 0.681310436686634 
0.9575903935124084 0.7267892492503603 
1.0981142741453673 0.7401400311415656 
1.0887677034469863 0.7152403807679155 
0.9051022454636708 0.7048558806732128 
1.0887677034469863 0.7152403807679155 
0.9617346859002347 0.6974098222213703 
0.9887931666468954 0.681310436686634 
0.9921084178781474 0.7118586650159834 
0.9921084178781474 0.7118586650159834 
1.0006106713719611 0.7417276046443382 
0.9051022454636708 0.7048558806732128 
1.0103959060324526 0.7545636638958755 
0.9921084178781474 0.7118586650159834 
0.9163866634084212 0.7209162359081724 
1.0400334020350082 0.7728555595868867 
0.9023978311664118 0.7048558806732128 
0.9023978311664118 0.7048558806732128 
0.9617346859002347 0.6974098222213703 
0.9163866634084212 0.7209162359081724 
0.9160037335772541 0.7741518235965104 
0.9575903935124084 0.7267892492503603 
0.8959911505876139 0.7365216840360205 
0.9356183182177638 0.7764215153522331 
0.9356183182177638 0.7764215153522331 
0.9171911766385608 0.7863908659645155 
0.9530599458779243 0.7786142382751453 
0.9160037335772541 0.7741518235965104 
0.9056441522073888 0.7088809408268076 
0.9056441522073888 0.7088809408268076 
0.8919275266152631 0.7668457826896116 
0.8873827681446553 0.7287230993152272 
0.8873827681446553 0.7287230993152272 
0.8939221650399495 0.7662449632265295 
0.8891956913851621 0.7855033080245823 
0.8919275266152631 0.7668457826896116 
0.8866241141282503 0.7808200157228858 
0.8959911505876139 0.7365216840360205 
0.8959911505876139 0.7365216840360205 
0.9048250735136047 0.763076263549614 
0.8959911505876139 0.7365216840360205 
0.9048250735136047 0.763076263549614 
0.9027046977344046 0.7748430585007673 
0.9033703152986735 0.7884129285255735 
0.9044689541326812 0.7829386635510505 
0.9044689541326812 0.7829386635510505 
0.895377400620723 0.7835720834005099 
0.9033703152986735 0.7884129285255735 
0.8939221650399495 0.7662449632265295 
0.8883150208243416 0.7854740135219824 
0.8846647453662981 0.8064072835659797 
0.8932265789974769 0.7894871336911621 
0.8853354973279823 0.8239424848514476 
0.8680378861575395 0.8254017216838501 
0.8633333721535517 0.8449006950769395 
0.8647406720564523 0.838870334900687 
0.8841956473022734 0.8289625712709628 
0.8647406720564523 0.838870334900687 
0.8704992476049915 0.7988463160708025 
0.8616273393957041 0.8449006950769395 
0.866446647499863 0.8719580885794334 
0.8643380758417392 0.8925750450978484 
0.8778532776847748 0.8457183901241412 
0.8616273393957041 0.8449006950769395 
0.8389742982033259 0.9130327766492012 
0.8557443639022402 0.9015712105847434 
0.8196177157480029 0.9115676473306494 
0.8643380758417392 0.8925750450978484 
0.8557443639022402 0.9015712105847434 
0.8389742982033259 0.9130327766492012 
0.8196177157480029 0.9115676473306494 
0.8465971042731447 1.0037602793215747 
0.8274544311566318 1.0212972219847263 
0.8274544311566318 1.0212972219847263 
0.8147542212060286 0.9631071784272355 
0.8267186226979124 1.0528558522986788 
0.8267186226979124 1.0528558522986788 
0.8230767647661641 1.0757676959100868 
0.8106480526836555 1.1864592085375252 
0.8106480526836555 1.1864592085375252 
0.8180336137450077 1.2526727903101555 
