1.495107282304224 0.07593495493945068 
1.0947112077646595 0.07932157308205798 
1.0947112077646595 0.07932157308205798 
0.9810964732325906 0.09746764222483087 
0.9720157834587545 0.08674403221971641 
0.9707428653088783 0.10608636581162355 
0.9720157834587545 0.08674403221971641 
0.9731346821726579 0.12715936609202835 
0.9707428653088783 0.10608636581162355 
0.9668027832942947 0.12994231918353916 
0.967434244550343 0.08429927051438445 
0.9693554057706107 0.13458100932617278 
0.969906361929191 0.16413867904748924 
0.9693554057706107 0.13458100932617278 
0.9680531120498469 0.13867410335491026 
0.9656031373083411 0.19129293324522656 
0.9680531120498469 0.13867410335491026 
0.9673997961080165 0.16841222846422138 
0.9668027832942947 0.12994231918353916 
0.9660074179636433 0.23180362876125568 
0.9649882717515956 0.13264445303841343 
0.9673014657934761 0.22160111133269328 
0.9673997961080165 0.16841222846422138 
0.9646403084808812 0.24122788407052204 
0.9660074179636433 0.23180362876125568 
0.9665458031414019 0.27201398096764207 
0.9646403084808812 0.24122788407052204 
0.9656299196253894 0.32016664689253005 
0.9656031373083411 0.19129293324522656 
0.9656299196253894 0.32016664689253005 
0.9643647019535199 0.3590508701308779 
0.9643074734276439 0.38182169468227606 
0.9643074734276439 0.38182169468227606 
0.9647636358505087 0.30902511341052147 
0.9645051850099596 0.4046335424549491 
0.9645051850099596 0.4046335424549491 
0.9645814463324948 0.4550319977788085 
0.9641890831681272 0.43733274017055834 
0.9641890831681272 0.43733274017055834 
0.9645814463324948 0.4550319977788085 
0.9641632328672622 0.5300436361768412 
0.9374741601447556 0.5395611261564555 
0.7639235072317839 0.5432499544440169 
0.8155722764896898 0.5451192500638148 
0.8155722764896898 0.5451192500638148 
0.841450638117089 0.5476853582582571 
0.7733555009596575 0.5509693816451539 
0.7744568497262223 0.5491559765330533 
0.7733555009596575 0.5509693816451539 
0.7639235072317839 0.5432499544440169 
0.7692228292322076 0.5648407484054766 
0.7620732633175049 0.5717225989906372 
0.7630914063169818 0.5870910284569227 
0.7615364585955822 0.5569662091383423 
0.7599195397552185 0.606670842274058 
0.7612372950145507 0.6571282020072502 
0.7612372950145507 0.6571282020072502 
0.7597417032851079 0.6204493510989907 
0.7597417032851079 0.6204493510989907 
0.7578395729025708 0.7447373475723124 
0.73539229654824 0.7867330101470176 
0.6903786114517988 0.7859225817935976 
0.6951372311822179 0.7867944437140663 
0.6903786114517988 0.7859225817935976 
0.5817137773817871 0.7865104727682689 
0.6029638492489935 0.7870054428453991 
0.5817137773817871 0.7865104727682689 
0.6071043216330108 0.7874634011902769 
0.6029638492489935 0.7870054428453991 
0.5654131227946259 0.7875685279389129 
0.5654131227946259 0.7875685279389129 
0.534419077496291 0.7874854903247928 
0.4998645843071907 0.7882078857327997 
0.534419077496291 0.7874854903247928 
0.45760932281222544 0.7879788527569177 
0.5146813841521797 0.7877651135219512 
0.45760932281222544 0.7879788527569177 
0.3939764084824039 0.7890879175155688 
0.47110788386057995 0.7893934931456156 
0.3939764084824039 0.7890879175155688 
0.38531188623695584 0.7895135812700486 
0.37393946603826766 0.7883693659816183 
0.42503262159212807 0.7898648278339315 
0.42503262159212807 0.7898648278339315 
0.40656418656785154 0.7900567895997092 
0.39863461601780786 0.790191255559093 
0.35564310491061124 0.7902772899327015 
0.35564310491061124 0.7902772899327015 
0.3548115791178181 0.7899858684718718 
0.3548115791178181 0.7899858684718718 
0.34993769656994406 0.794126011735093 
0.34993769656994406 0.794126011735093 
0.3300422705821302 0.7942326743882253 
0.33354364478665804 0.7950882125652412 
0.3144527980589221 0.7981378787198615 
0.3144527980589221 0.7981378787198615 
0.30571193406305347 0.8113574895421253 
0.30087399875306803 0.8133839681103026 
0.29330079662663094 0.8223671098638262 
0.28749071068695115 1.1193479002464284 
