0.951147481638213 -0.6461571704447728 -0.5937436737776012 -0.4766642093075202 -0.3870329332225884 -0.2945049591811157 -0.20567685057436325 -0.07223547962259833 -0.6998446680253092 0.11833940537067988 0.21462447727074135 0.31262343927742803 0.42574725910528954 0.5045633243310216 0.6129722009671738 0.6864724611257293 0.7298001893809629 0.8286928692467492 0.8865689022087021 0.9011592144287611 0.9388528480794833 0.9922923903257536 0.9685130931051881 0.9946635210458303 0.5104022370276957 0.9626270500697238 0.936651067566913 0.9075519299677102 0.8481323024627863 0.792971514101458 
0.951165254684448 -0.6421256390423917 -0.5703079305166694 -0.4728192380119317 -0.39580869434033966 -0.28769524280069014 -0.17257288741777482 -0.06486790876980833 0.02644585046646076 0.13993984123212902 0.22764745631016595 0.32404005376518485 0.4189105179593353 0.5063610988166657 0.6049273803915669 0.6747342560307608 0.7563156498725744 0.8147384656575465 0.8741549693968123 0.9107214916266076 0.9711747869001733 1.0 0.9879915804452725 0.9933253314196173 0.9930127187257468 0.9753155749391156 0.9381257316345406 0.9157215864078032 0.2970532352775015 0.8089757362727199 
0.951165254684448 -0.6421256390423917 -0.5703079305166694 -0.4728192380119317 -0.39580869434033966 -0.28769524280069014 -0.17257288741777482 -0.06486790876980833 0.02644585046646076 0.13993984123212902 0.22764745631016595 0.32404005376518485 0.4189105179593353 0.5063610988166657 0.6049273803915669 0.6747342560307608 0.7563156498725744 0.8147384656575465 0.8741549693968123 0.9107214916266076 0.9711747869001733 1.0 0.9879915804452725 0.9933253314196173 0.9930127187257468 0.9753155749391156 0.9381257316345406 0.9157215864078032 0.2970532352775015 0.8089757362727199 
0.951165254684448 -0.6547902497804571 -0.5571031353438621 -0.4758979548931908 -0.3870329332225884 -0.3002993050055471 -0.17284223265382592 -0.07405285510683501 0.05070050567497127 0.10571569652853047 0.21917872296777746 0.3310547060049052 0.42146726834544085 0.5237921328680395 0.596109949174644 0.7240245818301686 0.7557651328036453 0.8450645962691646 0.885242415594079 0.9107214916266076 0.9544466970178641 0.998177416754073 0.9901795946977034 0.9894702239661937 0.9970572249554331 0.964644342669329 0.9383868024349024 0.8959026156395015 0.8461203548954279 0.8078882094241844 
0.9513817416912339 -0.6638271990832768 -0.5703079305166694 -0.48141033075251394 -0.39580869434033966 -0.28769524280069014 -0.17257288741777482 -0.07319227859985784 0.017422081456853273 0.1292749538836197 0.22751689769544192 0.3326598471326498 0.4246692939361558 0.5063610988166657 0.6049273803915669 0.6747342560307608 0.7563156498725744 0.8500529892857338 0.8742965048303383 0.9180303911262748 0.9711747869001733 0.9933561185186272 0.9970950195833574 0.9933253314196173 0.992240080113663 0.9753155749391156 0.9368084737653706 0.9157215864078032 0.8513225836499325 0.8180006988986024 
0.951165254684448 -0.6402426413022778 -0.5741484822784093 -0.4417439420401944 -0.39580869434033966 -0.2938058645530825 -0.18200624804335214 -0.0682015912190708 0.036353030731025165 0.13010334538244944 0.22042464129125913 0.3269109113848329 0.4264462325261728 0.5289972796539208 0.5947571396730134 0.7266904083558009 0.7637302862285379 0.8216112393790784 0.8820861626135714 0.9326650429127705 0.9662777197320992 0.9817528274366871 0.9970950195833574 1.0 0.992240080113663 0.9753155749391156 0.9351575644832663 0.9219797858985238 0.856613954110389 0.8089757362727199 
0.9513817416912339 -0.6638271990832768 -0.5703079305166694 -0.48141033075251394 -0.39580869434033966 -0.28769524280069014 -0.17257288741777482 -0.07319227859985784 0.017422081456853273 0.1292749538836197 0.22751689769544192 0.3326598471326498 0.4246692939361558 0.5063610988166657 0.6049273803915669 0.6747342560307608 0.7563156498725744 0.8500529892857338 0.8742965048303383 0.9180303911262748 0.9711747869001733 0.9933561185186272 0.9970950195833574 0.9933253314196173 0.992240080113663 0.9753155749391156 0.9368084737653706 0.9157215864078032 0.8513225836499325 0.8180006988986024 
0.951165254684448 -0.635753021630571 -0.5674062016770538 -0.46838988416480526 -0.3920530944684854 -0.28769524280069014 -0.18082756446720413 -0.07196669473721529 0.023565358807827064 0.10623417953166107 0.21593076426273558 0.3417355851491536 0.42037990709301243 0.5319999981275636 0.5980493839690972 0.6503508512353228 0.754668397055117 0.8355663136900118 0.8655460068825355 0.9004264524867385 0.9583443550817243 0.998177416754073 0.9830130678923557 0.9951525504933362 0.9960420121373534 0.9224998258818566 0.9282217769370256 0.92107651685526 0.8500976042965512 0.8036150077344029 
0.951165254684448 -0.6402426413022778 -0.5741484822784093 -0.4417439420401944 -0.39580869434033966 -0.2938058645530825 -0.18200624804335214 -0.0682015912190708 0.036353030731025165 0.13010334538244944 0.22042464129125913 0.3269109113848329 0.4264462325261728 0.5289972796539208 0.5947571396730134 0.7266904083558009 0.7637302862285379 0.8216112393790784 0.8820861626135714 0.9326650429127705 0.9662777197320992 0.9817528274366871 0.9970950195833574 1.0 0.992240080113663 0.9753155749391156 0.9351575644832663 0.9219797858985238 0.856613954110389 0.8089757362727199 
0.951165254684448 -0.6421256390423917 -0.5718725085786153 -0.44918665759242354 -0.39580869434033966 -0.2685352523009463 -0.1899251830233461 -0.06486790876980833 0.02644585046646076 0.12419418248562056 0.21917872296777746 0.31620935275935314 0.4264462325261728 0.5119300927247477 0.6017199797880047 0.6549348015547436 0.7595213025610104 0.8427113151933229 0.8820861626135714 0.9004264524867385 0.9662777197320992 0.9817528274366871 0.9970950195833574 0.9592658942077177 0.999033368462299 0.9749147387796111 0.9420525754033415 0.9339362525953793 0.8527399342734425 0.8089757362727199 
0.9513817416912339 -0.6544598349185092 -0.5741484822784093 -0.46560321330132065 -0.38112409809061926 -0.28769524280069014 -0.18200624804335214 -0.06577671012598654 0.02644585046646076 0.13394649087685648 0.22751689769544192 0.3269109113848329 0.42384719486925176 0.5289972796539208 0.6017199797880047 0.6747342560307608 0.7563156498725744 0.8269270254105464 0.8820861626135714 0.9107214916266076 0.9607792434380638 1.0 0.9970950195833574 0.9933253314196173 0.992240080113663 0.9753155749391156 0.9360546213906303 0.9219797858985238 0.8513225836499325 0.8180006988986024 
0.951165254684448 -0.6402426413022778 -0.5686608491342405 -0.4417439420401944 -0.39580869434033966 -0.30446672355028687 -0.17257288741777482 -0.06486790876980833 0.02644585046646076 0.13993984123212902 0.21917872296777746 0.34834945798642225 0.4189105179593353 0.5063610988166657 0.6049273803915669 0.7302030532081688 0.7595213025610104 0.8216112393790784 0.8775879342031874 0.9049670455058477 0.9678518771641453 0.9817528274366871 1.0 0.9683582928156131 0.9898642158542268 0.9848640231555538 0.9381257316345406 0.9242541936336034 0.856613954110389 0.8115769175353421 
0.951165254684448 -0.6374617142143357 -0.5765527359602793 -0.4296482481381623 -0.39267518822465525 -0.25882442753055174 -0.19215746753570181 -0.07617820903925962 0.023565358807827064 0.10488057353436529 0.22517665648076884 0.3177552471427727 0.42038831464447224 0.5382755722826904 0.6169501340405668 0.7286445330636 0.7595213025610104 0.8308066120963148 0.8855485761373054 0.9127701059901744 0.9698933847306903 1.0 0.9970950195833574 0.9489958341249856 0.99671264049544 0.9725798646948249 0.9381257316345406 0.9188138088773067 0.8461203548954279 0.8006355845624384 
0.951165254684448 -0.6402426413022778 -0.5686608491342405 -0.4417439420401944 -0.39580869434033966 -0.30446672355028687 -0.17257288741777482 -0.06486790876980833 0.02644585046646076 0.13993984123212902 0.21917872296777746 0.34834945798642225 0.4189105179593353 0.5063610988166657 0.6049273803915669 0.7302030532081688 0.7595213025610104 0.8216112393790784 0.8775879342031874 0.9049670455058477 0.9678518771641453 0.9817528274366871 1.0 0.9683582928156131 0.9898642158542268 0.9848640231555538 0.9381257316345406 0.9242541936336034 0.856613954110389 0.8115769175353421 
0.951165254684448 -0.6193549727139183 -0.5772249599060901 -0.4500115755803882 -0.3885549038906445 -0.29893587398794463 -0.18149984245340037 -0.06486790876980833 0.018334128438233094 0.13993984123212902 0.2371007418865393 0.32039228199469266 0.4264462325261728 0.5176992179807879 0.6017199797880047 0.6549348015547436 0.7630737691073499 0.8466021031387267 0.8820861626135714 0.8904344306190298 0.9711415304050299 0.9978834861861648 1.0 0.9683582928156131 0.999033368462299 0.9749147387796111 0.9381257316345406 0.9301622873169121 0.8522463966078142 0.8089757362727199 
0.951165254684448 -0.6443694966472145 -0.5741484822784093 -0.44276126543723127 -0.38947280744560525 -0.28769524280069014 -0.18449844047297412 -0.06577671012598654 0.02644585046646076 0.12419418248562056 0.23637705839457104 0.3232541012537782 0.42259828969427093 0.5119300927247477 0.6017199797880047 0.6549348015547436 0.7485515002152705 0.8335945789817473 0.8742782837464151 0.9107214916266076 0.9629194507886448 1.0 0.9970950195833574 0.9240224900289519 0.9898642158542268 0.9172661257848508 0.9381257316345406 0.9247459987888813 0.8513225836499325 0.8036150077344029 
0.951165254684448 -0.6193549727139183 -0.5772249599060901 -0.4500115755803882 -0.3885549038906445 -0.29893587398794463 -0.18149984245340037 -0.06486790876980833 0.018334128438233094 0.13993984123212902 0.2371007418865393 0.32039228199469266 0.4264462325261728 0.5176992179807879 0.6017199797880047 0.6549348015547436 0.7630737691073499 0.8466021031387267 0.8820861626135714 0.8904344306190298 0.9711415304050299 0.9978834861861648 1.0 0.9683582928156131 0.999033368462299 0.9749147387796111 0.9381257316345406 0.9301622873169121 0.8522463966078142 0.8089757362727199 
0.951165254684448 -0.6374617142143357 -0.5740494338115936 -0.4296482481381623 -0.39267518822465525 -0.25882442753055174 -0.19023284275409508 -0.06708137993709863 0.03596479960541544 0.13993984123212902 0.22762373690910376 0.3252715957347494 0.4302944576390246 0.5130433716416727 0.6066051926329287 0.7286445330636 0.7625517735647721 0.8216112393790784 0.8855485761373054 0.9004264524867385 0.9629194507886448 0.9958046848655523 0.9970950195833574 0.9536647971834269 0.9898642158542268 0.9416614843628732 0.9381257316345406 0.9242541936336034 0.8527399342734425 0.801661757023312 
0.951165254684448 -0.6421256390423917 -0.5718725085786153 -0.44918665759242354 -0.39580869434033966 -0.2685352523009463 -0.1899251830233461 -0.06486790876980833 0.02644585046646076 0.12419418248562056 0.21917872296777746 0.31620935275935314 0.4264462325261728 0.5119300927247477 0.6017199797880047 0.6549348015547436 0.7595213025610104 0.8427113151933229 0.8820861626135714 0.9004264524867385 0.9662777197320992 0.9817528274366871 0.9970950195833574 0.9592658942077177 0.999033368462299 0.9749147387796111 0.9420525754033415 0.9339362525953793 0.8527399342734425 0.8089757362727199 
0.951165254684448 -0.6321565373683291 -0.5737620264940717 -0.4478977343169912 -0.39192480328105556 -0.29893587398794463 -0.18149984245340037 -0.06812418736592322 0.023565358807827064 0.099405069573794 0.23889997542393965 0.34834945798642225 0.4240329808626835 0.5302005828327572 0.6049273803915669 0.6854680021267828 0.7595213025610104 0.829667745088785 0.8838454580256586 0.9049670455058477 0.9629194507886448 0.9978834861861648 1.0 0.4925050625238492 0.9970572249554331 0.8999904300893565 0.9381257316345406 0.9301622873169121 0.8513225836499325 0.8115769175353421 
0.951165254684448 -0.6330143041501315 -0.5740494338115936 -0.4500115755803882 -0.3885549038906445 -0.30446672355028687 -0.1922643154671777 -0.0714443311750925 0.024897380624182362 0.13993984123212902 0.23199315594941572 0.31365229636094943 0.4236082047638309 0.5130665998076588 0.6048258357532655 0.7257191609307327 0.7644928668273498 0.8282975557000434 0.8820861626135714 0.9107214916266076 0.9629194507886448 0.9817528274366871 0.9922377311349295 0.9683582928156131 0.9860199759109025 0.9459218501368554 0.9458928503416071 0.9365832919268173 0.8527399342734425 0.801661757023312 
0.951165254684448 -0.6374068654348405 -0.5674062016770538 -0.4500115755803882 -0.3996247711373771 -0.30446672355028687 -0.18149984245340037 -0.07617820903925962 0.023565358807827064 0.11021080247962735 0.23199315594941572 0.3232541012537782 0.42038831464447224 0.5303596096826493 0.6017199797880047 0.7286445330636 0.7554293201478349 0.8367614645010835 0.8816389584877793 0.9107214916266076 0.9629194507886448 1.0 1.0 0.9278489728283713 0.9898642158542268 0.8999904300893565 0.9381257316345406 0.9301622873169121 0.8461203548954279 0.8036150077344029 
0.951165254684448 -0.6374617142143357 -0.5740494338115936 -0.4296482481381623 -0.39267518822465525 -0.25882442753055174 -0.19023284275409508 -0.06708137993709863 0.03596479960541544 0.13993984123212902 0.22762373690910376 0.3252715957347494 0.4302944576390246 0.5130433716416727 0.6066051926329287 0.7286445330636 0.7625517735647721 0.8216112393790784 0.8855485761373054 0.9004264524867385 0.9629194507886448 0.9958046848655523 0.9970950195833574 0.9536647971834269 0.9898642158542268 0.9416614843628732 0.9381257316345406 0.9242541936336034 0.8527399342734425 0.801661757023312 
0.951165254684448 -0.6334899108221792 -0.5740494338115936 -0.4500115755803882 -0.3885549038906445 -0.30446672355028687 -0.1922643154671777 -0.0714443311750925 0.02039835121322389 0.13993984123212902 0.2351513992843041 0.44220094604962434 0.4236082047638309 0.5130433716416727 0.6066051926329287 0.7257191609307327 0.7644928668273498 0.8216112393790784 0.8820861626135714 0.9107214916266076 0.9629194507886448 0.998177416754073 0.9957612974775809 0.9683582928156131 0.9898642158542268 0.9449326102423439 0.9430511851617189 0.9242541936336034 0.8527399342734425 0.801661757023312 
0.951165254684448 -0.6321565373683291 -0.5737620264940717 -0.4478977343169912 -0.39192480328105556 -0.29893587398794463 -0.18149984245340037 -0.06812418736592322 0.023565358807827064 0.099405069573794 0.23889997542393965 0.34834945798642225 0.4240329808626835 0.5302005828327572 0.6049273803915669 0.6854680021267828 0.7595213025610104 0.829667745088785 0.8838454580256586 0.9049670455058477 0.9629194507886448 0.9978834861861648 1.0 0.4925050625238492 0.9970572249554331 0.8999904300893565 0.9381257316345406 0.9301622873169121 0.8513225836499325 0.8115769175353421 
0.951165254684448 -0.6321565373683291 -0.574258370312077 -0.4500115755803882 -0.3974239033161944 -0.2950647973299423 -0.1922643154671777 -0.06812418736592322 0.024897380624182362 0.13993984123212902 0.23199315594941572 0.3117844058594463 0.42797276735117395 0.524039382508495 0.6048258357532655 0.6854680021267828 0.7635499127492803 0.8430907353843287 0.8838454580256586 0.9123473166965358 0.9629194507886448 0.9794232011061477 0.9922377311349295 0.5779808173389938 0.9860199759109025 0.897160773172432 0.9458928503416071 0.9365832919268173 0.8501517881470382 0.8213414499396754 
0.951165254684448 -0.6334899108221792 -0.5740494338115936 -0.4500115755803882 -0.3885549038906445 -0.30446672355028687 -0.1922643154671777 -0.0714443311750925 0.02039835121322389 0.13993984123212902 0.2351513992843041 0.44220094604962434 0.4236082047638309 0.5130433716416727 0.6066051926329287 0.7257191609307327 0.7644928668273498 0.8216112393790784 0.8820861626135714 0.9107214916266076 0.9629194507886448 0.998177416754073 0.9957612974775809 0.9683582928156131 0.9898642158542268 0.9449326102423439 0.9430511851617189 0.9242541936336034 0.8527399342734425 0.801661757023312 
0.951165254684448 -0.6310459283242154 -0.5737620264940717 -0.4469191343229727 -0.39192480328105556 -0.28769524280069014 -0.18303235212984847 -0.16798370372803528 0.023565358807827064 0.09056299746415934 0.24038262454347079 0.31687123790423755 0.42889253952974893 0.5308515918922899 0.6064565928774932 0.7383710244696428 0.7569040211920687 0.8256796022275272 0.8817009529427409 0.9071232378135077 0.960087368498227 1.0 1.0 0.4925050625238492 0.9860199759109025 0.9098108411108268 0.9458928503416071 0.928458496103862 0.860793529922737 0.8115769175353421 
0.951165254684448 -0.6443694966472145 -0.5741484822784093 -0.44276126543723127 -0.38947280744560525 -0.28769524280069014 -0.18449844047297412 -0.06577671012598654 0.02644585046646076 0.12419418248562056 0.23637705839457104 0.3232541012537782 0.42259828969427093 0.5119300927247477 0.6017199797880047 0.6549348015547436 0.7485515002152705 0.8335945789817473 0.8742782837464151 0.9107214916266076 0.9629194507886448 1.0 0.9970950195833574 0.9240224900289519 0.9898642158542268 0.9172661257848508 0.9381257316345406 0.9247459987888813 0.8513225836499325 0.8036150077344029 
0.951165254684448 -0.6310459283242154 -0.5737620264940717 -0.4469191343229727 -0.39192480328105556 -0.28769524280069014 -0.18303235212984847 -0.16798370372803528 0.023565358807827064 0.09056299746415934 0.24038262454347079 0.31687123790423755 0.42889253952974893 0.5308515918922899 0.6064565928774932 0.7383710244696428 0.7569040211920687 0.8256796022275272 0.8817009529427409 0.9071232378135077 0.960087368498227 1.0 1.0 0.4925050625238492 0.9860199759109025 0.9098108411108268 0.9458928503416071 0.928458496103862 0.860793529922737 0.8115769175353421 
0.951165254684448 -0.635753021630571 -0.5735872441524404 -0.4748491134985404 -0.3916996463744346 -0.28769524280069014 -0.1922643154671777 -0.07998772551615732 0.017780678987320497 0.10084097040755824 0.23321252173972762 0.8719262010408894 0.42259828969427093 0.516920509177772 0.6048258357532655 0.6859878046055625 0.7602354666844712 0.8282975557000434 0.8730460838635181 0.9073129252617989 0.9556387313551552 0.5417726279959285 0.9970950195833574 0.9310302389451058 0.9860199759109025 0.9098108411108268 0.9458928503416071 0.936948276016051 0.8527399342734425 0.8076742940712863 
0.951165254684448 -0.635753021630571 -0.5761970477986601 -0.4296482481381623 -0.38350735867352564 -0.28769524280069014 -0.19023284275409508 -0.16370921335273092 0.019405933268534847 0.12419418248562056 0.23321252173972762 0.8656080402568109 0.4250206885506693 0.5144914982780363 0.6017199797880047 0.7286445330636 0.7569040211920687 0.8216591145526804 0.8817009529427409 0.8907983429404993 0.9629194507886448 1.0 0.9970950195833574 0.9278207647189024 0.9893245276425151 0.9098108411108268 0.9458928503416071 0.928458496103862 0.8501517881470382 0.8123701148367218 
0.951165254684448 -0.635753021630571 -0.5761970477986601 -0.4296482481381623 -0.38350735867352564 -0.28769524280069014 -0.19023284275409508 -0.16370921335273092 0.019405933268534847 0.12419418248562056 0.23321252173972762 0.8656080402568109 0.4250206885506693 0.5144914982780363 0.6017199797880047 0.7286445330636 0.7569040211920687 0.8216591145526804 0.8817009529427409 0.8907983429404993 0.9629194507886448 1.0 0.9970950195833574 0.9278207647189024 0.9893245276425151 0.9098108411108268 0.9458928503416071 0.928458496103862 0.8501517881470382 0.8123701148367218 
0.951165254684448 -0.6330143041501315 -0.5735872441524404 -0.3636062669711755 -0.3898670901842615 -0.28769524280069014 -0.18339215492202934 -0.05098871947655184 0.02134151779699379 0.1414008495635574 0.23199315594941572 0.31507580519302303 0.4269926151087201 0.516920509177772 0.6066359669481429 0.6484370128638017 0.7485515002152705 0.8307182445266653 0.8776356555503526 0.9073129252617989 0.9663936823725225 0.9696220545981601 0.9945324086543217 0.9292280501726937 0.988534047984584 0.9185314149814106 0.9458928503416071 0.9247459987888813 0.8527399342734425 0.798147917099062 
0.951165254684448 -0.6374617142143357 -0.5674062016770538 -0.4296482481381623 -0.38554882210283276 -0.4127377530258436 -0.19023284275409508 -0.07617820903925962 0.025160942577532243 0.1489278129711526 0.23199315594941572 0.8656080402568109 0.4236082047638309 0.5130665998076588 0.6017199797880047 0.7286445330636 0.7606549948531859 0.8367614645010835 0.8820861626135714 0.9173284089301326 0.9629194507886448 1.0 0.9995704137664502 0.9360812674701628 0.9866094118778942 0.9459218501368554 0.9381257316345406 0.928458496103862 0.8527399342734425 0.801661757023312 
0.951165254684448 -0.6374617142143357 -0.5674062016770538 -0.4296482481381623 -0.38554882210283276 -0.4127377530258436 -0.19023284275409508 -0.07617820903925962 0.025160942577532243 0.1489278129711526 0.23199315594941572 0.8656080402568109 0.4236082047638309 0.5130665998076588 0.6017199797880047 0.7286445330636 0.7606549948531859 0.8367614645010835 0.8820861626135714 0.9173284089301326 0.9629194507886448 1.0 0.9995704137664502 0.9360812674701628 0.9866094118778942 0.9459218501368554 0.9381257316345406 0.928458496103862 0.8527399342734425 0.801661757023312 
0.951165254684448 -0.5470743467644937 -0.5735872441524404 -0.4469191343229727 -0.38639759131556434 -0.3132059045459965 -0.1934703528379739 -0.055947796815857445 0.021785980095657485 0.14511201754344044 0.23453837875001518 0.8655284866535775 0.4269926151087201 0.5308515918922899 0.5978273250349471 0.7401802735247703 0.7602354666844712 0.8307182445266653 0.8776356555503526 0.9071232378135077 0.9571348367504678 0.9964017851673628 1.0 0.9639236150930964 0.9860199759109025 0.9185314149814106 0.9458928503416071 0.9242541936336034 0.8527399342734425 0.8890452070152925 
0.951165254684448 -0.626594722919509 -0.5674062016770538 -0.4469191343229727 -0.3883223670133349 -0.28769524280069014 -0.1922643154671777 -0.055947796815857445 0.02213312407135553 0.1468936666350336 0.2300304697093096 0.8655284866535775 0.4258044390468059 0.5113301124304729 0.5978273250349471 0.7316112378279074 0.7555640591291849 0.8367614645010835 0.8776356555503526 0.9073129252617989 0.9629194507886448 0.9911335281874484 1.0 0.9228768058553434 0.9898642158542268 0.9185314149814106 0.9458928503416071 0.9242541936336034 0.8501517881470382 0.22729847056707442 
0.951165254684448 -0.626594722919509 -0.5674062016770538 -0.4469191343229727 -0.3883223670133349 -0.28769524280069014 -0.1922643154671777 -0.055947796815857445 0.02213312407135553 0.1468936666350336 0.2300304697093096 0.8655284866535775 0.4258044390468059 0.5113301124304729 0.5978273250349471 0.7316112378279074 0.7555640591291849 0.8367614645010835 0.8776356555503526 0.9073129252617989 0.9629194507886448 0.9911335281874484 1.0 0.9228768058553434 0.9898642158542268 0.9185314149814106 0.9458928503416071 0.9242541936336034 0.8501517881470382 0.22729847056707442 
0.951165254684448 -0.5470743467644937 -0.5735872441524404 -0.4469191343229727 -0.38639759131556434 -0.3132059045459965 -0.1934703528379739 -0.055947796815857445 0.021785980095657485 0.14511201754344044 0.23453837875001518 0.8655284866535775 0.4269926151087201 0.5308515918922899 0.5978273250349471 0.7401802735247703 0.7602354666844712 0.8307182445266653 0.8776356555503526 0.9071232378135077 0.9571348367504678 0.9964017851673628 1.0 0.9639236150930964 0.9860199759109025 0.9185314149814106 0.9458928503416071 0.9242541936336034 0.8527399342734425 0.8890452070152925 
0.951165254684448 -0.6374068654348405 -0.5671697877101093 -0.47581364184258207 -0.3916996463744346 -0.28769524280069014 -0.18598656788535356 -0.07196669473721529 0.017000212511756492 0.11495600286891058 0.2349301325569646 0.8568049199872251 0.4258044390468059 0.5156300768667829 0.6076988317756612 0.7300330754085487 0.7562453919961705 0.8331760039220737 0.8776356555503526 0.9073129252617989 0.9556387313551552 0.9921110940332332 0.9970950195833574 0.9228768058553434 0.9988678894888952 0.9185314149814106 0.9458928503416071 -0.04719277737490013 0.8501517881470382 0.8076742940712863 
0.6179651356765071 -0.6339029933095046 -0.5760756762418356 -0.4574166706540579 -0.37057370646795357 -0.29834344785837713 -0.21051350537080624 -0.07778515223087548 0.003805995337573146 0.1287562360235828 0.2608572913197158 0.343682119062013 0.4118913875876785 0.5270220858878591 0.6048010977300965 0.6887412030562658 0.7536610225211895 0.818522503148167 0.8651865873502527 0.9155575880384882 0.9677416937242287 0.9884942537000663 0.9788198143169732 0.9991323835080037 0.9871092525295582 0.9952307292593099 0.9536565803825583 0.9204836906975401 0.9780048386616773 0.8020724852974858 
0.6179651356765071 -0.6374068654348405 -0.5588428809461929 -0.47581364184258207 -0.3916996463744346 -0.29893587398794463 -0.16313094816932527 -0.07256865759440392 0.0211858041967229 0.1287562360235828 0.2349301325569646 0.33068078060081196 0.428809374139324 0.5176789011130358 0.612154216870863 0.6977131894922601 0.7499184799521977 0.8183208810986066 0.881918427528366 0.9191106460813134 0.9573205347831015 0.9936639766074059 0.9970950195833574 0.9951893926406888 0.9988678894888952 0.9396511200553683 0.936696642197965 0.9139948133254184 0.8440282588500518 0.8158774361619368 
0.6179651356765071 -0.6352784227364084 -0.6369145941228462 -0.4710100416379335 -0.3841055295741697 -0.27982424132206 -0.17844029117613516 -0.07020764588026072 0.011883262081552456 0.13036854913774557 0.23336059161945283 0.3474471281825652 0.42523286028325824 0.5054875030772296 0.5960311284896052 0.6985696523652066 0.7704812813968849 0.8405405717206915 0.8720843136072522 0.9328149734330211 0.9643490547359108 0.9844683426896781 1.0 0.9913505110449492 0.9820172082476969 0.9882300936583062 0.956899572137943 0.9315357976859324 0.8607930596678071 0.789870798833708 
0.6179651356765071 -0.6352784227364084 -0.6369145941228462 -0.4710100416379335 -0.3841055295741697 -0.27982424132206 -0.17844029117613516 -0.07020764588026072 0.011883262081552456 0.13036854913774557 0.23336059161945283 0.3474471281825652 0.42523286028325824 0.5054875030772296 0.5960311284896052 0.6985696523652066 0.7704812813968849 0.8405405717206915 0.8720843136072522 0.9328149734330211 0.9643490547359108 0.9844683426896781 1.0 0.9913505110449492 0.9820172082476969 0.9882300936583062 0.956899572137943 0.9315357976859324 0.8607930596678071 0.789870798833708 
0.6179651356765071 -0.6373139219061409 -0.5786006774323701 -0.4619895785887004 -0.37057370646795357 -0.29893587398794463 -0.20535737545928878 -0.07778515223087548 0.01872707519487582 0.11415943223754342 0.23336059161945283 0.33780702947829694 0.4321107021285544 0.5350468284581035 0.6048010977300965 0.6964520195477605 0.7443909101917591 0.818522503148167 0.8838454580256586 0.9155575880384882 0.9677416937242287 0.9884942537000663 0.5117383319037827 0.9938009955713146 0.9727383086438354 0.9952307292593099 0.9478784480993773 0.9306555039293756 0.8475393869168697 0.8095997958875901 
0.6179651356765071 -0.6361252268576973 -0.5659766185318639 -0.4704039736698511 -0.3675019998860422 -0.28574944623498766 -0.17589995380065912 -0.07020764588026072 0.006579333588833336 0.1288054961224244 0.22709364513987768 0.3384101993481215 0.4182124805006645 0.5116606605087348 0.6242077981404937 0.6992883907843331 0.7376115425926282 0.8343488306205185 0.879873184517082 0.9105541548383518 0.965995679370454 0.9994213479147278 0.9952308101120916 0.9938009955713146 0.988513063826297 0.992635915236473 0.9502706039396999 0.9410953826529482 0.8475393869168697 0.8015087718821581 
0.6179651356765071 -0.6352784227364084 -0.5716442197746358 -0.4505383387880099 -0.37056849661119345 -0.28574944623498766 -0.17844029117613516 -0.07020764588026072 0.01872707519487582 0.12133301998994249 0.23336059161945283 0.3474471281825652 0.4191294465240027 0.5054875030772296 0.6188514043251704 0.6992883907843331 0.743252482143605 0.8349226327359986 0.8838454580256586 0.9229063270336102 0.9647876450299192 0.9896972760679376 0.9667680465812893 0.9938009955713146 0.9837192469142355 0.9882300936583062 0.9478641860780578 0.9278062755839757 0.8511406902230665 0.8029074911022749 
0.6179651356765071 -0.6361252268576973 -0.5659766185318639 -0.4704039736698511 -0.3675019998860422 -0.28574944623498766 -0.17589995380065912 -0.07020764588026072 0.006579333588833336 0.1288054961224244 0.22709364513987768 0.3384101993481215 0.4182124805006645 0.5116606605087348 0.6242077981404937 0.6992883907843331 0.7376115425926282 0.8343488306205185 0.879873184517082 0.9105541548383518 0.965995679370454 0.9994213479147278 0.9952308101120916 0.9938009955713146 0.988513063826297 0.992635915236473 0.9502706039396999 0.9410953826529482 0.8475393869168697 0.8015087718821581 
0.6179651356765071 -0.6374068654348405 -0.5588428809461929 -0.47581364184258207 -0.3916996463744346 -0.29893587398794463 -0.16313094816932527 -0.07256865759440392 0.0211858041967229 0.1287562360235828 0.2349301325569646 0.33068078060081196 0.428809374139324 0.5176789011130358 0.612154216870863 0.6977131894922601 0.7499184799521977 0.8183208810986066 0.881918427528366 0.9191106460813134 0.9573205347831015 0.9936639766074059 0.9970950195833574 0.9951893926406888 0.9988678894888952 0.9396511200553683 0.936696642197965 0.9139948133254184 0.8440282588500518 0.8158774361619368 
0.6179651356765071 -0.6373010890685369 -0.5786006774323701 -0.4778985331166825 -0.3919720614901823 -0.28918109958134763 -0.20535737545928878 -0.08554043123744594 0.01872707519487582 0.11415943223754342 0.23553590081669834 0.3474471281825652 0.4182124805006645 0.5305194843000376 0.5960311284896052 0.6887412030562658 0.7550995562797422 0.8402965967341942 0.8867554508182924 0.9155575880384882 0.9681382757292486 0.9934631625209712 0.9952308101120916 0.9909624592315854 0.980302395319501 0.929279777052035 0.934302981819645 0.9366238462064134 0.8589796583697171 0.8060701958029853 
0.6174576528757129 -0.63458475644176 -0.5714191827166192 -0.48579924369228455 -0.3919720614901823 -0.28588141463747463 -0.1761391181996508 -0.08554043123744594 0.021525092585874595 0.12879424104820875 0.23553590081669834 0.3474471281825652 0.42523286028325824 0.5266236948269531 0.5960311284896052 0.6887412030562658 0.7606448312464992 0.8231383124270141 0.8720843136072522 0.9155575880384882 0.9677416937242287 0.9934631625209712 1.0 0.9849097244644593 0.9950244254017812 0.9325920693623849 0.9392198871688776 0.9447842293408564 0.8475393869168697 0.8060701958029853 
0.6174576528757129 -0.63458475644176 -0.562899311496432 -0.4936691952965979 -0.3931433782024492 -0.28588141463747463 -0.1781839417394866 -0.07223792616285209 0.021525092585874595 0.12329011614342815 0.23553590081669834 0.3474471281825652 0.42739814263433357 0.5266236948269531 0.5927389240196651 0.6887412030562658 0.7587390645857514 0.8231383124270141 0.8720843136072522 0.9105541548383518 0.9677416937242287 0.9215669199512734 1.0 0.9923821788473628 0.9880335634130364 0.9672564923642514 0.9392198871688776 0.9410953826529482 0.8671432932062406 0.8040757284618876 
0.6179651356765071 -0.6301210820329551 -0.562899311496432 -0.4704039736698511 -0.3841055295741697 -0.30927938154676343 -0.18209462478559138 -0.07020764588026072 0.020207321620069992 0.13036854913774557 0.23336059161945283 0.34482970301805105 0.4191294465240027 0.5021370192057201 0.6183557447978437 0.6964520195477605 0.7606448312464992 0.8349226327359986 0.877096789850334 0.9105541548383518 0.9677416937242287 0.9934631625209712 0.9952308101120916 0.9913505110449492 0.9820172082476969 0.992635915236473 0.956899572137943 0.9320915127430281 0.8607930596678071 0.7800178823944699 
0.6174576528757129 -0.63458475644176 -0.562899311496432 -0.4936691952965979 -0.3919720614901823 -0.2931503512395647 -0.18445494064595705 -0.07223792616285209 0.021525092585874595 0.11338706201756055 0.23336059161945283 0.3474471281825652 0.4182124805006645 0.5756789962540128 0.5960311284896052 0.6887412030562658 0.7606448312464992 0.8349226327359986 0.877096789850334 0.9105541548383518 0.9677416937242287 0.9934631625209712 0.9952308101120916 0.9909624592315854 0.9880335634130364 0.929279777052035 0.956899572137943 0.9278062755839757 0.8589796583697171 0.802993535959947 
0.6179651356765071 -0.6301210820329551 -0.5659766185318639 -0.4704039736698511 -0.3841055295741697 -0.30373253327976546 -0.18209462478559138 -0.07020764588026072 0.020207321620069992 0.11415943223754342 0.23336059161945283 0.34482970301805105 0.4182124805006645 0.5128554460919844 0.6242077981404937 0.6949259502839453 0.7606448312464992 0.8343488306205185 0.880474395163926 0.9105541548383518 0.9677416937242287 0.9934631625209712 0.9952308101120916 0.9913505110449492 0.988513063826297 0.983433329303724 0.934302981819645 0.34561257171507664 0.8607930596678071 0.8060701958029853 
0.6179651356765071 -0.6301210820329551 -0.5659766185318639 -0.4704039736698511 -0.3841055295741697 -0.30373253327976546 -0.18209462478559138 -0.07020764588026072 0.020207321620069992 0.11415943223754342 0.23336059161945283 0.34482970301805105 0.4182124805006645 0.5128554460919844 0.6242077981404937 0.6949259502839453 0.7606448312464992 0.8343488306205185 0.880474395163926 0.9105541548383518 0.9677416937242287 0.9934631625209712 0.9952308101120916 0.9913505110449492 0.988513063826297 0.983433329303724 0.934302981819645 0.34561257171507664 0.8607930596678071 0.8060701958029853 
0.6179651356765071 -0.6339029933095046 -0.5786006774323701 -0.4778985331166825 -0.3841055295741697 -0.23914888093367437 -0.1781839417394866 -0.08846164812688627 0.01872707519487582 0.13036854913774557 0.22709364513987768 0.349066770395792 0.4191294465240027 0.5100101018076474 0.6031710109152855 0.7536826618977573 0.7606448312464992 0.8231383124270141 0.877096789850334 0.9111582661140776 0.9681382757292486 0.9934631625209712 0.9952308101120916 0.9801904769552063 0.9909563031169462 0.992635915236473 0.934302981819645 0.9410953826529482 0.8475393869168697 0.8015087718821581 
0.6179651356765071 -0.6339029933095046 -0.5786006774323701 -0.4778985331166825 -0.3841055295741697 -0.23914888093367437 -0.1781839417394866 -0.08846164812688627 0.01872707519487582 0.13036854913774557 0.22709364513987768 0.349066770395792 0.4191294465240027 0.5100101018076474 0.6031710109152855 0.7536826618977573 0.7606448312464992 0.8231383124270141 0.877096789850334 0.9111582661140776 0.9681382757292486 0.9934631625209712 0.9952308101120916 0.9801904769552063 0.9909563031169462 0.992635915236473 0.934302981819645 0.9410953826529482 0.8475393869168697 0.8015087718821581 
0.6179651356765071 -0.6339029933095046 -0.5716442197746358 -0.4612378634208073 -0.38222928675303136 0.15333967682165173 -0.1781839417394866 -0.06757967266103077 0.019131724213981918 0.10906609699762469 0.23553590081669834 0.34754283854891516 0.4321107021285544 0.5266236948269531 0.6081829360019771 0.7536826618977573 0.7503851281571201 0.8231383124270141 0.889395997140441 0.9155575880384882 0.9580468225238137 0.9119803874319492 0.994531466727878 0.9923821788473628 0.9909563031169462 0.9430466303577273 0.9392198871688776 0.9410953826529482 0.8475393869168697 0.8060701958029853 
0.24666650525398084 -0.9959033020484214 -0.9474142353245034 -0.9381718374940552 -0.9297392650633776 -0.8483088811639328 -0.7728968593665091 -0.716734012183183 -0.5785416783149612 -0.5488057430189731 -0.49420570926102747 -0.3718417129789142 -0.2896024605654318 -0.173148439445935 -0.023818773004304815 0.038120146923558154 0.15047364989356182 0.24826878313175293 0.32238718808058986 0.44099246976949247 0.49587783151210807 0.6260539497960396 0.6876486051673141 0.7729171633599894 0.8315892567159022 0.8864215865098746 0.03640143889698089 0.9647087168480152 0.9918066444300928 1.0 
0.24666650525398084 -0.9867075041683568 -0.9521515642098468 -0.9365204669213817 -0.9297392650633776 -0.8483088811639328 -0.7692486432751159 -0.7169302354016299 -0.5936057907287847 -0.5511038241335219 -0.5768307060563445 -0.36576123609392913 0.2194566378060927 -0.17059383916679877 -0.04471575178689388 0.04259212936066773 0.15391421923926987 0.24826878313175293 0.31898879028654303 0.45043531678197063 0.6654101071502969 0.6238865188711163 0.6908309260834888 0.7696342828334859 0.8210021972770771 0.8912717175537246 0.9201762070032685 0.964918643653724 0.9713095480681697 1.0 
0.24666650525398084 -0.9959033020484214 -0.9539729300512626 -0.9353556606734217 -0.9083382328841103 -0.8483088811639328 -0.7728968593665091 -0.7122837308732309 -0.5936057907287847 -0.5511038241335219 -0.49420570926102747 -0.3718417129789142 -0.2896024605654318 -0.16607174487382098 0.18925233610999714 0.04587498533346182 0.13656696054420633 0.24662256728235477 0.31898879028654303 0.44099246976949247 0.49587783151210807 0.6209560995873288 0.6847570680762233 0.7620766329380173 0.8909541638390747 0.8896385599967904 0.9207716295271889 0.9647087168480152 0.9918066444300928 1.0 
0.24666650525398084 -0.9867075041683568 -0.9521515642098468 -0.9365204669213817 -0.9297392650633776 -0.8483088811639328 -0.7692486432751159 -0.7169302354016299 -0.5936057907287847 -0.5511038241335219 -0.5768307060563445 -0.36576123609392913 0.2194566378060927 -0.17059383916679877 -0.04471575178689388 0.04259212936066773 0.15391421923926987 0.24826878313175293 0.31898879028654303 0.45043531678197063 0.6654101071502969 0.6238865188711163 0.6908309260834888 0.7696342828334859 0.8210021972770771 0.8912717175537246 0.9201762070032685 0.964918643653724 0.9713095480681697 1.0 
0.24666650525398084 -0.9894479634542237 -0.946775133604013 -0.9365204669213817 -0.9083382328841103 -0.8483088811639328 -0.785929897605878 -0.7122837308732309 -0.5913012418624557 -0.5511038241335219 -0.49557933079107186 -0.36576123609392913 -0.2896024605654318 -0.17059383916679877 -0.04471575178689388 0.04587498533346182 0.13713543847630547 0.24809729152558593 0.3254447764527029 0.45043531678197063 0.49630256791779287 0.6238865188711163 0.6908309260834888 0.7696342828334859 0.6643159768232618 0.8896385599967904 0.9282088794209957 0.971136293418604 0.9772627890866481 1.0 
0.24666650525398084 -0.9926218497065366 -0.9572498245191987 -0.9381267609097903 -0.8983612077450488 -0.8452670695018659 -0.7728968593665091 -0.7174433810150562 -0.6027789964299156 -0.5535804382214528 -0.48934510729539943 -0.36491402340020546 -0.2896024605654318 -0.173148439445935 -0.04016759860318374 0.04587498533346182 0.14450450875782872 0.24826878313175293 0.32587676003728133 0.4367172028654091 0.47429603412833893 0.6244372248231371 0.6811347326600444 0.770292781203482 0.21647203614481203 0.8859916659767987 0.9267045298823076 0.9639548096618425 0.9723819167810409 0.9898296199380376 
0.24666650525398084 -0.9894479634542237 -0.946775133604013 -0.9365204669213817 -0.9083382328841103 -0.8483088811639328 -0.785929897605878 -0.7122837308732309 -0.5913012418624557 -0.5511038241335219 -0.49557933079107186 -0.36576123609392913 -0.2896024605654318 -0.17059383916679877 -0.04471575178689388 0.04587498533346182 0.13713543847630547 0.24809729152558593 0.3254447764527029 0.45043531678197063 0.49630256791779287 0.6238865188711163 0.6908309260834888 0.7696342828334859 0.6643159768232618 0.8896385599967904 0.9282088794209957 0.971136293418604 0.9772627890866481 1.0 
0.24666650525398084 -0.9890198421878006 -0.9521515642098468 -0.9365204669213817 -0.9297392650633776 -0.851479255958327 -0.771533658044527 -0.7175993904157157 -0.5870737542254714 -0.5511038241335219 -0.5044690275947591 -0.3718417129789142 0.2194566378060927 -0.173148439445935 -0.02634401662811428 0.04700393061456475 0.15047364989356182 0.24826878313175293 0.32238718808058986 0.44099246976949247 0.669492369923312 0.6247081092181682 0.6908309260834888 0.7729171633599894 0.8210021972770771 0.8912717175537246 0.9201762070032685 0.971136293418604 0.9680106527584154 1.0 
0.24666650525398084 -0.9926218497065366 -0.9572498245191987 -0.9381267609097903 -0.8983612077450488 -0.8452670695018659 -0.7728968593665091 -0.7174433810150562 -0.6027789964299156 -0.5535804382214528 -0.48934510729539943 -0.36491402340020546 -0.2896024605654318 -0.173148439445935 -0.04016759860318374 0.04587498533346182 0.14450450875782872 0.24826878313175293 0.32587676003728133 0.4367172028654091 0.47429603412833893 0.6244372248231371 0.6811347326600444 0.770292781203482 0.21647203614481203 0.8859916659767987 0.9267045298823076 0.9639548096618425 0.9723819167810409 0.9898296199380376 
0.24666650525398084 -0.9865664466262695 -0.9539729300512626 -0.9381267609097903 -0.5378666981990443 -0.8537251605650458 -0.785929897605878 -0.7174433810150562 -0.6462788555241805 -0.5535804382214528 -0.5176375129834001 -0.36491402340020546 -0.2896024605654318 -0.173148439445935 -0.037135331021680276 0.04587498533346182 0.14450450875782872 0.24809729152558593 0.32649264097248537 0.4474131372461823 0.49786404615525093 0.6244372248231371 0.6811347326600444 0.7619349352008098 0.8329168293243039 0.8896385599967904 0.9219386548938998 0.9617053527824833 0.9723819167810409 1.0 
0.24666650525398084 -0.9865664466262695 -0.9539729300512626 -0.9381267609097903 -0.5378666981990443 -0.8537251605650458 -0.785929897605878 -0.7174433810150562 -0.6462788555241805 -0.5535804382214528 -0.5176375129834001 -0.36491402340020546 -0.2896024605654318 -0.173148439445935 -0.037135331021680276 0.04587498533346182 0.14450450875782872 0.24809729152558593 0.32649264097248537 0.4474131372461823 0.49786404615525093 0.6244372248231371 0.6811347326600444 0.7619349352008098 0.8329168293243039 0.8896385599967904 0.9219386548938998 0.9617053527824833 0.9723819167810409 1.0 
0.24666650525398084 -0.983933130987156 -0.9413044925806506 -0.9381718374940552 -0.8983612077450488 -0.8467237122831939 -0.7716383022026887 -0.7122837308732309 -0.5785416783149612 -0.5488057430189731 -0.4937045275917467 -0.36491402340020546 -0.2896024605654318 -0.17182580846652398 -0.049147013371272606 0.038120146923558154 0.15047364989356182 0.24809729152558593 0.7382827921081883 0.4367172028654091 0.4884742935057346 0.6251182487753494 0.6845651501931678 0.7729171633599894 0.8315892567159022 0.8896385599967904 0.9267045298823076 0.971136293418604 0.9723819167810409 1.0 
0.24666650525398084 -0.9894479634542237 -0.9539729300512626 -0.9381718374940552 -0.9083382328841103 -0.842412860287281 -0.7728968593665091 -0.7122837308732309 -0.6027789964299156 -0.5511038241335219 -0.5024971793047337 -0.37082277808064945 -0.2896024605654318 -0.17867917917236595 -0.04471575178689388 0.04587498533346182 0.15586205781710316 0.24826878313175293 0.32215494359416164 0.4367172028654091 0.49587783151210807 0.6238865188711163 0.6811347326600444 0.7664031910664393 0.8315892567159022 0.8834550962899087 0.35953296489256514 0.971136293418604 0.9918066444300928 1.0 
0.24666650525398084 -0.983933130987156 -0.9413044925806506 -0.9381718374940552 -0.8983612077450488 -0.8467237122831939 -0.7716383022026887 -0.7122837308732309 -0.5785416783149612 -0.5488057430189731 -0.4937045275917467 -0.36491402340020546 -0.2896024605654318 -0.17182580846652398 -0.049147013371272606 0.038120146923558154 0.15047364989356182 0.24809729152558593 0.7382827921081883 0.4367172028654091 0.4884742935057346 0.6251182487753494 0.6845651501931678 0.7729171633599894 0.8315892567159022 0.8896385599967904 0.9267045298823076 0.971136293418604 0.9723819167810409 1.0 
0.24666650525398084 -0.9894300347208644 -0.9539729300512626 -0.9281097750033597 -0.9273417528911683 -0.8435730214891066 -0.7434636888952999 -0.7174433810150562 -0.6489195640932507 -0.5595235361889241 -0.5081755608412238 -0.36491402340020546 -0.2929695240691804 -0.173148439445935 -0.051835366963297 0.03338731002658774 0.14450450875782872 0.2542884627068852 0.3146416394925211 0.44342855457799274 -0.0013900955641386048 0.6244372248231371 0.7110660473849443 0.7661784533710477 0.8329168293243039 0.8859916659767987 0.9219386548938998 0.9631667204486752 0.9723819167810409 1.0 
0.2467774448924816 -0.9890198421878006 -0.9792488992289448 -0.9365204669213817 -0.9297392650633776 -0.8398293960790782 -0.8377518955597865 -0.7174433810150562 -0.6455816729544067 -0.5454194343092238 -0.5115071530281681 -0.3605568143543665 -0.2896024605654318 -0.173148439445935 -0.037874274396597546 0.04587498533346182 0.15047364989356182 0.24826878313175293 0.34717822209343674 0.4426566833486216 0.49587783151210807 0.6163077859396565 0.7538332064897382 0.7775652478808377 0.9294400479330232 0.8859916659767987 0.9201762070032685 0.971136293418604 0.9742649776678276 0.9893467728049372 
0.24666650525398084 -0.9894300347208644 -0.9539729300512626 -0.9281097750033597 -0.9273417528911683 -0.8435730214891066 -0.7434636888952999 -0.7174433810150562 -0.6489195640932507 -0.5595235361889241 -0.5081755608412238 -0.36491402340020546 -0.2929695240691804 -0.173148439445935 -0.051835366963297 0.03338731002658774 0.14450450875782872 0.2542884627068852 0.3146416394925211 0.44342855457799274 -0.0013900955641386048 0.6244372248231371 0.7110660473849443 0.7661784533710477 0.8329168293243039 0.8859916659767987 0.9219386548938998 0.9631667204486752 0.9723819167810409 1.0 
0.24666650525398084 -0.9946075040849646 -0.9532938602755616 -0.9375429414672902 -0.9265584156991151 -0.8477120686753917 -0.7321322401131194 -0.7174433810150562 -0.6528360217822845 -0.5595235361889241 -0.4598093990244838 -0.3796385602369677 -0.28220894972236077 -0.1662863827681749 -0.051835366963297 0.04632065360516084 0.14661203488996477 0.25371358212140305 0.3047254248770135 0.4476304769992255 0.4771623307219926 0.6283008312481762 0.7125734033197744 0.7716616081985417 0.8482312097719213 0.8892265916078614 0.9161320344672782 0.9668028345351022 0.9860143227970172 0.9893467728049372 
0.24666650525398084 -0.9967173222820427 -0.9539729300512626 -0.929199934840685 -0.9273417528911683 -0.845324950674068 -0.7715054671488177 -0.7087911847811479 -0.6489195640932507 -0.548538163188778 -0.49420570926102747 -0.37231565503510095 -0.2896024605654318 -0.173148439445935 -0.04013754789799121 0.028931573870793145 0.12718424097913084 0.24550014526468147 0.3278858100110682 0.4426566833486216 0.49587783151210807 0.6184514356867615 0.14373941608676666 0.7661784533710477 0.815935063838818 0.8858155912874547 0.9186520606231436 0.965258110797688 0.9918066444300928 1.0 
0.24666650525398084 -0.9946075040849646 -0.9532938602755616 -0.9375429414672902 -0.9265584156991151 -0.8477120686753917 -0.7321322401131194 -0.7174433810150562 -0.6528360217822845 -0.5595235361889241 -0.4598093990244838 -0.3796385602369677 -0.28220894972236077 -0.1662863827681749 -0.051835366963297 0.04632065360516084 0.14661203488996477 0.25371358212140305 0.3047254248770135 0.4476304769992255 0.4771623307219926 0.6283008312481762 0.7125734033197744 0.7716616081985417 0.8482312097719213 0.8892265916078614 0.9161320344672782 0.9668028345351022 0.9860143227970172 0.9893467728049372 
0.24666650525398084 -0.9894300347208644 -0.9487375213433414 -0.9321398523700289 -0.9045500122370429 -0.8495297465996676 -0.7728968593665091 -0.7174433810150562 -0.6455816729544067 -0.5520109027198292 -0.5115071530281681 -0.3773460988669498 -0.2929695240691804 -0.17867917917236595 -0.045864552746953856 0.04587498533346182 0.1203929301134692 0.24662256728235477 0.3253130817220904 0.4367172028654091 0.48342322023785433 0.6190739380476993 0.7130273390899606 0.7671495083700114 0.8315892567159022 0.8834550962899087 0.9282088794209957 0.971136293418604 0.9468937848132557 0.9965258943389732 
0.24666650525398084 -0.991903091519067 -0.9872058877455654 -0.929199934840685 -0.9151817278271022 -0.845324950674068 -0.7804852786817282 -0.7102285939647331 -0.6489195640932507 -0.548538163188778 -0.49557933079107186 -0.37231565503510095 -0.2929695240691804 -0.17059383916679877 -0.04705966662070548 0.030702157719417075 0.12092397594682525 0.24550014526468147 0.319261969319559 0.4426566833486216 0.47381186130039316 0.6184514356867615 0.7038166059733978 0.7696342828334859 0.815935063838818 0.8788126359880488 0.9177213682772014 0.965258110797688 0.9831486869697829 1.0 
0.24666650525398084 -0.9939842401144752 -0.9584632655505069 -0.9381267609097903 -0.9294559171885813 -0.8495297465996676 -0.785929897605878 -0.7174433810150562 -0.6528360217822845 -0.5638155235638164 -0.5205421926548511 -0.3773460988669498 -0.3199126446999252 -0.17551233705435682 -0.05113177415803088 0.042505680838731706 0.1203929301134692 0.24809729152558593 0.3047254248770135 0.45441169112026986 0.48342322023785433 0.6283008312481762 0.707738864776142 0.7716616081985417 0.8315892567159022 0.8896385599967904 0.9282088794209957 0.9617053527824833 0.9711828570907697 1.0 
0.24666650525398084 -0.9939842401144752 -0.9584632655505069 -0.9381267609097903 -0.9294559171885813 -0.8495297465996676 -0.785929897605878 -0.7174433810150562 -0.6528360217822845 -0.5638155235638164 -0.5205421926548511 -0.3773460988669498 -0.3199126446999252 -0.17551233705435682 -0.05113177415803088 0.042505680838731706 0.1203929301134692 0.24809729152558593 0.3047254248770135 0.45441169112026986 0.48342322023785433 0.6283008312481762 0.707738864776142 0.7716616081985417 0.8315892567159022 0.8896385599967904 0.9282088794209957 0.9617053527824833 0.9711828570907697 1.0 
0.24666650525398084 -0.9845702793943004 -0.9532938602755616 -0.9364536555795018 -0.9273417528911683 -0.8477120686753917 -0.7321322401131194 -0.7174433810150562 -0.6484395025315479 -0.5595235361889241 -0.5092812640160219 -0.37112871752530846 -0.29218451050034294 -0.1769216532141773 -0.051835366963297 0.030702157719417075 0.14450450875782872 0.24223161360879653 0.3047254248770135 0.4426566833486216 0.48713154425972366 0.6283008312481762 0.7110660473849443 0.7716616081985417 0.8329168293243039 0.8892265916078614 0.9161320344672782 0.9668028345351022 0.9891431055424382 0.9893467728049372 
0.24666650525398084 -0.9942177318308483 -0.9917900810002219 -0.9426814642636936 -0.9022485581739312 -0.8398293960790782 -0.7649782929135869 -0.7174433810150562 -0.6482179507797734 -0.563430771330197 -0.503188754119127 -0.3796385602369677 -0.27845678148243075 -0.1662863827681749 -0.09667799780242056 0.04294395268100184 0.1404825924886261 0.25371358212140305 0.30782673490381035 0.44364514301840746 0.4771623307219926 0.6244372248231371 0.6615134873773506 0.7608188435887185 0.8482312097719213 0.8806238926062525 0.932726291992117 0.9606082136326707 0.9851141217728822 0.9917156501770701 
0.24666650525398084 -0.9894300347208644 -0.9487375213433414 -0.9439611178295269 -0.9106695657481477 -0.8398293960790782 -0.7798233714111314 -0.7172803302146714 -0.6401665019747536 -0.5595501765394245 -0.4950384651738699 -0.37111230133950046 -0.299692946510333 -0.1662863827681749 -0.04861366269168294 0.026493675738484476 0.1311056992552948 0.2513165632438667 0.3191140877096815 0.43752390955103365 0.5461333470719025 0.6252803833108593 0.7130273390899606 0.7700955699986469 0.8842338690801539 0.8801364774787444 0.9267045298823076 0.971136293418604 0.9921169922203443 0.996389836313764 
0.24666650525398084 -0.9894300347208644 -0.9487375213433414 -0.9439611178295269 -0.9106695657481477 -0.8398293960790782 -0.7798233714111314 -0.7172803302146714 -0.6401665019747536 -0.5595501765394245 -0.4950384651738699 -0.37111230133950046 -0.299692946510333 -0.1662863827681749 -0.04861366269168294 0.026493675738484476 0.1311056992552948 0.2513165632438667 0.3191140877096815 0.43752390955103365 0.5461333470719025 0.6252803833108593 0.7130273390899606 0.7700955699986469 0.8842338690801539 0.8801364774787444 0.9267045298823076 0.971136293418604 0.9921169922203443 0.996389836313764 
0.24666650525398084 -0.9894300347208644 -0.9521515642098468 -0.9365204669213817 -0.9149857024165502 -0.8398293960790782 -0.780909693886575 -0.7174433810150562 -0.6457808146623779 -0.5626513957541284 -0.5131922462518758 -0.37851966548765614 -0.2896024605654318 -0.173148439445935 -0.053909602573511683 0.030702157719417075 0.15047364989356182 0.24432253469269813 0.31898879028654303 0.4471361573211478 0.49024905438804667 0.6244372248231371 0.6897656084080437 0.7727375234426945 0.8329680180524737 0.8867358846539308 0.9282088794209957 0.9620581211642786 0.9899673217886883 0.9893467728049372 
0.24666650525398084 -0.9894300347208644 -0.9521515642098468 -0.9365204669213817 -0.9149857024165502 -0.8398293960790782 -0.780909693886575 -0.7174433810150562 -0.6457808146623779 -0.5626513957541284 -0.5131922462518758 -0.37851966548765614 -0.2896024605654318 -0.173148439445935 -0.053909602573511683 0.030702157719417075 0.15047364989356182 0.24432253469269813 0.31898879028654303 0.4471361573211478 0.49024905438804667 0.6244372248231371 0.6897656084080437 0.7727375234426945 0.8329680180524737 0.8867358846539308 0.9282088794209957 0.9620581211642786 0.9899673217886883 0.9893467728049372 
0.2464868425213571 -0.9942680661211127 -0.9917900810002219 -0.9328949430326031 -0.9022485581739312 -0.8398293960790782 -0.7608756840342313 -0.7247089619264253 -0.643898151052602 -0.5467109829943377 -0.49573542806415266 -0.38874904952498024 -0.27845678148243075 -0.1662863827681749 -0.04671961528053472 0.04294395268100184 0.13082286645785313 0.25371358212140305 0.30323738587612387 0.44447270737295347 0.5351625105700629 0.6163077859396565 0.6586043835199671 0.764294417346067 0.8131156491637901 0.8867031213119139 0.9253929221638221 0.9567900896774205 0.9866699707102544 0.9954237538071506 
0.2464868425213571 -0.9942680661211127 -0.9917900810002219 -0.9328949430326031 -0.9022485581739312 -0.8398293960790782 -0.7608756840342313 -0.7247089619264253 -0.643898151052602 -0.5467109829943377 -0.49573542806415266 -0.38874904952498024 -0.27845678148243075 -0.1662863827681749 -0.04671961528053472 0.04294395268100184 0.13082286645785313 0.25371358212140305 0.30323738587612387 0.44447270737295347 0.5351625105700629 0.6163077859396565 0.6586043835199671 0.764294417346067 0.8131156491637901 0.8867031213119139 0.9253929221638221 0.9567900896774205 0.9866699707102544 0.9954237538071506 
0.2464868425213571 -0.9897166332367805 -0.979378951675335 -0.9366641227799186 -0.9025833395651766 -0.8507761569637161 -0.7873297236876909 -0.7247089619264253 -0.643898151052602 -0.5585728056032434 -0.49573542806415266 -0.38874904952498024 -0.27845678148243075 -0.1662863827681749 -0.06598700302460347 0.04294395268100184 0.13082286645785313 0.25371358212140305 0.30997070096604146 0.44447270737295347 0.49092839885978234 0.6163077859396565 0.6952502866540272 0.7620995176126808 0.8233548337745283 0.8867031213119139 0.915257762353885 0.9539624818543849 0.9866699707102544 0.9875507403279611 
0.2464868425213571 -0.9897166332367805 -0.9917900810002219 -0.9386012061683764 -0.9025833395651766 -0.8437687359727033 -0.7895274628359179 -0.7247089619264253 -0.6615118012349435 -0.5467109829943377 -0.494442385314988 -0.39120550412760297 -0.27845678148243075 -0.16705803362551166 -0.04407389152594971 0.041371913208263535 0.13082286645785313 0.25371358212140305 0.30997070096604146 0.44447270737295347 0.5054052618695901 0.6163077859396565 0.6853508958215557 0.7692584382554161 0.8228568859436224 0.8920041267269325 0.9219118077372348 0.9567900896774205 0.9861310887545328 0.9893467728049372 
0.24666650525398084 -0.9897166332367805 -0.9882025037580566 -0.9366641227799186 -0.9025833395651766 -0.8542182739675799 -0.7935357344303835 -0.720493057885007 -0.643898151052602 -0.5609059018965923 -0.4880779041789788 -0.37231565503510095 -0.2775799302020668 -0.1662863827681749 -0.04208508625612638 0.04294395268100184 0.13082286645785313 0.22222033510758976 0.3215545749580268 0.42992827692366814 0.5268267140090406 0.6179927348315536 0.6897656084080437 0.764294417346067 0.8233548337745283 0.8847969917074359 0.9136353569660898 0.9539624818543849 0.9866699707102544 0.9954237538071506 
0.24666650525398084 -0.9897166332367805 -0.9882025037580566 -0.9366641227799186 -0.9025833395651766 -0.8542182739675799 -0.7935357344303835 -0.720493057885007 -0.643898151052602 -0.5609059018965923 -0.4880779041789788 -0.37231565503510095 -0.2775799302020668 -0.1662863827681749 -0.04208508625612638 0.04294395268100184 0.13082286645785313 0.22222033510758976 0.3215545749580268 0.42992827692366814 0.5268267140090406 0.6179927348315536 0.6897656084080437 0.764294417346067 0.8233548337745283 0.8847969917074359 0.9136353569660898 0.9539624818543849 0.9866699707102544 0.9954237538071506 
0.2464868425213571 -0.9897166332367805 -0.9872058877455654 -0.929199934840685 -0.9273417528911683 -0.8477120686753917 -0.7769699445002002 -0.7142411170621281 -0.639511822699423 -0.5576642333433559 -0.4691097361410483 -0.39523496526423607 -0.27881293934644125 -0.16523710490338384 -0.04861366269168294 0.009818472387738057 0.14805642411272246 0.2222124867772557 0.3273175753338017 0.4316308743320463 0.5330412759082949 0.6163284878743107 0.709672378230305 0.7608188435887185 0.8325323163284248 0.8788033763918012 0.9177213682772014 0.9590166916202812 0.9831486869697829 0.9892474057381522 
0.2464868425213571 -0.9942177318308483 -0.979378951675335 -0.9426814642636936 -0.8930971617647896 -0.8407932734371109 -0.7649782929135869 -0.7167235730058077 -0.6482179507797734 -0.563430771330197 -0.4585299048426174 -0.39523496526423607 -0.27881293934644125 -0.16523710490338384 -0.09004561434484007 0.009818472387738057 0.13381297856640798 0.2222124867772557 0.3273175753338017 0.42507028092507665 0.5330412759082949 0.6163284878743107 0.709672378230305 0.7608188435887185 0.8325323163284248 0.8806238926062525 0.932726291992117 0.9670805920417165 0.9851141217728822 0.9893467728049372 
0.24658179619625756 -0.9792123721354259 -0.9606139806112317 -0.9305622376734299 -0.8990381064733124 -0.8447217389753149 -0.774927881018563 -0.732196055977164 -0.6345452472546854 -0.5201315741899198 -0.45435424783513817 -0.3871950040616225 -0.2721330840871924 -0.1699373534586233 -0.052666884002331646 0.031278880561162056 0.14059156557328056 0.2480475883782082 0.3275851408565283 0.4157877476921865 0.5210846930866326 0.6115038030394961 0.7071725792608934 0.7477734780261109 0.8446717059166046 0.8827088896423545 0.9234338575594633 0.9724127039557889 0.9852426314118437 0.9918370778673149 
0.24658179619625756 -0.9792123721354259 -0.9606139806112317 -0.9305622376734299 -0.9025833395651766 -0.8382741607393319 -0.7825126083008134 -0.7176939911941879 -0.6345452472546854 -0.5585728056032434 -0.45435424783513817 0.2927622295159493 -0.2693993032656972 -0.1699373534586233 -0.06598700302460347 0.04047717665393744 0.13082286645785313 0.23882163311264984 0.3412088182260071 0.4157877476921865 0.545470996501037 0.6086638061923556 0.6993493936578383 0.7719976899360461 0.8233548337745283 0.8915821823074147 0.9290001443675505 0.9318132367430508 0.9964595617939862 0.9992791294812068 
