0.8205712860171253 0.6167672084666237 0.8652394669546162 
0.9358175421838755 0.46873497231738537 0.8775769706230422 
0.9259403745986693 0.6584494523238156 0.8994127616023846 
0.9542573164250583 0.648195920209502 0.803240969839275 
0.8746133581766851 0.49282590522883285 0.797988261281124 
0.9090307794293643 0.6717549588150938 0.7662617202836683 
0.8746133581766851 0.49282590522883285 0.797988261281124 
0.9259403745986693 0.6584494523238156 0.8994127616023846 
0.9755309154826776 0.6729240202555403 0.8803325215894875 
0.8457541086192877 0.45301974215289786 0.883879094189989 
0.931317293256786 0.6728057326970168 0.9171651299970229 
0.9090307794293643 0.6717549588150938 0.7662617202836683 
0.8476823480025701 0.6243730039220452 0.7951213573112237 
0.8966853764942897 0.8390305739875079 0.9520461429881988 
0.8457541086192877 0.45301974215289786 0.883879094189989 
0.8966853764942897 0.8390305739875079 0.9520461429881988 
0.9044483066507303 0.40963431817187024 0.9557356370638217 
0.8205712860171253 0.6167672084666237 0.8652394669546162 
0.8476823480025701 0.6243730039220452 0.7951213573112237 
0.8076501915432781 0.6255752932722446 0.8585867647058105 
2.2027624683641513 2.1794672535764517 2.186811891466321 
2.1776339285793895 2.150719200194816 1.4442672792626545 
2.2503534197348127 1.5229105907725828 1.9348482507563252 
1.7672495362418204 1.2814188542640044 1.155222352494481 
1.6493737344526225 2.065044735940342 2.526467956706356 
2.4698425134223654 2.2098038364273016 2.461472674172358 
2.2431925317059767 0.8964250939353848 0.6399517044037627 
1.8905848217997288 2.2373319880023383 1.832344584123382 
1.4938895369117464 2.028807912176463 1.589744269890721 
2.246541895188709 1.2465024602473298 2.3156446666484176 
1.6830246987715909 2.0954853305929735 2.2687588113149677 
1.977505789376672 2.356610023809595 1.8030062895911767 
2.0284865148362927 1.211781178561221 2.1950723735686197 
1.3774532084045228 1.2679504359578146 1.528182196777798 
2.2027624683641513 2.1794672535764517 2.186811891466321 
1.8521073718824796 1.7294372479703972 1.5354151497548354 
1.998509356068856 1.7454039059491255 1.3979227414702926 
1.7117955233709714 1.9289800470415746 1.1265553829242108 
1.4940933914842498 1.726938177773264 1.6770184697171757 
1.7052560716596343 0.9167997307384362 1.1671073857665955 
1.955017617132814 1.6900588538467987 1.5209408229046146 
0.9309821323999181 1.9638892803013817 1.9998178110416087 
2.159833533250995 1.4892040171493497 2.1722782884870186 
1.8314924381125812 1.097459931028998 2.130859349978847 
2.711990366553978 2.2901863284007997 1.7369019945627318 
1.3824924866397539 2.1328607374949193 1.392971721655261 
2.1211742405490503 0.8004030962022529 2.178631977772369 
2.0284865148362927 1.211781178561221 2.1950723735686197 
1.5221775965496915 1.131229999344995 0.9067492977712901 
2.1111764499360537 1.7918401507351587 1.4799199450133984 
1.9583654889251771 1.4005909800184853 1.7708668938005951 
1.869356694204999 1.242473118549607 1.848221476627487 
1.6642909492921945 1.2388673230281826 2.846171246163733 
1.3774532084045228 1.2679504359578146 1.528182196777798 
1.4788734353268098 1.9110591678293067 1.3065543127557717 
1.3444101725638675 1.66904256079006 0.36942297072420127 
1.9030886156313143 1.9064101887931413 1.7611910546687581 
1.8952604490034581 1.4950977247322355 2.2011145273347323 
1.7954263187677229 1.800505990300391 2.4173844549076806 
1.3021094588863116 1.0061450041640203 2.206892070849498 
2.135982643860623 1.9641084663088026 1.6190393564898946 
1.5694636849540877 1.5040862265430108 2.2215771541745872 
2.2389469888913722 1.8143528686336061 2.2696495180675558 
1.4929420847696053 1.7275896396216173 1.7732458898390602 
2.020463363276323 1.7618667125642804 1.7266167037573161 
1.8392531041598201 1.2984302556927576 2.039049070207585 
1.6351269110041406 1.7855380642821546 1.7725306040307505 
2.2050229140301814 1.9650399356389128 0.8508741441285287 
1.4929420847696053 1.7275896396216173 1.7732458898390602 
1.6888774450785535 1.2710863305540505 1.4771831470954822 
1.7052560716596343 0.9167997307384362 1.1671073857665955 
2.025515099213905 2.357954111539847 1.1597747441430664 
0.9202133499938847 0.671397490699001 2.070436881374566 
1.6540111639523685 1.470045340597323 2.107476599356018 
1.4788734353268098 1.9110591678293067 1.3065543127557717 
1.5414843878408644 1.4040606041649069 1.886625805050672 
2.518868366812062 0.8562708901333647 1.4027745985894158 
2.0324495489769188 0.7468986796049359 1.1130874598474798 
1.8314924381125812 1.097459931028998 2.130859349978847 
1.6571774183023291 2.1377622455634397 1.8434781253824424 
1.9405601849065408 2.30301424479267 1.3642797912604083 
2.7732207169912964 2.14215179005612 1.0552084079153696 
2.5803027612301057 1.735953057462899 1.7209565883353473 
1.7931062465106615 1.0395448536955587 1.8556799590644575 
1.8562372580465965 1.003687603576957 1.334684017141654 
1.3021094588863116 1.0061450041640203 2.206892070849498 
1.977505789376672 2.356610023809595 1.8030062895911767 
2.42239404348973 1.0701625387080027 1.5257558238416158 
1.7927632637884146 1.1727316455297023 2.3721321417903365 
1.9591037818729369 1.6293453834456377 1.7726496421131168 
0.928003363275915 0.7300324779878395 0.9261902206321501 
1.289056546383979 1.7698047322136738 1.2632073159176647 
1.7931062465106615 1.0395448536955587 1.8556799590644575 
1.869356694204999 1.242473118549607 1.848221476627487 
1.9408412036756775 2.0387819473688134 0.939015889094727 
1.6830246987715909 2.0954853305929735 2.2687588113149677 
1.0694595189236131 1.7679466907220895 1.6456069751325346 
1.6571774183023291 2.1377622455634397 1.8434781253824424 
1.2197190370050983 1.284420342069979 1.723214094877428 
1.5851519929893303 1.1675472383999321 1.6162342693374159 
1.7672495362418204 1.2814188542640044 1.155222352494481 
2.240082656855958 1.4152931770386934 1.8026258409115545 
2.246541895188709 1.2465024602473298 2.3156446666484176 
1.4940933914842498 1.726938177773264 1.6770184697171757 
1.9374013330305604 1.53170085328014 2.7135399372837066 
1.2197190370050983 1.284420342069979 1.723214094877428 
1.9279190329129232 1.8347510116441783 1.545522863203828 
1.7921311641928988 1.8365525990640117 1.179449531832669 
1.2723020141938006 1.3937548128621193 1.8265602890026396 
2.126324001363287 1.1620216759120403 2.070958840699422 
1.5414843878408644 1.4040606041649069 1.886625805050672 
1.9279190329129232 1.8347510116441783 1.545522863203828 
2.0735844252488613 2.002634737915825 2.1680830101109456 
0.928003363275915 0.7300324779878395 0.9261902206321501 
1.8036702538866383 1.0558198476683687 1.127545647945136 
1.8521073718824796 1.7294372479703972 1.5354151497548354 
2.592150912957989 2.4617290155592686 2.7112294890536157 
1.7927632637884146 1.1727316455297023 2.3721321417903365 
2.240082656855958 1.4152931770386934 1.8026258409115545 
1.955017617132814 1.6900588538467987 1.5209408229046146 
1.3230766559335754 1.0768229913387468 2.0947022952541463 
2.2050229140301814 1.9650399356389128 0.8508741441285287 
0.9309821323999181 1.9638892803013817 1.9998178110416087 
1.851415509100228 1.037349994362951 1.771123708381419 
2.1211742405490503 0.8004030962022529 2.178631977772369 
1.9583654889251771 1.4005909800184853 1.7708668938005951 
1.851415509100228 1.037349994362951 1.771123708381419 
1.4534578383041554 2.1290594181971914 2.4218371907660416 
2.188815846162769 2.7328270068697296 2.1654659230396587 
1.1894611768362404 1.3298277266024876 1.3465264726394661 
1.333845818678239 1.3338050932366863 1.8023596076996837 
2.4190502288155318 1.0959395940658152 2.1690681141838515 
1.8169525059957208 1.5834383041618438 1.62132552364812 
1.0954396215402427 1.338391513531631 1.1687495321527601 
2.131952113599594 2.2256716673221986 1.7844103857133637 
1.2885143066289022 2.218196480833709 1.114338264739144 
1.5598066754606132 1.162706828817481 1.8710419373854592 
1.3824924866397539 2.1328607374949193 1.392971721655261 
1.1831403214699936 1.370371162871529 2.223070179163428 
1.3444101725638675 1.66904256079006 0.36942297072420127 
1.9030886156313143 1.9064101887931413 1.7611910546687581 
1.4860578608108317 1.4977410862218359 1.5168405474551152 
1.5694636849540877 1.5040862265430108 2.2215771541745872 
2.302343675665178 1.9648504249097565 0.9582344258315454 
1.7977045043390398 1.6797528497110645 1.9921744735429372 
2.066316853403068 1.0552984626920177 1.8110206556870945 
2.475496989469921 1.05607956466192 1.527432364881806 
1.5559301317219538 2.6174350213973954 2.5573408784551526 
2.475496989469921 1.05607956466192 1.527432364881806 
2.376966097370075 2.2771257064191004 1.2489265759026784 
2.250187027684137 2.148164524863701 2.3462549606741336 
2.38600812256904 1.2431485300797633 1.9780473318753315 
2.7182356363546143 2.1578253572949406 1.626509103453386 
2.3478699377370056 2.313078972292311 2.223874602298338 
1.3931780786238555 1.196941461763081 1.9340403138490905 
1.1894611768362404 1.3298277266024876 1.3465264726394661 
1.1878362572148449 2.2193618516402087 1.4171276837188747 
2.5388535888300914 1.7519785849841918 2.121933398988087 
1.6006056226897372 1.1201489057393372 2.6503691347865463 
1.8169525059957208 1.5834383041618438 1.62132552364812 
1.8952604490034581 1.4950977247322355 2.2011145273347323 
1.8001655344751706 2.1112019861620057 2.2144983575399673 
1.6540111639523685 1.470045340597323 2.107476599356018 
0.9202133499938847 0.671397490699001 2.070436881374566 
2.066321165839378 1.6531116186068742 2.003780814248358 
2.0889638172696396 0.8232570632273433 1.1267347401877081 
1.8562372580465965 1.003687603576957 1.334684017141654 
1.333845818678239 1.3338050932366863 1.8023596076996837 
1.8477187401927768 1.679824227653617 0.6808896614944613 
2.1111764499360537 1.7918401507351587 1.4799199450133984 
2.5388535888300914 1.7519785849841918 2.121933398988087 
1.0954396215402427 1.338391513531631 1.1687495321527601 
1.433777422711124 2.360782550743421 1.6616099262574509 
2.250187027684137 2.148164524863701 2.3462549606741336 
1.745747551483918 1.0617452503588973 2.3928457559090988 
1.6888774450785535 1.2710863305540505 1.4771831470954822 
1.8464941904266317 0.5485856959435651 2.0539821742777264 
1.1878362572148449 2.2193618516402087 1.4171276837188747 
1.63923183091135 1.2873371405444447 2.11387941925169 
1.5851519929893303 1.1675472383999321 1.6162342693374159 
2.0768624558051507 1.7380554349563933 2.2141238297431407 
1.3931780786238555 1.196941461763081 1.9340403138490905 
1.8477187401927768 1.679824227653617 0.6808896614944613 
2.0459803233228016 2.279749330284667 2.1362215266293574 
2.538110565159059 1.736079010543022 1.18852361083256 
1.1831403214699936 1.370371162871529 2.223070179163428 
1.4860578608108317 1.4977410862218359 1.5168405474551152 
1.4938895369117464 2.028807912176463 1.589744269890721 
1.6872848269014435 1.4379864338531698 1.7361795735122376 
1.8464941904266317 0.5485856959435651 2.0539821742777264 
2.516864834023149 1.0979114713477163 1.9883087534836656 
1.5260617495788562 0.9071304722812965 2.085538272898998 
2.3974464511736806 1.246240373888857 0.6296686352119845 
2.4698425134223654 2.2098038364273016 2.461472674172358 
2.0324495489769188 0.7468986796049359 1.1130874598474798 
2.63924320527315 1.5436476273161037 1.3573863542982247 
1.4366760492740869 0.8573380091245425 2.2590576702992857 
1.8036702538866383 1.0558198476683687 1.127545647945136 
2.2431925317059767 0.8964250939353848 0.6399517044037627 
2.020463363276323 1.7618667125642804 1.7266167037573161 
2.1243521937960064 1.4599964923732536 2.7431806363552687 
1.6351269110041406 1.7855380642821546 1.7725306040307505 
1.6872848269014435 1.4379864338531698 1.7361795735122376 
1.5260617495788562 0.9071304722812965 2.085538272898998 
2.1696909483730202 1.5763527109706694 0.8787779024894912 
1.0694595189236131 1.7679466907220895 1.6456069751325346 
2.1696909483730202 1.5763527109706694 0.8787779024894912 
2.0889638172696396 0.8232570632273433 1.1267347401877081 
2.130274420162742 1.190169682950758 2.4186988593782397 
1.5221775965496915 1.131229999344995 0.9067492977712901 
