1.5389631425348946 0.547445071232427 
1.303049223012211 0.5517787522273514 
1.295615747120698 0.5631037063029273 
1.295615747120698 0.5631037063029273 
1.29702003270817 0.5525273047517454 
1.2878243986863096 0.5620515001290809 
1.2871857405178526 0.5968432483274021 
1.2871857405178526 0.5968432483274021 
0.7569849580053203 0.6188862161024747 
0.8423519321052328 0.6201790818282307 
0.7783416721880871 0.6182894835380196 
0.7452107918901238 0.6180117717826054 
0.7452107918901238 0.6180117717826054 
0.8713415803210052 0.6190889503970373 
0.7876459549310313 0.6201292683560597 
0.7404295654807613 0.6203371835044078 
0.7404295654807613 0.6203371835044078 
0.7044119154888642 0.6199902853443786 
0.7478455030983959 0.6217446541719039 
0.7276350276877875 0.624894893359698 
0.7047514301152917 0.6256062427565562 
0.6972790873647983 0.6275276297952629 
0.6972790873647983 0.6275276297952629 
0.6886392954318089 0.6305423305393675 
0.6910735749061049 0.6367020852205777 
0.6873704128913615 0.63334098922578 
0.6510657919764653 0.647577931611254 
0.6851881556040871 0.6525815706423687 
0.6819715403671 0.6524353741144953 
0.6819715403671 0.6524353741144953 
0.6735257237577308 0.6588083383530045 
0.6553409212804397 0.662717125197072 
0.6553409212804397 0.662717125197072 
0.6664765732480713 0.674588104559705 
0.6661437522124714 0.6782047611141583 
0.6510657919764653 0.647577931611254 
0.6593651419950407 0.6898312534782257 
0.6432034916214648 0.6977062545206273 
0.6661437522124714 0.6782047611141583 
0.6522794623744609 0.7099047843481235 
0.6478893526959899 0.7135227693955752 
0.650737774855283 0.7198663606046408 
0.642797129738222 0.7195978275691092 
0.6349621838712368 0.7186553438755853 
0.6349621838712368 0.7186553438755853 
0.6316444351627876 0.7329446154135375 
0.6316444351627876 0.7329446154135375 
0.6300836601814664 0.7291537136565205 
0.5803903007107309 0.7500954958120591 
0.5803903007107309 0.7500954958120591 
0.6162065567565945 0.7711635941869646 
0.6114068296168546 0.7683581776627184 
0.5633086097902006 0.7815107038485539 
0.5746476496403882 0.7808958077079232 
0.6097508654292392 0.7848242328633617 
0.5951823945126139 0.7991173462431053 
0.5951823945126139 0.7991173462431053 
0.5733881464606124 0.8229142817074333 
0.5733881464606124 0.8229142817074333 
0.5219516857006099 0.8266556625370115 
0.5746476496403882 0.7808958077079232 
0.5180141466940136 0.759186615583494 
0.5507902079270643 0.7650868546901923 
0.5507902079270643 0.7650868546901923 
0.5129955501360655 0.7921313320098486 
0.5063088221503869 0.8149441989610445 
0.5135757943547969 0.8125833026083091 
0.5219516857006099 0.8266556625370115 
0.5129955501360655 0.7921313320098486 
0.4928316785535737 0.8030063106186636 
0.5063088221503869 0.8149441989610445 
0.4927235800498929 0.8419146132500119 
0.4928316785535737 0.8030063106186636 
0.495139214557275 0.8125207395513547 
0.49704304673626365 0.8375789618187738 
0.48302379178751864 0.8252244974979202 
0.495139214557275 0.8125207395513547 
0.4514630385101814 0.8405315330263843 
0.48302379178751864 0.8252244974979202 
0.43869619263348053 0.8454523124348203 
0.4364294821723512 0.8301042738413787 
0.4514630385101814 0.8405315330263843 
0.4364294821723512 0.8301042738413787 
0.4411989604114512 0.8473130554746832 
0.43869619263348053 0.8454523124348203 
0.44660016867723096 0.8715581813509644 
0.4321969954827657 0.8809735282323974 
0.42333788935498684 0.8733718110154074 
0.42831754828475554 0.8758470907456588 
0.44065439062499956 0.8743514810905442 
0.42831754828475554 0.8758470907456588 
0.42333788935498684 0.8733718110154074 
0.4238853124301448 0.8948372094921604 
0.4197744740485151 0.8973663009472335 
0.4197744740485151 0.8973663009472335 
0.40937971844272536 0.9014296612020082 
0.41557045940263054 0.9035603733874022 
0.40937971844272536 0.9014296612020082 
0.40873206844212717 0.9247165024346118 
0.4033763724457634 2.6948940415228133 
