0.7196122200076719 0.9323124276577877 0.9102041542979665 0.989789025422111 0.9171157233469087 1.0 0.8871140936062295 0.9638123454887991 0.9628121649791814 0.8857309911297202 0.715405791056248 0.7781081449097916 0.6496711265901148 0.6308026345262737 0.5641623629011489 0.4517212979523231 0.28351267227733257 0.26002879134772283 0.10115286505127297 0.05283538391003253 -0.09068513212676359 -0.15277140722771781 -0.2983736402099949 -0.35836207906542633 -0.507442423763618 -0.5456231230187328 -0.6624660176584951 -0.7103416467202734 -0.1266166302161731 -0.8394832436680034 
0.7196122200076719 0.9312620500670634 0.9023635778177258 0.9920668776572983 0.9148593743354059 1.0 0.8836345790107722 0.9638123454887991 0.9512248615500621 0.8908705559196024 0.7112200957086179 0.7748138028655873 0.6536584111090581 0.6322813446350477 0.5572482510410571 0.45378386100121326 0.28597223284559575 0.26415274743895545 0.10115286505127297 0.045976592761691686 -0.0613215081202462 -0.15832320026725621 -0.29133749579238527 -0.3553339317345278 -0.5098752014546718 -0.5515035808584545 -0.5112910405883793 -0.7079281896651506 -0.7696362515269272 -0.8370467075670247 
0.7196122200076719 0.9323124276577877 0.9102041542979665 0.9880252909042313 0.92375327394724 0.9938197950383806 0.844644532692898 0.9670847995262675 0.9444935764178406 0.8941438199789986 0.7307376751137787 0.7764257176724643 0.6575409500577687 0.6297648025331289 0.47836409250261064 0.45368246485877267 0.3760077179852035 0.26026710061248953 0.09041699018436097 0.02547322104339258 -0.08745927131226693 -0.1654216512556779 -0.29206775104779914 -0.3587547217143675 -0.5110349729532442 -0.5443229183430217 -0.6638014490009074 -0.7103457245610459 -0.7673475342238082 -0.8370467075670247 
0.7196122200076719 0.9323124276577877 0.9102041542979665 0.9880252909042313 0.92375327394724 0.9938197950383806 0.844644532692898 0.9670847995262675 0.9444935764178406 0.8941438199789986 0.7307376751137787 0.7764257176724643 0.6575409500577687 0.6297648025331289 0.47836409250261064 0.45368246485877267 0.3760077179852035 0.26026710061248953 0.09041699018436097 0.02547322104339258 -0.08745927131226693 -0.1654216512556779 -0.29206775104779914 -0.3587547217143675 -0.5110349729532442 -0.5443229183430217 -0.6638014490009074 -0.7103457245610459 -0.7673475342238082 -0.8370467075670247 
0.7196122200076719 0.9323124276577877 0.9102041542979665 0.989789025422111 0.9190453878691771 1.0 0.8962893659901306 0.9638123454887991 0.9444935764178406 0.8876864537054583 0.7307376751137787 0.7781081449097916 0.6575409500577687 0.6317885750670874 0.5641623629011489 0.45378386100121326 0.3760077179852035 0.26026710061248953 0.07718775728401264 0.03444545870348881 -0.08007988363168672 -0.1654216512556779 -0.29206775104779914 -0.3624276380173706 -0.5605461458485196 -0.5456231230187328 -0.6638014490009074 -0.7098867338242011 -0.7166246963028653 -0.8370467075670247 
0.7196122200076719 0.9287608082152706 0.9102041542979665 0.989789025422111 0.919107694202859 1.0 0.8921925820256967 0.961486281461758 0.9541935601421809 0.8908705559196024 0.7201166698814523 0.784778219987731 0.6636359702033177 0.6308026345262737 0.5641623629011489 0.45378386100121326 0.28597223284559575 0.2621053272836895 0.10115286505127297 0.05283538391003253 -0.06762345101177261 -0.15832320026725621 -0.29133749579238527 -0.3553339317345278 -0.5098752014546718 -0.5363378639979655 -0.6452837705076566 -0.7036185400068898 -0.7696362515269272 -0.8370467075670247 
0.7196122200076719 0.9228532513493968 0.9055534240412144 0.989789025422111 0.919107694202859 1.0 0.8921925820256967 0.961486281461758 0.9462048984035918 0.8810366467117978 0.7201166698814523 0.77990672940285 0.6636359702033177 0.6308026345262737 0.5641623629011489 0.45378386100121326 0.28597223284559575 0.2688479098254432 0.10115286505127297 0.06324316185960864 -0.06762345101177261 -0.163171626147416 -0.3053970740186161 -0.34871669423780166 -0.5098752014546718 -0.5540788335441602 -0.6452837705076566 -0.7036185400068898 -0.7723735614216475 -0.8370467075670247 
0.7196122200076719 0.9228532513493968 0.9055534240412144 0.989789025422111 0.919107694202859 1.0 0.8921925820256967 0.961486281461758 0.9462048984035918 0.8810366467117978 0.7201166698814523 0.77990672940285 0.6636359702033177 0.6308026345262737 0.5641623629011489 0.45378386100121326 0.28597223284559575 0.2688479098254432 0.10115286505127297 0.06324316185960864 -0.06762345101177261 -0.163171626147416 -0.3053970740186161 -0.34871669423780166 -0.5098752014546718 -0.5540788335441602 -0.6452837705076566 -0.7036185400068898 -0.7723735614216475 -0.8370467075670247 
0.38608630407313865 0.9323124276577877 0.9002678045526931 0.989789025422111 0.9102868706336389 1.0 0.844644532692898 0.9670847995262675 0.9510226228438909 0.8901495289404033 0.7307376751137787 0.7752568377833848 0.6698922045010525 0.6308026345262737 0.5535428389054783 0.454567972841355 0.06888398120238529 0.25825495381429636 0.0841774291320943 0.05283538391003253 -0.10075051339912847 -0.1654216512556779 -0.2835877894759812 -0.3509157863770071 -0.5039047088676427 -0.5443229183430217 -0.6307175023849667 -0.7036185400068898 -0.7696362515269272 -0.8382528203206979 
0.38608630407313865 0.9322373518645193 0.9022041799832317 0.989789025422111 0.9116074558730035 1.0 0.6245339514759689 0.9638123454887991 0.9573401982231469 0.8951862481182878 0.728527002471906 0.7766794037237392 0.6163837007204859 0.6331761829434335 0.673504914647562 0.45495702623936674 0.6871123248647275 0.2629961576982098 0.08924753775314302 0.05283538391003253 -0.07373962652061379 -0.1481929202062972 -0.28887815607271955 -0.3553339317345278 -0.5098752014546718 -0.5363378639979655 -0.6479414553975457 -0.7094107606100715 -0.7650845786532168 -0.8370467075670247 
0.38608630407313865 0.9312620500670634 0.9102041542979665 0.989789025422111 0.9116074558730035 1.0 0.6245339514759689 0.9641042152287422 0.9562853757935088 0.8908705559196024 0.7201166698814523 0.7752568377833848 0.6536584111090581 0.6308026345262737 0.5641623629011489 0.45378386100121326 0.2844046112091108 0.2621053272836895 0.10115286505127297 0.05283538391003253 -0.07562668134757021 -0.15832320026725621 -0.29133749579238527 -0.3553339317345278 -0.5694871974692589 -0.5363378639979655 -0.6452837705076566 -0.7059390089517039 -0.7238158363008433 -0.8370467075670247 
0.38608630407313865 0.9362649273017174 0.679846802928755 0.9880252909042313 0.92375327394724 1.0 0.844644532692898 0.9641042152287422 0.9627278179534593 0.8908705559196024 0.7405825249426239 0.7764257176724643 0.6496711265901148 0.6308026345262737 0.5641623629011489 0.45368246485877267 0.3760077179852035 0.2621053272836895 0.11047575391522546 0.04841727757778204 -0.09068513212676359 -0.1606921530251659 -0.2884653777189908 -0.35836207906542633 -0.5110349729532442 -0.5456231230187328 -0.6638014490009074 -0.7051766736400195 -0.7238158363008433 -0.8370467075670247 
0.38608630407313865 0.9362649273017174 0.679846802928755 0.9880252909042313 0.92375327394724 1.0 0.844644532692898 0.9641042152287422 0.9627278179534593 0.8908705559196024 0.7405825249426239 0.7764257176724643 0.6496711265901148 0.6308026345262737 0.5641623629011489 0.45368246485877267 0.3760077179852035 0.2621053272836895 0.11047575391522546 0.04841727757778204 -0.09068513212676359 -0.1606921530251659 -0.2884653777189908 -0.35836207906542633 -0.5110349729532442 -0.5456231230187328 -0.6638014490009074 -0.7051766736400195 -0.7238158363008433 -0.8370467075670247 
0.38608630407313865 0.9323124276577877 0.9024944091513757 0.989789025422111 0.919107694202859 1.0 0.8854991938293506 0.9638123454887991 0.9444935764178406 0.8908705559196024 0.9280666260037789 0.7781081449097916 0.6163837007204859 0.6354458682209382 0.5641623629011489 0.4491394266462217 0.06888398120238529 0.26002879134772283 0.08026826111078923 0.05283538391003253 -0.092679005305399 -0.15832320026725621 -0.281285263827999 -0.3624276380173706 -0.5098752014546718 -0.5443229183430217 -0.16384071491974525 -0.7120016622566568 -0.7673475342238082 -0.8335353632266174 
0.38608630407313865 0.9323124276577877 0.9055534240412144 0.989789025422111 0.9116074558730035 1.0 0.6245339514759689 0.961486281461758 0.9519532730059476 0.8883923374465155 0.7201166698814523 0.7766794037237392 0.6553633589284338 0.6308026345262737 0.673504914647562 0.45495702623936674 0.28272507389852025 0.2629961576982098 0.08924753775314302 0.04896694367215073 -0.06516098133458402 -0.16230708002886357 -0.28887815607271955 -0.3553339317345278 -0.5694871974692589 -0.5363378639979655 -0.6479414553975457 -0.7059390089517039 -0.7696362515269272 -0.8370467075670247 
0.38608630407313865 0.9362649273017174 0.679846802928755 0.9878014576138876 0.9193826725808977 1.0 0.9456085489708306 0.9617378666983417 0.9627278179534593 0.892655236846697 0.7405825249426239 0.7760526011233717 0.6525271898753214 0.6308026345262737 0.5591454341083513 0.45368246485877267 0.3760077179852035 0.2621053272836895 0.11047575391522546 0.04841727757778204 -0.10075051339912847 -0.1606921530251659 -0.2884653777189908 -0.35836207906542633 -0.5110349729532442 -0.5363378639979655 -0.6538595869055931 -0.7051766736400195 -0.7238158363008433 -0.8370467075670247 
0.38608630407313865 0.9362649273017174 0.679846802928755 0.9878014576138876 0.9193826725808977 1.0 0.9456085489708306 0.9617378666983417 0.9627278179534593 0.892655236846697 0.7405825249426239 0.7760526011233717 0.6525271898753214 0.6308026345262737 0.5591454341083513 0.45368246485877267 0.3760077179852035 0.2621053272836895 0.11047575391522546 0.04841727757778204 -0.10075051339912847 -0.1606921530251659 -0.2884653777189908 -0.35836207906542633 -0.5110349729532442 -0.5363378639979655 -0.6538595869055931 -0.7051766736400195 -0.7238158363008433 -0.8370467075670247 
0.38608630407313865 0.9323124276577877 0.9102041542979665 0.9883579711200946 0.9261625881776164 1.0 0.8835438974701367 0.965764680840071 0.903839464206099 0.8908705559196024 0.9031061647066126 0.7807775086910589 0.6049892285406098 0.6375593117425878 0.5510082560139543 0.4496948295679557 0.2861671639956917 0.2621053272836895 0.25948278535306557 0.045976592761691686 -0.09068513212676359 -0.15832320026725621 -0.29009956937831965 -0.3585297183099823 -0.507442423763618 -0.5418259869118459 -0.6624660176584951 -0.7036185400068898 -0.7673475342238082 -0.8394832436680034 
0.38608630407313865 0.9362632553308784 0.679846802928755 0.9910736662271108 0.9261625881776164 1.0 0.8835438974701367 0.9641042152287422 0.9627278179534593 0.8908705559196024 0.8985708315930875 0.7807775086910589 0.6496711265901148 0.6375593117425878 0.5571615609820619 0.45368246485877267 0.3760077179852035 0.26002879134772283 0.10761523072157066 0.05283538391003253 -0.09843198313675468 -0.15832320026725621 -0.2836700178181423 -0.36069918954962776 -0.5166426141543996 -0.5456231230187328 -0.6624660176584951 -0.7120016622566568 -0.9035771215696988 -0.8394832436680034 
0.38608630407313865 0.9287608082152706 0.9102041542979665 0.989789025422111 0.919107694202859 1.0 0.768292663872558 0.9641042152287422 0.947857394404428 0.8908705559196024 0.7259022134389816 0.7752568377833848 0.6636359702033177 0.6332491124121422 0.5641623629011489 0.45519324995495986 0.3760077179852035 0.25825495381429636 0.09148143802719955 0.05283538391003253 -0.07562668134757021 -0.1654216512556779 -0.29133749579238527 -0.3553339317345278 -0.5791199383251927 -0.5388470633779989 -0.6405605554980557 -0.7008064533505959 -0.7238158363008433 -0.8370467075670247 
0.38608630407313865 0.9336974057121021 0.899406697332105 0.9856909921287555 0.919107694202859 1.0 0.8773706263930018 0.9620135560036062 0.9494839926453996 0.8908705559196024 0.899896904009748 0.775160225406546 0.6334261260752346 0.6271525448347922 0.6723630263403024 0.4542275156913884 0.2828724756774277 0.2551688126100811 0.19954463735289835 0.05283538391003253 -0.018075012020056333 -0.15832320026725621 -0.3058982527482085 -0.3416513137896766 -0.45523856048020356 -0.5549966180682887 -0.6389242367087 -0.7032618330982421 -0.7589594162810348 -0.8335353632266174 
0.38608630407313865 0.9362649273017174 0.9047971016333308 0.9880252909042313 0.9145911435279633 1.0 0.8903378555403986 0.961486281461758 0.9665142856225145 0.8908705559196024 0.719668071886185 0.7835191615730166 0.6496711265901148 0.6308026345262737 0.5641623629011489 0.4601357898676161 0.28597223284559575 0.2621053272836895 0.10115286505127297 0.05283538391003253 -0.06762345101177261 -0.15330825299245948 -0.2884653777189908 -0.3674145463536315 -0.5084765580431706 -0.5363378639979655 -0.6452837705076566 -0.7036185400068898 -0.7709118426572295 -0.8245002185737205 
0.38608630407313865 0.9362649273017174 0.9047971016333308 0.9880252909042313 0.9145911435279633 1.0 0.8903378555403986 0.961486281461758 0.9665142856225145 0.8908705559196024 0.719668071886185 0.7835191615730166 0.6496711265901148 0.6308026345262737 0.5641623629011489 0.4601357898676161 0.28597223284559575 0.2621053272836895 0.10115286505127297 0.05283538391003253 -0.06762345101177261 -0.15330825299245948 -0.2884653777189908 -0.3674145463536315 -0.5084765580431706 -0.5363378639979655 -0.6452837705076566 -0.7036185400068898 -0.7709118426572295 -0.8245002185737205 
0.38608630407313865 0.9312862082538619 0.9252198143211273 0.9892684716291321 0.9343582879603638 1.0 0.9599309859823815 0.9655895269493857 0.9541935601421809 0.8928659796505444 0.8996706869227955 0.7760325169504028 0.7773112345439226 0.6271525448347922 0.5125703302151889 0.466088655484841 0.28574020405318 0.2670618309916854 0.19948291272713004 0.05181406937010492 -0.013073700135339775 -0.16115972686384994 -0.2872829881263026 -0.3461637170717492 -0.5065759987879309 -0.5584593527151148 -0.6109837832326174 -0.7117691650912291 -0.7716347255558971 -0.8370255528392481 
0.38608630407313865 0.9312862082538619 0.9102041542979665 0.9856909921287555 0.9405458814173996 1.0 0.9595534867505348 0.9594098689450131 0.9544408200163884 0.8928659796505444 0.8508562099184374 0.7760325169504028 0.7710963492206059 0.6271525448347922 0.5183518400832496 0.466088655484841 0.27624571522558417 0.2670618309916854 0.13896178125003372 0.043747061447384966 -0.013073700135339775 -0.16115972686384994 -0.2872829881263026 -0.3461637170717492 -0.5601929543234894 -0.5606430687888836 -0.6122622719893207 -0.7117691650912291 -0.7910913504968982 -0.8370255528392481 
0.38608630407313865 0.9292423054078464 0.9267455922087223 0.9856909921287555 0.931939345449711 1.0 0.9551520682796412 0.9667585984183609 0.9368933826798138 0.8929045087263762 0.8996706869227955 0.7856837025142732 0.7193069988031195 0.6271525448347922 0.4918026870462131 0.448230175604417 0.3551048280754039 0.259489543075919 0.0937901358063226 0.041582283540725386 -0.0012984863159404116 -0.1643425266150287 -0.2818749266309755 -0.3617025434225827 -0.4997853984504826 -0.5565848336494011 -0.6813585675201459 -0.7143893092912764 -0.7595264437302148 -0.843232823807595 
0.38551680251171605 0.9323124276577877 0.8954956664356002 0.9789393397100262 0.9154550120936485 1.0 0.9599309859823815 0.9651482175187542 0.953260432114763 0.8855663642410491 0.8940235349147347 0.7776985540207121 0.6953723713188517 0.6360680223142003 0.5686798954848494 0.448230175604417 0.3551048280754039 0.2618782318371192 0.2007158518236939 0.0515715504104227 -0.05024388692576931 -0.15682581012380878 -0.27891044897753114 -0.35076050497305644 -0.5065759987879309 -0.53304387220027 -0.6109837832326174 -0.7017956850549911 -0.7746424853241622 -0.8370255528392481 
0.38608630407313865 0.9292423054078464 0.9267455922087223 0.9856909921287555 0.931939345449711 0.9900309378931021 0.9595534867505348 0.9667585984183609 0.936195802346257 0.8929045087263762 0.846747704006388 0.784778219987731 0.763531699877872 0.6173263088197369 0.4965063219617476 0.466088655484841 0.3551048280754039 0.26043956765563164 0.13896178125003372 0.03315013478702255 -0.00656978816916341 -0.1643425266150287 -0.28110937429853056 -0.34929133807893686 -0.4959410271494221 -0.5551181168811906 -0.6813585675201459 -0.7117691650912291 -0.7812640958805805 -0.8370255528392481 
0.38635904908305146 0.9323124276577877 0.9022793624058758 0.9982094367165666 0.931247544575214 0.9987792630424588 0.9588705328638794 0.9594943956085746 0.9232387845153908 0.8976657584989618 0.8945335326896164 0.7801088971288103 0.773090078782713 0.6296611726415431 0.5574186245911139 0.45378386100121326 0.34149945536986226 0.2561893504780001 0.2010171516882281 0.05283538391003253 -0.06437531278685034 -0.16395182781511455 -0.2961303295629949 -0.34008730126473624 -0.5065759987879309 -0.5551181168811906 -0.6202854966420341 -0.7250814269710982 -0.7649295481203159 -0.8447798427318131 
0.38635904908305146 0.9323124276577877 0.9022793624058758 0.9982094367165666 0.931247544575214 0.9987792630424588 0.9588705328638794 0.9594943956085746 0.9232387845153908 0.8976657584989618 0.8945335326896164 0.7801088971288103 0.773090078782713 0.6296611726415431 0.5574186245911139 0.45378386100121326 0.34149945536986226 0.2561893504780001 0.2010171516882281 0.05283538391003253 -0.06437531278685034 -0.16395182781511455 -0.2961303295629949 -0.34008730126473624 -0.5065759987879309 -0.5551181168811906 -0.6202854966420341 -0.7250814269710982 -0.7649295481203159 -0.8447798427318131 
0.38608630407313865 0.7868547352142201 0.8954956664356002 0.9827593063727715 0.9276710469890762 1.0 0.9533502134018692 0.9667585984183609 0.9420159096521653 0.8929045087263762 0.8478096853645207 0.7800033996148772 0.7695909454500994 0.6192134627324436 0.4965063219617476 0.448230175604417 0.3551048280754039 0.2615062574829542 0.13896178125003372 0.03315013478702255 -0.048212495711801584 -0.1643425266150287 -0.29247058708956397 -0.34929133807893686 -0.4959410271494221 -0.5551181168811906 -0.6838800572851513 -0.7189887130493263 -0.7545984569202433 -0.8383270242637108 
0.38608630407313865 0.9368305058248513 0.8954956664356002 0.9841924009892623 0.8850989116822835 1.0 0.9533502134018692 0.9667585984183609 0.9232387845153908 0.8929045087263762 0.8049943378307964 0.7800033996148772 0.6910379563929203 0.6192134627324436 0.5620581487336193 0.448230175604417 0.34149945536986226 0.26528913168317153 0.19343484429969499 0.0249756833240943 -0.05577706307701325 -0.1643425266150287 -0.29355093677189265 -0.35794656559202737 -0.5088916148732956 -0.5565848336494011 -0.5512922793506985 -0.7224215706857506 -0.7400592498285273 -0.8140905986874556 
0.38608630407313865 0.9368305058248513 0.8954956664356002 0.9841924009892623 0.8850989116822835 1.0 0.9533502134018692 0.9667585984183609 0.9232387845153908 0.8929045087263762 0.8049943378307964 0.7800033996148772 0.6910379563929203 0.6192134627324436 0.5620581487336193 0.448230175604417 0.34149945536986226 0.26528913168317153 0.19343484429969499 0.0249756833240943 -0.05577706307701325 -0.1643425266150287 -0.29355093677189265 -0.35794656559202737 -0.5088916148732956 -0.5565848336494011 -0.5512922793506985 -0.7224215706857506 -0.7400592498285273 -0.8140905986874556 
0.38608630407313865 0.7999575953352143 0.8954956664356002 0.9827593063727715 0.9184964839771754 0.9889666884898143 0.948984698285048 0.9667585984183609 0.9420159096521653 0.8994576558411077 0.8433618275384656 0.7856739373833913 0.7661879811825163 0.6263572374177689 0.5857844706344473 0.448230175604417 0.34951949432773893 0.26842334419569813 0.13044978572435886 0.03665034140267644 -0.05577706307701325 -0.15298578498128806 -0.29355093677189265 -0.34929133807893686 -0.5136451980409603 -0.5565848336494011 -0.6035942406711973 -0.7224215706857506 -0.7490807485378372 -0.8427368100443473 
0.38608630407313865 0.9368305058248513 0.8954956664356002 0.9827593063727715 0.9184964839771754 0.9954212622469569 0.948984698285048 0.961369801753916 0.9232387845153908 0.8929045087263762 0.8433618275384656 0.7800033996148772 0.6843188464242271 0.6192134627324436 0.5857844706344473 0.448230175604417 0.3474293730377424 0.275068460029114 0.13044978572435886 0.03806325685544969 -0.05577706307701325 -0.16113955246823172 -0.29355093677189265 -0.38900070404367404 -0.5088916148732956 -0.5565848336494011 -0.5512922793506985 -0.7184536678143882 -0.7400592498285273 -0.808542298415471 
0.38551680251171605 0.9323124276577877 0.8954956664356002 0.9789393397100262 0.9154550120936485 1.0 0.9599309859823815 0.9651482175187542 0.953260432114763 0.8855663642410491 0.8940235349147347 0.7776985540207121 0.6953723713188517 0.6360680223142003 0.5686798954848494 0.448230175604417 0.3551048280754039 0.2618782318371192 0.2007158518236939 0.0515715504104227 -0.05024388692576931 -0.15682581012380878 -0.27891044897753114 -0.35076050497305644 -0.5065759987879309 -0.53304387220027 -0.6109837832326174 -0.7017956850549911 -0.7746424853241622 -0.8370255528392481 
0.38608630407313865 0.93749884791819 0.889778250201064 0.9874086783082375 0.9184964839771754 1.0 0.9820335936690024 0.9625711600711657 0.9311388515268109 0.9168056371047903 0.8945335326896164 0.7837701118867976 0.7493047545665446 0.6192134627324436 0.5857844706344473 0.448230175604417 0.3402803387985449 0.26658028354716584 0.13757131908119796 0.0249756833240943 -0.039308012010166316 -0.138257031218375 -0.29355093677189265 -0.3530102506756533 -0.5113605368921639 -0.5546111132988547 -0.6008362225846429 -0.7223598261565513 -0.7583215786619663 -0.8477585588545355 
0.38608630407313865 0.7960441304128345 0.8809865476035368 0.9933643541943835 0.9184964839771754 0.9991466199936134 0.9573305357115336 0.9704946070416129 0.9346964781421198 0.9121512777620682 0.8284468548438839 0.7788522306801294 0.6910379563929203 0.6363519565191876 0.5857844706344473 0.44648216495518406 0.33664638293570365 0.26842334419569813 0.14058486369648102 0.02336587299788229 -0.026230786966954883 -0.15552120036940364 -0.29355093677189265 -0.35994819277180473 -0.482282362579716 -0.5565848336494011 -0.5592660702015846 -0.7224215706857506 -0.7400592498285273 -0.8114860814659443 
0.38608630407313865 0.9368305058248513 0.8954956664356002 0.9827593063727715 0.9184964839771754 0.9954212622469569 0.948984698285048 0.961369801753916 0.9232387845153908 0.8929045087263762 0.8433618275384656 0.7800033996148772 0.6843188464242271 0.6192134627324436 0.5857844706344473 0.448230175604417 0.3474293730377424 0.275068460029114 0.13044978572435886 0.03806325685544969 -0.05577706307701325 -0.16113955246823172 -0.29355093677189265 -0.38900070404367404 -0.5088916148732956 -0.5565848336494011 -0.5512922793506985 -0.7184536678143882 -0.7400592498285273 -0.808542298415471 
0.38608630407313865 0.7960441304128345 0.8809865476035368 0.9864804730183755 0.931939345449711 0.9837954812005535 0.9633264382644158 0.9748855249593815 0.9298500135195022 0.9121512777620682 0.8262088955520945 0.7788522306801294 0.6953723713188517 0.6263572374177689 0.578294542586973 0.4368094687698451 0.3551048280754039 0.26842334419569813 0.17059409523194113 0.0515715504104227 -0.04749858057021878 -0.13190158978595914 -0.29920698188185774 -0.35994819277180473 -0.5080439714342335 -0.5565848336494011 -0.6035942406711973 -0.7224215706857506 -0.7343709800211793 -0.8114860814659443 
0.38551680251171605 0.7912501723226782 0.8766501862775202 0.9908365317811458 0.9225418010016815 1.0 0.9573305357115336 0.9674922291409528 0.9247245259401367 0.9121512777620682 0.8643732610615912 0.7924344630543144 0.6888824230529007 0.6173263088197369 0.5529101998432366 0.44916258754821525 0.3657557493555228 0.26842334419569813 0.14996030108977162 0.02611438285985746 -0.026230786966954883 -0.13399413653229844 -0.28722913710608733 -0.3570779010378471 -0.46959949716471155 -0.5565848336494011 -0.5592660702015846 -0.7146755918233135 -0.7089051022688259 -0.8244101492116946 
0.38551680251171605 0.7960441304128345 0.8891552695659616 0.9908365317811458 0.9225418010016815 1.0 0.9820335936690024 0.9674038746000101 0.9311388515268109 0.9121512777620682 0.8688614352973665 0.7924344630543144 0.6888824230529007 0.6363519565191876 0.5529101998432366 0.44648216495518406 0.33664638293570365 0.2615062574829542 0.1340816852043017 0.03509377173861753 -0.04515572551226271 -0.14017555534646586 -0.28722913710608733 -0.35994819277180473 -0.4835893281975146 -0.520667516780048 -0.5592660702015846 -0.7224215706857506 -0.7089051022688259 -0.870172771462307 
0.38608630407313865 0.9251584003624169 0.8712758563039352 1.0 0.9184964839771754 1.0 0.9595534867505348 0.9745376249448996 0.9247245259401367 0.8788243375988901 0.8323319670474473 0.7754267778280477 0.7365897103734955 0.6173263088197369 0.4965063219617476 0.466088655484841 0.3551048280754039 0.2618782318371192 0.14291112803529915 0.006915345715763133 0.004789981539006002 -0.15568613707780468 -0.28110937429853056 -0.34929133807893686 -0.5005888208580465 -0.53304387220027 -0.6109837832326174 -0.703684672913183 -0.7812640958805805 -0.8220903406409907 
0.38551680251171605 0.7870287035493412 0.889778250201064 0.9855613517886354 0.9104177533171203 1.0 0.966432790998402 0.9638628054319215 0.9311388515268109 0.9168056371047903 0.8688614352973665 0.7719606207043139 0.7446086582805851 0.6360680223142003 0.5831437450327206 0.45437316551224555 0.3518412554913819 0.27432668110265546 0.13757131908119796 0.029020566428495223 -0.04609227565533627 -0.14142242658369633 -0.2723868063840917 -0.3826324433064252 -0.49463001801062223 -0.5275943424894197 -0.578429085192604 -0.7223598261565513 -0.7089051022688259 -0.8477585588545355 
0.38551680251171605 0.7870287035493412 0.889778250201064 0.9855613517886354 0.9104177533171203 1.0 0.966432790998402 0.9638628054319215 0.9311388515268109 0.9168056371047903 0.8688614352973665 0.7719606207043139 0.7446086582805851 0.6360680223142003 0.5831437450327206 0.45437316551224555 0.3518412554913819 0.27432668110265546 0.13757131908119796 0.029020566428495223 -0.04609227565533627 -0.14142242658369633 -0.2723868063840917 -0.3826324433064252 -0.49463001801062223 -0.5275943424894197 -0.578429085192604 -0.7223598261565513 -0.7089051022688259 -0.8477585588545355 
0.38551680251171605 0.9194774582705452 0.8954956664356002 0.9789393397100262 0.9145816782411379 0.7414963886729202 0.966432790998402 0.9627611630364229 0.9311388515268109 0.9166834292868459 0.8284468548438839 0.7719606207043139 0.7446086582805851 0.6360680223142003 0.5831437450327206 0.4559553687794665 0.3551048280754039 0.27432668110265546 0.13757131908119796 0.044472925009212884 -0.03647434799897629 -0.13590686480303127 -0.27891044897753114 -0.3416265381666236 -0.4883854927231925 -0.5275943424894197 -0.578429085192604 -0.7011997014787819 -0.7305979866280139 -0.8238979868955768 
0.38551680251171605 0.9194774582705452 0.8954956664356002 0.9789393397100262 0.9145816782411379 0.7414963886729202 0.966432790998402 0.9627611630364229 0.9311388515268109 0.9166834292868459 0.8284468548438839 0.7719606207043139 0.7446086582805851 0.6360680223142003 0.5831437450327206 0.4559553687794665 0.3551048280754039 0.27432668110265546 0.13757131908119796 0.044472925009212884 -0.03647434799897629 -0.13590686480303127 -0.27891044897753114 -0.3416265381666236 -0.4883854927231925 -0.5275943424894197 -0.578429085192604 -0.7011997014787819 -0.7305979866280139 -0.8238979868955768 
0.38608630407313865 0.7960441304128345 0.8896858220123047 0.9991163679700421 0.9184964839771754 1.0 0.9806903519722301 0.9550666750818306 0.9311388515268109 0.9002825732049532 0.8284468548438839 0.7471795008946549 0.7446086582805851 0.6363519565191876 0.5831437450327206 0.4559553687794665 0.3402803387985449 0.2698844597112591 0.1336763953543465 0.02336587299788229 -0.030982117409529886 -0.12915879995357918 -0.2997363313602621 -0.36608131276580386 -0.4883854927231925 -0.5376413502615354 -0.5877252198427013 -0.6998949366866433 -0.7349956381916163 -0.8226802608980155 
0.38551680251171605 0.9251584003624169 0.8712758563039352 1.0 0.9126505824040163 1.0 0.9820335936690024 0.9745376249448996 0.9247245259401367 0.8788243375988901 0.8330389033983002 0.7719606207043139 0.7311698391886157 0.6173263088197369 0.5529101998432366 0.44648216495518406 0.33664638293570365 0.269372603114896 0.14996030108977162 0.006915345715763133 -0.052382929471185384 -0.14017555534646586 -0.28110937429853056 -0.3416265381666236 -0.5005888208580465 -0.5464694830882809 -0.6109837832326174 -0.703684672913183 -0.7878192549512092 -0.8244101492116946 
0.38551680251171605 0.9251584003624169 0.8712758563039352 1.0 0.9126505824040163 1.0 0.9820335936690024 0.9745376249448996 0.9247245259401367 0.8788243375988901 0.8330389033983002 0.7719606207043139 0.7311698391886157 0.6173263088197369 0.5529101998432366 0.44648216495518406 0.33664638293570365 0.269372603114896 0.14996030108977162 0.006915345715763133 -0.052382929471185384 -0.14017555534646586 -0.28110937429853056 -0.3416265381666236 -0.5005888208580465 -0.5464694830882809 -0.6109837832326174 -0.703684672913183 -0.7878192549512092 -0.8244101492116946 
0.38551680251171605 0.9194774582705452 0.8954956664356002 0.9789393397100262 0.9154550120936485 0.745320046230231 0.9806903519722301 0.9627611630364229 0.9311388515268109 0.8885566874176513 0.8284468548438839 0.7719606207043139 0.6953723713188517 0.6360680223142003 0.5831437450327206 0.44648216495518406 0.3551048280754039 0.2698844597112591 0.1336763953543465 0.006915345715763133 -0.03646707496519187 -0.14017555534646586 -0.27891044897753114 -0.3416265381666236 -0.4883854927231925 -0.5376413502615354 -0.6109837832326174 -0.7011997014787819 -0.7233844910484545 -0.831248200622893 
0.38608630407313865 0.7960441304128345 0.8871148023837779 0.9803497263994878 0.9184964839771754 0.9982791304951119 0.9671063053420157 0.9704946070416129 0.9449104452716756 0.5773817945798723 0.8248017068371102 0.7658332843227085 0.7234685672257788 0.6316466816675775 0.5638133940399825 0.47477712125318006 0.33918257998326756 0.252837639806252 0.10655535723755569 0.027150460951120427 -0.039308012010166316 -0.13113327754363674 -0.2859158698239131 -0.38043571103703383 -0.4624961955186418 -0.5565848336494011 -0.5816631069574186 -0.736607054585915 -0.7722431420703257 -0.813647212966985 
0.3804515070413966 0.8824812364564378 0.8436073066808737 0.9653131431674921 0.9866521163336508 0.9807827787369459 0.8835334150189628 0.9578141394786307 0.9703478791244905 0.9268576670801897 0.5400992239960378 0.8491246439983489 0.7819979835020188 0.7058926456651462 0.6239942625246678 0.5808714459315509 0.4717390104394327 0.3220981935888365 0.2692595371513451 0.15318155951324722 0.02384504206104432 -0.03333415118320338 -0.16834302170517887 -0.27831627371592693 -0.37622465794051907 -0.4589410184581211 -0.539600393216316 -0.6431823045004628 -0.7374816173009795 -0.7466871674726359 
0.3804515070413966 0.8826090011195321 0.85171032872782 0.9653131431674921 0.9747245944589622 0.9733450590191023 0.8771577358547136 0.9620197825520613 0.9720680589571181 0.9171443508472132 0.5400992239960378 0.8597084147103492 0.7829857090426942 0.7068817700374712 0.6185853547536764 0.5067308344327831 0.45435787956504214 0.3604331853686871 0.24808511750259318 0.16475540777276187 0.05219454462130579 -0.07583433547658092 -0.16001465742982807 -0.2778798598895656 -0.40746338230415646 -0.45115193934585346 -0.5277706670319343 -0.6381781212372268 -0.6989394948277399 -0.7671714580384726 
0.3801661671865857 0.8924606275221116 0.8353716649667812 0.970753724556817 0.9783678409775663 0.9706296805918541 0.8473261502436163 0.9656680616866566 0.9622146954960661 0.9268576670801897 0.9063740259248623 0.8559225630274305 0.7923362805392189 0.6995041477192702 0.5725316801754372 0.5210738243415703 0.48549756064995164 0.38736300841050253 0.26618522097129504 0.16475540777276187 0.013962837970012965 -0.07941254374208007 -0.16884296563116552 -0.279084987308948 -0.3834496164920801 -0.4703372656565265 -0.5325905350280928 -0.63055719370026 -0.7048147566654944 -0.7551067918068485 
0.3804515070413966 0.8920136439215256 0.8436073066808737 0.9653131431674921 0.9747245944589622 0.9807827787369459 0.8473261502436163 0.9424683158170962 0.9720680589571181 0.9268576670801897 0.5400992239960378 0.8559225630274305 0.7829857090426942 0.7058926456651462 0.6148921498835773 0.5820283152692363 0.45581576195817797 0.3688124094347564 0.2729840374179756 0.16475540777276187 0.013962837970012965 -0.04460552274127265 -0.1668211388593554 -0.279084987308948 -0.3834496164920801 -0.4592227917905224 -0.5310045286692021 -0.6228501204917872 -0.6897307747161183 -0.7466871674726359 
0.3804515070413966 0.8920136439215256 0.8436073066808737 0.9653131431674921 0.9747245944589622 0.9807827787369459 0.8473261502436163 0.9424683158170962 0.9720680589571181 0.9268576670801897 0.5400992239960378 0.8559225630274305 0.7829857090426942 0.7058926456651462 0.6148921498835773 0.5820283152692363 0.45581576195817797 0.3688124094347564 0.2729840374179756 0.16475540777276187 0.013962837970012965 -0.04460552274127265 -0.1668211388593554 -0.279084987308948 -0.3834496164920801 -0.4592227917905224 -0.5310045286692021 -0.6228501204917872 -0.6897307747161183 -0.7466871674726359 
0.3801661671865857 0.8924606275221116 0.8498200716692069 0.970753724556817 0.9783678409775663 0.975407891797696 0.8835334150189628 0.9481584828378388 0.7012217946112584 0.9171159681920708 0.9031509132859026 0.8505057341241843 0.7735167627940035 0.7003393469472676 0.6239942625246678 0.5808714459315509 0.4717390104394327 0.3166170353651229 0.27260025865007603 0.15318155951324722 0.02384504206104432 -0.04460552274127265 -0.17372884099823896 -0.279084987308948 -0.3586586027980523 -0.4589410184581211 -0.5310045286692021 -0.6431823045004628 -0.6818953088437165 -0.7466871674726359 
0.3801661671865857 0.8924606275221116 0.8498200716692069 0.970753724556817 0.9783678409775663 0.975407891797696 0.8835334150189628 0.9481584828378388 0.7012217946112584 0.9171159681920708 0.9031509132859026 0.8505057341241843 0.7735167627940035 0.7003393469472676 0.6239942625246678 0.5808714459315509 0.4717390104394327 0.3166170353651229 0.27260025865007603 0.15318155951324722 0.02384504206104432 -0.04460552274127265 -0.17372884099823896 -0.279084987308948 -0.3586586027980523 -0.4589410184581211 -0.5310045286692021 -0.6431823045004628 -0.6818953088437165 -0.7466871674726359 
0.3804515070413966 0.8826090011195321 0.8485426020915043 0.9745649321445164 0.9869519490822621 0.9706296805918541 0.8740530966715224 0.9652341728349797 0.9627803817061164 0.6093939677303029 0.5400992239960378 0.8406481757400923 0.78430762024145 0.7068817700374712 0.6254721329124788 0.5236908174274181 0.4376705977425256 0.38525806930589906 0.24808511750259318 0.18208441128474956 0.04343722317092499 -0.05454161951252459 -0.1477962094378466 -0.28043766041532314 -0.3640433737435938 -0.45115193934585346 -0.5271202380092453 -0.6304086642354298 -0.6873360032294751 -0.7499582658125091 
0.3804515070413966 0.8826090011195321 0.85171032872782 0.9653131431674921 0.9747245944589622 0.9733450590191023 0.8771577358547136 0.9620197825520613 0.9720680589571181 0.9171443508472132 0.5400992239960378 0.8597084147103492 0.7829857090426942 0.7068817700374712 0.6185853547536764 0.5067308344327831 0.45435787956504214 0.3604331853686871 0.24808511750259318 0.16475540777276187 0.05219454462130579 -0.07583433547658092 -0.16001465742982807 -0.2778798598895656 -0.40746338230415646 -0.45115193934585346 -0.5277706670319343 -0.6381781212372268 -0.6989394948277399 -0.7671714580384726 
0.38066201742946304 0.887360453786801 0.8416874192919372 0.9653131431674921 0.9866521163336508 0.9803223328363658 0.8835334150189628 0.9656680616866566 0.964068987928381 0.9268576670801897 0.8854074763041285 0.8416489981809118 0.7842186951951785 0.7058926456651462 0.6148182693384296 0.5784647681756101 0.4717390104394327 0.3220981935888365 0.27076739428273344 0.16311768594692336 0.014306357145501266 -0.05454161951252459 -0.1477962094378466 -0.2854292245890279 -0.37622465794051907 -0.43128640771300303 -0.5946039884931855 -0.6447801829837543 -0.6998106572569738 -0.7556079096131395 
0.3804515070413966 0.887360453786801 0.8461395504257643 0.9745649321445164 0.9869519490822621 0.9706296805918541 0.8810842064176959 0.9656680616866566 0.9588620155362343 0.9241941606089048 0.9063740259248623 0.8396507282525308 0.78430762024145 0.7009614013467709 0.5725316801754372 0.5236908174274181 0.43351034572569064 0.3809678099864727 0.2692595371513451 0.16801049387341244 0.052200044067119936 -0.048375486675611715 -0.1477962094378466 -0.29212377629839037 -0.37622465794051907 -0.4703372656565265 -0.5234410354577664 -0.6304086642354298 -0.7048147566654944 -0.7551067918068485 
0.3804515070413966 0.887360453786801 0.8461395504257643 0.9745649321445164 0.9869519490822621 0.9706296805918541 0.8810842064176959 0.9656680616866566 0.9588620155362343 0.9241941606089048 0.9063740259248623 0.8396507282525308 0.78430762024145 0.7009614013467709 0.5725316801754372 0.5236908174274181 0.43351034572569064 0.3809678099864727 0.2692595371513451 0.16801049387341244 0.052200044067119936 -0.048375486675611715 -0.1477962094378466 -0.29212377629839037 -0.37622465794051907 -0.4703372656565265 -0.5234410354577664 -0.6304086642354298 -0.7048147566654944 -0.7551067918068485 
0.37975066039417815 0.8852445005537584 0.8405296971567449 0.9384686953566154 0.9866521163336508 0.9933785705058754 0.8934391395755805 0.9579529277876278 0.9581853047588355 0.9242270153365643 0.8829852996383041 0.8482053444189163 0.781811317213337 0.7058926456651462 0.611704169425997 0.596497627594952 0.44337973938964564 0.3809678099864727 0.26433195261673526 0.17513067576531038 0.05869528450252458 -0.048900672215312094 -0.16113520835248937 -0.2760564865077509 -0.35875631292376503 -0.43128640771300303 -0.5429915169780073 -0.5976336730947214 -0.7021393301979004 -0.7541823921794796 
0.37975066039417815 0.8852445005537584 0.8485426020915043 0.9454747213785423 0.9769038579245195 0.9642208365476215 0.876853476037222 0.9579529277876278 0.9659951835370221 0.9233016417043088 0.910971776189379 0.8514012782009933 0.7769566845273579 0.7217135408059326 0.6227166017152082 0.596497627594952 0.4376705977425256 0.3733202106064378 0.26664259409344127 0.18208441128474956 0.04343722317092499 -0.05454161951252459 -0.16288537902674347 -0.2762540374362562 -0.3640433737435938 -0.4534713152396952 -0.539600393216316 -0.630290669439524 -0.7285487460958631 -0.7537969195209043 
0.38066201742946304 0.8948765713944993 0.8388491095181554 0.9655617558689252 0.9845548233606165 0.9687572396027542 0.8858157478476032 0.9656680616866566 0.9581853047588355 0.9317826589429158 0.9274788982992177 0.8482053444189163 0.7782746108913696 0.7187584496790445 0.6227166017152082 0.5852221520648506 0.4407460044071287 0.36655483057982907 0.2664092941375474 0.16801049387341244 0.03669341343492256 -0.05454161951252459 -0.1636494106347134 -0.27609578244409994 -0.3803582769804817 -0.5250166576850797 -0.548048636338755 -0.625549394864011 -0.7031964274000742 -0.7638995445643799 
0.3804515070413966 0.8826090011195321 0.8485426020915043 0.9745649321445164 0.9869519490822621 0.9706296805918541 0.8740530966715224 0.9652341728349797 0.9627803817061164 0.6093939677303029 0.5400992239960378 0.8406481757400923 0.78430762024145 0.7068817700374712 0.6254721329124788 0.5236908174274181 0.4376705977425256 0.38525806930589906 0.24808511750259318 0.18208441128474956 0.04343722317092499 -0.05454161951252459 -0.1477962094378466 -0.28043766041532314 -0.3640433737435938 -0.45115193934585346 -0.5271202380092453 -0.6304086642354298 -0.6873360032294751 -0.7499582658125091 
0.37975066039417815 0.8852445005537584 0.8405296971567449 0.9384686953566154 0.9866521163336508 0.9933785705058754 0.8934391395755805 0.9579529277876278 0.9581853047588355 0.9242270153365643 0.8829852996383041 0.8482053444189163 0.781811317213337 0.7058926456651462 0.611704169425997 0.596497627594952 0.44337973938964564 0.3809678099864727 0.26433195261673526 0.17513067576531038 0.05869528450252458 -0.048900672215312094 -0.16113520835248937 -0.2760564865077509 -0.35875631292376503 -0.43128640771300303 -0.5429915169780073 -0.5976336730947214 -0.7021393301979004 -0.7541823921794796 
0.38066201742946304 0.8824091036712254 0.846005422203443 0.9454747213785423 0.9869519490822621 0.9898999910708899 0.8934391395755805 0.9528031867503117 0.9644391645271626 0.9268576670801897 0.910971776189379 0.8333428051802758 0.78430762024145 0.7058926456651462 0.6110339138808466 0.5784647681756101 0.44337973938964564 0.3809678099864727 0.2777459234685573 0.174064770359825 0.058941422811024845 -0.05454161951252459 -0.1477962094378466 -0.2854292245890279 -0.35875631292376503 -0.43128640771300303 -0.5438403677597379 -0.6447801829837543 -0.6998106572569738 -0.7499111811828266 
0.37975066039417815 0.8852445005537584 0.8485426020915043 0.9454747213785423 0.9769038579245195 0.9642208365476215 0.876853476037222 0.9579529277876278 0.9659951835370221 0.9233016417043088 0.910971776189379 0.8514012782009933 0.7769566845273579 0.7217135408059326 0.6227166017152082 0.596497627594952 0.4376705977425256 0.3733202106064378 0.26664259409344127 0.18208441128474956 0.04343722317092499 -0.05454161951252459 -0.16288537902674347 -0.2762540374362562 -0.3640433737435938 -0.4534713152396952 -0.539600393216316 -0.630290669439524 -0.7285487460958631 -0.7537969195209043 
0.3804515070413966 0.8757341411430485 0.8388491095181554 0.9819070386879452 0.9845548233606165 0.9777197476656636 0.893398044032175 0.9567543404639414 0.9659951835370221 0.9175545820832397 0.9040617805412436 0.850810332090162 0.7834530850174259 0.7187584496790445 0.6227166017152082 0.6051826995443625 0.43900367987902283 0.371809520220943 0.2692595371513451 0.18208441128474956 0.03669341343492256 -0.05454161951252459 -0.1591607337149527 -0.26491538979316254 -0.3800966390029555 -0.4269227499762861 -0.5367450927324742 -0.625549394864011 -0.7185508249778179 -0.8268946017552836 
0.38066201742946304 0.8824091036712254 0.846005422203443 0.9454747213785423 0.9869519490822621 0.9898999910708899 0.8934391395755805 0.9528031867503117 0.9644391645271626 0.9268576670801897 0.910971776189379 0.8333428051802758 0.78430762024145 0.7058926456651462 0.6110339138808466 0.5784647681756101 0.44337973938964564 0.3809678099864727 0.2777459234685573 0.174064770359825 0.058941422811024845 -0.05454161951252459 -0.1477962094378466 -0.2854292245890279 -0.35875631292376503 -0.43128640771300303 -0.5438403677597379 -0.6447801829837543 -0.6998106572569738 -0.7499111811828266 
0.3804515070413966 0.8938027066541456 0.8416874192919372 0.9582356648224258 0.9845548233606165 0.9652912794470565 0.8858157478476032 0.9656680616866566 0.9625484371011661 0.9317826589429158 0.9149970821513552 0.830562824308344 0.781811317213337 0.7068817700374712 0.6227166017152082 0.5932762285944406 0.43351034572569064 0.3372081207916475 0.2664092941375474 0.16801049387341244 0.01954138976001037 -0.07583433547658092 -0.1678152820223822 -0.2971739582450642 -0.35875631292376503 -0.43128640771300303 -0.5386279469897478 -0.6304086642354298 -0.7031964274000742 -0.7556079096131395 
0.38066201742946304 0.887360453786801 0.8457499465901307 0.9619178198172695 1.0 0.9657343717443276 0.893398044032175 0.9481584828378388 0.9634172726822416 0.9317826589429158 0.9135200361451083 0.8428936506465713 0.781811317213337 0.7068817700374712 0.6150868367703742 0.596497627594952 0.43900367987902283 0.371809520220943 0.2664092941375474 0.1917372422362799 0.03920745614074774 -0.07583433547658092 -0.15631269020315763 -0.27609578244409994 -0.35875631292376503 -0.46839426774126824 -0.5499523195656902 -0.6400227518399011 -0.7089442620288797 -0.7466871674726359 
0.38066201742946304 0.8838195431240367 0.8418721842788955 0.9655617558689252 1.0 0.975407891797696 0.8858157478476032 0.9617059606932549 0.9581853047588355 0.9317826589429158 0.9135200361451083 0.8482053444189163 0.781811317213337 0.7068817700374712 0.6129572216616674 0.5815293087043059 0.44041574793296695 0.365611981472605 0.2664092941375474 0.08370733109497075 0.05869528450252458 -0.07583433547658092 -0.16001465742982807 -0.27609578244409994 -0.35875631292376503 -0.43128640771300303 -0.5438403677597379 -0.6456181335690909 -0.7031964274000742 -0.7638995445643799 
0.3804515070413966 0.8938027066541456 0.8416874192919372 0.9582356648224258 0.9845548233606165 0.9652912794470565 0.8858157478476032 0.9656680616866566 0.9625484371011661 0.9317826589429158 0.9149970821513552 0.830562824308344 0.781811317213337 0.7068817700374712 0.6227166017152082 0.5932762285944406 0.43351034572569064 0.3372081207916475 0.2664092941375474 0.16801049387341244 0.01954138976001037 -0.07583433547658092 -0.1678152820223822 -0.2971739582450642 -0.35875631292376503 -0.43128640771300303 -0.5386279469897478 -0.6304086642354298 -0.7031964274000742 -0.7556079096131395 
0.3801661671865857 0.8972074089313958 0.8422072017542064 0.9655617558689252 0.9800860545894362 0.9671316550232828 0.8573313551663293 0.952527609706193 0.9558892042039945 0.9224265970892128 0.8755801242120276 0.8542686439116004 0.7840293056116532 0.7029080900096839 0.6284474944216029 0.5815293087043059 0.4623988816665308 0.3086017058726413 0.26763486894739613 0.15769332934482994 0.04700432226286447 -0.01539992452144645 -0.1715480120641396 -0.2845309157539172 -0.35265216258128623 -0.45115193934585346 -0.5458811745915134 -0.6400227518399011 -0.7070987962429733 -0.7487229663039663 
0.38066201742946304 0.8838195431240367 0.8418721842788955 0.9655617558689252 1.0 0.975407891797696 0.8858157478476032 0.9617059606932549 0.9581853047588355 0.9317826589429158 0.9135200361451083 0.8482053444189163 0.781811317213337 0.7068817700374712 0.6129572216616674 0.5815293087043059 0.44041574793296695 0.365611981472605 0.2664092941375474 0.08370733109497075 0.05869528450252458 -0.07583433547658092 -0.16001465742982807 -0.27609578244409994 -0.35875631292376503 -0.43128640771300303 -0.5438403677597379 -0.6456181335690909 -0.7031964274000742 -0.7638995445643799 
0.38066201742946304 0.8852445005537584 0.8418721842788955 0.9454747213785423 1.0 0.9826766735780286 0.8765326596419775 0.9579529277876278 0.9581853047588355 0.9235935357756084 0.8829852996383041 0.8482053444189163 0.781811317213337 0.7190018952583886 0.6265076412922234 0.596497627594952 0.44773140875959944 0.3733202106064378 0.26664259409344127 0.08370733109497075 0.05869528450252458 -0.05454161951252459 -0.16886792495366387 -0.2760564865077509 -0.35660441277953286 -0.4534713152396952 -0.5438403677597379 -0.6456181335690909 -0.7031964274000742 -0.7638995445643799 
0.3804515070413966 0.8775621921881493 0.8461395504257643 0.9704728323454389 0.9898053520844899 0.9720428335915001 0.8573313551663293 0.9419781525421197 0.9693180313164198 0.9182140452209403 0.8854074763041285 0.8514272439737833 0.7875108123332912 0.7127829392609709 0.6280557961956468 0.5237740003662166 0.434693539702863 0.3427093079619967 0.2662992943382564 0.18352903395128853 0.04700432226286447 -0.07583433547658092 -0.1646448822181661 -0.29212377629839037 -0.36194700223506737 -0.450590473945589 -0.5234410354577664 -0.6400227518399011 -0.7048147566654944 -0.7807597979574646 
0.3801661671865857 0.8972074089313958 0.8422072017542064 0.9655617558689252 0.9800860545894362 0.9671316550232828 0.8573313551663293 0.952527609706193 0.9558892042039945 0.9224265970892128 0.8755801242120276 0.8542686439116004 0.7840293056116532 0.7029080900096839 0.6284474944216029 0.5815293087043059 0.4623988816665308 0.3086017058726413 0.26763486894739613 0.15769332934482994 0.04700432226286447 -0.01539992452144645 -0.1715480120641396 -0.2845309157539172 -0.35265216258128623 -0.45115193934585346 -0.5458811745915134 -0.6400227518399011 -0.7070987962429733 -0.7487229663039663 
0.3804515070413966 0.8775621921881493 0.8461395504257643 0.9704728323454389 0.9898053520844899 0.9720428335915001 0.8573313551663293 0.9419781525421197 0.9693180313164198 0.9182140452209403 0.8854074763041285 0.8514272439737833 0.7875108123332912 0.7127829392609709 0.6280557961956468 0.5237740003662166 0.434693539702863 0.3427093079619967 0.2662992943382564 0.18352903395128853 0.04700432226286447 -0.07583433547658092 -0.1646448822181661 -0.29212377629839037 -0.36194700223506737 -0.450590473945589 -0.5234410354577664 -0.6400227518399011 -0.7048147566654944 -0.7807597979574646 
0.3801661671865857 0.8825989535153003 0.8418721842788955 0.9655617558689252 0.9830100210308677 0.975407891797696 0.8835334150189628 0.9598385200408261 0.9603811576351609 0.9241941606089048 0.880064884996144 0.8482053444189163 0.7857277486512817 0.7029080900096839 0.6302246345362745 0.5815293087043059 0.4594917648617499 0.40397787055425216 0.27260025865007603 0.11479193687230153 0.05869528450252458 -0.057368873743678155 -0.16001465742982807 -0.3289274867421059 -0.35875631292376503 -0.4681347279072765 -0.5499523195656902 -0.6431823045004628 -0.6889436944380568 -0.7487229663039663 
0.38066201742946304 0.8852445005537584 0.8418721842788955 0.9454747213785423 1.0 0.9826766735780286 0.8765326596419775 0.9579529277876278 0.9581853047588355 0.9235935357756084 0.8829852996383041 0.8482053444189163 0.781811317213337 0.7190018952583886 0.6265076412922234 0.596497627594952 0.44773140875959944 0.3733202106064378 0.26664259409344127 0.08370733109497075 0.05869528450252458 -0.05454161951252459 -0.16886792495366387 -0.2760564865077509 -0.35660441277953286 -0.4534713152396952 -0.5438403677597379 -0.6456181335690909 -0.7031964274000742 -0.7638995445643799 
0.3801661671865857 0.8695304774510777 0.8508917660424523 0.956089089896178 0.9830100210308677 0.9720428335915001 0.884563844199415 0.951066367276997 0.9600375164756475 0.9298063028859956 0.886300743619631 0.8537275534679113 0.78430762024145 0.713975098556006 0.6302246345362745 0.5148292170791664 0.4594917648617499 0.40397787055425216 0.2649994723121288 0.11479193687230153 0.05869528450252458 -0.055769911760443144 -0.16001465742982807 -0.3289274867421059 -0.35875631292376503 -0.4105331233752453 -0.5591288259828913 -0.6315855580324409 -0.6889436944380568 -0.7494286362788266 
0.3804515070413966 0.8695304774510777 0.8469129544379639 0.9704728323454389 0.9830100210308677 0.9676070377429987 0.8573313551663293 0.9602334567966182 0.952536465524664 0.9167680628835978 0.900437013194821 0.8518396023529777 0.7859463259926732 0.7127829392609709 0.6244243383992053 0.5237740003662166 0.4594917648617499 0.3427093079619967 0.2649994723121288 0.19175759488885039 0.05219454462130579 0.007755783679121992 -0.15868984583648474 -0.3289274867421059 -0.36194700223506737 -0.4034313480644335 -0.5591288259828913 -0.6315855580324409 -0.697482707119524 -0.7038240658209147 
0.3804515070413966 0.910074361140207 0.8481321812703166 0.9653732189002996 0.9898053520844899 0.9733450590191023 0.8771577358547136 0.9320454265008893 0.9653858167591811 0.9224265970892128 0.8854074763041285 0.8597084147103492 0.7855804041500944 0.7070673346269526 0.6244243383992053 0.5106175121509995 0.45435787956504214 0.3427093079619967 0.24791372880757917 0.11940469281403618 0.05219454462130579 -0.008002224133247233 -0.16670454210044736 -0.2845309157539172 -0.3606302171002925 -0.45115193934585346 -0.5277706670319343 -0.6677889675385668 -0.6989394948277399 -0.7851069834009533 
0.3801661671865857 0.8648498649686917 0.8508917660424523 0.9704728323454389 0.9859068653790442 0.9720428335915001 0.8573313551663293 0.9419781525421197 0.973403371422533 0.9182140452209403 0.886300743619631 0.8537275534679113 0.78430762024145 0.713975098556006 0.6302246345362745 0.5237740003662166 0.4566781398096925 0.30198564718229437 0.263567606660836 0.12417013792756876 0.04445700563430384 -0.01566657597439036 -0.16005646145727237 -0.2821499987982131 -0.35875631292376503 -0.4414710095172284 -0.529389181413 -0.5919781724119455 -0.7048147566654944 -0.7523916849500905 
0.3804515070413966 0.8732328396807366 0.8422072017542064 0.9579676468465084 0.9865953738431031 0.9704880026960148 0.8707515850400537 0.9304874794662845 0.9558892042039945 0.9175984580478734 0.8854661125491026 0.8504818605219547 0.7844179788514164 0.7089133342945583 0.6193788500886919 0.5167760312717119 0.43761957622261494 0.29754122980653747 0.240822409642093 0.15580152068519548 0.044278996025887744 -0.027988018905836663 -0.15427509915552517 -0.27967983655995104 -0.3640433737435938 -0.443864882759028 -0.532927355574772 -0.6430906917821214 -0.7048147566654944 -0.7563187738766936 
0.3801661671865857 0.8648498649686917 0.8508917660424523 0.9704728323454389 0.9859068653790442 0.9720428335915001 0.8573313551663293 0.9419781525421197 0.973403371422533 0.9182140452209403 0.886300743619631 0.8537275534679113 0.78430762024145 0.713975098556006 0.6302246345362745 0.5237740003662166 0.4566781398096925 0.30198564718229437 0.263567606660836 0.12417013792756876 0.04445700563430384 -0.01566657597439036 -0.16005646145727237 -0.2821499987982131 -0.35875631292376503 -0.4414710095172284 -0.529389181413 -0.5919781724119455 -0.7048147566654944 -0.7523916849500905 
0.3804515070413966 0.910074361140207 0.8481321812703166 0.9653732189002996 0.9898053520844899 0.9733450590191023 0.8771577358547136 0.9320454265008893 0.9653858167591811 0.9224265970892128 0.8854074763041285 0.8597084147103492 0.7855804041500944 0.7070673346269526 0.6244243383992053 0.5106175121509995 0.45435787956504214 0.3427093079619967 0.24791372880757917 0.11940469281403618 0.05219454462130579 -0.008002224133247233 -0.16670454210044736 -0.2845309157539172 -0.3606302171002925 -0.45115193934585346 -0.5277706670319343 -0.6677889675385668 -0.6989394948277399 -0.7851069834009533 
0.3804515070413966 0.9257910151647593 0.842794079716988 0.9654949606810144 0.9891487170509108 0.9704880026960148 0.8573313551663293 0.9321178136763328 0.9653858167591811 0.929470729180752 0.8880967607063784 0.8537275534679113 0.7840293056116532 0.7127829392609709 0.6229776851518871 0.5106175121509995 0.45435787956504214 0.30198564718229437 0.25398874531563004 0.11479193687230153 0.04835615686637588 -0.01778347159095782 -0.1646448822181661 -0.28558172713611696 -0.37217829200384744 -0.45638181011208895 -0.5292784545158764 -0.6661958950676891 -0.7048147566654944 -0.7600696362440221 
0.3804515070413966 0.9257910151647593 0.8469129544379639 0.9704728323454389 0.9898053520844899 0.9318352703501346 0.8573313551663293 0.9072812275010912 0.9653858167591811 0.9182140452209403 0.8880967607063784 0.8597084147103492 0.7840293056116532 0.7070673346269526 0.6244243383992053 0.5106175121509995 0.4489832933051481 0.3427093079619967 0.24791372880757917 0.11940469281403618 0.05219454462130579 -0.0015910500069085225 -0.15868984583648474 -0.28558172713611696 -0.3606302171002925 -0.46281165968845595 -0.5277706670319343 -0.6661958950676891 -0.6989394948277399 -0.7799756319749089 
0.3804515070413966 0.9257910151647593 0.8469129544379639 0.9704728323454389 0.9898053520844899 0.9318352703501346 0.8573313551663293 0.9072812275010912 0.9653858167591811 0.9182140452209403 0.8880967607063784 0.8597084147103492 0.7840293056116532 0.7070673346269526 0.6244243383992053 0.5106175121509995 0.4489832933051481 0.3427093079619967 0.24791372880757917 0.11940469281403618 0.05219454462130579 -0.0015910500069085225 -0.15868984583648474 -0.28558172713611696 -0.3606302171002925 -0.46281165968845595 -0.5277706670319343 -0.6661958950676891 -0.6989394948277399 -0.7799756319749089 
0.3804515070413966 0.9257910151647593 0.8469129544379639 0.9704728323454389 0.9898053520844899 0.9401382481966986 0.8702328620310708 0.888160111648233 0.9624760558828336 0.9182140452209403 0.8886785037130114 0.8514272439737833 0.7840293056116532 0.7127829392609709 0.6336146054088851 0.5128277216544614 0.45435787956504214 0.3427093079619967 0.27161761563964054 0.18352903395128853 0.05219454462130579 -0.011249409056723147 -0.15868984583648474 -0.28558172713611696 -0.3606302171002925 -0.4612364248565731 -0.5277706670319343 -0.7226783596583249 -0.6989394948277399 -0.7807597979574646 
0.3804515070413966 0.8720640974838748 0.8461395504257643 0.9686452078249468 0.9898053520844899 0.9665669874375904 0.8573313551663293 0.8922516169023162 0.9693180313164198 0.9087089780426691 0.8886785037130114 0.8514272439737833 0.7809020363791805 0.7127829392609709 0.6234604646222641 0.5128277216544614 0.4468018487216093 0.3427093079619967 0.27161761563964054 0.18352903395128853 0.05422994608356777 -0.2604590684793706 -0.15868984583648474 -0.28558172713611696 -0.36194700223506737 -0.4612364248565731 -0.5366250208672658 -0.7189694167840548 -0.6989394948277399 -0.7807597979574646 
0.3804515070413966 0.9257910151647593 0.8469129544379639 0.9704728323454389 0.9898053520844899 0.9401382481966986 0.8702328620310708 0.888160111648233 0.9624760558828336 0.9182140452209403 0.8886785037130114 0.8514272439737833 0.7840293056116532 0.7127829392609709 0.6336146054088851 0.5128277216544614 0.45435787956504214 0.3427093079619967 0.27161761563964054 0.18352903395128853 0.05219454462130579 -0.011249409056723147 -0.15868984583648474 -0.28558172713611696 -0.3606302171002925 -0.4612364248565731 -0.5277706670319343 -0.7226783596583249 -0.6989394948277399 -0.7807597979574646 
0.3804515070413966 0.9211289908772404 0.8469129544379639 0.9509524360537962 0.9897587836214089 0.9401382481966986 0.8714227074853058 0.882887611593308 0.9638414176287836 0.9224265970892128 0.893652832889625 0.8103792553042704 0.7673251396859199 0.513588332894133 0.6379764488023043 0.5128277216544614 0.45435787956504214 0.44737737807596245 0.2634202143249279 0.15744934580547876 0.05294837693983892 -0.03507561420784899 -0.15868984583648474 -0.23457573346774047 -0.3445994903613806 -0.4403134771106869 -0.5385553468385333 -0.7168878363036645 -0.7066552257040809 -0.7553759976882776 
0.3804515070413966 0.9257910151647593 0.8469129544379639 0.9704728323454389 0.9846426780511179 0.9738225472401861 0.8714227074853058 -0.849420946502667 0.9629988782779627 0.9202882016850561 0.8854074763041285 0.8103792553042704 0.7840293056116532 0.7172198424035477 0.6296763218280019 0.5106175121509995 0.45435787956504214 0.44737737807596245 0.2634202143249279 0.154424394271398 0.04834224163881207 -0.008427145029853266 -0.15868984583648474 -0.28558172713611696 -0.3606302171002925 -0.45243961868599014 -0.5458229751988802 -0.6610946547330839 -0.7048147566654944 -0.7575777322366695 
