1.155186723929869 0.5487901712680383 0.8885298773726582 
1.1885713552929973 0.6162442602225847 0.9264434715547458 
1.2094859071509199 0.556639187988015 0.702471637145528 
1.2309371150165331 0.614618612585717 0.8479196350290875 
1.171641024919708 0.5977257437889494 0.8552411710704706 
1.2347638798031033 0.4676838186729927 0.9511533600797055 
1.1488215306113079 0.5814170386196917 0.9076673859039375 
1.171641024919708 0.5977257437889494 0.8552411710704706 
1.1594270043109478 0.5302685393523185 0.9342434104979243 
1.2309371150165331 0.614618612585717 0.8479196350290875 
1.1488215306113079 0.5814170386196917 0.9076673859039375 
1.1934657634213433 0.606373761948384 0.8440390591670368 
1.1656039083715966 0.5530167217916853 0.7643122595314626 
1.235165516139011 0.6181465821585246 0.8687797547514093 
1.1934657634213433 0.606373761948384 0.8440390591670368 
1.1242068878801208 0.545039569969727 0.9180008493606636 
1.155186723929869 0.5487901712680383 0.8885298773726582 
1.1242068878801208 0.545039569969727 0.9180008493606636 
1.148582209171084 0.5550903318398285 0.9580643472950787 
1.1656039083715966 0.5530167217916853 0.7643122595314626 
1.7705409007207258 0.9331072531034528 1.2046900831254275 
1.6674768071189163 0.7028909019240396 1.1764222955907833 
1.328774604286296 1.199606301997733 0.9284598220311928 
1.3087772939865685 0.8428177215761499 1.4448846225581775 
1.5120806883243907 0.8030458603196555 0.888657127803097 
1.701480327227849 1.1544619420336264 1.2992325385253463 
1.5120806883243907 0.8030458603196555 0.888657127803097 
1.723873383296417 0.8813040557714493 0.9425331065211076 
1.49596249694439 0.8950073446891875 1.1521151241975756 
1.6952643711062527 1.0940100868954135 1.4552467168574732 
1.3112420267082627 1.0340058453024348 1.4229193227881727 
1.6954327394165305 0.711283590868417 1.3085028516245831 
1.573378329154207 0.7826469520243324 1.0059810732994083 
1.573378329154207 0.7826469520243324 1.0059810732994083 
1.4185616764252358 0.6371235870040018 1.4731413488707974 
1.5190428611395772 0.8448554604945429 1.3506735430561274 
1.4532538322101387 0.999221389314248 0.8310411410783745 
1.3199381120370939 0.8480212366168645 1.3222805287009702 
1.3608009543407347 0.9204327393365324 1.3134959397310983 
1.4037116495599054 0.789398874172953 1.0998348232913415 
1.7446406564712378 0.7588814496713748 1.4847434851039938 
1.6704610057108353 0.6571562424464328 1.1171335319474818 
1.2752192366578523 0.7435360965287062 1.1605716096292875 
1.2601819186322674 0.8747890699297595 1.3253424042223987 
1.4037116495599054 0.789398874172953 1.0998348232913415 
1.4185616764252358 0.6371235870040018 1.4731413488707974 
1.3965016656599016 0.8193572116988177 1.122405531674048 
1.5387559015378423 0.8093326939181255 1.397582464649718 
1.3543763261037574 0.9786885751543846 1.4342834297917424 
1.5249308104919481 0.5506904800252752 1.496098062237778 
1.4296559258466721 0.9140618048115325 1.2222067230284253 
1.551044529802403 0.6566396633680667 1.2148499273606697 
1.3202667641557224 0.7298024495485326 1.3916278667821322 
1.413032397554784 0.9044736469004537 0.9546669503230288 
1.4403051247874963 0.7642870596896899 1.3462363050182076 
1.413032397554784 0.9044736469004537 0.9546669503230288 
1.2766729965360806 0.7650759291932847 1.0513733024603622 
1.6756601766339796 0.7866481693147439 1.09304931239044 
1.2100113789738376 0.9575436125058738 1.338539539142936 
1.2740921946067685 1.1658532045394416 1.4315161344141951 
1.3965016656599016 0.8193572116988177 1.122405531674048 
1.2138226802760044 1.1000622322958102 1.3124882563276592 
1.6800335759685623 1.0207873901156086 1.4565126813858655 
1.28912102494779 0.7330737910404846 1.4760613460107388 
1.6900757881274864 1.0912913913850928 0.9834298716170244 
1.7265778638467348 0.9343758538871938 1.3799056916959618 
1.421499667478949 0.9761344745527389 1.1163464491281951 
1.3168008374498337 1.10531811209016 1.4074277847526178 
1.7084035142794944 0.7836874773187723 1.4222889523226192 
1.2669768209882553 0.9118468220668555 1.07886450234728 
1.5668854511636154 1.0310414375015107 1.156782366660322 
1.371905451737439 0.9417972355527591 1.281843559893237 
1.209670899122694 0.7815600461823915 1.0299232489097239 
1.6552760645245022 0.8698073070178569 1.2006456097223077 
1.2948867611845878 1.0755115546598342 0.8999713599143504 
1.672991940076007 1.0807993962270055 1.330472416286083 
1.5469198875410013 0.6091617828294986 1.3356815180911257 
1.267727379013375 0.9215638047521273 1.2978380957524283 
1.3395782439298918 0.697799025946087 1.4672105342315445 
1.592822201223243 1.0248658416552776 1.2606791270726685 
1.6492950368101877 1.1122304883565994 1.421030146695939 
1.4448726180955334 1.052483315501871 0.9969641982490098 
1.3927684058431258 0.64713631968224 1.286943919700921 
1.6337740920549058 0.9982246118645639 0.8937388811279092 
1.4171996113191945 0.6628648603623847 1.2173580841964897 
1.3494692413734106 0.9421182001116217 1.148947334842219 
1.267727379013375 0.9215638047521273 1.2978380957524283 
1.5455771036962094 0.8318977691813523 1.1394298086507524 
1.4319299745669571 0.7005311392154818 1.3475957298723718 
1.3320573698202784 1.0665848772011728 1.2602122925955788 
1.6447365750773517 0.7374166047640213 1.0947399280852004 
1.723873383296417 0.8813040557714493 0.9425331065211076 
1.2766729965360806 0.7650759291932847 1.0513733024603622 
1.2928567178864498 1.150952676601962 1.073296468927702 
1.3487152592715268 0.8260203689437668 1.0810898760504755 
1.423807891581308 0.5969076215108111 1.0035259725189807 
1.3293502047037316 1.0252303048774052 0.9973766898419225 
1.6402254040631035 0.9414587325735377 1.1439374147512513 
1.4473212014924068 1.0072121573723036 1.2767380478479033 
1.700660716109523 0.9654098052858878 1.1588160327479766 
1.49596249694439 0.8950073446891875 1.1521151241975756 
1.418414774698007 0.8124404305673494 1.0544991544812585 
1.6402254040631035 0.9414587325735377 1.1439374147512513 
1.1964664307771282 0.9294524050958501 1.0383994470731874 
1.502383364573154 0.585065006518751 1.2622725661794403 
1.2928567178864498 1.150952676601962 1.073296468927702 
1.3087772939865685 0.8428177215761499 1.4448846225581775 
1.2948867611845878 1.0755115546598342 0.8999713599143504 
1.3013988898067876 0.5934034161206324 1.1748444107818108 
1.6416032560489207 0.7109485724689186 1.0540518835249768 
1.2100113789738376 0.9575436125058738 1.338539539142936 
1.684830770306047 0.8383490943522938 1.005348020113904 
1.436185685742374 0.7336576287384977 1.4995322944077585 
1.575338403657202 1.086754914928776 1.3443909849754179 
1.3320573698202784 1.0665848772011728 1.2602122925955788 
1.65273421441916 1.05958228936008 1.3226205881232391 
1.726362941788364 1.1041927221850676 1.1672192705384354 
1.1964664307771282 0.9294524050958501 1.0383994470731874 
1.298429264020402 0.8209987515233732 1.2317332432581103 
1.7049541328845823 0.9746039763717118 1.2628389065560517 
1.443152842091131 1.045866424920021 1.2323955656969678 
1.7049541328845823 0.9746039763717118 1.2628389065560517 
1.7070619893511907 0.7507647465341817 1.3359462600937702 
1.3028374623013121 0.8553883655717206 1.3041506006989143 
1.5668854511636154 1.0310414375015107 1.156782366660322 
1.3543763261037574 0.9786885751543846 1.4342834297917424 
1.5190428611395772 0.8448554604945429 1.3506735430561274 
1.1423334375711998 0.6433277526643635 1.2561988726082287 
1.6214837132634379 1.0720970175006328 1.2846780380759417 
1.5945650118604802 0.814936709939429 0.9584287465295056 
1.3739628502908676 0.8631920323600483 1.1064696676398942 
1.241860524364734 0.9210506288002436 1.286767085445026 
1.4112536940064062 0.7537316017188356 1.362700634578842 
1.3152519472047595 1.114103823067469 1.4294531853648271 
1.6920120054770829 0.8396460255920436 0.8616415141492475 
1.3021437969690925 0.6552570738973419 1.2855886428182293 
1.502383364573154 0.585065006518751 1.2622725661794403 
1.3927684058431258 0.64713631968224 1.286943919700921 
1.5408972976995456 0.7818210263171503 1.3016291513898754 
1.3367904621339883 0.5772518025068288 1.3796774287455156 
1.6416032560489207 0.7109485724689186 1.0540518835249768 
1.5408972976995456 0.7818210263171503 1.3016291513898754 
1.6305650557614906 0.8133359916988251 1.414669528850619 
1.2638893502751074 0.7455622886164097 1.2656541482754458 
1.4532538322101387 0.999221389314248 0.8310411410783745 
1.2352147571077456 0.9358549398763969 0.9685244949621119 
1.4265057222999256 0.549670069035346 1.033531961265455 
1.4385040679444603 1.066639244566414 1.261896013844 
1.5469198875410013 0.6091617828294986 1.3356815180911257 
1.65273421441916 1.05958228936008 1.3226205881232391 
1.352418323662429 0.7719294299621762 1.173088038887004 
1.6601855316011969 0.767353309505447 1.1564675778148623 
1.4152024030115697 1.070133628263617 1.3139616767768523 
1.7367374644129823 0.814482513016856 1.3516390730554961 
1.4112536940064062 0.7537316017188356 1.362700634578842 
1.4171996113191945 0.6628648603623847 1.2173580841964897 
1.1423334375711998 0.6433277526643635 1.2561988726082287 
1.3494692413734106 0.9421182001116217 1.148947334842219 
1.3152519472047595 1.114103823067469 1.4294531853648271 
1.5455771036962094 0.8318977691813523 1.1394298086507524 
1.2669768209882553 0.9118468220668555 1.07886450234728 
1.257876150184282 1.0206665635092338 1.3679137633218084 
1.6920120054770829 0.8396460255920436 0.8616415141492475 
1.5125974968918288 0.9493522991952656 1.18657931225475 
1.4319299745669571 0.7005311392154818 1.3475957298723718 
1.2752192366578523 0.7435360965287062 1.1605716096292875 
1.6703211391109685 1.0825700961083216 0.9540747038342823 
1.3013988898067876 0.5934034161206324 1.1748444107818108 
1.4556712712380895 0.967745393847165 1.2861149965590866 
1.592822201223243 1.0248658416552776 1.2606791270726685 
1.7273499189172052 0.8133132757798334 1.281524832304737 
1.3833880854989704 0.7649374085402395 1.1407170306032435 
1.3181894908016607 0.8797717926603867 1.4952862817901007 
1.4296559258466721 0.9140618048115325 1.2222067230284253 
1.726362941788364 1.1041927221850676 1.1672192705384354 
1.352418323662429 0.7719294299621762 1.173088038887004 
1.6044684758615042 1.185626824669202 1.4445831720604705 
1.2638893502751074 0.7455622886164097 1.2656541482754458 
1.350813124567337 0.9487974711498843 1.0354200139137801 
1.551044529802403 0.6566396633680667 1.2148499273606697 
1.3367904621339883 0.5772518025068288 1.3796774287455156 
1.5113353600637298 0.8649588401161541 1.3016120960776947 
1.421499667478949 0.9761344745527389 1.1163464491281951 
1.443152842091131 1.045866424920021 1.2323955656969678 
1.2352147571077456 0.9358549398763969 0.9685244949621119 
1.371905451737439 0.9417972355527591 1.281843559893237 
1.418414774698007 0.8124404305673494 1.0544991544812585 
1.241860524364734 0.9210506288002436 1.286767085445026 
1.4727763048869353 0.8107184699503461 1.4357273873597953 
1.5125974968918288 0.9493522991952656 1.18657931225475 
1.4385040679444603 1.066639244566414 1.261896013844 
1.4403051247874963 0.7642870596896899 1.3462363050182076 
1.5278867532728941 0.7865019490094227 1.2896755933187123 
1.423807891581308 0.5969076215108111 1.0035259725189807 
1.298429264020402 0.8209987515233732 1.2317332432581103 
1.209670899122694 0.7815600461823915 1.0299232489097239 
1.3168008374498337 1.10531811209016 1.4074277847526178 
1.4448726180955334 1.052483315501871 0.9969641982490098 
1.5945650118604802 0.814936709939429 0.9584287465295056 
1.3028374623013121 0.8553883655717206 1.3041506006989143 
1.4265057222999256 0.549670069035346 1.033531961265455 
1.6901019095736847 0.8049066774876814 1.3502192037997687 
1.3112420267082627 1.0340058453024348 1.4229193227881727 
1.3833880854989704 0.7649374085402395 1.1407170306032435 
1.6703211391109685 1.0825700961083216 0.9540747038342823 
1.6800335759685623 1.0207873901156086 1.4565126813858655 
1.3739628502908676 0.8631920323600483 1.1064696676398942 
1.3487152592715268 0.8260203689437668 1.0810898760504755 
1.7455491715153375 1.11528677020069 1.3694546826254232 
1.5278867532728941 0.7865019490094227 1.2896755933187123 
