0.6158300673086545 0.7839381929642337 0.7838496068146676 0.7465593284236236 0.7312048373142251 0.7095366106568619 0.5217546770952628 0.670830611539728 0.6255013603545306 0.6383965308969068 0.6381388522948226 0.6089831659749073 0.6057232801297063 0.5707088278021544 0.616772267005656 0.5434954716261309 0.5084030646800086 0.5193797900045748 0.514090859535674 0.4932662652394855 0.5362485157070601 0.4715087131476818 0.4464296185365424 0.4378174681710829 0.46014495437077346 0.4197926475559262 0.46138274741172813 0.4069807808776235 0.30886466422071535 0.37712439841780176 
0.6126149316427891 0.7847369079145341 0.7682351401022971 0.742893736906465 0.7277807591516413 0.7081626379785902 0.6885931085891055 0.668685995922981 0.6441571101221106 0.6307920905731359 0.619411601144334 0.6028835213067077 0.5926518457374749 0.572929309609459 0.5629807853978663 0.5362618804074553 0.525863892966564 0.5134692516030209 0.5013616071581084 0.48848429664040327 0.47126089797455184 0.4676635299643306 0.446171279490601 0.4446519877255899 0.4296413568989961 0.40984644436668005 0.4082389471547103 0.4046391451311965 0.3874139095254605 0.37864322372721926 
0.6123393609599398 0.7854612453488139 0.7676311499881672 0.7471917620233719 0.7277536948638216 0.7071885027310318 0.6882403494097499 0.6696410673300077 0.6441120363987627 0.6343248841758873 0.6192047216937265 0.5991663202259672 0.5926518457374749 0.5727730213950811 0.561459177304699 0.5484906186387829 0.525863892966564 0.5100067715370881 0.501184005698197 0.4970011273281085 0.4703188507030579 0.4676635299643306 0.4460528802443655 0.4446519877255899 0.42910150402416547 0.4117778733506152 0.40579807337446233 0.40394103236074375 0.38596458851241666 0.37864322372721926 
0.60616564715591 0.7791645324488885 0.7590594741461081 0.7359687282901564 0.7186436470296149 0.6932396836527991 0.6813747234158194 0.6682961616256077 0.6466369850575501 0.6246783198610013 0.6126463058024734 0.6014349333524149 0.5797974083122361 0.5750021137374017 0.5510702260944784 0.5437835203753696 0.5202751372081651 0.502963779784691 0.4932713389083097 0.47827650242269143 0.4702604810319855 0.4534059645772527 0.4434510718692919 0.4291902307973518 0.421734608011954 0.4149794890844811 0.400425496080518 0.38813777828180474 0.3790142439093473 0.3726978976276659 
0.6057582100060446 0.7795415022292029 0.758468553548026 0.7373882978996061 0.7182473268044174 0.6920009540768575 0.6809632248661786 0.6706452014010404 0.6464147616354423 0.6269804977818298 0.6122298340007184 0.597637713069064 0.5798148329103486 0.5769601725874223 0.550721479976902 0.5437835203753696 0.5200028991006547 0.5161590531640582 0.4928797566268525 0.47914169150741004 0.4702313985851973 0.4534059645772527 0.44326996073032393 0.4323908111989009 0.4209593473205849 0.41077056430459097 0.3990384774774739 0.3969955844555747 0.3777273269952445 0.36522143375841637 
0.6048066610410072 0.7786252006333967 0.7579442969460498 0.7370949180929339 0.7181403565224007 0.6947346350335859 0.681241065888907 0.6615410892956168 0.6464944409411145 0.6344652279908378 0.6120227274382999 0.5980348619713688 0.5790815299617993 0.571569487325887 0.5480812767066658 0.55448338506431 0.5198408784994921 0.5130695882629019 0.4923282682631679 0.47721727486700294 0.4670694630704959 0.4470155329676382 0.44271738896012536 0.42616083768339275 0.4200443009914543 0.4049796951870067 0.39823587520581094 0.38720901437947275 0.37561383655234526 0.3560816222675445 
0.6051754772391011 0.7780234504749116 0.7575567384144098 0.7448804356426477 0.7177863424201543 0.7014541928514633 0.6815603097181595 0.6632975462145203 0.6461379032578399 0.6198057662024951 0.6117496657424729 0.6049306344173284 0.5791685374516635 0.5723763276625096 0.5490991719938253 0.5278082451104853 0.5194577510905185 0.5225532391586105 0.49235945601946596 0.4701096463764296 0.468357934610509 0.4648061149736906 0.44283079883519916 0.41761726982849445 0.41973847881661686 0.41146121436398486 0.3981722770089541 0.3892366137008569 0.37695711076987104 0.36090301754007104 
0.6051754772391011 0.7780234504749116 0.7574583561302594 0.7448804356426477 0.7177863424201543 0.702635847698289 0.6815603097181595 0.6632975462145203 0.6461379032578399 0.6198057662024951 0.6117496657424729 0.6049306344173284 0.5791685374516635 0.5723763276625096 0.5490991719938253 0.5278082451104853 0.5194577510905185 0.5225532391586105 0.49235945601946596 0.4701096463764296 0.468357934610509 0.4648061149736906 0.44283079883519916 0.41761726982849445 0.41973847881661686 0.41146121436398486 0.3981722770089541 0.3892366137008569 0.37695711076987104 0.36090301754007104 
0.6049695763789402 0.7780546596464082 0.7572676731082018 0.7415507717691796 0.7177117042176704 0.6947346350335859 0.681333859040077 0.66424766222499 0.6465370649854769 0.6245817635159532 0.6115744074082996 0.5997827125038255 0.578767094531513 0.5702565942884409 0.5480812767066658 0.5574652091918494 0.5194321854406688 0.5228643179498618 0.4923282682631679 0.47313384684387205 0.46641745351793745 0.45271560816585715 0.4427012829431624 0.4137834320396825 0.4190462363937857 0.4049796951870067 0.397109265670029 0.38775843208899885 0.37592748186755665 0.35625199656860407 
0.6048320103181222 0.7780858688179046 0.757076990086144 0.7411100862482118 0.7177117042176704 0.6868334223688828 0.681333859040077 0.6542492995183034 0.6465172783570561 0.6245817635159532 0.6115744074082996 0.5946347905903226 0.578767094531513 0.5705893446372039 0.5476776735938437 0.5574652091918494 0.5193392999492178 0.5228643179498618 0.4923282682631679 0.47313384684387205 0.46641745351793745 0.4588304840103228 0.4427012829431624 0.40994959425087046 0.4190462363937857 0.4074400727497956 0.397109265670029 0.39044128199549133 0.37592748186755665 0.35625199656860407 
0.6047636755187794 0.7780858688179046 0.757076990086144 0.7415507717691796 0.7177117042176704 0.6868334223688828 0.681333859040077 0.6651977782354597 0.6465370649854769 0.6245817635159532 0.6115744074082996 0.5946347905903226 0.578767094531513 0.5681368609143722 0.5470633814195063 0.5574652091918494 0.5194066197908191 0.5228643179498618 0.4923282682631679 0.47313384684387205 0.46641745351793745 0.45271560816585715 0.4427012829431624 0.40994959425087046 0.4190462363937857 0.39849817601002857 0.397109265670029 0.38775843208899885 0.37592748186755665 0.35625199656860407 
0.6048320103181222 0.7780858688179046 0.757076990086144 0.7411100862482118 0.7177117042176704 0.6868334223688828 0.681333859040077 0.6542492995183034 0.6465172783570561 0.6245817635159532 0.6115744074082996 0.5946347905903226 0.578767094531513 0.5705893446372039 0.5476776735938437 0.5574652091918494 0.5193392999492178 0.5228643179498618 0.4923282682631679 0.47313384684387205 0.46641745351793745 0.4588304840103228 0.4427012829431624 0.40994959425087046 0.4190462363937857 0.4074400727497956 0.397109265670029 0.39044128199549133 0.37592748186755665 0.35625199656860407 
0.6049003451174649 0.778003392356266 0.757273754654445 0.7406694007272441 0.7177658327933099 0.6865315640511499 0.6806755043947845 0.6433008208011471 0.6464974917286351 0.6225111271975283 0.6114909380517053 0.599938706322203 0.578767094531513 0.5730418283600356 0.5482919657681811 0.5537381698272851 0.5192719801076164 0.5304634587847623 0.49220245893347997 0.4727884736353297 0.4660924553288779 0.46494535985478835 0.4426910860281116 0.4087304107368882 0.4190547226836185 0.41638196948956263 0.39653903799993084 0.3931241319019838 0.3752320089080416 0.35625199656860407 
0.6046660233643532 0.778003392356266 0.7567485013454184 0.7443899109880792 0.7174765527290142 0.6820036139973114 0.6806755043947845 0.6670384812641205 0.6464974917286351 0.6189237614078609 0.6109507358109023 0.6010445673602229 0.578767094531513 0.5720529786144134 0.5474808117766428 0.5537381698272851 0.5189994061025484 0.5410943462098237 0.492022984866641 0.4727871061812426 0.46633223532271434 0.4541728983778134 0.4423390606652265 0.4296775466210294 0.41856190018427764 0.4167272945192596 0.39653078654199636 0.3711113722800946 0.37500372345296057 0.35625199656860407 
0.6044681214709614 0.7777264441302776 0.7567485013454184 0.7433352718087548 0.7174765527290142 0.6854989112044225 0.6805896835693559 0.673501151547165 0.6464247163315724 0.6189237614078609 0.6109507358109023 0.6010445673602229 0.5787484184813971 0.5719719677914574 0.5469785717529955 0.5537381698272851 0.5187360594358361 0.5410943462098237 0.49198373559514447 0.47251868722251805 0.46633223532271434 0.4552306197932474 0.4423390606652265 0.4296775466210294 0.41856190018427764 0.4228130795391234 0.396424574347915 0.3711113722800946 0.37500372345296057 0.34983841832162155 
0.6044681214709614 0.7777264441302776 0.7567485013454184 0.7433352718087548 0.7174765527290142 0.6854989112044225 0.6805896835693559 0.673501151547165 0.6464247163315724 0.6189237614078609 0.6109507358109023 0.6010445673602229 0.5787484184813971 0.5719719677914574 0.5469785717529955 0.5537381698272851 0.5187360594358361 0.5410943462098237 0.49198373559514447 0.47251868722251805 0.46633223532271434 0.4552306197932474 0.4423390606652265 0.4296775466210294 0.41856190018427764 0.4228130795391234 0.396424574347915 0.3711113722800946 0.37500372345296057 0.34983841832162155 
0.6044378448429133 0.7780801330018507 0.7568291197459915 0.7441930005972374 0.7174490558092103 0.6912428731483211 0.6792324597317998 0.6547860169656258 0.6458958529514092 0.6443486924657225 0.6115321344776903 0.5987732642243171 0.5786926182646592 0.5727177850682116 0.5480572771269703 0.5515015609367708 0.518900804826854 0.5226777071861418 0.49199917948526617 0.46885598197968437 0.46581892620157794 0.46870537637898857 0.44273349497708825 0.3860976372592503 0.4187281987234166 0.4271816642072834 0.3961141892236055 0.407915537355177 0.3753001912371338 0.34411636787889 
0.6044378448429133 0.7780801330018507 0.7568291197459915 0.744492145430822 0.7174442573993303 0.6912428731483211 0.6791617443538802 0.6547860169656258 0.645952735097042 0.6443486924657225 0.6115321344776903 0.5987732642243171 0.5786926182646592 0.5727177850682116 0.5480572771269703 0.5515015609367708 0.518900804826854 0.5234695769876552 0.49199917948526617 0.45472848573563024 0.46581892620157794 0.46870537637898857 0.44273349497708825 0.3881301054773928 0.4187281987234166 0.4271816642072834 0.39613661591064 0.4082013787833042 0.3753001912371338 0.34411636787889 
0.6042596967747247 0.7780944630220961 0.7568291197459915 0.7416088419138698 0.7174490558092103 0.6919207795217122 0.6793914523995603 0.6712841342428264 0.6457949499974108 0.6443486924657225 0.6115321344776903 0.5629126994137666 0.5786906203537849 0.5825071147093215 0.5479764832840209 0.5515015609367708 0.518900804826854 0.5043870207667026 0.49199917948526617 0.47846848124881364 0.46574785201777 0.46870537637898857 0.4427426242485292 0.3860976372592503 0.4187281987234166 0.4271816642072834 0.39599185344237664 0.407915537355177 0.37529395481754035 0.3591446210828631 
0.6044378448429133 0.7780228129208696 0.7568291197459915 0.743594710930068 0.7174586526289701 0.6924452857811829 0.679373890487639 0.6712841342428264 0.6457820886601435 0.6443486924657225 0.6115874186078611 0.5744603896634825 0.5786926182646592 0.5724505157789732 0.5480572771269703 0.5515015609367708 0.5188830529538122 0.521093967583115 0.49202839925017616 0.4971109744677926 0.46581892620157794 0.478819606244511 0.44273349497708825 0.38203270082296525 0.4187281987234166 0.4271816642072834 0.3960693358495364 0.40734385449892263 0.3753001912371338 0.34411636787889 
0.6042065947056374 0.7781185033246432 0.7566150306828241 0.7461043729490263 0.7174538542190902 0.6941997340133377 0.6792324597317998 0.6628606874554217 0.645736265933566 0.64509299976212 0.6115321344776903 0.5866126247466112 0.5786563790866696 0.5725557634222995 0.5480574965687952 0.5503832564915137 0.5188752865093564 0.5191807662875882 0.49199917948526617 0.48150879385287154 0.46568216163792797 0.4680313327492088 0.44272893034136773 0.3757974846295026 0.4187281987234166 0.43374756454775265 0.39591297817896004 0.42128032148595207 0.37543478497605187 0.3305344269320464 
0.6042065947056374 0.775714227539338 0.7566968156478008 0.7413990939755297 0.7174311042599346 0.6932335688230142 0.67937477947072 0.6457854701338939 0.6455037602505252 0.6440576816029076 0.6115541443278647 0.6005772446185191 0.5786367468186683 0.5707968556541785 0.5480574965687952 0.5516920654301692 0.5189024086636063 0.4922122824975187 0.49195209785675664 0.48150879385287154 0.4655307214419008 0.4741462085936744 0.44272546203303975 0.3769211749611694 0.41893898543682795 0.43445946855572504 0.3976858829457824 0.4301570487301124 0.3753499995545371 0.34864462975648314 
0.604184018237419 0.7780944630220961 0.7568291197459915 0.7416088419138698 0.7173919682178737 0.6696247476027118 0.6786482056463198 0.6671019930676673 0.6453237493637677 0.6405246232296203 0.6115321344776903 0.5629126994137666 0.5786420890219776 0.5948058570921879 0.5479764832840209 0.5515015609367708 0.518900804826854 0.5043870207667026 0.49199917948526617 0.47381692726491653 0.46574785201777 0.46870537637898857 0.4429398414044601 0.3860976372592503 0.4187017188876848 0.4271816642072834 0.3957270549489039 0.407915537355177 0.37529395481754035 0.3562835958614973 
0.6043024974909437 0.7780027201453219 0.7568620333102287 0.7431674901476987 0.7173840471120583 0.6772332523796899 0.6791031900628748 0.6568878105582463 0.6454823150642861 0.6112756229356566 0.6115321344776903 0.6034683058309771 0.5786621709072202 0.5709588773000904 0.548377005332116 0.550888482615002 0.5188130197833936 0.4700603737045972 0.4919050162282471 0.45840932962015923 0.46582998510008056 0.49247918777035826 0.44273349497708825 0.3834568158162611 0.4185089405128141 0.4297089253718651 0.39595614525158407 0.4256689918434977 0.37481066823494336 0.34035930457789676 
0.6043024974909437 0.7780098851554446 0.7568620333102287 0.7431674901476987 0.7173840471120583 0.6775722055663854 0.6791031900628748 0.6651368691968467 0.6454823150642861 0.6112756229356566 0.6115321344776903 0.5855380234257019 0.578661171951783 0.5758535421206454 0.5483366084106414 0.550888482615002 0.5188130197833936 0.4609150304948776 0.4919050162282471 0.4632155792547239 0.4657944480081766 0.49247918777035826 0.44273349497708825 0.3834568158162611 0.4185089405128141 0.4297089253718651 0.3958949773609696 0.4256689918434977 0.37480755002514665 0.3478734311798833 
0.6042065947056374 0.7780772650938239 0.7566968156478008 0.7452699103414218 0.7174273345838397 0.6823761132473023 0.679088328563457 0.6457854701338939 0.6457164793051451 0.6440576816029076 0.6115120159471458 0.6005772446185191 0.5786367468186683 0.5725557634222995 0.5480574965687952 0.5516920654301692 0.5188079666677551 0.4922122824975187 0.49195209785675664 0.48150879385287154 0.46554296053860145 0.4741462085936744 0.442723416794054 0.3751878928725114 0.4186228127630318 0.43374756454775265 0.3955794263032074 0.4301570487301124 0.3750870484962944 0.3305344269320464 
0.6043167643963501 0.7780098851554446 0.7568620333102287 0.741565846725692 0.717362377546341 0.6775722055663854 0.6791031900628748 0.6651368691968467 0.6454823150642861 0.6112756229356566 0.6115321344776903 0.5855380234257019 0.5786513558177824 0.5736356845910868 0.5483366084106414 0.550888482615002 0.5187837581022401 0.4609150304948776 0.4919050162282471 0.4632155792547239 0.4657944480081766 0.49247918777035826 0.44273349497708825 0.3834568158162611 0.4185089405128141 0.4297089253718651 0.3958949773609696 0.4256689918434977 0.37480755002514665 0.34411636787889 
0.604184018237419 0.7780944630220961 0.7568291197459915 0.7416088419138698 0.7173919682178737 0.6696247476027118 0.6786482056463198 0.6671019930676673 0.6453237493637677 0.6405246232296203 0.6115321344776903 0.5629126994137666 0.5786420890219776 0.5948058570921879 0.5479764832840209 0.5515015609367708 0.518900804826854 0.5043870207667026 0.49199917948526617 0.47381692726491653 0.46574785201777 0.46870537637898857 0.4429398414044601 0.3860976372592503 0.4187017188876848 0.4271816642072834 0.3957270549489039 0.407915537355177 0.37529395481754035 0.3562835958614973 
0.6043452982071628 0.7774847656988921 0.7567959251076439 0.7399184191045718 0.717298548831635 0.6614011093297107 0.6791031900628748 0.6559570245110936 0.6453982062199466 0.595995970086585 0.6114918974166013 0.5855380234257019 0.5786317235497811 0.5691999695319695 0.5483366084106414 0.5538126396531976 0.5187252347399331 0.4504500531865635 0.4918579345997376 0.4632155792547239 0.4657944480081766 0.49247918777035826 0.44273159715390187 0.38220707195007625 0.4185089405128141 0.4297089253718651 0.39584653932026614 0.43454571908765804 0.37480755002514665 0.3238242040115762 
0.6043024974909437 0.7780027201453219 0.7568620333102287 0.7431674901476987 0.7173840471120583 0.6772332523796899 0.6791031900628748 0.6568878105582463 0.6454823150642861 0.6112756229356566 0.6115321344776903 0.6034683058309771 0.5786621709072202 0.5709588773000904 0.548377005332116 0.550888482615002 0.5188130197833936 0.4700603737045972 0.4919050162282471 0.45840932962015923 0.46582998510008056 0.49247918777035826 0.44273349497708825 0.3834568158162611 0.4185089405128141 0.4297089253718651 0.39595614525158407 0.4256689918434977 0.37481066823494336 0.34035930457789676 
0.6043024974909437 0.7780098851554446 0.7568258232937615 0.7470275577165462 0.7173840471120583 0.6730407861618726 0.679003850326959 0.663178842681627 0.6454823150642861 0.6163524180638859 0.6114919721207384 0.5855380234257019 0.578661171951783 0.5758535421206454 0.5482910894849187 0.550888482615002 0.5188130197833936 0.4860502866070425 0.4919050162282471 0.4700592161351733 0.46579750778235174 0.5353579306789402 0.44273349497708825 0.3828718998908224 0.41819276783901804 0.4297089253718651 0.3953507355832897 0.42619322392381453 0.37480755002514665 0.3350612664666716 
0.6043024974909437 0.7780098851554446 0.7568258232937615 0.7470275577165462 0.7173840471120583 0.6730407861618726 0.679003850326959 0.663178842681627 0.6454823150642861 0.6163524180638859 0.6114919721207384 0.5855380234257019 0.578661171951783 0.5758535421206454 0.5482910894849187 0.550888482615002 0.5188130197833936 0.4860502866070425 0.4919050162282471 0.4700592161351733 0.46579750778235174 0.5353579306789402 0.44273349497708825 0.3828718998908224 0.41819276783901804 0.4297089253718651 0.3953507355832897 0.42619322392381453 0.37480755002514665 0.3350612664666716 
0.6038343053294817 0.7822108408078638 0.7566469708462455 0.7476600518363558 0.7172910094794451 0.6396861981782868 0.6785302882483488 0.6481659713334311 0.6458236443291863 0.6493762201295676 0.6114076406551634 0.5143838619354535 0.5783196955874114 0.5727177850682116 0.5481159492872729 0.5457544047211078 0.5185363507482308 0.5007205654108934 0.4917022215555708 0.47690285301562274 0.46581892620157794 0.4777178572514449 0.4427275066759304 0.37874050777276036 0.4178765951652219 0.42828511735592034 0.39480649380560984 0.41988679797200706 0.37428164790866125 0.2876037983627027 
0.6039851902078396 0.7822108408078638 0.7566510850417751 0.7476600518363558 0.7173012542710808 0.657624005666986 0.6787058311192116 0.6542721834961943 0.6458236443291863 0.6493762201295676 0.6114115727026973 0.5378058993511812 0.5783509354082922 0.5727177850682116 0.5481545327077507 0.5457544047211078 0.5186274642678865 0.5007205654108934 0.4917022215555708 0.47690285301562274 0.46580668710487727 0.4777178572514449 0.4427275066759304 0.37874050777276036 0.4178765951652219 0.42791729963970804 0.39480649380560984 0.41888919292060456 0.37454459896690395 0.2876037983627027 
0.6043452982071628 0.7774847656988921 0.7567959251076439 0.7399184191045718 0.717298548831635 0.6614011093297107 0.6791031900628748 0.6559570245110936 0.6453982062199466 0.595995970086585 0.6114918974166013 0.5855380234257019 0.5786317235497811 0.5691999695319695 0.5483366084106414 0.5538126396531976 0.5187252347399331 0.4504500531865635 0.4918579345997376 0.4632155792547239 0.4657944480081766 0.49247918777035826 0.44273159715390187 0.38220707195007625 0.4185089405128141 0.4297089253718651 0.39584653932026614 0.43454571908765804 0.37480755002514665 0.3238242040115762 
0.6043024974909437 0.7780098851554446 0.7569312974279883 0.7447812768722176 0.717425443532547 0.6730407861618726 0.6792025297987906 0.664486656212653 0.645311650431836 0.5973021194669303 0.6114919721207384 0.6183692266655999 0.5788167897012471 0.5749740882365848 0.5482910894849187 0.5534555215619491 0.5189057975411471 0.47072019075389443 0.4920064135645853 0.4700592161351733 0.46579750778235174 0.5353579306789402 0.44273648912766717 0.3828718998908224 0.41819276783901804 0.43060473823794365 0.3959255613062768 0.42619322392381453 0.37494058465916635 0.3350612664666716 
0.6043024974909437 0.7780098851554446 0.7569312974279883 0.7447812768722176 0.717425443532547 0.6730407861618726 0.6792025297987906 0.664486656212653 0.645311650431836 0.5973021194669303 0.6114919721207384 0.6183692266655999 0.5788167897012471 0.5749740882365848 0.5482910894849187 0.5534555215619491 0.5189057975411471 0.47072019075389443 0.4920064135645853 0.4700592161351733 0.46579750778235174 0.5353579306789402 0.44273648912766717 0.3828718998908224 0.41819276783901804 0.43060473823794365 0.3959255613062768 0.42619322392381453 0.37494058465916635 0.3350612664666716 
0.6039851902078396 0.7822108408078638 0.7567235050747095 0.7476600518363558 0.7172999015513579 0.6595125574983484 0.6789045105910432 0.655114604003644 0.6458236443291863 0.6226860951080764 0.6114115727026973 0.5378058993511812 0.5783509354082922 0.5727177850682116 0.548245570559196 0.5457544047211078 0.5186763495039098 0.5007205654108934 0.4917022215555708 0.47690285301562274 0.46580056755652693 0.5782366735875223 0.4427275066759304 0.3810372400991988 0.4178765951652219 0.4288131125057866 0.39480649380560984 0.4267174560041313 0.37454459896690395 0.30571400118713943 
0.6039851902078396 0.7822108408078638 0.7566510850417751 0.7476600518363558 0.7173012542710808 0.657624005666986 0.6787058311192116 0.6542721834961943 0.6458236443291863 0.6493762201295676 0.6114115727026973 0.5378058993511812 0.5783509354082922 0.5727177850682116 0.5481545327077507 0.5457544047211078 0.5186274642678865 0.5007205654108934 0.4917022215555708 0.47690285301562274 0.46580668710487727 0.4777178572514449 0.4427275066759304 0.37874050777276036 0.4178765951652219 0.42791729963970804 0.39480649380560984 0.41888919292060456 0.37454459896690395 0.2876037983627027 
0.1562251586175019 0.39581783934941445 0.4343090553822865 0.32482261447038474 0.3029708337325686 0.2659570421328953 0.25979337120195584 0.21712418560930064 0.19943289753423288 0.17684589738299372 0.17109119386373164 0.14284496060565033 0.31533354781047257 0.11644955425038996 0.10083884847567542 0.0942485666956715 0.1230737414341686 0.08037224286844338 0.2374740948503819 0.06690485639743476 0.0030609955053433335 0.05084939616447911 0.11731419863370263 0.044597845115673725 0.03301832216718711 0.03369913221396076 0.04164968971366009 0.02644458324039488 0.06620420218560037 0.02193756921345035 
0.1562251586175019 0.39581783934941445 0.4343090553822865 0.32482261447038474 0.3029708337325686 0.2659570421328953 0.25979337120195584 0.21712418560930064 0.19943289753423288 0.17684589738299372 0.17109119386373164 0.14284496060565033 0.31533354781047257 0.11644955425038996 0.10083884847567542 0.0942485666956715 0.1230737414341686 0.08037224286844338 0.2374740948503819 0.06690485639743476 0.0030609955053433335 0.05084939616447911 0.11731419863370263 0.044597845115673725 0.03301832216718711 0.03369913221396076 0.04164968971366009 0.02644458324039488 0.06620420218560037 0.02193756921345035 
0.15693256716845394 0.3964754515808707 0.4344173290194258 0.3243577381882367 0.3124572607473784 0.26627724844371514 0.25184493367467675 0.21866443794799184 0.19919465067480446 0.17552785286194283 0.16574675162806837 0.14386791755707753 0.1570268952786971 0.11744979787520704 0.07476493032355908 0.09441998380271263 0.08443900948361262 0.08082521415549881 0.2571520967520032 0.06800035931241574 0.012817527018305483 0.05070040135583641 0.11359423081983303 0.044753081435741957 0.029169159962773736 0.03436800844002123 0.046803967707929606 0.026399134732239954 0.05462872371095373 0.02204262478926601 
0.1562251586175019 0.39498675809215217 0.4368415436664269 0.32354044980529706 0.3029708337325686 0.26510894341919905 0.25581915243831627 0.21712418560930064 0.19998126716912878 0.17602941415636927 0.16681163095516494 0.14279738716667834 0.15326082750952966 0.11643923404964086 0.10056588538277433 0.09425305609928519 0.105017050628614 0.08022984908663622 0.24731309580119254 0.0666820148191839 0.0030609955053433335 0.05072089782741794 0.11731419863370263 0.044597845115673725 0.03301832216718711 0.03369913221396076 0.04164968971366009 0.026368078094482293 0.06620420218560037 0.0219580738104581 
0.15693256716845394 0.3964754515808707 0.4344173290194258 0.3243577381882367 0.3124572607473784 0.26627724844371514 0.25184493367467675 0.21866443794799184 0.19919465067480446 0.17552785286194283 0.16574675162806837 0.14386791755707753 0.1570268952786971 0.11744979787520704 0.07476493032355908 0.09441998380271263 0.08443900948361262 0.08082521415549881 0.2571520967520032 0.06800035931241574 0.012817527018305483 0.05070040135583641 0.11359423081983303 0.044753081435741957 0.029169159962773736 0.03436800844002123 0.046803967707929606 0.026399134732239954 0.05462872371095373 0.02204262478926601 
0.15663537612687894 0.39498675809215217 0.4406332788360384 0.3243723405417239 0.3358838229228672 0.26535061822179196 0.25581915243831627 0.21712418560930064 0.20272311534360823 0.17760402381735918 0.16681163095516494 0.14255951997181845 0.15326082750952966 0.1163876330458954 0.09145902915625237 0.09425305609928519 0.105017050628614 0.08000586984017934 0.24731309580119254 0.0666820148191839 0.0030609955053433335 0.05072089782741794 0.14990758822090747 0.044597845115673725 0.03301832216718711 0.03369913221396076 0.04164968971366009 0.026368078094482293 0.06620420218560037 0.02161986989522647 
0.15663537612687894 0.39498675809215217 0.4406332788360384 0.3243723405417239 0.3358838229228672 0.26535061822179196 0.25581915243831627 0.21712418560930064 0.20272311534360823 0.17760402381735918 0.16681163095516494 0.14255951997181845 0.15326082750952966 0.1163876330458954 0.09145902915625237 0.09425305609928519 0.105017050628614 0.08000586984017934 0.24731309580119254 0.0666820148191839 0.0030609955053433335 0.05072089782741794 0.14990758822090747 0.044597845115673725 0.03301832216718711 0.03369913221396076 0.04164968971366009 0.026368078094482293 0.06620420218560037 0.02161986989522647 
0.15693256716845394 0.3960599109522396 0.4353043996445349 0.3245657108723434 0.3124572607473784 0.26627724844371514 0.24787071491103715 0.21866443794799184 0.19919465067480446 0.17552785286194283 0.16574675162806837 0.14379655739861957 0.1570268952786971 0.11745182345389135 0.09404477805843714 0.09445195643177487 0.08443900948361262 0.08068282037369165 0.2571520967520032 0.06788893852329031 0.012817527018305483 0.05063615218730583 0.11359423081983303 0.04453677883941781 0.029169159962773736 0.03436800844002123 0.046803967707929606 0.02631785744581556 0.06226423363070077 0.022123335164407964 
0.15693256716845394 0.3960599109522396 0.4353043996445349 0.3245657108723434 0.3124572607473784 0.26627724844371514 0.24787071491103715 0.21866443794799184 0.19919465067480446 0.17552785286194283 0.16574675162806837 0.14379655739861957 0.1570268952786971 0.11745182345389135 0.09404477805843714 0.09445195643177487 0.08443900948361262 0.08068282037369165 0.2571520967520032 0.06788893852329031 0.012817527018305483 0.05063615218730583 0.11359423081983303 0.04453677883941781 0.029169159962773736 0.03436800844002123 0.046803967707929606 0.02631785744581556 0.06226423363070077 0.022123335164407964 
0.15693256716845394 0.3964754515808707 0.43491500115055004 0.3233838819609373 0.31134383371091107 0.26627724844371514 0.2458836055292174 0.21866443794799184 0.19919465067480446 0.17552785286194283 0.16574675162806837 0.1441346891646607 0.1570268952786971 0.11744979787520704 0.0776816523332932 0.09441998380271263 0.08443900948361262 0.08098050290812295 0.2571520967520032 0.06805139346291011 0.017695792774786556 0.050593779367249764 0.11359423081983303 0.044467436621272796 0.02811182053910912 0.03436800844002123 0.046803967707929606 0.026289755102554588 0.05462872371095373 0.026269234619498802 
0.15693256716845394 0.3964754515808707 0.43491500115055004 0.3233838819609373 0.31134383371091107 0.26627724844371514 0.2458836055292174 0.21866443794799184 0.19919465067480446 0.17552785286194283 0.16574675162806837 0.1441346891646607 0.1570268952786971 0.11744979787520704 0.0776816523332932 0.09441998380271263 0.08443900948361262 0.08098050290812295 0.2571520967520032 0.06805139346291011 0.017695792774786556 0.050593779367249764 0.11359423081983303 0.044467436621272796 0.02811182053910912 0.03436800844002123 0.046803967707929606 0.026289755102554588 0.05462872371095373 0.026269234619498802 
0.1560200498628134 0.39498675809215217 0.4360831966325046 0.3228323046827094 0.3029708337325686 0.26510894341919905 0.2537969947141189 0.21756954175946186 0.19976793106778287 0.1757144922241713 0.14868648345177224 0.14293838550356103 0.1430685964379605 0.11697930052123895 0.10624076766192611 0.09450243347905826 0.10774202018277437 0.0807948099969201 0.254999647046829 0.06668744259961651 0.0030609955053433335 0.050684473674247464 0.09057128715383758 0.04521879039594663 0.025700193248605455 0.03404339561039799 0.04642879339015041 0.026282028667546097 0.06620420218560037 0.022247587324342323 
0.1560200498628134 0.39498675809215217 0.4360831966325046 0.3228323046827094 0.3029708337325686 0.26510894341919905 0.2537969947141189 0.21756954175946186 0.19943289753423288 0.1757144922241713 0.14868648345177224 0.14293838550356103 0.1430685964379605 0.11644315415987233 0.10793548378010123 0.09430802255018228 0.09997434994972046 0.08008745530482905 0.254999647046829 0.06668744259961651 0.0030609955053433335 0.050642530013505 0.09057128715383758 0.04521879039594663 0.025700193248605455 0.0336654058658864 0.04185890300517493 0.026282028667546097 0.06620420218560037 0.022247587324342323 
0.1559724969168613 0.394484482950618 0.4353043996445349 0.32287490201578595 0.30074397965963395 0.2648449972177609 0.24787071491103715 0.21866443794799184 0.1974304183404026 0.17552785286194283 0.16199962838304993 0.14337850382081668 0.15260365532893955 0.11745182345389135 0.10667229249514368 0.09437298198367484 0.07667133925055869 0.08068282037369165 0.2571520967520032 0.06700692469842352 0.012817527018305483 0.05063615218730583 0.0954375521192958 0.04402655548673541 0.030903643319857874 0.03436800844002123 0.04481121632008889 0.026225823981024146 0.04352492494444162 0.030390788873915938 
0.1559724969168613 0.394484482950618 0.4353043996445349 0.32287490201578595 0.30074397965963395 0.2648449972177609 0.24787071491103715 0.21866443794799184 0.1974304183404026 0.17552785286194283 0.16199962838304993 0.14337850382081668 0.15260365532893955 0.11745182345389135 0.10667229249514368 0.09437298198367484 0.07667133925055869 0.08068282037369165 0.2571520967520032 0.06700692469842352 0.012817527018305483 0.05063615218730583 0.0954375521192958 0.04402655548673541 0.030903643319857874 0.03436800844002123 0.04481121632008889 0.026225823981024146 0.04352492494444162 0.030390788873915938 
0.15546868531808894 0.39406894232198686 0.4339517298926116 0.3209761204751217 0.30054122626719304 0.2639968985040647 0.252198591913753 0.21589760728142895 0.19680000358339217 0.17533198520044016 0.15825250513803152 0.14303181040147173 0.14818041537918203 0.11641754477562825 0.09968373051680657 0.09471081970645936 0.06890366901750478 0.08039158532466883 0.25875259568926046 0.06623633166268217 0.04208712155719193 0.05043952583016799 0.07728087341875857 0.044547362262950224 0.03692656084064943 0.03365133008462602 0.05601154135679085 0.026138262915931333 0.01136236710111211 0.024009906652051844 
0.15501242666526865 0.3933245955776276 0.4345358276335889 0.3209761204751217 0.29635472627802184 0.26341274599180664 0.252198591913753 0.21589760728142895 0.19680000358339217 0.1754253048815544 0.15825250513803152 0.14303181040147173 0.14818041537918203 0.11641754477562825 0.09968373051680657 0.09471081970645936 0.06890366901750478 0.07994506152302189 0.25875259568926046 0.06623633166268217 0.04208712155719193 0.050463901153295604 0.07728087341875857 0.044547362262950224 0.03692656084064943 0.03365133008462602 0.053539009005413515 0.02613439969842709 0.01715010633843543 0.021999083004473605 
0.15501242666526865 0.3933245955776276 0.4345358276335889 0.3209761204751217 0.29635472627802184 0.26341274599180664 0.252198591913753 0.21589760728142895 0.19680000358339217 0.1754253048815544 0.15825250513803152 0.14303181040147173 0.14818041537918203 0.11641754477562825 0.09968373051680657 0.09471081970645936 0.06890366901750478 0.07994506152302189 0.25875259568926046 0.06623633166268217 0.04208712155719193 0.050463901153295604 0.07728087341875857 0.044547362262950224 0.03692656084064943 0.03365133008462602 0.053539009005413515 0.02613439969842709 0.01715010633843543 0.021999083004473605 
0.15501242666526865 0.3933245955776276 0.43458246585113264 0.32190421257891555 0.28903069857188957 0.26341274599180664 0.24787071491103715 0.2167335745204454 0.19566618600600072 0.17345168190652646 0.15825250513803152 0.14303181040147173 0.14818041537918203 0.11641754477562825 0.10001995919697215 0.09426203490651258 0.08443900948361262 0.07994506152302189 0.2669910977028138 0.06645103157028412 0.02257405853126763 0.050551406547193714 0.07728087341875857 0.04447571256316189 0.029169159962773736 0.03365133008462602 0.042818464932248175 0.02626763679714883 0.03904109409836544 0.022123335164407964 
0.15501242666526865 0.39281709454109714 0.4340847860044894 0.3209761204751217 0.28903069857188957 0.26341274599180664 0.24787071491103715 0.21589760728142895 0.19499611893890073 0.17345168190652646 0.15849154996471548 0.14303181040147173 0.13555739445696302 0.11637953073115812 0.10001995919697215 0.09426203490651258 0.06890366901750478 0.07994506152302189 0.26379337752788456 0.06624718722354739 0.04208712155719193 0.050465710189502196 0.0739928523003487 0.043732634730377154 0.03263812667694201 0.033631679517812034 0.042818464932248175 0.0261959792406099 0.022422226665740355 0.021999083004473605 
0.15501242666526865 0.39281709454109714 0.43358710615784624 0.3209761204751217 0.28903069857188957 0.26341274599180664 0.24787071491103715 0.21589760728142895 0.19499611893890073 0.17345168190652646 0.15873059479139945 0.14303181040147173 0.13555739445696302 0.11637953073115812 0.10001995919697215 0.09426203490651258 0.06890366901750478 0.07994506152302189 0.26379337752788456 0.06625804278441261 0.04208712155719193 0.05046751922570879 0.07070483118193883 0.043732634730377154 0.03263812667694201 0.033612028950998046 0.042818464932248175 0.02617689067856268 0.022422226665740355 0.021999083004473605 
0.15501242666526865 0.3924151681635324 0.4340847860044894 0.3209761204751217 0.28903069857188957 0.2629048377034463 0.24787071491103715 0.21589760728142895 0.19499611893890073 0.17345168190652646 0.15849154996471548 0.14303181040147173 0.1381705948919983 0.11639037204677645 0.10001995919697215 0.09426203490651258 0.06890366901750478 0.07994506152302189 0.26379337752788456 0.06624718722354739 0.04754448854565025 0.050465710189502196 0.0739928523003487 0.0430982285800976 0.03263812667694201 0.033631679517812034 0.042818464932248175 0.0261959792406099 0.022422226665740355 0.022019587601481358 
0.15501242666526865 0.39276817761305216 0.44758789899439 0.32030669181018656 0.2890530371382505 0.26341274599180664 0.24460151611986886 0.21397544612453495 0.1950490149177732 0.17345168190652646 0.15616557478203993 0.14278031575604316 0.13555739445696302 0.11604812658546876 0.10001995919697215 0.09426203490651258 0.06890366901750478 0.07994506152302189 0.26379337752788456 0.06522121873690893 0.04208712155719193 0.04996462119129357 0.06298200078626391 0.043732634730377154 0.032027039137979135 0.033612028950998046 0.042818464932248175 0.02617689067856268 0.024137714836491395 0.021999083004473605 
0.15501242666526865 0.39201324178596764 0.43358710615784624 0.3209761204751217 0.28903069857188957 0.26239692941508597 0.24787071491103715 0.21589760728142895 0.19499611893890073 0.17276553060744548 0.15873059479139945 0.14333826227741495 0.14078379532703356 0.11640121336239478 0.10001995919697215 0.09427101371373997 0.06890366901750478 0.07994506152302189 0.27842895874108914 0.06625804278441261 0.05300185553410857 0.05046751922570879 0.05830388839790047 0.042463822429818034 0.03263812667694201 0.033612028950998046 0.042818464932248175 0.02617689067856268 0.022422226665740355 0.022040092198489108 
0.15200697076761435 0.39072059869731995 0.43107898727806404 0.3188847928076838 0.28630922731656633 0.26156139499149883 0.23574612220010904 0.21397797643256383 0.18796610036367334 0.17220614671755602 0.15181945395037783 0.14127995504230811 0.12174119401649436 0.116268949956703 0.10633853464846968 0.09666379788554978 0.07998587381616336 0.07896985394535519 0.2814781604678024 0.06688608805723795 0.03667307552354236 0.050843778152565945 0.0661549487524686 0.045493172987832994 0.026274518020800018 0.034114442692454935 0.029001641675036285 0.02611744128679099 0.027224868128375233 0.021655770634762282 
0.15179049552798135 0.3895161273429282 0.43539767607962243 0.3178307125572023 0.2860959242473694 0.259379938515382 0.23921496090560546 0.21018195407682533 0.19516278318561972 0.17158060691188698 0.15182313797509123 0.14126789317238267 0.13556786771049953 0.11437067669311468 0.10734474985547485 0.09347541238378126 0.08584600232059497 0.07740043031827204 0.27362910077910985 0.06380620091317152 0.05168996691248645 0.0485826342655616 0.05895745445616725 0.04239710042158927 0.022326774992443045 0.032265775503170335 0.02337012817375821 0.026387160189484213 0.02763786023072891 0.020799383956489243 
0.15179049552798135 0.3895161273429282 0.43539767607962243 0.3178307125572023 0.2860959242473694 0.259379938515382 0.23921496090560546 0.21018195407682533 0.19516278318561972 0.17158060691188698 0.15182313797509123 0.14126789317238267 0.13556786771049953 0.11437067669311468 0.10734474985547485 0.09347541238378126 0.08584600232059497 0.07740043031827204 0.27362910077910985 0.06380620091317152 0.05168996691248645 0.0485826342655616 0.05895745445616725 0.04239710042158927 0.022326774992443045 0.032265775503170335 0.02337012817375821 0.026387160189484213 0.02763786023072891 0.020799383956489243 
0.14952359401127652 0.3859195162515958 0.43412785739792314 0.31371762103398093 0.2854669109666746 0.2598507549965119 0.23921496090560546 0.2067430309354476 0.19519260586611065 0.17006302268945234 0.14801307433085542 0.1408557271669083 0.12917626955805123 0.11434341523355919 0.10815648038587815 0.09342541357132891 0.0878389827695587 0.07740043031827204 0.2793834266582364 0.06332518912136917 0.060222468161741746 0.04796038262637281 0.0430905882936629 0.03813251932650649 0.023199112014714633 0.03283721405352744 0.02046439410482314 0.02697176479814163 0.02763786023072891 0.01972123436273604 
0.1492496138265954 0.3866058160811554 0.43194336355922514 0.31552758296199784 0.2818342940394889 0.25632886222742424 0.22938306319781732 0.21218534182686288 0.19261922749343297 0.16551899843468598 0.15968407015749944 0.1358171825508877 0.12433206899171761 0.11650327508671027 0.09875924366139781 0.09816525588997302 0.08294336693751914 0.07610269888013643 0.2882836417073418 0.06391786503315351 0.0533150416940357 0.05115415727956858 0.04278965660037218 0.04828514324997209 0.02961704775315186 0.03975394409249171 0.027352626633968702 0.025757010689349956 0.032634361182356686 0.024239659030059247 
0.14771274352228977 0.38661061312000294 0.43194336355922514 0.31552758296199784 0.2813584732214701 0.2543910523223459 0.22938306319781732 0.21225735719345268 0.1854054563825317 0.16551899843468598 0.15968407015749944 0.1358171825508877 0.12433206899171761 0.11806554711609771 0.09875924366139781 0.09818830070544435 0.08090675325959706 0.07466179846146652 0.28785792309662644 0.06391786503315351 0.05301277315188735 0.0529437890579004 0.04396203978550954 0.048338111851861765 0.02961704775315186 0.045926173298543704 0.03045654203635981 0.025757010689349956 0.032634361182356686 0.027108116381905814 
0.14700733175617214 0.38420347044979875 0.4330764536048842 0.31552758296199784 0.2818342940394889 0.2550832934585895 0.22938306319781732 0.21218534182686288 0.1866772342286251 0.16351925202832773 0.15552465511368274 0.13687787468829532 0.12994996835110856 0.12056352228472816 0.10342235339247383 0.0894697088155523 0.08017394365640178 0.07531066418053432 0.28310550900420983 0.0656562139322214 0.049789599253141456 0.07118943280652691 0.04396203978550954 0.041697545443896845 0.031527672962027305 0.03134527044812353 0.02701242577178703 0.02612260371624812 0.02492595045738304 0.02532971096319118 
0.1470523711343743 0.38034810450249934 0.4315345477454805 0.31667604366614377 0.28134674544538996 0.25877926554143793 0.23013135963699766 0.21098311815584547 0.18681176893163032 0.16471325344360085 0.1504956641395876 0.1347944270506046 0.12430141639584165 0.12099860574107836 0.10094802401900885 0.09404644683441375 0.08024851298366367 0.07651866497119883 0.2809277175220795 0.06565262645545156 0.05226109292640934 0.06716114553038884 0.044098243124141005 0.03745930634314572 0.035664378033134256 0.007142681499300239 0.028633299174461217 0.02634750496297041 0.025878201889774712 0.02658623717951298 
0.14704474036267173 0.38112455738843665 0.43157147714070737 0.3159789230445653 0.2815905197424394 0.2585601535635655 0.2298221570985835 0.21098311815584547 0.18689225817291433 0.16388988756102862 0.1504956641395876 0.13721049397689972 0.12429899181288559 0.12260249645668564 0.10099275203145451 0.0947195996772906 0.08106603673597361 0.0908988212013079 0.2806911751295178 0.06184035905362972 0.05282502276388093 0.07627306119260469 0.04445140522577942 0.032556970793141224 0.03530435245407758 0.005218677058595184 0.02968863137733568 0.02473232738282541 0.024619501489558694 0.016487550126612696 
0.14653986978922107 0.3805230329194115 0.43157147714070737 0.31632748335535454 0.2813293628646559 0.25759124861102634 0.22984515969210484 0.2106051316719216 0.18689225817291433 0.16368201064605042 0.15064266286890046 0.13721049397689972 0.12399714484048947 0.12563690738526728 0.1009585361833579 0.08375671396773807 0.08005769325767428 0.0839864003371126 0.28021258677258887 0.08388535739352543 0.05304021558297192 0.08424070570582246 0.043806426009866034 0.027363462505944826 0.03560102015903964 0.005218677058595184 0.031334514379389236 0.024314558402380226 0.02471002395871017 0.018840700404812165 
0.14653986978922107 0.3805206343999877 0.43158166253960606 0.31632748335535454 0.28156727327366526 0.2544031328240758 0.2298566609888655 0.2238002720023703 0.18628312683614529 0.16630252172099813 0.1509718690636332 0.13721049397689972 0.12382640680318213 0.12485577137057356 0.1009585361833579 0.08309482585545931 0.08107600009663532 0.07932246055609267 0.2805392507626394 0.07123577845353452 0.0531913498540461 0.0870363929608062 0.044025453136675455 0.02472698191092937 0.03574935401152067 0.002609338529297592 0.030018277377557724 0.024314558402380226 0.02471002395871017 0.017406471728888883 
0.14680156283196769 0.3817198065576951 0.43157147714070737 0.31603031293045447 0.28180523595352125 0.2626372711239495 0.2298221570985835 0.2105691239886267 0.1867041622277381 0.16431335315355233 0.15064266286890046 0.13627551742879296 0.12433862091510414 0.12485577137057356 0.1009585361833579 0.1043932763854926 0.08106603673597361 0.09331427989915247 0.2795592587924878 0.08388535739352543 0.05282502276388093 0.07389679118935441 0.04553443869531165 0.032556970793141224 0.03530435245407758 0.004301348950495228 0.030066147475205758 0.02396152662099444 0.02471002395871017 0.016487550126612696 
0.14653986978922107 0.3805230329194115 0.43157147714070737 0.31632748335535454 0.2813293628646559 0.25759124861102634 0.22984515969210484 0.2106051316719216 0.18689225817291433 0.16368201064605042 0.15064266286890046 0.13721049397689972 0.12399714484048947 0.12563690738526728 0.1009585361833579 0.08375671396773807 0.08005769325767428 0.0839864003371126 0.28021258677258887 0.08388535739352543 0.05304021558297192 0.08424070570582246 0.043806426009866034 0.027363462505944826 0.03560102015903964 0.005218677058595184 0.031334514379389236 0.024314558402380226 0.02471002395871017 0.018840700404812165 
0.14653986978922107 0.3805206343999877 0.43158166253960606 0.31632748335535454 0.28156727327366526 0.2544031328240758 0.2298566609888655 0.2238002720023703 0.18628312683614529 0.16630252172099813 0.1509718690636332 0.13721049397689972 0.12382640680318213 0.12485577137057356 0.1009585361833579 0.08309482585545931 0.08107600009663532 0.07932246055609267 0.2805392507626394 0.07123577845353452 0.0531913498540461 0.0870363929608062 0.044025453136675455 0.02472698191092937 0.03574935401152067 0.002609338529297592 0.030018277377557724 0.024314558402380226 0.02471002395871017 0.017406471728888883 
0.14616038540951515 0.383139369186545 0.4315918479385047 0.08215293045702662 0.28149342625057583 0.25024611208458614 0.2298566609888655 0.2238002720023703 0.1859785611677608 0.16761277725847198 0.1512187737096827 0.1442122204981209 0.1236556687658748 0.13101047682487543 0.10126870778443472 0.08244446015091622 0.08108596345729703 0.07465852077507273 0.28086591475268996 0.08977382391919043 0.053557676944211256 0.09012911396619624 0.04404141148794759 0.02211698561685875 0.035823520937761186 0.0 0.030253998076921765 0.023125988660104076 0.024288391812032826 0.01832539333116507 
0.14616038540951515 0.3835476610773073 0.4315867552390554 0.08215293045702662 0.28153034976212055 0.25024611208458614 0.22985091034048516 0.2238002720023703 0.18628312683614529 0.16630252172099813 0.1512187737096827 0.14071135723751033 0.12374103778452847 0.1279331240977245 0.10110169230693182 0.08244446015091622 0.08108596345729703 0.0769904906655827 0.2807025827576647 0.08977382391919043 0.05337451339912867 0.09012911396619624 0.04399958751638864 0.02211698561685875 0.03574935401152067 0.0 0.030253998076921765 0.02372027353124215 0.024288391812032826 0.01832539333116507 
0.14616038540951515 0.3835476610773073 0.4315867552390554 0.08215293045702662 0.28153034976212055 0.25024611208458614 0.22985091034048516 0.2238002720023703 0.18628312683614529 0.16630252172099813 0.1512187737096827 0.14071135723751033 0.12374103778452847 0.1279331240977245 0.10110169230693182 0.08244446015091622 0.08108596345729703 0.0769904906655827 0.2807025827576647 0.08977382391919043 0.05337451339912867 0.09012911396619624 0.04399958751638864 0.02211698561685875 0.03574935401152067 0.0 0.030253998076921765 0.02372027353124215 0.024288391812032826 0.01832539333116507 
0.14616038540951515 0.383139369186545 0.4315918479385047 0.08215293045702662 0.28149342625057583 0.25024611208458614 0.2298566609888655 0.2238002720023703 0.1859785611677608 0.16761277725847198 0.1512187737096827 0.1442122204981209 0.1236556687658748 0.13101047682487543 0.10126870778443472 0.08244446015091622 0.08108596345729703 0.07465852077507273 0.28086591475268996 0.08977382391919043 0.053557676944211256 0.09012911396619624 0.04404141148794759 0.02211698561685875 0.035823520937761186 0.0 0.030253998076921765 0.023125988660104076 0.024288391812032826 0.01832539333116507 
6.489214927358487E-4 0.027245584304518462 1.5286115806183395E-4 0.007091200671843411 0.0 6.877504468736327E-4 0.0 0.0013078579027987144 0.0 0.0 0.0 0.0 0.04090302299665183 0.0 0.0 0.0 7.324038460887054E-4 0.0 0.002423982920000875 0.0 0.0 0.0 0.054768469685924914 0.0 0.0011094167581295854 2.055389461463515E-4 0.0 3.586962014075858E-7 0.0 0.0 
6.102209331560037E-4 0.027245584304518462 7.643057903091699E-5 0.007091200671843411 2.9372924666065134E-5 0.0021594801362938617 0.0 8.46875897051131E-4 0.0 0.0 0.0 0.0 0.03067726724748887 0.0 0.0036793501148650494 0.0 9.281471548377813E-4 0.0 0.0036643743648793786 0.0 0.0 0.0 0.01749260434264683 0.0 9.287982605644562E-4 1.5932233426953237E-4 0.0 2.391308009383905E-7 0.008495174220020482 0.0 
4.984737102435706E-4 0.02342705882262845 2.3323798806210315E-4 0.00683435143230161 0.008742439507272213 0.0017560963992076105 0.0 0.001114480616054042 0.0 0.0 0.0 0.0 0.020451511498325914 0.0 0.007358700229730099 0.0 0.0 0.0 0.0049047658097578824 0.0 0.004362533941186317 0.0 0.02991789279040619 0.0 9.530733076058927E-4 1.612972930500739E-4 0.0 0.0 0.010182355481815768 0.0 
6.102209331560037E-4 0.025336321563573454 7.643057903091699E-5 0.0065864135109157266 2.9372924666065134E-5 0.0021594801362938617 0.0 1.9294694565177384E-4 0.0 0.0 0.0 0.0 0.010225755749162957 0.0 0.0036793501148650494 0.0 9.281471548377813E-4 0.0 0.003349022059897294 0.0 0.0 0.0 0.01749260434264683 0.0 9.287982605644562E-4 1.5932233426953237E-4 0.0 5.978270023459763E-8 0.008495174220020482 0.0 
6.102209331560037E-4 0.027245584304518462 7.643057903091699E-5 0.007091200671843411 2.9372924666065134E-5 0.0021594801362938617 0.0 8.46875897051131E-4 0.0 0.0 0.0 0.0 0.03067726724748887 0.0 0.0036793501148650494 0.0 9.281471548377813E-4 0.0 0.0036643743648793786 0.0 0.0 0.0 0.01749260434264683 0.0 9.287982605644562E-4 1.5932233426953237E-4 0.0 2.391308009383905E-7 0.008495174220020482 0.0 
6.102209331560037E-4 0.025336321563573454 7.643057903091699E-5 0.0065864135109157266 2.9372924666065134E-5 0.0021594801362938617 0.0 1.9294694565177384E-4 0.0 0.0 0.0 0.0 0.010225755749162957 0.0 0.0036793501148650494 0.0 9.281471548377813E-4 0.0 0.003349022059897294 0.0 0.0 0.0 0.01749260434264683 0.0 9.287982605644562E-4 1.5932233426953237E-4 0.0 5.978270023459763E-8 0.008495174220020482 0.0 
5.736976014897096E-4 0.024146272476545386 0.0016733407910229413 0.006334019930451884 2.1477897475953226E-5 9.822694554359266E-4 0.0 5.357847624837344E-4 0.0011198480227225457 0.0 0.0 0.0 0.02440764275968289 0.0 0.0036793501148650494 0.0 6.187647698918542E-4 4.099080003413415E-4 0.002477865499202812 0.0 0.0021812669705931586 0.0 0.017515793043643774 0.0 8.836436361731739E-4 1.637641485585504E-4 0.0 0.0 0.005752304240619108 0.0 
6.102209331560037E-4 0.026290952934045958 7.643057903091699E-5 0.0065864135109157266 2.9372924666065134E-5 0.002328474695066803 0.0 1.9294694565177384E-4 0.0 0.0 0.0 0.0 0.010225755749162957 0.0 0.0036793501148650494 0.0 0.0010828383473107449 0.0 0.003349022059897294 0.0 0.0 0.0 0.01127996011876715 0.0 0.0010191075093470207 1.5932233426953237E-4 0.0 5.978270023459763E-8 0.008495174220020482 0.0 
6.102209331560037E-4 0.026290952934045958 7.643057903091699E-5 0.0065864135109157266 2.9372924666065134E-5 0.002328474695066803 0.0 1.9294694565177384E-4 0.0 0.0 0.0 0.0 0.010225755749162957 0.0 0.0036793501148650494 0.0 0.0010828383473107449 0.0 0.003349022059897294 0.0 0.0 0.0 0.01127996011876715 0.0 0.0010191075093470207 1.5932233426953237E-4 0.0 5.978270023459763E-8 0.008495174220020482 0.0 
5.736976014897096E-4 0.024146272476545386 0.0016733407910229413 0.006334019930451884 2.1477897475953226E-5 9.822694554359266E-4 0.0 5.357847624837344E-4 0.0011198480227225457 0.0 0.0 0.0 0.02440764275968289 0.0 0.0036793501148650494 0.0 6.187647698918542E-4 4.099080003413415E-4 0.002477865499202812 0.0 0.0021812669705931586 0.0 0.017515793043643774 0.0 8.836436361731739E-4 1.637641485585504E-4 0.0 0.0 0.005752304240619108 0.0 
4.984737102435706E-4 0.02104696064857231 0.0016733407910229413 0.006334019930451884 4.295579495190645E-5 0.0012767884639982205 0.0 5.357847624837344E-4 0.0022396960454450915 0.0 0.0 0.0 0.007912262522713948 0.0 0.007358700229730099 0.0 6.187647698918542E-4 8.19816000682683E-4 0.002477865499202812 0.0 0.0021812669705931586 0.0 0.017515793043643774 0.0 6.578705142167623E-4 1.637641485585504E-4 0.0 0.0 0.011504608481238215 0.0 
4.984737102435706E-4 0.02104696064857231 0.0016733407910229413 0.006334019930451884 4.295579495190645E-5 0.0012767884639982205 0.0 5.357847624837344E-4 0.0022396960454450915 0.0 0.0 0.0 0.007912262522713948 0.0 0.007358700229730099 0.0 6.187647698918542E-4 8.19816000682683E-4 0.002477865499202812 0.0 0.0021812669705931586 0.0 0.017515793043643774 0.0 6.578705142167623E-4 1.637641485585504E-4 0.0 0.0 0.011504608481238215 0.0 
4.230050475653973E-4 0.020092329278099806 0.0031134435939837793 0.0055237660268698035 0.0 0.001211393844457852 0.0 0.0 0.0022396960454450915 0.0 0.0 0.0 0.0 0.0 0.0 0.0 0.0 8.19816000682683E-4 3.761939097751575E-4 7.837369692070485E-8 0.0 0.0 0.0025568466484406794 0.0 9.045232135230196E-4 2.2850211139021829E-4 0.0036288904008896228 3.4375052634893633E-7 0.0 0.0 
4.0365476777547485E-4 0.020092329278099806 0.0031134435939837793 0.005271372446405961 0.0 0.0019472586891679665 0.0 0.0 0.0022396960454450915 0.0 0.0 0.0 0.0 0.0 0.0 0.0 0.0 8.19816000682683E-4 3.761939097751575E-4 7.837369692070485E-8 0.0 0.0 0.0 0.0 9.045232135230196E-4 2.2850211139021829E-4 0.0036288904008896228 3.4375052634893633E-7 0.004247587110010241 0.0 
4.230050475653973E-4 0.020092329278099806 0.0031134435939837793 0.0055237660268698035 0.0 0.001211393844457852 0.0 0.0 0.0022396960454450915 0.0 0.0 0.0 0.0 0.0 0.0 0.0 0.0 8.19816000682683E-4 3.761939097751575E-4 7.837369692070485E-8 0.0 0.0 0.0025568466484406794 0.0 9.045232135230196E-4 2.2850211139021829E-4 0.0036288904008896228 3.4375052634893633E-7 0.0 0.0 
3.0980205354813747E-4 0.016757599733571167 0.0031134435939837797 0.005461781546523332 0.0 7.974805287888308E-4 0.0 5.897774853159469E-4 0.004479392090890183 0.0 0.0016371195299412092 0.0 3.239276144556408E-4 0.0 0.0 0.0 0.0023466469234649746 0.001639632001365366 0.0 1.5067703423804136E-7 0.0 0.0 0.0 0.0 6.996296689164539E-4 1.8823580229018842E-4 0.0036288904008896228 9.266318536362632E-7 0.0 0.0 
2.488525294560954E-4 0.015798412151205875 0.0031134435939837797 0.004067871398845358 2.9372924666065134E-5 0.0010378496460229634 0.0 2.5197765157140037E-4 0.0 0.0 0.0016371195299412092 0.0 0.00288036655174638 0.0 0.0063564821858995355 0.0 0.0023466469234649746 0.001639632001365366 0.0016067089385083306 3.943067704193643E-7 0.003406013463306347 0.0 0.0 0.0 3.354625659290979E-4 1.502285526145592E-4 0.0024192602672597485 6.277183524632752E-7 0.003832944511596971 0.0 
2.401436178018924E-4 0.015797665206646078 0.008807737671300941 0.00408499051003962 0.0 0.001220285607787374 0.0 3.21210104506753E-4 0.0 0.0 0.0014032453113781793 0.0 6.478552289112816E-4 0.0 0.0 0.0 0.004000095482129157 0.001639632001365366 0.0027572867023379676 7.886135408387286E-7 0.0 0.0 0.0 0.0 2.6793737387144996E-4 2.1508114005390922E-4 0.0 1.4347848056303431E-6 0.0 0.0 
2.104343967569734E-7 5.012122457998692E-4 2.5119963572719844E-4 1.0109916504374029E-5 0.0 0.0 0.0 0.0 0.0 0.0 0.0 0.0 0.0 0.0 0.0 0.0 0.0 1.1597006658602995E-5 0.0 0.0 4.137899447159146E-6 0.0 0.0 0.0 8.87783609425763E-4 4.1526269499450597E-5 0.0 9.164223542743745E-7 0.0 0.0 
