0.7961623199154402 0.14505698533819486 
0.7538162521580808 0.1480154200415734 
0.738352101507448 0.15605097107426366 
0.7373250408495678 0.1563454117434702 
0.7373241588708126 0.16898943272515266 
0.7373250408495678 0.1563454117434702 
0.7373640860986074 0.17892404628988184 
0.7370008830626545 0.18502213908630216 
0.7371781520654734 0.16763655204029654 
0.7371885275034804 0.17764654809705482 
0.7371987160010075 0.207041054325303 
0.7373241588708126 0.16898943272515266 
0.7370008830626545 0.18502213908630216 
0.7371650700954915 0.18763606178942863 
0.7373064856599693 0.23344300901173531 
0.7371650700954915 0.18763606178942863 
0.7370700228603599 0.23680990327991705 
0.7369503555333513 0.260485848813985 
0.7369894614972278 0.29015183165796743 
0.7369894614972278 0.29015183165796743 
0.7369503555333513 0.260485848813985 
0.7371265801163566 0.24613564024246723 
0.7371520471103087 0.31011875162825 
0.7369665161451907 0.2788309615649756 
0.6439223006062021 0.3633497783866424 
0.6544059683898891 0.3634846690663522 
0.6439223006062021 0.3633497783866424 
0.5337748288868156 0.36371691600934947 
0.5345958382190578 0.3637441664696036 
0.48196905278743124 0.3637758217813422 
0.48196905278743124 0.3637758217813422 
0.5069139223274775 0.36355531152973786 
0.5069139223274775 0.36355531152973786 
0.47864769112745875 0.36373241480777246 
0.44645830446579604 0.3638134574641812 
0.44645830446579604 0.3638134574641812 
0.4356972455928149 0.3644167543652021 
0.42327414727127155 0.36962793179721853 
0.4194815571323582 0.37062114785096456 
0.4142209501011938 0.38034013976126924 
0.40608514679100877 0.3828457466538354 
0.39798392220794343 0.38817690699337926 
0.3911718679086353 0.3967187766481788 
0.3892764827066363 0.4057152548667833 
0.3892574815128052 0.41058845076564277 
0.3886723125921177 0.4254279372231944 
0.3884783527652187 0.4213597449828997 
0.3884783527652187 0.4213597449828997 
0.3885163239950787 0.45351243391769075 
0.3886553384637301 0.4428700794475938 
0.3885163239950787 0.45351243391769075 
0.38836677395017294 0.4710190467675714 
0.3883908525858705 0.504684234386175 
0.38829814530541484 0.5229058268663119 
0.38829814530541484 0.5229058268663119 
0.38843021768373537 0.5616678738726106 
0.38843021768373537 0.5616678738726106 
0.38834049466566983 0.48364619902161954 
0.3883388604598536 0.6091878828305235 
0.3883388604598536 0.6091878828305235 
0.3883220927894706 0.6262794823319928 
0.3883220927894706 0.6262794823319928 
0.38832580582789156 0.7069487623143818 
0.38832580582789156 0.7069487623143818 
0.281139353601494 0.7498185292656774 
0.3487016309133698 0.7493691962888225 
0.3487016309133698 0.7493691962888225 
0.30522008071804363 0.7502542043201521 
0.2770135508948563 0.7494502614581944 
0.16265619040603108 0.7490750771498461 
0.27000623637323273 0.7498307268474804 
0.23695483059083383 0.749192327453043 
0.16265619040603108 0.7490750771498461 
0.257009337286741 0.750062778729918 
0.23695483059083383 0.749192327453043 
0.14314765724249645 0.7491214467277233 
0.2159141107845817 0.7493697483589219 
0.2159141107845817 0.7493697483589219 
0.1531522126259821 0.7503695283407513 
0.12716528013216585 0.7493592060712541 
0.1531522126259821 0.7503695283407513 
0.1503831964735138 0.7499142910748803 
0.12716528013216585 0.7493592060712541 
0.12863660974740082 0.7506914750796018 
0.14314765724249645 0.7491214467277233 
0.1261036458178606 0.7490623868456177 
0.1261036458178606 0.7490623868456177 
0.11997582565595943 0.750893329077333 
0.09906668909725452 0.7503364716493861 
0.10186695748064645 0.7525593446478412 
0.09906668909725452 0.7503364716493861 
0.08546173449819523 0.7538748638615816 
0.08808033544884805 0.7552525564289152 
0.08458689690913956 0.756810162880918 
0.07803035045561368 0.758174880086592 
0.06893234713870185 0.7627659921359927 
0.06387187010182571 0.7786894640091078 
0.05659610700139872 0.8004994107531589 
0.05116077032389181 0.8029361491485235 
0.04521887116608762 0.8788338028643035 
