0.878496642426414 0.08102314475683436 
0.878496642426414 0.08102314475683436 
0.8600236730031562 0.0934540467601945 
0.8600236730031562 0.0934540467601945 
0.8587864515998009 0.10349185774129199 
0.8587864515998009 0.10349185774129199 
0.8590341278361561 0.10852502997097223 
0.8583196721821416 0.11236412000979244 
0.8586471246373295 0.12516072393129296 
0.8586145265380343 0.1251376221451983 
0.8587797171883257 0.10581934127169063 
0.8582250912016957 0.1149527829505542 
0.8585853548438555 0.16810505170547524 
0.8585611146776533 0.18085036983619424 
0.8585853548438555 0.16810505170547524 
0.8585611146776533 0.18085036983619424 
0.8586471246373295 0.12516072393129296 
0.8582250912016957 0.1149527829505542 
0.8583196721821416 0.11236412000979244 
0.8026651021685529 0.266977537169406 
0.6981681431198317 0.2686222258150425 
0.6326780713789059 0.26846334997227683 
0.5989540973383244 0.26872405942388716 
0.5989540973383244 0.26872405942388716 
0.5911626635420777 0.268727024344308 
0.5817525545169125 0.26965682696216114 
0.5555916371661591 0.27863796481459735 
0.54540114264712 0.2796762337370308 
0.5450561663057418 0.2930521009783117 
0.5326231990163434 0.298933766767019 
0.5320261157391573 0.31119516193429725 
0.5307238645230586 0.3201531883131878 
0.4982151325612175 0.32572426540480215 
0.49633926891231983 0.32828574137787525 
0.494254540631997 0.3291840173163846 
0.48641674000692103 0.3435496452220948 
0.4833741386009087 0.34830530567714063 
0.4718628365577576 0.35647213029772407 
0.4692217067402017 0.372454183582418 
0.4658728417638097 0.3822035586090181 
0.4645458459845942 0.3865870119375687 
0.4638129127005389 0.37523603002609274 
0.4638129127005389 0.37523603002609274 
0.4646975887916917 0.3869105357282012 
0.43443754129168766 0.43912907830019343 
0.43443754129168766 0.43912907830019343 
0.37552474934805574 0.4398188440639017 
0.3750595533379796 0.440547879331316 
0.37552474934805574 0.4398188440639017 
0.3750595533379796 0.440547879331316 
0.3638322873148478 0.4452900416733347 
0.34992884682598957 0.44987870214330566 
0.3422629876643392 0.4544030559725551 
0.33290584224320124 0.4552106977308998 
0.3241056535464003 0.460373990809056 
0.3165265401364455 0.4723342289425036 
0.31379387024935523 0.4816362427117738 
0.2883795744963593 0.4831032672403209 
0.2879868212685325 0.48259024083894037 
0.2827985875427536 0.4904255184882863 
0.27187987897812466 0.4999623245054019 
0.26656978837235795 0.5003145653665042 
0.2573686779010497 0.5045396031473918 
0.2512803786001636 0.5099902851557361 
0.24455789002468512 0.5222196285458702 
0.23540814767510843 0.5261899830261514 
0.23032605978295162 0.5351476697633638 
0.22184801519250236 0.5445243908757904 
0.2172728676718551 0.5539123400541592 
0.206268768137794 0.5683709420942794 
0.206268768137794 0.5683709420942794 
0.20036077926760332 0.5783485426695537 
0.1908254879417787 0.5792581956721495 
0.18655326310974435 0.5941278611207788 
0.1783404684104172 0.5974930254398882 
0.17160736942716426 0.6043081781373993 
0.1657325287619729 0.6073018485323417 
0.1594201038502306 0.621546771667828 
0.1524031579252911 0.6286774759654845 
0.14198653840926326 0.6356302205914285 
0.13877957936070004 0.6409435472725502 
0.1320495042216805 0.655826628529481 
0.12148972145472486 0.666190887895812 
0.11758832619492107 0.6726583134122942 
0.11085604907333922 0.6798733240892182 
0.10358074770212122 0.6899945792256679 
0.09605658403058769 0.7038235353767284 
0.09095702834762705 0.7086084114063911 
0.08494054850844439 0.7249713782507401 
0.07405453157142308 0.7385130585037099 
0.06720097202757633 0.7535009147118954 
0.061277867967447 0.7708160118836624 
0.055868333469849665 0.7778537796357902 
0.050110973261714556 0.7916732075726398 
0.041720568319235415 0.8172837183894442 
0.034753270709875606 0.8368768779642292 
0.025807978171895465 0.8597203798813027 
0.01728661195648902 0.8902206759419266 
0.011689038403880386 0.9186153218024633 
0.003982917880622441 1.0650708691939448 
