0.18587452322748935 0.1179153704200172 0.7691525676622541 
0.1810799465418431 0.1271260995789951 0.7682299480716683 
0.18193690582631947 0.11162454511200352 0.7691364524129899 
0.17966237523281042 0.09816944521163423 0.7694814715093146 
0.17966237523281042 0.09816944521163423 0.7694814715093146 
0.17908663890365023 0.11684874340934308 0.7691985891459819 
0.17908663890365023 0.11684874340934308 0.7691985891459819 
0.1817359737318519 0.13279298264152933 0.7666473780652987 
0.1825331739239099 0.09435681709284918 0.7672399128980183 
0.18646753465373864 0.11999212007864565 0.7641354988690788 
0.18206006009875053 0.13941051944914917 0.7662753736361049 
0.1817359737318519 0.13279298264152933 0.7666473780652987 
0.18206006009875053 0.13941051944914917 0.7662753736361049 
0.1825331739239099 0.09435681709284918 0.7672399128980183 
0.184598140693254 0.12204597826226693 0.7621470661640819 
0.18335375203452087 0.11858907109900804 0.7686533769153763 
0.18335375203452087 0.11858907109900804 0.7686533769153763 
0.18587452322748935 0.1179153704200172 0.7691525676622541 
0.1785054383218605 0.07953254051372362 0.769074129238887 
0.1777111166960258 0.09338459149003789 0.7695884182803783 
0.1869539396428547 0.10011468078602526 0.7913980650138301 
0.18252010716152778 0.0960364737078321 0.7732496601980274 
0.1921851039625075 0.11377629840323138 0.7891143126049233 
0.18583414805814127 0.14675231219609916 0.7763886625987585 
0.20642668485701088 0.10528822484418342 0.787539601624697 
0.20710759325144304 0.1178246384985398 0.7851989934017025 
0.1906333779640107 0.122105436431694 0.7824170326784019 
0.18736381678225764 0.12534971558042798 0.7856648694943624 
0.1971399796260086 0.14651731182375038 0.7806233801972551 
0.19033106488182375 0.1429066789099223 0.7749744066892551 
0.19605653918984545 0.10270454050398953 0.7928832674833899 
0.19667231375039823 0.15745421652488792 0.7782282549962447 
0.1869539396428547 0.10011468078602526 0.7913980650138301 
0.18325132690577373 0.10595162308359285 0.7846221467874172 
0.19679603757944011 0.14626180495034807 0.7838407042701173 
0.18197725183125166 0.07572163610658655 0.795444443797511 
0.18252010716152778 0.0960364737078321 0.7732496601980274 
0.1848712239293401 0.139113304981991 0.7812243898947887 
0.1934491148430752 0.11346994406405904 0.7858832269650893 
0.18994116289884586 0.12256491073208062 0.7706172942961613 
0.19661762224444382 0.11278524392795697 0.7673678906200194 
0.19434419055530122 0.13789353295088436 0.7778970883996836 
0.1928502187014478 0.10375179819574562 0.7768495534639235 
0.18412298037791772 0.10095508890392024 0.7897918085345585 
0.19495555653723706 0.1095731739367029 0.7863956902498617 
0.20004546136103457 0.14342424567510634 0.7897817751415319 
0.19598516139076602 0.11487939272124004 0.7856163233267114 
0.19861412091335098 0.09577870527655158 0.7863573727424029 
0.1789506766069103 0.1422211646001958 0.7736278364030704 
0.18068314975744185 0.0981663101377872 0.7889758795725205 
0.1854334757965123 0.141870002903883 0.7865361495514895 
0.19036165123127846 0.09797178222447833 0.7937347432903348 
0.20710759325144304 0.1178246384985398 0.7851989934017025 
0.1848406741582823 0.13279642471246433 0.7707162813929299 
0.1993266187400189 0.14411988797354033 0.7902523691972712 
0.19393338399841023 0.14748817390987032 0.7750729144420015 
0.19346817223820106 0.11917741308409283 0.7734040565643796 
0.19476027862781506 0.1401751793828883 0.7719701015196706 
0.1967719871986215 0.12458517166185329 0.7903180406552346 
0.1832652963982114 0.14142644368626206 0.7926393490782793 
0.1837626075081056 0.12935987355685924 0.7907734191061832 
0.19398997594100656 0.14977393711456 0.7765097050373909 
0.2080363759020224 0.14273465231340265 0.7793621946757132 
0.17209069319510298 0.15458408935028953 0.7960185448321684 
0.1908724328996696 0.13301944328755333 0.7950434412580619 
0.18325132690577373 0.10595162308359285 0.7846221467874172 
0.20234831599822017 0.13664300909764673 0.7973805901598024 
0.19521953891365326 0.14953466527520942 0.776216919123332 
0.18378651353033648 0.1543308748757302 0.7844381287450665 
0.19826722318706502 0.13102172229390097 0.7713446448300413 
0.1755054002455759 0.12769634895646748 0.7808095712109567 
0.19398997594100656 0.14977393711456 0.7765097050373909 
0.19512605393721508 0.12621006618211433 0.7897177562622186 
0.19145341573622848 0.1316818062218523 0.781705560000283 
0.18015056122453849 0.15767227908251985 0.7933207279332318 
0.19371577648376995 0.10578204855667891 0.7647126751857856 
0.1971399796260086 0.14651731182375038 0.7806233801972551 
0.19145341573622848 0.1316818062218523 0.781705560000283 
0.18924364845208702 0.11664469710343123 0.776502753654101 
0.1903402024578295 0.10165241466818645 0.7698672376217537 
0.1779660947951201 0.10769124802181179 0.7798549275600525 
0.18652294112685666 0.1520165085220715 0.7883436602564149 
0.19036165123127846 0.09797178222447833 0.7937347432903348 
0.18696458835045537 0.11932374618946505 0.7837549005308027 
0.18936201528290686 0.12980496921776907 0.788461490199021 
0.18733805094342482 0.12414595000434206 0.789990065600455 
0.18924364845208702 0.11664469710343123 0.776502753654101 
0.18435355108982063 0.15351100210934326 0.7819194249453436 
0.19605653918984545 0.10270454050398953 0.7928832674833899 
0.20344307925996563 0.13089586966386962 0.7785862762058027 
0.21162907474809448 0.11199918158665681 0.7873725356382072 
0.20565276651898354 0.11668518233408783 0.772857429997873 
0.19698418797968908 0.15028919098402047 0.7867075404413915 
0.1779660947951201 0.10769124802181179 0.7798549275600525 
0.18573012309987197 0.11165650211824005 0.7893524751043867 
0.18066042293285 0.0855170094702778 0.7794978774739645 
0.20565276651898354 0.11668518233408783 0.772857429997873 
0.19679603757944011 0.14626180495034807 0.7838407042701173 
0.17810594612026412 0.1356039393775183 0.7928929594276025 
0.18369653443403375 0.10544419358589735 0.7794269645187266 
0.1845542376876807 0.0933168569523416 0.7810749103100908 
0.18994116289884586 0.12256491073208062 0.7706172942961613 
0.1998028394292436 0.1405735601240649 0.7797896985614153 
0.17595853690317398 0.17063682689349535 0.7835857662623389 
0.1848712239293401 0.139113304981991 0.7812243898947887 
0.1921851039625075 0.11377629840323138 0.7891143126049233 
0.19033106488182375 0.1429066789099223 0.7749744066892551 
0.18412298037791772 0.10095508890392024 0.7897918085345585 
0.18917840025347965 0.1380864905098198 0.7849939910908119 
0.1809395982176558 0.13284695035133298 0.7843085566210464 
0.1810600476975969 0.14127271325456492 0.7876293472013177 
0.18936201528290686 0.12980496921776907 0.788461490199021 
0.19698418797968908 0.15028919098402047 0.7867075404413915 
0.19598516139076602 0.11487939272124004 0.7856163233267114 
0.19495555653723706 0.1095731739367029 0.7863956902498617 
0.19371577648376995 0.10578204855667891 0.7647126751857856 
0.18696458835045537 0.11932374618946505 0.7837549005308027 
0.18378651353033648 0.1543308748757302 0.7844381287450665 
0.19393338399841023 0.14748817390987032 0.7750729144420015 
0.18066042293285 0.0855170094702778 0.7794978774739645 
0.18446347176026673 0.15585363197532787 0.7811394826095714 
0.1755054002455759 0.12769634895646748 0.7808095712109567 
0.17595853690317398 0.17063682689349535 0.7835857662623389 
0.1908724328996696 0.13301944328755333 0.7950434412580619 
0.19491077917060443 0.11064332937974328 0.7904115791803927 
0.18809278804805743 0.14092502183135047 0.8013851977139909 
0.18736381678225764 0.12534971558042798 0.7856648694943624 
0.1837626075081056 0.12935987355685924 0.7907734191061832 
0.19436477783476785 0.11365972434098817 0.7776731213386474 
0.18809278804805743 0.14092502183135047 0.8013851977139909 
0.18256102629656287 0.1549947444482899 0.7959154301908006 
0.18446347176026673 0.15585363197532787 0.7811394826095714 
0.19309848128073095 0.14788333407527748 0.7871549808863483 
0.18832145648846044 0.11331503738724716 0.8004379304740799 
0.18176800850425923 0.07555888889004159 0.7863251955575705 
0.19139474335708848 0.11749566398084277 0.7822974943306258 
0.1845542376876807 0.0933168569523416 0.7810749103100908 
0.20169486216179672 0.15158559400755234 0.783030779510048 
0.19336501613666623 0.09253826154653835 0.7907806630572238 
0.19346817223820106 0.11917741308409283 0.7734040565643796 
0.19537296924520664 0.10712211070986623 0.764621268718765 
0.1954768669733629 0.11668634380199186 0.7883385009355304 
0.1954159298933171 0.12948461318887708 0.7734570773151078 
0.20212615819747567 0.12720758486890466 0.7858323569914697 
0.1903402024578295 0.10165241466818645 0.7698672376217537 
0.18435355108982063 0.15351100210934326 0.7819194249453436 
0.1809321226000458 0.11195244403343463 0.7718028137048079 
0.18560360008729895 0.15101682263654637 0.7969489031740182 
0.17081884135162534 0.1230219058587041 0.7900261458559363 
0.1967719871986215 0.12458517166185329 0.7903180406552346 
0.19434419055530122 0.13789353295088436 0.7778970883996836 
0.1928502187014478 0.10375179819574562 0.7768495534639235 
0.1854334757965123 0.141870002903883 0.7865361495514895 
0.17810594612026412 0.1356039393775183 0.7928929594276025 
0.19861412091335098 0.09577870527655158 0.7863573727424029 
0.18364457202552642 0.13393905048212656 0.7901883025666415 
0.2028752223145968 0.13650376657930074 0.7947339494169653 
0.19994515224496306 0.08861091612293312 0.7861217315140946 
0.19049324674959142 0.12992892789142912 0.7827314059420154 
0.19309848128073095 0.14788333407527748 0.7871549808863483 
0.19584433355168238 0.11419085654067673 0.7814689059241954 
0.20004546136103457 0.14342424567510634 0.7897817751415319 
0.20212615819747567 0.12720758486890466 0.7858323569914697 
0.1943440926200625 0.11763288526115534 0.775874976832436 
0.18583414805814127 0.14675231219609916 0.7763886625987585 
0.18805337254901178 0.09658819909338355 0.785565934622441 
0.19661762224444382 0.11278524392795697 0.7673678906200194 
0.19762813824522 0.10047137215098935 0.7849991271095434 
0.19512605393721508 0.12621006618211433 0.7897177562622186 
0.17867578343358717 0.12904183743893582 0.7861509148977058 
0.1789506766069103 0.1422211646001958 0.7736278364030704 
0.19137064805421614 0.13314843877985827 0.7794536161368968 
0.18015056122453849 0.15767227908251985 0.7933207279332318 
0.196691766089913 0.11074419105100294 0.7790057309741527 
0.18256102629656287 0.1549947444482899 0.7959154301908006 
0.20868111957455474 0.15908185715991355 0.78032586172577 
0.18483131515931014 0.14321239367037378 0.7739563275882929 
0.18851104767928342 0.09344995455379801 0.7786748998516254 
0.1993266187400189 0.14411988797354033 0.7902523691972712 
0.19230775266786057 0.14033923536139012 0.7843798014279525 
0.18741351765990624 0.16036285547526677 0.7967237508867169 
0.1848406741582823 0.13279642471246433 0.7707162813929299 
0.196691766089913 0.11074419105100294 0.7790057309741527 
0.1809395982176558 0.13284695035133298 0.7843085566210464 
0.17726574849676063 0.09318030255494983 0.803053846050471 
0.21162907474809448 0.11199918158665681 0.7873725356382072 
0.19826722318706502 0.13102172229390097 0.7713446448300413 
0.19584433355168238 0.11419085654067673 0.7814689059241954 
0.2003338170253219 0.12436144634658591 0.7899325160382142 
0.1954768669733629 0.11668634380199186 0.7883385009355304 
0.17503705752083304 0.13243469401078561 0.7821703067471819 
0.1900303302675383 0.1543684530901413 0.7727200209867301 
0.1864923404895332 0.14977266014074014 0.7768325919495297 
0.18197725183125166 0.07572163610658655 0.795444443797511 
0.1864923404895332 0.14977266014074014 0.7768325919495297 
0.19537296924520664 0.10712211070986623 0.764621268718765 
0.20169486216179672 0.15158559400755234 0.783030779510048 
0.19335682053466627 0.13950893351543212 0.7825528901086317 
0.19049324674959142 0.12992892789142912 0.7827314059420154 
0.1887584045751011 0.14619846660910987 0.7975159069594324 
0.20114273469152505 0.15321030048854517 0.7799128642424608 
0.1981074219333766 0.1484282904464791 0.7835664292490137 
0.20465099742697365 0.11363190181658278 0.7719652493633659 
0.18483131515931014 0.14321239367037378 0.7739563275882929 
0.18643996463956594 0.1401732953324012 0.7768698377279513 
0.1943440926200625 0.11763288526115534 0.775874976832436 
0.18805337254901178 0.09658819909338355 0.785565934622441 
0.19436477783476785 0.11365972434098817 0.7776731213386474 
0.1811963381287586 0.15593522070786636 0.7746489476674834 
0.19230775266786057 0.14033923536139012 0.7843798014279525 
