0.0 1.0 0.2181826661655287 0.16787120698158525 1.0 0.582976236406505 0.9594419775170014 0.6147109012280265 0.9489768199197262 0.49624877290889835 0.614149337007754 0.8989224887582399 0.15552964906577865 0.8164087714972859 -1.0 1.0 0.1131387772403343 0.9457079172535334 1.0 0.9597684394152819 0.3452284708745341 0.8502792562897015 -1.0 0.7402002126033114 0.042711351082297844 0.8265453296167008 1.0 -0.06931846927891508 -1.0 0.4251976482004465 
0.0014288136455316847 1.0 0.2181826661655287 0.34081396125606434 1.0 0.6225527509850977 0.7478950989233653 0.5361914044483889 1.0 0.49624877290889835 0.28212408036511044 0.8989224887582399 0.2621750817870814 0.8351395789255671 -1.0 0.9911955374227531 0.15167385573131253 0.9457079172535334 0.9970850591021398 0.9863897908980954 0.3452284708745341 0.8502792562897015 -0.8876325673644413 0.7091743011334666 -0.1937266301901137 0.8265453296167008 0.8010712639665899 -0.276127115403904 -0.7349594077529572 0.33757476486036136 
0.011430509164253477 0.5724738000815088 0.42520652700972933 0.09656981047698579 1.0 0.6573261135233177 1.0 0.6450189726322808 0.8623850870331071 0.42289423573535934 -0.011382480258597782 1.0 0.19669283274971822 0.9137286597688842 -1.0 0.5933669572060358 1.0 1.0 0.9677967476743282 0.8629457917587489 0.8154582653210118 0.7939852832885527 -0.925424850473563 -0.04960099407169344 0.13617191813848412 0.6909224315013351 0.46378502147244194 0.07922014227123597 -0.8541902948468063 0.04457421338230724 
0.0 1.0 0.008673386861882654 0.2722287432868066 1.0 0.6225527509850977 0.7478950989233653 0.5361914044483889 1.0 0.49624877290889835 0.28212408036511044 0.8989224887582399 0.19022808486322118 0.8351395789255671 -0.917237341417176 1.0 0.15167385573131253 1.0 1.0 1.0 0.3452284708745341 0.8502792562897015 -0.8680542808422422 0.7868458815169888 -0.14005901365661966 0.9749791700791309 0.7202948199501694 -0.1753400510559438 -0.7349594077529572 0.3731607299724529 
0.0013691505591209852 0.9699741094312273 0.2181826661655287 0.16787120698158525 1.0 0.5972811108604821 0.616848058827398 0.5166615878966425 1.0 0.4216911599116779 0.6462064420132737 0.9372854152374113 0.2787125086106296 0.7662634606693773 -0.8106009796786616 0.9955977687113766 0.1131387772403343 0.8725607399559961 0.9985425295510699 0.9294493748748378 0.28324504371404796 0.7754188844345522 -0.8975302106150636 1.0 -0.1937266301901137 0.7398179944250511 0.9005356319832949 -0.2411903271576996 -1.0 0.4624433903520915 
0.0034208035396498526 1.0 0.2740051013529331 0.6058085740648107 1.0 0.6225527509850977 0.7478950989233653 0.7212658758978696 0.9560911609785715 -0.004720630276190518 -0.48157058274860626 0.8989224887582399 0.15225725421116149 0.8351395789255671 -0.32406520490787427 0.9518254377909556 0.15167385573131253 0.953998864075696 0.9801158580948648 1.0 0.14455526525645057 0.8502792562897015 -0.7436176868109625 0.39311273749089304 -0.30135338047497773 0.65129769203743 0.7202948199501694 -0.12445696586436436 -0.7349594077529572 0.23925463289608612 
0.0 1.0 0.008673386861882654 -0.08846283749437009 1.0 0.6684878118324318 0.749677755239275 0.34711125072543386 0.8893448818849705 0.8092705374674853 0.6505358779015029 0.9691380606153877 0.1714114496600118 0.8351395789255671 -0.917237341417176 1.0 1.0 1.0 0.988301514455066 0.8825225478163914 0.9790558343052094 0.9183554656636423 -0.9986893106683503 0.4604834501674889 0.32523073459070595 0.9749791700791309 0.32280276327469687 0.07437056538937009 -0.9169436244878308 0.3731607299724529 
0.0034208035396498526 1.0 0.2740051013529331 0.6058085740648107 1.0 0.6225527509850977 0.7478950989233653 0.7212658758978696 0.9560911609785715 -0.004720630276190518 -0.48157058274860626 0.8989224887582399 0.15225725421116149 0.8351395789255671 -0.32406520490787427 0.9518254377909556 0.15167385573131253 0.953998864075696 0.9801158580948648 1.0 0.14455526525645057 0.8502792562897015 -0.7436176868109625 0.39311273749089304 -0.30135338047497773 0.65129769203743 0.7202948199501694 -0.12445696586436436 -0.7349594077529572 0.23925463289608612 
0.0 0.877009634205864 0.008673386861882654 -0.10513009896858039 1.0 0.7168244486999522 0.7210859345129936 0.18993828178521072 0.8002100365554649 0.9657814197467789 0.9996883274284277 1.0 0.09100338468437694 0.7958450385039086 -0.8261129149934712 0.86040025471079 1.0 1.0 0.9927046550729679 0.7978679885428779 0.728075038146987 1.0 -0.8584528152894877 0.7944399023750842 0.4396291553552565 1.0 -0.3635557277550747 0.48186162810821886 -0.9483202893083431 0.5374539882675258 
0.0 0.9160799359196237 0.008673386861882654 -0.012613774982902448 1.0 0.7112435995453952 0.7210859345129936 0.18993828178521072 0.7867301391295332 0.9657814197467789 0.6687291483483774 1.0 0.09100338468437694 0.8351395789255671 -0.8674942442848832 0.86040025471079 1.0 1.0 0.982452271682599 0.7880796105140566 0.6462762536548883 1.0 -0.8584528152894877 0.4655688256336471 0.4396291553552565 1.0 -0.3635557277550747 0.48186162810821886 -0.9169436244878308 0.3731607299724529 
0.006395102815071054 0.7270692548485431 0.5393368158439835 0.5985724732072433 1.0 0.6594771351875263 0.33585790593106724 0.5455288279190311 0.7332866265679221 -0.036157386623398846 -0.5468292070307542 0.9078431773493512 0.015061723380257533 0.9003781354612774 0.3602313580251324 0.683679775875419 0.6497487025941433 0.907997728151392 0.9529363712626976 0.5744076006311487 0.30047859848345404 0.9534625997031936 -0.6095796272269284 0.01709664920048415 0.11704042171854037 0.3995212607104552 -0.09023920628018817 0.4301027636117127 0.1950620537391054 0.26964179411479217 
0.011430509164253477 0.5802887918930228 0.4227211085502839 0.09656981047698579 1.0 0.6127530753388482 1.0 0.6450189726322808 0.8623850870331071 0.42289423573535934 -0.011382480258597782 1.0 0.16052697964778756 0.9913896189448009 -1.0 0.4515660962725141 0.9111104500745685 1.0 0.9546100624093525 0.8629457917587489 0.5276586477304424 0.7939852832885527 -0.8232295160348431 -0.45966256156409613 0.13617191813848412 0.4064461000098863 0.46378502147244194 0.3525346593220535 -0.6173694906672451 0.04457421338230724 
0.0 0.877009634205864 0.008673386861882654 -0.10513009896858039 1.0 0.7168244486999522 0.7210859345129936 0.18993828178521072 0.8002100365554649 0.9657814197467789 0.9996883274284277 1.0 0.09100338468437694 0.7958450385039086 -0.8261129149934712 0.86040025471079 1.0 1.0 0.9927046550729679 0.7978679885428779 0.728075038146987 1.0 -0.8584528152894877 0.7944399023750842 0.4396291553552565 1.0 -0.3635557277550747 0.48186162810821886 -0.9483202893083431 0.5374539882675258 
0.006841607079299705 0.7420822001329295 0.5393368158439835 0.5620295625874279 1.0 0.6875284189984205 0.33585790593106724 0.5600872246841722 0.7123923585126078 -0.036157386623398846 -0.5277009987990058 0.9078431773493512 0.015061723380257533 0.9003781354612774 0.3602313580251324 0.7640511302927011 0.6717113129787644 0.907997728151392 0.9529363712626976 0.624542912103454 0.32672862691081994 0.9864316750375832 -0.6095796272269284 0.006973614322892785 0.11704042171854037 0.35263704391659817 -0.09023920628018817 0.4301027636117127 0.08273263831710409 0.26964179411479217 
0.006395102815071054 0.7270692548485431 0.5393368158439835 0.5985724732072433 1.0 0.6594771351875263 0.33585790593106724 0.5455288279190311 0.7332866265679221 -0.036157386623398846 -0.5468292070307542 0.9078431773493512 0.015061723380257533 0.9003781354612774 0.3602313580251324 0.683679775875419 0.6497487025941433 0.907997728151392 0.9529363712626976 0.5744076006311487 0.30047859848345404 0.9534625997031936 -0.6095796272269284 0.01709664920048415 0.11704042171854037 0.3995212607104552 -0.09023920628018817 0.4301027636117127 0.1950620537391054 0.26964179411479217 
0.005715254582126739 0.8021339812704747 0.0037025499429917674 0.15912284446700886 1.0 0.5793417354634927 0.779582730093719 0.4699153005187889 0.7828037572093529 -0.008732669593843667 -0.11700622664710818 1.0 0.11789637865935987 0.9904614972774006 -0.09823967767312347 0.7163982781329565 0.5039270036513144 1.0 0.9736266294700486 0.6495479306595895 0.4034565991240704 0.8626107994434256 -0.7840729429904449 0.006973614322892785 0.39807584537269747 0.4060265070962332 0.19732156676621712 0.37128898304569136 -0.5263583916408776 0.48170611415128484 
0.005715254582126739 0.8021339812704747 0.5393368158439835 0.2848422173961367 1.0 0.7450978295472768 0.45879748799555164 0.4948291887434538 0.7276665836896672 -0.14466632078017283 -0.5277009987990058 0.8465482940833147 0.11789637865935987 0.8074575172425215 -0.01856668261754435 0.7640511302927011 0.6101834647531342 1.0 0.9766030289101318 0.7248135350480647 0.4459057983061345 0.9864316750375832 -0.6044667778266957 0.006973614322892785 0.10217460759129188 0.35263704391659817 0.20501588664905493 0.4301027636117127 -0.7261341526495453 0.2545117742154913 
0.005715254582126739 0.8021339812704747 0.5393368158439835 0.31956933200452053 1.0 0.7450978295472768 0.5596644173748351 0.4699153005187889 0.7947705144891253 -0.14466632078017283 -0.302588021967544 0.8465482940833147 0.11789637865935987 0.7832094493065354 -0.01856668261754435 0.7163982781329565 0.6101834647531342 1.0 0.9926779221430471 0.7405635002701683 0.46137778955436354 0.9374711712985748 -0.531721708062787 0.006973614322892785 0.10217460759129188 0.4060265070962332 0.20501588664905493 0.4301027636117127 -0.7261341526495453 0.2545117742154913 
0.006841607079299705 0.7420822001329295 0.5393368158439835 0.5620295625874279 1.0 0.6875284189984205 0.33585790593106724 0.5600872246841722 0.7123923585126078 -0.036157386623398846 -0.5277009987990058 0.9078431773493512 0.015061723380257533 0.9003781354612774 0.3602313580251324 0.7640511302927011 0.6717113129787644 0.907997728151392 0.9529363712626976 0.624542912103454 0.32672862691081994 0.9864316750375832 -0.6095796272269284 0.006973614322892785 0.11704042171854037 0.35263704391659817 -0.09023920628018817 0.4301027636117127 0.08273263831710409 0.26964179411479217 
0.005715254582126739 0.8021339812704747 0.5393368158439835 0.31956933200452053 1.0 0.7450978295472768 0.5596644173748351 0.4699153005187889 0.7947705144891253 -0.14466632078017283 -0.302588021967544 0.8465482940833147 0.11789637865935987 0.7832094493065354 -0.01856668261754435 0.7163982781329565 0.6101834647531342 1.0 0.9926779221430471 0.7405635002701683 0.46137778955436354 0.9374711712985748 -0.531721708062787 0.006973614322892785 0.10217460759129188 0.4060265070962332 0.20501588664905493 0.4301027636117127 -0.7261341526495453 0.2545117742154913 
0.007679873344732805 0.6650734811449908 0.17369839068659929 0.4596298311514656 1.0 0.5788723703192202 0.8453823661583213 0.5450295455211245 0.9030064993210618 0.029055381980601806 -0.07135941630538634 0.9616370735208286 0.3257604172788172 0.9380650337626457 0.7390293986678091 0.3869677822636338 0.37566856141986466 0.9003403105147545 0.9439238287675285 0.5439597456864729 0.408379464693752 0.623920905622277 -0.9395734779881729 -0.4302123298102747 0.2740672058474879 0.3154099648026033 -7.950972725425387E-4 -0.044601334136498194 -0.02971552701519717 0.16089050872337493 
0.0075012716390413445 0.7081683244321424 0.2235029342593362 0.3655091133683363 1.0 0.6429245532865885 0.7798322086874174 0.4830569126009452 0.8403236951551192 -0.005688958571553125 -0.043534187999758556 0.9232741470416573 0.18277145700809289 0.8761300675252913 0.3602313580251324 0.6067459589663478 0.5223330232146498 0.9457079172535334 0.9457263372665623 0.6402928773255576 0.42265853402097875 0.7695668201386006 -0.6743822440604414 -0.2978393400721077 0.08468473514412073 0.2685257480087463 0.1244851814478303 -0.044601334136498194 -0.27681649096154004 0.1495429937988993 
0.0075012716390413445 0.7081683244321424 0.2235029342593362 0.3655091133683363 1.0 0.6429245532865885 0.7798322086874174 0.4830569126009452 0.8403236951551192 -0.005688958571553125 -0.043534187999758556 0.9232741470416573 0.18277145700809289 0.8761300675252913 0.3602313580251324 0.6067459589663478 0.5223330232146498 0.9457079172535334 0.9457263372665623 0.6402928773255576 0.42265853402097875 0.7695668201386006 -0.6743822440604414 -0.2978393400721077 0.08468473514412073 0.2685257480087463 0.1244851814478303 -0.044601334136498194 -0.27681649096154004 0.1495429937988993 
0.007679873344732805 0.6650734811449908 0.17369839068659929 0.4596298311514656 1.0 0.5788723703192202 0.8453823661583213 0.5450295455211245 0.9030064993210618 0.029055381980601806 -0.07135941630538634 0.9616370735208286 0.3257604172788172 0.9380650337626457 0.7390293986678091 0.3869677822636338 0.37566856141986466 0.9003403105147545 0.9439238287675285 0.5439597456864729 0.408379464693752 0.623920905622277 -0.9395734779881729 -0.4302123298102747 0.2740672058474879 0.3154099648026033 -7.950972725425387E-4 -0.044601334136498194 -0.02971552701519717 0.16089050872337493 
0.007858475050424266 0.6820304189953843 0.12389384711386238 0.4366599404695577 1.0 0.6299590084495643 0.7938431548777617 0.6004313724002257 0.878347586710382 -0.005688958571553125 -0.22871156159490683 1.0 0.2916905672601786 0.9690506857440473 0.7390293986678091 0.386108397886581 0.43448258167616544 0.907997728151392 0.9453446068481786 0.540022254380947 0.22302344676373442 0.7036286694698214 -0.9186317816682977 -0.2978393400721077 0.3561188608893513 0.38416034434634677 0.011997757466041287 -0.1909363685745517 0.17250117072646518 0.284771814014093 
0.0066082631105840416 0.6781424338633697 0.2235029342593362 0.43859493460796706 1.0 0.6112651725346713 0.8563933802295061 0.4539401190706631 0.8888748804954982 0.029816309736174437 -0.06266239623150699 0.9616370735208286 0.26966855130850226 0.9168649347501956 0.64432988850714 0.41691520838623497 0.44106323000437897 0.9038522547403107 0.9449628764297948 0.540022254380947 0.37015847716624695 0.7036286694698214 -0.8522333263357837 -0.2978393400721077 0.33432611136147067 0.3622941815964603 0.09639911767088623 -0.01294179695502759 -0.14204494243719845 0.3414614032599756 
0.0066082631105840416 0.6781424338633697 0.2235029342593362 0.43859493460796706 1.0 0.6112651725346713 0.8563933802295061 0.4539401190706631 0.8888748804954982 0.029816309736174437 -0.06266239623150699 0.9616370735208286 0.26966855130850226 0.9168649347501956 0.64432988850714 0.41691520838623497 0.44106323000437897 0.9038522547403107 0.9449628764297948 0.540022254380947 0.37015847716624695 0.7036286694698214 -0.8522333263357837 -0.2978393400721077 0.33432611136147067 0.3622941815964603 0.09639911767088623 -0.01294179695502759 -0.14204494243719845 0.3414614032599756 
0.0075012716390413445 0.6950993717137633 -0.03402309367846129 0.3655091133683363 1.0 0.6357083594045426 0.9462442719705835 0.4830569126009452 0.8956375297252489 0.06379972253275673 -0.043534187999758556 0.9232741470416573 0.3273927281230892 0.8761300675252913 0.5496303783464708 0.3878271666406866 0.40371865756335035 0.9917090531778374 0.9421213202684946 0.5980325484643041 0.42265853402097875 0.6281653173547197 -0.6743822440604414 -0.2978393400721077 0.22255323655709078 0.2685257480087463 0.1244851814478303 -0.044601334136498194 -0.23193222475685948 0.15710800374854972 
0.0075012716390413445 0.6950993717137633 -0.03402309367846129 0.3655091133683363 1.0 0.6357083594045426 0.9462442719705835 0.4830569126009452 0.8956375297252489 0.06379972253275673 -0.043534187999758556 0.9232741470416573 0.3273927281230892 0.8761300675252913 0.5496303783464708 0.3878271666406866 0.40371865756335035 0.9917090531778374 0.9421213202684946 0.5980325484643041 0.42265853402097875 0.6281653173547197 -0.6743822440604414 -0.2978393400721077 0.22255323655709078 0.2685257480087463 0.1244851814478303 -0.044601334136498194 -0.23193222475685948 0.15710800374854972 
0.007679873344732805 0.6820304189953843 0.12389384711386238 0.4596298311514656 1.0 0.5788723703192202 0.7938431548777617 0.5450295455211245 0.901124177043379 0.029055381980601806 -0.07135941630538634 0.9616370735208286 0.3257604172788172 0.9380650337626457 0.7390293986678091 0.3869677822636338 0.3905573609069232 0.9003403105147545 0.9437329635583366 0.5439597456864729 0.30856192106512986 0.623920905622277 -0.9202678673677306 -0.4302123298102747 0.28496358061142824 0.3154099648026033 -7.950972725425387E-4 -0.11776885135552495 -0.02971552701519717 0.22093990888132137 
0.0075012716390413445 0.7081683244321424 0.2235029342593362 0.3655091133683363 1.0 0.6429245532865885 0.7798322086874174 0.4830569126009452 0.8403236951551192 -0.005688958571553125 -0.043534187999758556 0.9232741470416573 0.18277145700809289 0.8761300675252913 0.3602313580251324 0.6067459589663478 0.5223330232146498 0.9457079172535334 0.9457263372665623 0.6402928773255576 0.42265853402097875 0.8205499203841982 -0.6743822440604414 -0.2978393400721077 0.08468473514412073 0.2685257480087463 0.1432354260301272 -0.044601334136498194 -0.27681649096154004 0.1495429937988993 
0.35031217234239626 0.3009164619443354 0.9053455687388792 0.8101035973634871 0.6217399728292522 0.8416609788246692 0.5294232981969393 0.5602558758204639 0.9289206352376755 -0.007636841720669557 0.23910796137202162 0.16758991914424431 0.6989698027964396 0.789536727072073 0.0655892595007394 0.3528807823961457 -0.09260826926048321 0.26776693029866955 0.9423977603637046 0.6755702154214074 0.06397135372406736 0.9298197434119577 -0.42238201135581543 0.03379862731741906 -0.3145722542753674 -0.16776986110274536 -0.045124003622314855 0.40316778985743384 -0.32185835778493427 -0.17249588786187275 
0.35031217234239626 0.3009164619443354 0.9343510165589085 1.0 0.6217399728292522 0.8175893188899859 0.5294232981969393 0.338916062361842 0.9644314471936547 -0.006495569202682072 0.23910796137202162 0.16758991914424431 0.6989698027964396 0.8910989972889839 0.0655892595007394 0.3528807823961457 -0.09260826926048321 0.26776693029866955 0.928520578314866 0.6755702154214074 0.06397135372406736 0.9297413792137108 -0.429262957955341 0.03379862731741906 -0.18213535023911373 -0.16776986110274536 -0.045124003622314855 -0.3118835919484225 -0.32185835778493427 -0.45249607845044876 
0.35031217234239626 0.3009164619443354 0.9053455687388792 0.8101035973634871 0.6217399728292522 0.8416609788246692 0.5294232981969393 0.5602558758204639 0.9289206352376755 -0.007636841720669557 0.23910796137202162 0.16758991914424431 0.6989698027964396 0.789536727072073 0.0655892595007394 0.3528807823961457 -0.09260826926048321 0.26776693029866955 0.9423977603637046 0.6755702154214074 0.06397135372406736 0.9298197434119577 -0.42238201135581543 0.03379862731741906 -0.3145722542753674 -0.16776986110274536 -0.045124003622314855 0.40316778985743384 -0.32185835778493427 -0.17249588786187275 
0.36261794822758353 0.3009164619443354 0.8756592572655695 1.0 1.0 0.8175893188899859 0.36019467802866134 0.338916062361842 0.9644314471936547 -0.17648577153596512 1.0 0.09826110316391676 0.7449808130885935 0.8910989972889839 -0.064200274782485 0.23472967142222567 -0.09260826926048321 0.26776693029866955 0.928520578314866 0.6755702154214074 -0.10760940584312133 0.6803932814228626 -0.429262957955341 -0.025019746976892174 -0.18213535023911373 -0.16776986110274536 0.016263472385359773 -0.3118835919484225 -0.3381975213803519 -0.5741819802667426 
0.3564650602849899 0.5076502196109249 0.8012556348551936 0.8266122748707354 1.0 0.8892336127646494 0.4606440385735889 0.43659147090260386 0.9611143560168185 -0.16360308177368024 0.39180610879851135 0.09826110316391676 0.8784398297409881 1.0 6.944923591272051E-4 0.23472967142222567 -0.03609444897844871 0.439806175687648 0.8769847864862557 0.6755702154214074 0.08727060540974364 0.7830987721944516 -0.429262957955341 -0.05442893412404779 0.22549912333731265 -0.060275908647843525 0.11149491012289911 -0.2489677972173603 -0.23683639735005818 -0.36653637022512486 
0.3564650602849899 0.49696375363705925 0.8012556348551936 0.768816366494314 1.0 0.8892336127646494 0.4606440385735889 0.40533842733020303 1.0 -0.16360308177368024 0.39180610879851135 0.09826110316391676 0.8163295800835247 1.0 6.944923591272051E-4 0.23472967142222567 -0.1616950029121973 0.439806175687648 1.0 0.6755702154214074 0.08727060540974364 0.7032316346118743 -0.429262957955341 -0.05442893412404779 0.14040346495032663 -0.05936258552584392 0.11149491012289911 -0.2489677972173603 -0.23683639735005818 -0.36653637022512486 
0.3564650602849899 0.5076502196109249 0.8012556348551936 0.8266122748707354 1.0 0.8892336127646494 0.4606440385735889 0.44366705608669876 1.0 -0.16360308177368024 0.39180610879851135 0.09826110316391676 0.8784398297409881 1.0 6.944923591272051E-4 0.23472967142222567 -0.03609444897844871 0.439806175687648 0.8769847864862557 0.6755702154214074 0.08727060540974364 0.7830987721944516 -0.429262957955341 -0.05442893412404779 0.22549912333731265 -0.060275908647843525 0.11149491012289911 -0.2489677972173603 -0.23683639735005818 -0.36653637022512486 
0.3564650602849899 0.49696375363705925 0.8012556348551936 0.768816366494314 1.0 0.8892336127646494 0.4606440385735889 0.40533842733020303 1.0 -0.16360308177368024 0.39180610879851135 0.09826110316391676 0.8163295800835247 1.0 6.944923591272051E-4 0.23472967142222567 -0.1616950029121973 0.439806175687648 1.0 0.6755702154214074 0.08727060540974364 0.7032316346118743 -0.429262957955341 -0.05442893412404779 0.14040346495032663 -0.05936258552584392 0.11149491012289911 -0.2489677972173603 -0.23683639735005818 -0.36653637022512486 
0.3564650602849899 0.5076502196109249 0.8012556348551936 0.8266122748707354 1.0 0.8892336127646494 0.4606440385735889 0.43659147090260386 0.9611143560168185 -0.16360308177368024 0.39180610879851135 0.09826110316391676 0.8784398297409881 1.0 6.944923591272051E-4 0.23472967142222567 -0.03609444897844871 0.439806175687648 0.8769847864862557 0.6755702154214074 0.08727060540974364 0.7830987721944516 -0.429262957955341 -0.05442893412404779 0.22549912333731265 -0.060275908647843525 0.11149491012289911 -0.2489677972173603 -0.23683639735005818 -0.36653637022512486 
0.3564650602849899 0.5076502196109249 0.8012556348551936 0.8266122748707354 1.0 0.8892336127646494 0.4606440385735889 0.44366705608669876 1.0 -0.16360308177368024 0.39180610879851135 0.09826110316391676 0.8784398297409881 1.0 6.944923591272051E-4 0.23472967142222567 -0.03609444897844871 0.439806175687648 0.8769847864862557 0.6755702154214074 0.08727060540974364 0.7830987721944516 -0.429262957955341 -0.05442893412404779 0.22549912333731265 -0.060275908647843525 0.11149491012289911 -0.2489677972173603 -0.23683639735005818 -0.36653637022512486 
0.3702554672172505 0.5397096175325219 0.5661807246384731 0.4184467963050336 0.9296831224339348 1.0 0.7378117515189505 0.20296862724385611 0.7146951451152119 -0.20221580623405658 0.9806163401652832 0.5298509044445142 0.8748478357190528 0.9945951424488901 0.09540524206318497 0.38250500605514487 -0.18995814914649642 0.713748117578414 0.9736266294700486 0.5650499687958267 0.12368758514564417 0.8962580319004245 -0.8537795618159265 -0.26138610779221644 0.3827481062594309 -0.2744189944375235 0.12020533578225182 -0.6104514074208212 -0.34691504881280405 -0.08047071037698234 
0.36261794822758353 0.5949873994834212 0.771909755208524 0.6532245497414709 1.0 0.8927029926134078 0.4606440385735889 0.3286811698172116 1.0 -0.24859818294032177 0.7722521281125005 0.09826110316391676 0.7703732711739906 1.0 -0.064200274782485 0.23472967142222567 -0.19623836973805434 0.5258257983821373 1.0 0.6755702154214074 -0.011644788587533664 0.7032316346118743 -0.429262957955341 -0.14265649556551463 -0.02978785182364542 -0.05936258552584392 0.15911062899166878 -0.2489677972173603 -0.23683639735005818 -0.36653637022512486 
0.36261794822758353 0.49696375363705925 0.771909755208524 0.768816366494314 1.0 0.8676651013722672 0.4606440385735889 0.33209280066542174 1.0 -0.24859818294032177 0.7722521281125005 0.09826110316391676 0.8163295800835247 1.0 -0.064200274782485 0.23472967142222567 -0.1616950029121973 0.439806175687648 1.0 0.6755702154214074 -0.011644788587533664 0.7032316346118743 -0.429262957955341 -0.08383812127120341 -0.08057035129546819 -0.05936258552584392 0.11149491012289911 -0.2489677972173603 -0.23683639735005818 -0.36653637022512486 
0.3766594084020804 0.5582915347235442 0.8776253167816422 0.6823449893570744 0.9791316999775431 0.954015080212419 0.797931674717675 0.021833434628732176 0.9208052653202966 -0.05721527561004515 0.8815221360875767 0.07700478011660467 0.9466772836393487 0.9977452271525371 -0.18637069493933534 0.5846946107671473 -0.4067863678615446 0.6535562335511016 0.9837954335372496 0.6705619895216359 0.18006953188936772 0.510764323052693 -0.1926158274162802 0.050655631253027814 0.06950466283300394 -0.18859458417453207 0.12936639363882496 -1.0 -0.8207582760025381 -0.7041001608948216 
0.3702554672172505 0.5397096175325219 0.6056352619398158 0.4616824848736534 0.9401172724451632 1.0 0.7378117515189505 0.20296862724385611 0.7542925124550636 -0.20221580623405658 0.9806163401652832 0.5298509044445142 0.9015091938993784 0.9945951424488901 0.09540524206318497 0.38250500605514487 -0.18995814914649642 0.713748117578414 0.9736266294700486 0.5650499687958267 0.09895798944605388 0.9998618317531713 -0.8256877036570368 -0.26138610779221644 0.3827481062594309 -0.2744189944375235 0.07047315177389929 -0.6104514074208212 -0.436535910811535 -0.08047071037698234 
0.3620797561844786 0.5048225729989453 0.575621435412475 0.6188974360156683 1.0 0.9318962002229811 0.600605716694771 0.2891726470114807 0.9604026326601482 -0.36008536222761367 1.0 0.09826110316391676 0.777564056408728 0.9988726135762686 0.13538014091990866 0.5385474055193149 -0.3937890812830789 0.716043150893672 1.0 0.8311297698400003 -0.2109826170312858 0.664653486749678 -0.31725748186897496 -0.3671270070420426 -0.06523725288230676 -0.11778719430258194 0.056416046938768075 -0.6244838986086801 -0.23683639735005818 -0.2610411698333109 
0.3702554672172505 0.5397096175325219 0.5661807246384731 0.4184467963050336 0.9296831224339348 1.0 0.7378117515189505 0.20296862724385611 0.7146951451152119 -0.20221580623405658 0.9806163401652832 0.5298509044445142 0.8748478357190528 0.9945951424488901 0.09540524206318497 0.38250500605514487 -0.18995814914649642 0.713748117578414 0.9736266294700486 0.5650499687958267 0.12368758514564417 0.8962580319004245 -0.8537795618159265 -0.26138610779221644 0.3827481062594309 -0.2744189944375235 0.12020533578225182 -0.6104514074208212 -0.34691504881280405 -0.08047071037698234 
0.37737381522484625 0.5582915347235442 0.8776253167816422 0.768816366494314 0.9791316999775431 0.954015080212419 0.692158235420857 0.021833434628732176 0.9463168553604335 -0.05721527561004515 0.8815221360875767 0.03357708956254929 1.0 0.9977452271525371 -0.18637069493933534 0.5846946107671473 -0.38751882861605547 0.6535562335511016 0.9823379630883196 0.6838726652630427 0.18006953188936772 0.510764323052693 -0.13643211109850084 0.050655631253027814 0.06950466283300394 -0.18859458417453207 0.029902025622119924 -1.0 -0.8207582760025381 -0.7479116025648642 
0.36261794822758353 0.5949873994834212 0.771909755208524 0.6532245497414709 1.0 0.8927029926134078 0.4606440385735889 0.3286811698172116 1.0 -0.24859818294032177 0.7722521281125005 0.09826110316391676 0.7703732711739906 1.0 -0.064200274782485 0.23472967142222567 -0.19623836973805434 0.5258257983821373 1.0 0.6755702154214074 -0.011644788587533664 0.7032316346118743 -0.429262957955341 -0.14265649556551463 -0.02978785182364542 -0.05936258552584392 0.15911062899166878 -0.2489677972173603 -0.23683639735005818 -0.36653637022512486 
0.3702554672172505 0.5397096175325219 0.6056352619398158 0.4616824848736534 0.9401172724451632 1.0 0.7378117515189505 0.20296862724385611 0.7542925124550636 -0.20221580623405658 0.9806163401652832 0.5298509044445142 0.9015091938993784 0.9945951424488901 0.09540524206318497 0.38250500605514487 -0.18995814914649642 0.713748117578414 0.9736266294700486 0.5650499687958267 0.09895798944605388 0.9998618317531713 -0.8256877036570368 -0.26138610779221644 0.3827481062594309 -0.2744189944375235 0.07047315177389929 -0.6104514074208212 -0.436535910811535 -0.08047071037698234 
0.3702554672172505 0.5397096175325219 0.6056352619398158 0.4616824848736534 0.9401172724451632 1.0 0.7378117515189505 0.20296862724385611 0.7348496904634728 -0.20221580623405658 0.9806163401652832 0.5298509044445142 0.9015091938993784 0.9945951424488901 0.09540524206318497 0.38250500605514487 -0.18995814914649642 0.7508915979881455 0.9736266294700486 0.5650499687958267 0.09895798944605388 0.9998618317531713 -0.8256877036570368 -0.26138610779221644 0.3827481062594309 -0.2744189944375235 0.07047315177389929 -0.6104514074208212 -0.436535910811535 -0.08047071037698234 
0.37737381522484625 0.5582915347235442 0.8776253167816422 0.768816366494314 0.9791316999775431 0.954015080212419 0.692158235420857 0.021833434628732176 0.9463168553604335 -0.05721527561004515 0.8815221360875767 0.03357708956254929 1.0 0.9977452271525371 -0.18637069493933534 0.5846946107671473 -0.38751882861605547 0.6535562335511016 0.9823379630883196 0.6838726652630427 0.18006953188936772 0.510764323052693 -0.13643211109850084 0.050655631253027814 0.06950466283300394 -0.18859458417453207 0.029902025622119924 -1.0 -0.9945642158408264 -0.7479116025648642 
0.37737381522484625 0.5582915347235442 0.8776253167816422 0.768816366494314 0.9791316999775431 0.954015080212419 0.692158235420857 0.021833434628732176 0.9463168553604335 -0.05721527561004515 0.8815221360875767 0.03357708956254929 1.0 0.9977452271525371 -0.18637069493933534 0.5846946107671473 -0.38751882861605547 0.6535562335511016 0.9823379630883196 0.6838726652630427 0.18006953188936772 0.510764323052693 -0.13643211109850084 0.050655631253027814 0.06950466283300394 -0.18859458417453207 0.029902025622119924 -1.0 -0.8207582760025381 -0.7479116025648642 
0.3766594084020804 0.5582915347235442 0.8776253167816422 0.6823449893570744 0.9791316999775431 0.954015080212419 0.797931674717675 0.021833434628732176 0.9208052653202966 -0.05721527561004515 0.8815221360875767 0.07700478011660467 0.9466772836393487 0.9977452271525371 -0.18637069493933534 0.5846946107671473 -0.4067863678615446 0.6535562335511016 0.9837954335372496 0.6705619895216359 0.18006953188936772 0.510764323052693 -0.1926158274162802 0.050655631253027814 0.06950466283300394 -0.18859458417453207 0.12936639363882496 -1.0 -0.8207582760025381 -0.7041001608948216 
0.3620797561844786 0.5048225729989453 0.575621435412475 0.6188974360156683 1.0 0.9318962002229811 0.600605716694771 0.2891726470114807 0.9604026326601482 -0.36008536222761367 1.0 0.09826110316391676 0.777564056408728 0.9988726135762686 0.13538014091990866 0.5385474055193149 -0.3937890812830789 0.716043150893672 1.0 0.8311297698400003 -0.2109826170312858 0.664653486749678 -0.31725748186897496 -0.3671270070420426 -0.06523725288230676 -0.11778719430258194 0.056416046938768075 -0.6244838986086801 -0.23683639735005818 -0.2610411698333109 
0.37737381522484625 0.5582915347235442 0.8776253167816422 0.768816366494314 0.9791316999775431 0.954015080212419 0.692158235420857 0.021833434628732176 0.9463168553604335 -0.05721527561004515 0.8815221360875767 0.03357708956254929 1.0 0.9977452271525371 -0.18637069493933534 0.5846946107671473 -0.38751882861605547 0.6535562335511016 0.9823379630883196 0.6838726652630427 0.18006953188936772 0.510764323052693 -0.13643211109850084 0.050655631253027814 0.06950466283300394 -0.18859458417453207 0.029902025622119924 -1.0 -0.9945642158408264 -0.7479116025648642 
0.3748408541881665 0.5582915347235442 0.9565343913843276 0.768816366494314 1.0 0.954015080212419 0.692158235420857 0.021833434628732176 1.0 -0.08371143715459739 0.8815221360875767 0.03357708956254929 1.0 1.0 -0.18637069493933534 0.6014404681574905 -0.36958587627108486 0.6144285315098745 1.0 0.6838726652630427 0.13061034049018716 0.7179719227581867 -0.13643211109850084 0.050655631253027814 0.06950466283300394 -0.18859458417453207 0.029902025622119924 -1.0 -1.0 -0.7479116025648642 
0.3748408541881665 0.5582915347235442 0.9565343913843276 0.768816366494314 1.0 0.954015080212419 0.692158235420857 0.021833434628732176 1.0 -0.08371143715459739 0.8815221360875767 0.03357708956254929 1.0 1.0 -0.18637069493933534 0.6014404681574905 -0.36958587627108486 0.6144285315098745 1.0 0.6838726652630427 0.13061034049018716 0.7179719227581867 -0.13643211109850084 0.050655631253027814 0.06950466283300394 -0.18859458417453207 0.029902025622119924 -1.0 -1.0 -0.7479116025648642 
0.377820228099949 0.5580263060315439 1.0 0.6938569012549911 0.947633991540572 0.7097321878016539 0.6379914502072754 -0.02170093151609328 1.0 -0.02600784831564157 0.9407610680437883 0.04200871200638993 1.0 0.9372577747914861 -0.19901805045434423 0.2814103190275033 -0.17894858398485558 0.6568275660490046 1.0 0.6223195119342296 -0.056752526102523904 0.23324073154182512 -0.27051129889361103 -0.06307123650796662 -0.23797477494401004 -0.1426259043717098 0.046074488386553605 -0.9855148850402844 -0.6983676998033195 -0.5073211478523766 
0.3770001604567119 0.5582915347235442 0.6683151546028608 0.768816366494314 1.0 0.4179434048268911 0.646381976057814 0.11107750334358968 1.0 0.009833338337755515 0.9407610680437883 0.06591909636323302 1.0 1.0 0.0755850966977937 0.6014404681574905 -0.16853132828068837 0.6456719901811597 0.9982700911267969 0.6838726652630427 -0.06491573397013961 0.7179719227581867 -0.2268447964837379 0.022897751431000632 0.06950466283300394 -0.42477375286391 0.07594218727365173 -0.81224194930434 -0.7062199520130159 -0.6745241541586253 
0.36741213093074276 -0.01403630376590223 0.5973477114840422 0.6993621372775463 0.7364006671544033 0.6969545096779102 0.48288653629377887 0.02723567360154522 0.8657921384010837 -0.14238377574419786 0.43129618242465295 0.13881704678041745 1.0 0.9863339897403571 0.1616481830912433 0.49225615894284125 -0.15990857892639065 0.38010266049549735 0.9678502135341696 0.6523727348188355 0.03817547779271746 0.3745812672760366 -0.545483601261838 -0.1518605225198687 0.0372751498663591 -0.29728384595866286 -0.046066692293512734 -1.0 -0.4641111967051592 -0.3054886069616607 
0.377820228099949 0.5580263060315439 1.0 0.6938569012549911 0.947633991540572 0.7097321878016539 0.6379914502072754 -0.02170093151609328 1.0 -0.02600784831564157 0.9407610680437883 0.04200871200638993 1.0 0.9372577747914861 -0.19901805045434423 0.2814103190275033 -0.17894858398485558 0.6568275660490046 1.0 0.6223195119342296 -0.056752526102523904 0.23324073154182512 -0.27051129889361103 -0.06307123650796662 -0.23797477494401004 -0.1426259043717098 0.046074488386553605 -0.9855148850402844 -0.6983676998033195 -0.5073211478523766 
0.374764808003434 0.5409482649148084 0.7874299510284721 0.8035434811026978 0.883526630831916 0.8073303813417025 0.7106446580859885 -0.020964746502956974 1.0 -0.1934519414476248 0.8698945068307693 0.016713844674868014 0.9884033866913651 1.0 0.10978864446348052 0.5025238453803289 -0.16340408425432007 0.6273374549845507 0.9854203493627278 0.6489153045521903 0.018688726296630598 0.8147529678097123 -0.48888880273004787 -0.04408910020029136 0.14773593155447332 -0.1876533095076145 0.15615615776589514 -0.8672145500566547 -0.4316627701013312 -0.7305660469433662 
0.3770001604567119 0.5582915347235442 0.8193170952874445 0.768816366494314 1.0 0.4179434048268911 0.692158235420857 -0.022592102847784595 1.0 0.16126838164653978 0.8815221360875767 0.03357708956254929 1.0 1.0 -0.08529032123182831 0.6014404681574905 -0.16853132828068837 0.6144285315098745 0.9894390726709567 0.6838726652630427 0.13061034049018716 0.7179719227581867 -0.13643211109850084 0.022897751431000632 0.06950466283300394 -0.46017744779988506 0.07594218727365173 -1.0 -0.6754815713449982 -0.917959370524402 
0.377820228099949 0.6112300390641425 1.0 0.768816366494314 0.947633991540572 0.48756817538032676 0.67537718371978 -0.02170093151609328 1.0 -0.02600784831564157 0.8815221360875767 0.04200871200638993 1.0 0.8756429360067037 -0.19901805045434423 0.2814103190275033 0.03589191331336768 0.6568275660490046 1.0 0.6223195119342296 0.15176332626553285 0.23324073154182512 -0.2237651159182471 0.2409845340261094 -0.23797477494401004 -0.16746461444083763 0.035732929834339136 -0.9855148850402844 -0.6983676998033195 -0.7536011258714423 
0.3695607594188309 0.22831509349978601 0.5861038067704932 0.768816366494314 0.7779099686388316 0.7567379353186569 0.614399334372988 -0.020964746502956974 0.9328960692005419 -0.25163990516190293 0.8698945068307693 0.06511801206188178 0.9884033866913651 1.0 0.2901217612362743 0.6079467653379979 -0.16340408425432007 0.6273374549845507 0.9854203493627278 0.6489153045521903 0.018688726296630598 0.885423235676818 -0.48888880273004787 -0.04408910020029136 0.2853608939596579 -0.2525629252665271 0.11525634670196921 -0.8744571075365125 -0.31453451855225106 -0.5065097874884754 
0.3770001604567119 0.5582915347235442 0.6683151546028608 0.768816366494314 1.0 0.4179434048268911 0.646381976057814 0.11107750334358968 1.0 0.009833338337755515 0.9407610680437883 0.06591909636323302 1.0 1.0 0.0755850966977937 0.6014404681574905 -0.16853132828068837 0.6456719901811597 0.9982700911267969 0.6838726652630427 -0.06491573397013961 0.7179719227581867 -0.2268447964837379 0.022897751431000632 0.06950466283300394 -0.42477375286391 0.07594218727365173 -0.81224194930434 -0.7062199520130159 -0.6745241541586253 
0.377820228099949 0.6112300390641425 1.0 0.768816366494314 0.947633991540572 0.48756817538032676 0.67537718371978 -0.02170093151609328 1.0 -0.02600784831564157 0.8815221360875767 0.04200871200638993 1.0 0.8756429360067037 -0.19901805045434423 0.2814103190275033 0.03589191331336768 0.6568275660490046 1.0 0.6223195119342296 0.15176332626553285 0.23324073154182512 -0.2237651159182471 0.2409845340261094 -0.23797477494401004 -0.16746461444083763 0.035732929834339136 -0.9855148850402844 -0.6983676998033195 -0.7536011258714423 
0.37670255187331003 0.6521743052650952 1.0 0.9044250989896165 0.9410118970434826 0.6025077719471401 0.5264491303387084 0.01691641995794635 1.0 -0.21994810299217704 0.8815221360875767 -0.26198288657165203 1.0 0.9087524333640182 -0.15123698390039192 0.12195243056430333 0.038455535326551826 0.5070728742813954 1.0 0.40004449383838997 -1.8091642635731375E-4 0.281631254067588 -0.44350669386691144 0.10978445482604023 -0.19885914058327536 -0.19050491959939275 0.19551572757608912 -0.9102412182964308 -0.6754815713449982 -0.6599044640809244 
0.3761073347065063 0.6761740030100332 0.8934720517645129 0.768816366494314 1.0 0.9313084921113933 0.6846203950523457 -0.022592102847784595 1.0 -0.21994810299217704 0.8815221360875767 0.03357708956254929 1.0 1.0 0.0666333718239215 0.6014404681574905 -0.16853132828068837 0.6144285315098745 1.0 0.6784604773912346 -0.1481058419529494 0.6873933006451687 -0.3999934617340206 0.005397582501121885 0.07545209854875198 -0.1671279199142589 0.06121134777118728 -1.0 -0.8735281156720226 -0.6599044640809244 
0.3695607594188309 0.22831509349978601 0.5861038067704932 0.768816366494314 0.7779099686388316 0.7567379353186569 0.614399334372988 -0.020964746502956974 0.9328960692005419 -0.25163990516190293 0.8698945068307693 0.06511801206188178 0.9884033866913651 1.0 0.2901217612362743 0.6079467653379979 -0.16340408425432007 0.6273374549845507 0.9854203493627278 0.6489153045521903 0.018688726296630598 0.885423235676818 -0.48888880273004787 -0.04408910020029136 0.2853608939596579 -0.2525629252665271 0.11525634670196921 -0.8744571075365125 -0.31453451855225106 -0.5065097874884754 
0.37670255187331003 0.5582915347235442 0.8934720517645129 0.5416069597612538 1.0 0.6314029158334782 0.6846203950523457 -0.026776733448769907 1.0 -0.1847343806586615 0.8815221360875767 0.06870865907021548 1.0 0.9378378538683849 -0.06926787020605871 0.7047851145072928 -0.09002361612392659 0.6768766867787297 0.9788781453419133 0.8971710731588659 -0.03375556197912093 0.36477250108691206 -0.3564802296011298 0.0948301958777253 -0.1968693852377939 -0.37897975330516714 -0.026803530875844417 -0.9878422896431724 -0.7215377352813996 -0.5057169390696044 
0.37670255187331003 0.6025584041597746 1.0 0.768816366494314 0.88939730695653 0.48756817538032676 0.6846203950523457 -0.02088725334367947 1.0 -0.20336800986272385 0.8815221360875767 0.03357708956254929 1.0 0.9067567808025774 -0.10147856760668983 0.2814103190275033 0.038455535326551826 0.6012731833827372 1.0 0.6048408315788034 0.15176332626553285 0.28163125406758793 -0.3999934617340206 0.2074911082104634 -0.19885914058327536 -0.031202545294702344 0.07583991508046084 -0.9191221600686118 -0.576458299181486 -0.6599044640809244 
0.37670255187331003 0.5582915347235442 0.8934720517645129 0.768816366494314 1.0 0.9313084921113933 0.6846203950523457 -0.022592102847784595 1.0 -0.21994810299217704 0.8815221360875767 0.03357708956254929 1.0 1.0 0.054681528331210566 0.6014404681574905 -0.16853132828068837 0.6144285315098745 1.0 0.6838726652630427 -0.1481058419529494 0.6873933006451687 -0.3999934617340206 0.022897751431000632 0.06950466283300394 -0.19050491959939275 0.07583991508046084 -1.0 -0.6754815713449982 -0.6599044640809244 
0.37670255187331003 0.5582915347235442 0.8934720517645129 0.768816366494314 0.911517845565224 0.43681105063996967 0.6846203950523457 -0.022592102847784595 1.0 -0.21994810299217704 0.8815221360875767 0.03357708956254929 1.0 0.9067567808025774 -0.06926787020605871 0.3969504546233521 0.038455535326551826 0.6012731833827372 1.0 0.6838726652630427 0.17773211141023784 0.28163125406758793 -0.3999934617340206 0.0948301958777253 -0.19885914058327536 -0.19050491959939275 0.07583991508046084 -0.9158453914839653 -0.6754815713449982 -0.6599044640809244 
0.37670255187331003 0.5582915347235442 0.8934720517645129 0.5416069597612538 1.0 0.6314029158334782 0.6846203950523457 -0.026776733448769907 1.0 -0.1847343806586615 0.8815221360875767 0.06870865907021548 1.0 0.9378378538683849 -0.06926787020605871 0.7047851145072928 -0.09002361612392659 0.6768766867787297 0.9788781453419133 0.8971710731588659 -0.03375556197912093 0.36477250108691206 -0.3564802296011298 0.0948301958777253 -0.1968693852377939 -0.37897975330516714 -0.026803530875844417 -0.9878422896431724 -0.7215377352813996 -0.5057169390696044 
0.37670255187331003 0.5582915347235442 0.8934720517645129 0.768816366494314 0.911517845565224 0.43681105063996967 0.6846203950523457 -0.022592102847784595 1.0 -0.21994810299217704 0.8815221360875767 0.03357708956254929 1.0 0.9067567808025774 -0.06926787020605871 0.3969504546233521 0.038455535326551826 0.6012731833827372 1.0 0.6838726652630427 0.17773211141023784 0.28163125406758793 -0.3999934617340206 0.0948301958777253 -0.19885914058327536 -0.19050491959939275 0.07583991508046084 -0.9158453914839653 -0.6754815713449982 -0.6599044640809244 
0.3759909762224722 0.5764167409690713 0.6498519730247316 0.7487994507518543 0.955758922782612 0.690082898184411 0.8940757258910281 -0.09819944945103623 1.0 -0.1053282857577009 0.9727590625315524 0.1346526286518708 0.9304203201481908 0.9399893498043816 -0.06926787020605868 0.32650595312672576 -0.2356099798244395 1.0 0.9577562906838266 0.7847380698287507 0.15578264343083095 0.6408156270337939 -0.312966997468239 -0.13049162878775092 -0.19552988413813777 -0.47277176729984505 0.07583991508046084 -0.9382850869098576 -0.48573507662176457 -0.686378772380458 
0.37665666228930894 0.4481752031888031 0.8934720517645129 0.7287825350093947 0.9410118970434826 0.5453573978581772 0.6846203950523457 0.0766229735703592 1.0 0.03800031975885981 0.8815221360875767 0.03357708956254929 0.9536135467654605 0.9533783904012887 -0.06926787020605871 0.3969504546233521 0.038455535326551826 0.6056582994251163 0.9854714879744011 0.881452249473641 0.06911946028917543 0.28163125406758793 -0.312966997468239 0.0948301958777253 -0.19885914058327536 -0.019468355286944627 -0.017977695532002208 -0.9319688907360041 -0.6754815713449982 -0.6599044640809244 
0.37670255187331003 0.5582915347235442 0.8934720517645129 0.5616238755037135 1.0 0.6016435311304442 0.6846203950523457 -0.026776733448769907 1.0 -0.2464442645367293 0.8815221360875767 0.01817088952555472 1.0 0.9378378538683849 -0.06926787020605871 0.4737048433155952 0.038455535326551826 0.6159318263592286 1.0 0.7391074057903873 -0.04874961313412246 0.18518031460380907 -0.3999934617340206 0.0948301958777253 -0.19885914058327536 -0.18571888042818296 0.07583991508046084 -0.982238116455638 -0.6713949355440048 -0.6599044640809244 
0.37670255187331003 0.5582915347235442 0.8934720517645129 0.768816366494314 0.9410118970434826 0.6016435311304442 0.6846203950523457 -0.022592102847784595 1.0 -0.21994810299217704 0.8815221360875767 0.03357708956254929 1.0 0.9378378538683849 -0.06926787020605871 0.3969504546233521 0.038455535326551826 0.6056582994251163 1.0 0.6838726652630427 0.06911946028917543 0.28163125406758793 -0.3999934617340206 0.0948301958777253 -0.19885914058327536 -0.19050491959939275 0.07583991508046084 -0.9158453914839653 -0.6754815713449982 -0.6599044640809244 
0.3766107727053079 0.38232574109029244 0.41294587778400416 0.6887487035244755 1.0 0.3608797405428587 0.8940757258910281 0.17754289949260812 1.0 0.31252883563934986 1.0 0.3697271764296137 0.907227093530921 0.9378378538683849 0.24944911537169673 1.0 0.08416824754449104 1.0 0.9709429759488023 1.0 0.18467037114471616 1.0 -0.22594053320245744 0.12652059033310442 -0.09882161802954292 0.3108705833301939 -0.11179530614446526 -0.9513691585726894 -0.859452671086996 -0.5492426384304425 
0.375923776370502 0.3166341006681074 0.4267404556953465 0.7923449490197757 1.0 0.49632982004603765 0.9720815916632213 -0.10160914845924648 1.0 -0.06170597692804397 0.9050402624129252 0.1346526286518708 0.8840338669136513 0.9378378538683849 0.31387051017295897 0.8591109970067473 -0.3185413864213902 0.9948632365329438 0.9577562906838266 1.0 0.2077202137202409 0.6408156270337939 -0.14906828946482958 -0.531127836899131 -0.0815077591747968 -0.5770266653533611 -0.12944697683214967 -0.91161925891756 -0.6897884901987155 -0.3694051790710773 
0.37665666228930894 0.4481752031888031 0.8934720517645129 0.7287825350093947 0.9410118970434826 0.5453573978581772 0.6846203950523457 0.0766229735703592 1.0 0.03800031975885981 0.8815221360875767 0.03357708956254929 0.9536135467654605 0.9533783904012887 -0.06926787020605871 0.3969504546233521 0.038455535326551826 0.6056582994251163 0.9854714879744011 0.881452249473641 0.06911946028917543 0.28163125406758793 -0.312966997468239 0.0948301958777253 -0.19885914058327536 -0.019468355286944627 -0.017977695532002208 -0.9319688907360041 -0.6754815713449982 -0.6599044640809244 
0.37665666228930894 0.4931507363571939 0.6498519730247316 0.7287825350093947 0.955758922782612 0.5978440695267518 0.8940757258910281 -0.09819944945103623 1.0 -0.06336814897713508 1.0 0.1346526286518708 0.9304203201481908 0.9378378538683849 0.09009062258281902 0.6280307258150497 -0.218502767574405 1.0 0.9577562906838266 0.8419363326315213 0.15578264343083095 0.6408156270337939 -0.312966997468239 -0.11464643156006135 -0.14551112286127155 -0.2584219167439803 0.028931109774229316 -0.9336072750283273 -0.5777206264927635 -0.5769080948430629 
0.3759696659545031 0.40461699748473323 0.4267404556953465 0.7287825350093947 1.0 0.49632982004603765 0.8940757258910281 -0.10160914845924648 1.0 -0.09652833523604146 0.9407610680437883 0.1346526286518708 0.8840338669136513 0.9378378538683849 0.15451201738408127 0.8591109970067473 -0.218502767574405 0.8028291497125581 0.9577562906838266 1.0 0.2077202137202409 0.6408156270337939 -0.312966997468239 -0.33996825622553756 -0.19487962989231244 -0.5770266653533611 -0.12944697683214967 -0.9270537378590342 -0.775767170819788 -0.3515294140582842 
0.3766107727053079 0.2920891694056171 0.41294587778400416 0.7087656192669352 1.0 0.31955643870904094 0.8684336928285056 0.2704909799334614 1.0 0.46188890625971274 1.0 0.419886814545526 0.907227093530921 1.0 0.24944911537169673 1.0 0.18988590058702592 1.0 0.9554119041214605 0.9188925538553518 0.1205186073460259 0.7812287023082447 -0.3856175307192427 0.12652059033310442 -0.12383099866797603 0.3108705833301939 -0.0924441690890899 -0.9513691585726894 -0.859452671086996 -0.42189619588025434 
0.3766107727053079 0.2920891694056171 0.41294587778400416 0.7087656192669352 1.0 0.31955643870904094 0.8684336928285056 0.2704909799334614 1.0 0.46188890625971274 1.0 0.419886814545526 0.907227093530921 1.0 0.24944911537169673 1.0 0.18988590058702592 1.0 0.9554119041214605 0.9188925538553518 0.1205186073460259 0.7812287023082447 -0.3856175307192427 0.12652059033310442 -0.12383099866797603 0.3108705833301939 -0.0924441690890899 -0.9513691585726894 -0.859452671086996 -0.42189619588025434 
0.3766107727053079 0.38232574109029244 0.6498519730247316 0.6887487035244755 1.0 0.563908239504287 0.8673539262438801 -0.06562263033763663 1.0 -0.14099956997413532 0.8100805248258506 0.1346526286518708 0.907227093530921 0.8741632481984174 0.24944911537169673 0.8591109970067473 -0.1900622349709118 1.0 0.9577562906838266 1.0 0.18467037114471616 1.0 -0.14906828946482958 -0.3058060122336548 -0.09882161802954292 -0.32633891388856784 -0.15049758025521598 -0.9513691585726894 -0.5385791003973116 -0.6956559941065106 
0.375923776370502 0.3166341006681074 0.4267404556953465 0.7923449490197757 1.0 0.49632982004603765 0.9720815916632213 -0.10160914845924648 1.0 -0.06170597692804397 0.9050402624129252 0.1346526286518708 0.8840338669136513 0.9378378538683849 0.31387051017295897 0.8591109970067473 -0.3185413864213902 0.9948632365329438 0.9577562906838266 1.0 0.2077202137202409 0.6408156270337939 -0.14906828946482958 -0.531127836899131 -0.0815077591747968 -0.5770266653533611 -0.12944697683214967 -0.91161925891756 -0.6897884901987155 -0.3694051790710773 
0.3766107727053079 0.38232574109029244 0.41294587778400416 0.6887487035244755 1.0 0.3608797405428587 0.8940757258910281 0.17754289949260812 1.0 0.31252883563934986 1.0 0.3697271764296137 0.907227093530921 0.9378378538683849 0.24944911537169673 1.0 0.08416824754449104 1.0 0.9709429759488023 1.0 0.18467037114471616 1.0 -0.22594053320245744 0.12652059033310442 -0.09882161802954292 0.3108705833301939 -0.11179530614446526 -0.9513691585726894 -0.859452671086996 -0.5492426384304425 
0.37798803442298246 0.2816431939650485 0.5467866555561977 0.7287825350093947 1.0 0.4812616358366515 0.7893480604716869 0.15285034965746955 1.0 0.12192059331999144 0.8767650790682602 0.3697271764296137 0.907227093530921 0.9490753985292953 0.24944911537169673 1.0 0.049813603717651214 0.8028291497125581 0.926694147029143 0.8377851077107037 0.05636684354733565 0.5624574046164894 -0.39155004076077227 0.12652059033310442 -0.14884037930640914 0.4092313458247849 -0.11179530614446526 -0.9226132669729437 -0.859452671086996 -0.4409631090061342 
0.3766107727053079 0.38232574109029244 0.6498519730247316 0.6887487035244755 1.0 0.563908239504287 0.840632126596732 -0.033045811224237026 1.0 -0.17679954792073432 0.8100805248258506 0.1346526286518708 0.907227093530921 0.81048864252845 0.24944911537169673 0.8591109970067473 -0.16162170236741855 1.0 0.9577562906838266 1.0 0.18467037114471616 1.0 -0.07219604572720176 -0.28748896546946157 -0.09882161802954292 -0.32633891388856784 -0.15049758025521598 -0.9513691585726894 -0.49943757430185975 -0.6956559941065106 
0.3766107727053079 0.42631718949860536 0.6498519730247316 0.6887487035244755 0.9852529742608707 0.5978440695267518 0.8940757258910281 -0.09819944945103623 1.0 -0.09652833523604146 1.0 0.1346526286518708 0.9304203201481908 0.9378378538683849 0.24944911537169673 0.8591109970067473 -0.218502767574405 1.0 0.9577562906838266 1.0 0.15578264343083095 1.0 -0.22594053320245744 -0.324123058997848 -0.09882161802954292 -0.32633891388856784 -0.06488650083823373 -0.9513691585726894 -0.5777206264927635 -0.5769080948430629 
0.37798803442298246 0.2816431939650485 0.5467866555561977 0.7287825350093947 1.0 0.4812616358366515 0.7893480604716869 0.15285034965746955 1.0 0.12192059331999144 0.8767650790682602 0.3697271764296137 0.907227093530921 0.9490753985292953 0.24944911537169673 1.0 0.049813603717651214 0.8028291497125581 0.926694147029143 0.8377851077107037 0.05636684354733565 0.5624574046164894 -0.39155004076077227 0.12652059033310442 -0.14884037930640914 0.4092313458247849 -0.11179530614446526 -0.9226132669729437 -0.859452671086996 -0.4409631090061342 
0.3766107727053079 0.38232574109029244 0.6498519730247316 0.6887487035244755 1.0 0.563908239504287 0.827271226773158 -0.033045811224237026 1.0 -0.17679954792073432 0.7151207872387759 0.017115354762999344 0.907227093530921 0.7786513396934662 0.24944911537169673 0.8591109970067473 -0.1319339361439061 1.0 0.9577562906838266 1.0 0.18467037114471616 1.0 -0.07219604572720176 -0.5036522667528411 -0.09882161802954292 -0.6449436624979488 -0.15049758025521598 -0.9513691585726894 -0.3390007889570176 -0.6956559941065106 
0.3766107727053079 0.38232574109029244 0.6498519730247316 0.6887487035244755 1.0 0.563908239504287 0.827271226773158 -0.033045811224237026 1.0 -0.17679954792073432 0.7151207872387759 0.017115354762999344 0.907227093530921 0.7786513396934662 0.24944911537169673 0.8591109970067473 -0.1319339361439061 1.0 0.9577562906838266 1.0 0.18467037114471616 1.0 -0.07219604572720176 -0.5036522667528411 -0.09882161802954292 -0.6449436624979488 -0.15049758025521598 -0.9513691585726894 -0.3390007889570176 -0.6956559941065106 
0.3766107727053079 0.38232574109029244 0.6498519730247316 0.6887487035244755 1.0 0.563908239504287 0.840632126596732 -0.033045811224237026 1.0 -0.17679954792073432 0.8100805248258506 0.1346526286518708 0.907227093530921 0.81048864252845 0.24944911537169673 0.8591109970067473 -0.16162170236741855 1.0 0.9577562906838266 1.0 0.18467037114471616 1.0 -0.07219604572720176 -0.28748896546946157 -0.09882161802954292 -0.32633891388856784 -0.15049758025521598 -0.9513691585726894 -0.49943757430185975 -0.6956559941065106 
0.3766107727053079 0.38232574109029244 0.6498519730247316 0.6887487035244755 1.0 0.563908239504287 0.8673539262438801 -0.06562263033763663 1.0 -0.14099956997413532 0.8100805248258506 0.1346526286518708 0.907227093530921 0.8741632481984174 0.24944911537169673 0.8591109970067473 -0.1900622349709118 1.0 0.9577562906838266 1.0 0.18467037114471616 1.0 -0.14906828946482958 -0.3058060122336548 -0.09882161802954292 -0.32633891388856784 -0.15049758025521598 -0.9513691585726894 -0.5385791003973116 -0.6956559941065106 
