1.0 -1.8968340792490472 -1.869914794152443 -1.9531958280697372 -1.64666222638688 -1.6572908734175242 0.1932197769396644 -1.9596745506307296 -1.7339217423921516 -1.6983923301051078 -1.243210006759031 -1.991145407441717 -0.23537156160250117 -1.4768862545945765 -1.9155074640589496 -1.8150950004996866 -1.4646111465241538 0.976601144227536 -1.6589279722619095 -1.920837338349386 -1.973705428250882 -1.8493356654212418 -1.5899293309654805 -1.9102669426717065 -1.7416660385421567 -1.866471875048254 -1.848743166169975 -1.5416160291817596 -1.9848626598721617 -1.9785920756547795 
1.0 -1.8983538689772843 -1.8681926844999717 -1.954666174838612 -1.64666222638688 -1.6447328621066042 -1.9672696023726584 -1.4626359171163263 -1.7339217423921516 -1.6821915951511484 -1.2518298309729932 -1.991145407441717 0.7353118316935163 -1.461475136497019 -1.9254949470110978 -1.8259266259408724 -1.4636201413140157 0.9809221175325846 -1.6633502892108565 -1.920837338349386 -1.973705428250882 -1.4371858869931964 -1.5992146274144508 -1.910290682220989 -1.7410503495596341 -1.7112700615631395 -1.8592776497798293 -1.722562871763007 -2.0 -1.9781347748601463 
0.995358485674591 -1.8968340792490472 -1.8802385182741528 -1.9527192255940096 -1.6380486435716906 -1.618884469980274 -1.9672696023726584 -1.463115040797047 -1.7339217423921516 -1.7072668795848842 -1.2498909574777486 -1.991145407441717 -1.9549036052307198 -1.4659506415185626 -1.91865036461136 -1.818974954850075 -1.449657868963989 0.990690861791868 -1.6570386989611308 -1.2624930278109285 -1.992676595769593 -1.915109303143609 -1.332825438380806 -1.916678694901389 -1.7416660385421567 -1.7227193245122672 -1.8677685435961986 -1.732559298305407 -1.6025780094253053 0.1932191724947514 
0.9859184675671296 -1.8855970938330622 -1.869914794152443 -1.9629682126900334 -1.6380486435716906 -1.6645982971592477 -1.9672696023726584 -1.9635010371444306 -1.9475630716076537 -1.6921658500320835 -1.2498909574777486 -1.9666404773321842 0.8187435536158619 -1.4566871425301826 -1.9275006645060273 -1.8333052959145741 -1.445445979567921 0.990690861791868 -1.6708097368361572 -1.918003508981547 -1.992676595769593 -1.4371858869931964 -1.5783581373231392 -1.9099628606478882 -1.7431103715059706 -1.7145941403229303 -1.8677685435961986 -1.5392778097028281 -1.593215646618328 0.24968489810993066 
0.9859184675671296 -1.8847095867822083 -1.869914794152443 -1.955475059244455 -1.64666222638688 -1.6097073527770087 -1.9526961070220374 -1.9635010371444306 -1.8496452714930682 -1.704701361558414 -1.2498909574777486 -1.9996993473101414 -1.9549036052307198 -1.4767973450081808 -1.9155074640589496 -1.840319372622524 -1.445445979567921 0.9905051568152371 -1.6708097368361572 -1.2624930278109285 -2.0 -1.4467061483181107 -1.581641461088131 -1.9102669426717065 -1.7416660385421567 -1.866471875048254 -1.8633568158519986 -1.5392778097028281 -1.6025780094253053 0.1932191724947514 
0.9759272041329019 -1.8968340792490472 1.7350572666120088 1.6087237972644859 -0.02058265498252046 0.11347342856771099 0.19593684731538874 -1.736222067937411 0.41747342326546705 -1.7072668795848842 -1.2749443706700516 -1.9854727640815566 0.7353118316935163 -1.4768862545945765 -1.91865036461136 -1.8787000209853804 -1.4638721330943516 0.9875899923567762 -1.9814019972023484 -1.9212783930446282 -1.963322009706421 -1.8423747636267798 -1.5710591248111572 -1.9161029172378972 -1.757640925671526 -1.726036209022085 -1.8488742545440324 -1.7338110538477294 -1.9911061420635303 -1.9746155504513585 
0.9713421829865353 -1.8968340792490472 -0.2266323273788425 -1.9527192255940096 -0.01585820688830074 0.1230592942159161 0.17776437722022492 -1.463115040797047 -1.7339217423921516 -1.7072668795848842 -1.265793763569736 -1.991145407441717 0.7353118316935163 -1.4768862545945765 -1.91865036461136 -1.8259266259408724 -1.4636201413140157 0.9809221175325846 -1.6633502892108565 -1.9212783930446282 -1.9901074732600375 -1.915109303143609 -1.5899293309654805 -1.910290682220989 -1.7489807411547071 -1.7112700615631395 -1.8581412357111293 -1.722562871763007 -2.0 -1.9746155504513585 
0.9710142083738761 -1.886182469410989 -0.2274132146117565 1.6055336505053934 -0.02058265498252046 0.1230592942159161 0.18744861004498628 -1.7458819198583473 0.41567743786236366 -1.6881752873917752 0.5594809546459037 -1.9854727640815566 0.7376441133125026 -1.473214771410058 -1.9261006449253175 -1.9751604853190252 -1.8432326828854344 0.9875899923567762 -1.9814019972023484 -1.9176535089264952 -1.963322009706421 -1.9169159445776118 -1.5803074966631192 -1.8996959952510608 0.8725726157102824 -1.7277424125341727 -1.8488742545440324 -1.739079497955858 -1.9911061420635303 -1.5717646470610196 
0.9710142083738761 0.8508729346643074 -0.2274132146117565 -1.9659924862999734 -0.02058265498252046 0.1230592942159161 0.18093903851266627 -1.7377858536140809 0.3983357920199348 -1.6881752873917752 0.5757974338582434 -1.985489309385011 0.7390701015643801 -1.4817801605971908 -1.9261006449253175 -1.8480520685849504 -1.825833937289745 0.98765542708202 -1.9920886929977037 -1.9176535089264952 -1.963322009706421 -1.9169159445776118 -1.5731415043921215 -1.912758002388784 0.8701178672649298 -1.7347932413991742 -1.8263881307203662 1.906007335790012 -1.9825081844284533 -1.5836198718890855 
0.9710142083738761 -1.889086885855298 -0.2274132146117565 -1.9659924862999734 -0.029193406375311814 -1.6544774838294574 0.18919711054351399 -1.7458819198583473 0.40816880295793956 -1.7108527044435202 0.5691727055287694 -1.9867033485149 0.7270026866079479 -1.4605719520073661 -1.921022164323839 -1.8480520685849504 -1.825833937289745 -0.5330506153991217 -1.9830065125151397 0.7886974765653317 -1.9743849765262131 -1.8319893891442118 -1.5731415043921215 -1.912758002388784 0.8701178672649298 -1.652435021731331 -1.8696298522685089 -1.7466822370728248 -1.9911061420635303 -1.5750802150366099 
0.9710142083738761 0.8439610258631839 -0.2274132146117565 1.6055336505053934 -0.02058265498252046 -1.650071233764462 0.18744861004498628 -1.7457383461733802 0.4064710679611804 -1.7108527044435202 0.5743074381624156 -1.9881394408115716 0.7376441133125026 -1.473214771410058 -1.9161484516182514 -1.9751604853190252 -1.8432326828854344 0.995546416025729 -1.9839662882466782 0.786264615333127 -1.963322009706421 -1.8333295966491108 -1.5803074966631192 -1.912758002388784 0.8755360394143625 -1.7277424125341727 -1.8521819158559136 1.906007335790012 -1.9825081844284533 -1.5836546178396815 
0.9710142083738761 0.8439610258631839 -0.2274132146117565 1.728409274222578 -0.029193406375311814 -1.6544774838294574 0.18919711054351399 -1.7457383461733802 0.40816880295793956 -1.7108527044435202 0.5743074381624156 -1.9935348695241715 0.7270026866079479 -1.4649976763740171 -1.921022164323839 -1.8480520685849504 -1.820289213959203 -0.5300638831358577 -1.9851519452480304 0.7848082228436681 -1.9782361459367606 -1.9431740875838 -1.71059295865712 -1.5249118539171829 0.8701178672649298 -0.19342262902775387 -1.8696298522685089 -1.7466822370728248 -1.9911061420635303 -1.5836546178396815 
0.9710142083738761 0.8439610258631839 -0.23042754254574066 1.594007748982464 -0.02058265498252046 -1.6490218187820298 0.18744861004498628 -1.7510957160492873 0.40816880295793956 -1.7204801991421332 0.5743074381624156 -1.9806542533586033 0.7301899233174467 -0.022012412107015766 -1.921022164323839 -1.848258339158292 -1.820289213959203 0.995546416025729 -1.9851519452480304 0.7830801843447105 -1.9617251419632906 -1.8319893891442118 -1.5731415043921215 -1.912758002388784 0.8701178672649298 -0.2100453749815828 -1.8696298522685089 -1.739079497955858 -1.9911061420635303 -1.5836546178396815 
0.9710142083738761 0.8439610258631839 -0.2274132146117565 1.728409274222578 -0.029193406375311814 -1.6544774838294574 0.18919711054351399 -1.7457383461733802 0.40816880295793956 -1.7108527044435202 0.5743074381624156 -1.9935348695241715 0.7270026866079479 -1.4649976763740171 -1.921022164323839 -1.8480520685849504 -1.820289213959203 -0.5300638831358577 -1.9851519452480304 0.7848082228436681 -1.974143175902434 -1.8319893891442118 -1.71059295865712 -1.5249118539171829 0.8701178672649298 -0.19342262902775387 -1.8696298522685089 -1.7466822370728248 -1.9911061420635303 -1.5836546178396815 
0.9710142083738761 -1.884819022258501 -0.2274132146117565 1.6055336505053934 -0.02058265498252046 -1.650071233764462 0.18744861004498628 -1.7457383461733802 0.40334259187498966 -1.7108527044435202 0.5730617307903259 -1.9840083277676588 0.7273943749412024 -1.473214771410058 -1.9164923720764304 -1.9847742866323135 -1.8432326828854344 0.995546416025729 -1.9565762344455013 0.7838063727188741 -1.9617251419632906 -1.8319893891442118 -1.7092776508285175 -1.5215727311936957 0.8701178672649298 -0.19342262902775387 -1.8488742545440324 -1.739079497955858 -1.9825081844284533 0.4255607708087652 
0.9710142083738761 -1.884819022258501 -0.2274132146117565 1.6055336505053934 -0.02058265498252046 -1.650071233764462 0.18744861004498628 -1.7457383461733802 0.40334259187498966 -1.7108527044435202 0.5730617307903259 -1.9840083277676588 0.7273943749412024 -1.473214771410058 -1.9164923720764304 -1.9847742866323135 -1.8432326828854344 0.995546416025729 -1.9565762344455013 0.7838063727188741 -1.9617251419632906 -1.8319893891442118 -1.7092776508285175 -1.5215727311936957 0.8701178672649298 -0.19342262902775387 -1.8488742545440324 -1.739079497955858 -1.9825081844284533 0.4255607708087652 
0.9139924428700281 1.1895341091461655 1.2757244763586324 1.4808545550116765 1.9299787758226417 1.9638567671817906 1.9442963798432298 1.7003993123608638 1.7110788034165756 1.0726444099088284 1.9588564855399815 1.9061088417205865 1.8587819136061092 1.9627603338135793 1.9398246424367407 1.8839575618022497 1.8061345168092569 1.9532526306847253 0.2882048443313359 -1.8934284120107543 -1.7860104383344888 0.5957410857672003 1.8907833435452748 -1.938385401631349 -1.715953873361488 -1.698754430669615 -1.5818485239878055 -1.8991245046066842 -1.874325143302395 -1.7677905433098673 
0.9108979632276373 0.8522680925182669 1.2757244763586324 1.4985373386167276 1.9305334039789368 1.9632181800547648 1.9442963798432298 1.7003993123608638 1.7110788034165756 1.064750978256284 1.9258859386320286 1.920197940240173 1.847124077537764 1.6137434243033355 1.9567950620652648 1.8839575618022497 1.8005954574124323 1.971803128997676 0.29296625597486675 -1.8934284120107543 -1.9932180028483464 0.5857864995990755 -1.7741211943919661 -1.946249968109115 -1.7151635365597588 -1.698754430669615 -1.5903995689642445 -1.751894658187038 -1.874325143302395 -1.3379964366921309 
0.9080585597542502 1.1707233544680928 1.2796813510634892 1.728409274222578 -0.9542162143830951 1.9602795852331352 1.964516327523313 1.6952058543557325 1.9363864934443977 1.3114898989203345 1.8842382809767173 1.9082187329045075 1.847987538334299 1.6359966248688937 1.9398246424367407 1.8991157310070026 1.8061345168092569 1.9442358523449554 0.2780815475838024 0.012655130718813964 -1.9888549937961035 0.4594142397825416 -1.7078729073321297 -1.9535689671371976 -1.7120413546602244 -1.6887302542902083 -1.6070540739199972 -1.8991245046066842 -1.8898196786789008 -1.7732948581755912 
0.9080585597542502 1.1707233544680928 1.2796813510634892 1.728409274222578 -0.9542162143830951 1.9602795852331352 1.964516327523313 1.6952058543557325 1.9363864934443977 1.3114898989203345 1.8842382809767173 1.9082187329045075 1.847987538334299 1.6359966248688937 1.9398246424367407 1.8991157310070026 1.8061345168092569 1.9442358523449554 0.2780815475838024 0.012655130718813964 -1.9888549937961035 0.4594142397825416 -1.7078729073321297 -1.9535689671371976 -1.7120413546602244 -1.6887302542902083 -1.6070540739199972 -1.8991245046066842 -1.8898196786789008 -1.7732948581755912 
0.8863202581980156 1.1838903710698394 1.2733045479322969 1.735242262563566 -0.9542162143830951 1.78648423290156 1.940830468439955 1.703817147362972 1.945761557204247 1.064750978256284 1.9588564855399815 1.9061088417205865 1.8512968768135556 1.9627603338135793 1.964681295083399 1.8839575618022497 1.7974858040480906 1.9442358523449554 1.7946822493385635 -1.8956919664509015 -1.9888549937961035 -1.682678946515632 1.8907833435452748 -1.9545219315461082 -1.7135649594424238 -1.698754430669615 -1.5772636278985295 -1.9015620017510582 -1.874325143302395 -1.7664685099025583 
0.886426225424917 1.1746450543301992 1.2911658664692394 1.728409274222578 1.9524210049131998 1.78648423290156 1.9571056746645392 1.6952058543557325 1.6975882824041266 1.064750978256284 1.8842382809767173 1.9082187329045075 1.847987538334299 1.6223008433401103 1.964681295083399 1.9074082123186569 1.8061345168092569 1.9442358523449554 1.772075182990306 -0.051697885285690415 -1.9888549937961035 -1.682678946515632 -1.7062652053632366 -1.9535689671371976 -1.707975433207101 -1.6891709682226026 -1.580877069330277 1.5706998782560406 -1.880158375257365 -1.7732948581755912 
0.8790559556092613 1.1897213948332246 1.2770917319717559 1.4832349683603407 1.9376950578152987 1.9780113418852143 1.9442963798432298 1.6952058543557325 1.7049655944692566 1.061781909569387 1.919269950107325 1.9028823294644657 1.8482156227766369 -0.7540550933927105 1.964681295083399 1.8955391321210195 1.7967306663112765 1.9532526306847253 1.76101945462827 -1.899348492191043 1.9530449998827806 -1.216728541856234 1.8945777264253076 -1.9430454128988144 -1.7163447527538167 -1.7023126868790377 -1.6134332755543026 -1.9015620017510582 -1.880158375257365 -1.3847451113535314 
0.8737744827356075 1.1895341091461655 1.2802600740561 1.4808545550116765 1.9279320550845653 1.9780113418852143 1.9442963798432298 1.6952058543557325 1.7049655944692566 1.061781909569387 1.9279934658611286 1.9115038406935936 1.8482156227766369 -0.7485125348586052 1.964681295083399 1.8955391321210195 1.802054828082563 1.9532526306847253 1.76101945462827 -1.899348492191043 -2.0 -1.2241498958403518 1.8945777264253076 -1.9428199029463726 -1.715953873361488 -1.701446190609377 -1.6053552615428826 -1.746444452532981 -1.880158375257365 -1.3847451113535314 
0.8690211330283906 1.1931222994026742 1.2741468081909277 1.4823768238561084 1.946726512319957 1.9780113418852143 1.4922134681330688 1.69173522461946 1.7049655944692566 1.061781909569387 1.9220034666595278 1.9028823294644657 1.8587819136061092 -0.7540550933927105 1.9735235460557312 1.9263498193621942 1.794903446047406 1.949348630407698 1.76101945462827 -1.899348492191043 1.9530449998827806 -1.2152975889591164 1.8945777264253076 -1.9430454128988144 -1.7188775649774866 -1.698754430669615 -1.6134332755543026 -1.7504014437226332 -1.8799080790580434 -1.7757985752628103 
0.8593187451285808 1.1838903710698394 1.2736794657265067 1.4832349683603407 1.9238068985091168 1.9780113418852143 1.940830468439955 1.6952058543557325 1.9363864934443977 1.8212308991897137 1.9209200509359259 1.9061088417205865 1.9191064119352923 1.3267654315349515 1.964681295083399 1.8955391321210195 1.7802571005026588 1.9583682061309051 1.7316912712856705 -1.899348492191043 1.9480208791813132 -1.682678946515632 1.8983535302910626 -1.9545219315461082 -1.7120415828907374 -1.699334614931375 -1.57093092584169 -1.9015620017510582 -1.880158375257365 -1.7664685099025583 
0.8593187451285808 1.1895341091461655 1.2811991749917735 1.4808545550116765 1.9238068985091168 1.982554083371474 1.993863000119635 1.7021227520637976 1.9363864934443977 1.8212308991897137 1.9283940015614371 1.9061088417205865 1.9191064119352923 1.3271697466624428 1.964681295083399 1.8955391321210195 1.802054828082563 1.9583682061309051 1.7882383076728052 -1.905139409919667 1.9480208791813132 -1.682678946515632 1.8983535302910626 -1.9545219315461082 -1.715953873361488 -1.699334614931375 -1.5789776079906248 -1.746444452532981 -1.8784795066943583 -1.7664685099025583 
0.8355149858915202 1.9756078459487865 -0.35441138813577616 -0.4764539687468015 -0.5344820121886239 1.988374121880971 1.9345741717527882 1.69414227788673 1.9414174616204902 1.5263862390489848 1.892106999792985 1.9870888379844556 1.8568342831868516 1.809825846130583 1.9438609548181003 1.891180650996463 -0.9534352517373454 1.496041501731377 1.7710230347146125 1.412212814671404 1.965715708471891 -0.8241698031945752 1.9549200449056432 1.408028405096123 -0.4663278679087177 -0.38019359763476535 -0.26455754504440365 1.7638378732510334 -0.06325364770616373 -0.01556174768787466 
0.8355149858915202 1.9837080633385726 -0.34555881042728126 -0.47772043303642203 -0.5344820121886239 1.988374121880971 1.9883588038013043 1.69414227788673 1.9414174616204902 1.5292466386212127 1.8997435116433505 1.9846846176340602 1.8568342831868516 1.8073375609059346 1.9556261877898071 1.9511306646521656 -0.9556290255658673 1.496041501731377 1.7788056134621821 1.4185084914561525 1.9562405034169095 -0.8241698031945752 1.9488501080365779 1.4266977177105868 -0.47143168688165843 -0.38019359763476535 -0.27024587706366654 1.7638378732510334 -0.0684373891044463 0.16764204710062414 
0.8355149858915202 -0.3789005666042793 -0.34727785084624485 -0.4764539687468015 -0.5344820121886239 2.0 1.9938611467073464 1.688716631358901 1.9360285291093504 0.02063590135960558 1.892106999792985 -0.95582997035988 1.8543168592494679 1.8059596103039899 1.94501641371601 1.8861584418501285 -0.9595077915366483 1.5032089451480823 1.774439770996397 1.4087810623927663 1.9715500185045414 -0.8241698031945752 1.9492410181652025 1.4266977177105868 -0.46014245592816294 -0.3695270825404805 -0.27024587706366654 1.763883072342948 -0.06325364770616373 1.8254353619371746 
0.8355149858915202 -0.3789005666042793 -0.3474267039452395 -0.4860736941546612 -0.5442648149705431 2.0 1.9779092088383627 1.69414227788673 1.9360285291093504 1.5209831662142679 1.8927091198787884 -0.95582997035988 1.8543168592494679 1.3209928956748667 1.95085282659634 1.9407533544881883 -0.9616723742168318 1.5032089451480823 1.7740538399398451 1.412212814671404 1.975114876150325 -0.8241698031945752 1.9492410181652025 0.28109448515028657 -0.47257098726278307 -0.38224888626401754 -0.27024587706366654 1.7511798488012158 -0.06325364770616373 1.819656088117613 
0.8355149858915202 -0.3789005666042793 -0.34727785084624485 -0.4764539687468015 -0.5344820121886239 2.0 1.9938611467073464 1.688716631358901 1.9360285291093504 0.02063590135960558 1.892106999792985 -0.95582997035988 1.8543168592494679 1.8059596103039899 1.94501641371601 1.8861584418501285 -0.9595077915366483 1.5032089451480823 1.774439770996397 1.4087810623927663 1.9715500185045414 -0.8241698031945752 1.9492410181652025 1.4266977177105868 -0.46014245592816294 -0.3695270825404805 -0.27024587706366654 1.763883072342948 -0.06325364770616373 1.8254353619371746 
0.8355149858915202 1.9842607720481145 -0.34555881042728126 -0.4779316308211179 -0.5344820121886239 1.9872631226739512 1.9779092088383627 1.688055428778016 1.9436787392688966 -1.9729009295809417 1.8927091198787884 -0.9606178314441756 1.8500953588254774 1.3280678144885112 1.9501570734720728 1.9407533544881883 -0.9560608932443517 1.5032089451480823 1.7726988049758923 1.4229380309134005 1.9693886930029871 -0.8239402359850232 1.9492410181652025 1.4180315591821235 -0.4612648255743564 -0.37384663643900723 -0.2668476974643076 1.7636311085739358 -0.06436821960110595 1.8209699956639704 
0.8355149858915202 1.9842607720481145 -0.34555881042728126 -0.48075836089226426 -0.5352700925639186 1.9968658661650127 1.9779092088383627 1.69414227788673 1.9436787392688966 1.523069197803725 1.8927091198787884 -0.9606178314441756 1.8543168592494679 1.3280678144885112 1.95085282659634 1.9407533544881883 -0.955787054469405 1.496041501731377 1.7726988049758923 1.412212814671404 1.965715708471891 -0.8241698031945752 1.94613946195153 1.4266977177105868 -0.47010602382449457 -0.38224888626401754 -0.27024587706366654 1.756572339701186 -0.06325364770616373 1.82911008892659 
0.8355149858915202 1.9842607720481145 -0.34555881042728126 -0.4779316308211179 -0.5344820121886239 1.9872631226739512 1.9779092088383627 1.688055428778016 1.9436787392688966 -1.9729009295809417 1.8927091198787884 -0.9606178314441756 1.8500953588254774 1.3280678144885112 1.9501570734720728 1.9407533544881883 -0.9560608932443517 1.5032089451480823 1.7726988049758923 1.4229380309134005 1.9693886930029871 -0.8239402359850232 1.9492410181652025 1.4180315591821235 -0.4612648255743564 -0.37384663643900723 -0.2668476974643076 1.7636311085739358 -0.06436821960110595 1.8209699956639704 
0.8355149858915202 1.9842607720481145 -0.34555881042728126 -0.4761101192989222 -0.5344820121886239 1.988374121880971 1.9883588038013043 1.6892498627249 1.9339294142538648 1.523069197803725 1.8914689318019386 -0.9606178314441756 1.8629413447559957 1.3280678144885112 1.95085282659634 1.9407533544881883 -0.9560608932443517 1.5042880136586918 1.7803233216412075 1.41584765485401 1.9650573799961573 -0.8241698031945752 1.94613946195153 1.4266977177105868 -0.47010602382449457 0.04869735660977392 -0.27024587706366654 1.7636311085739358 -0.0625198807944842 1.8209699956639704 
0.8355149858915202 1.9837080633385726 -0.34727785084624485 -0.47772043303642203 -0.5259340460310874 1.9872631226739512 1.9938611467073464 1.688055428778016 1.9436787392688966 0.02063590135960558 1.8916299687459146 -0.9606178314441756 1.8500953588254774 1.3280678144885112 1.9434480431282721 1.8861584418501285 -0.9595077915366483 1.499577214847309 1.774439770996397 1.4259947347668576 1.9715500185045414 -0.8241698031945752 1.9496929730653774 1.4180315591821235 -0.4637582777471567 -0.37205901718613005 -0.2668476974643076 1.772841690470101 -0.06325364770616373 -0.22794224901392734 
0.8355149858915202 1.9837080633385726 -0.34727785084624485 -0.47772043303642203 -0.5259340460310874 1.9872631226739512 1.9938611467073464 1.688055428778016 1.9436787392688966 0.02063590135960558 1.8916299687459146 -0.9606178314441756 1.8500953588254774 1.3280678144885112 1.9434480431282721 1.8861584418501285 -0.9595077915366483 1.499577214847309 1.774439770996397 1.4259947347668576 1.9715500185045414 -0.8241698031945752 1.9496929730653774 1.4180315591821235 -0.4637582777471567 -0.37205901718613005 -0.2668476974643076 1.772841690470101 -0.06325364770616373 -0.22794224901392734 
0.7015587907834169 -1.8751643813738859 -1.8727451429753177 0.873333122797046 -1.4792691399515219 -1.8588972267864714 -1.7142707725025295 0.9897271217855119 -1.129675505271445 -1.8886751835328324 0.9630096977427559 0.9092194954824591 -1.4765688390562082 0.8490018155434006 -1.6167778603367946 -1.9733318637967106 -0.01684200369032134 0.5756140231973663 0.34636969116825966 -1.9321062299074174 0.6650771460089586 0.19114923460778108 0.08426638281714305 -0.014070583053574816 -0.1462150312417603 -0.22294974767843884 -1.8637752408545536 -0.41931422858274847 -0.5203887309590557 -0.6032690770685465 
0.7015587907834169 -1.8751643813738859 -1.8727451429753177 0.873333122797046 -1.4792691399515219 -1.8588972267864714 -1.7142707725025295 0.9897271217855119 -1.129675505271445 -1.8886751835328324 0.9630096977427559 0.9092194954824591 -1.4765688390562082 0.8490018155434006 -1.6167778603367946 -1.9733318637967106 -0.01684200369032134 0.5756140231973663 0.34636969116825966 -1.9321062299074174 0.6650771460089586 0.19114923460778108 0.08426638281714305 -0.014070583053574816 -0.1462150312417603 -0.22294974767843884 -1.8637752408545536 -0.41931422858274847 -0.5203887309590557 -0.6032690770685465 
0.7015587907834169 -1.8756759627092605 -1.8727451429753177 0.8844220611985835 -1.7393923636898698 -1.8384372269019846 -1.9064508010376666 0.9929818202267223 -1.7264341509578864 -1.8950964103121135 0.956481773836222 0.9224675157277803 -0.3245664806327282 0.8679402930039896 -0.8601446719470708 -1.9776802046136073 -1.6547351175585212 0.5862953734516957 -1.6576762068443993 -1.9166357808593784 -1.9921289582604578 0.18572104418738658 -1.80849359662727 -0.004279670058003065 1.8470135571533284 -0.21548967353018714 -1.8745303841060048 -0.42737495698301176 -0.5132390775164098 -0.5914548418825446 
0.7015587907834169 -1.9119662706960499 -1.8678076982272596 0.892372891345127 -1.738802586241133 -1.5527437880650943 -1.9104192275842073 -1.5997502190565693 1.0565444670150512 -1.690486083677806 0.956481773836222 0.9092194954824591 -1.4532672422903825 0.8746682245016085 -0.8722435467554366 -1.972859815622843 -1.6547351175585212 0.5851322738902883 -1.6576762068443993 -1.9321062299074174 -1.99729491836556 0.18572104418738658 -1.8036987683545838 -0.010553681831559678 -0.13898187109798715 -0.20812563490941394 1.8486938985185108 -0.42737495698301176 -0.5122070768420184 -0.5928133536013391 
0.6996194947082454 -1.9119662706960499 -1.8678076982272596 -1.3829169810673778 -1.738802586241133 -1.5527437880650943 -1.9104192275842073 -1.6029661966100357 -1.7160026859774729 -1.686195344609627 0.9527922955506875 0.9092194954824591 -1.4532672422903825 -1.6228358025997833 0.7776727375979444 -1.972859815622843 -1.6592002996921837 0.5939942720606475 -1.6576762068443993 -1.9321062299074174 -1.9800830466553527 0.19172598904364566 -1.8036987683545838 -0.008918737287367131 -0.1432299656268726 -0.21944501859501028 1.8486938985185108 -0.4229701347598715 -0.5093993028299519 -0.5928133536013391 
0.7015587907834169 -1.1237909433900763 -1.8727451429753177 -1.3829169810673778 -1.7503155173449956 -1.8407294479621896 -1.7185342156794159 1.8467714317065944 -1.720287213826328 -1.6852106258695931 0.9653279590831968 0.9092194954824591 -1.639909640621405 0.8724322210155182 0.7776727375979444 -1.9840974952442845 -1.6683352687488597 0.5809655315519533 -1.66091931689696 -1.9321062299074174 -1.9888676405284955 0.17871323592918104 -1.8032131175943262 0.0043279886980035435 -0.1462150312417603 -0.21548967353018714 1.8551234343799579 -0.41989900743352543 -0.5179349836215891 -0.6163564044321919 
0.7015587907834169 -1.1237909433900763 -1.8727451429753177 -1.3829169810673778 -1.7503155173449956 -1.8407294479621896 -1.7185342156794159 1.8467714317065944 -1.720287213826328 -1.6852106258695931 0.9653279590831968 0.9092194954824591 -1.639909640621405 0.8724322210155182 0.7776727375979444 -1.9840974952442845 -1.6683352687488597 0.5809655315519533 -1.66091931689696 -1.9321062299074174 -1.9888676405284955 0.17871323592918104 -1.8032131175943262 0.0043279886980035435 -0.1462150312417603 -0.21548967353018714 1.8551234343799579 -0.41989900743352543 -0.5179349836215891 -0.6163564044321919 
0.7015587907834169 -1.8751643813738859 -1.8727451429753177 -1.3829169810673778 -1.7478095849240765 -1.8393876652446286 -1.711719777223593 1.8467714317065944 -1.7160026859774729 -1.6852106258695931 0.9616223202814169 0.9092194954824591 -1.4562852603137322 -1.6236109252408601 0.7776727375979444 -1.9840974952442845 -1.6683352687488597 0.6001618147786267 -1.6589581376585045 -1.9321062299074174 -1.9800830466553527 0.19806583956858576 -1.8099007377192573 0.005368014535729928 -0.1462150312417603 -1.7054264018572418 1.8551234343799579 -0.41931422858274847 -0.5049656311634424 -0.6163564044321919 
0.655614097437557 -1.8675913428912632 -1.869914794152443 -1.9900839313120215 -1.64666222638688 -1.5683257510321293 0.1932197769396644 -1.6403017893527934 -1.727331148861743 -1.686195344609627 -1.265793763569736 -1.991145407441717 0.7413534203134557 -1.4768862545945765 -1.91865036461136 -1.8251242161222947 -1.4636201413140157 0.9923315668325194 -1.6633502892108565 -1.9192328736367135 -1.9800830466553527 -1.9269587848522503 -1.5899293309654805 -1.9149454986486636 -1.7182168826185025 -1.8753558318690355 -1.5813809740555778 -1.7505271507938078 -1.9848626598721617 -1.9880954515409228 
0.655614097437557 -1.8755098637922618 -1.8640000101698329 -1.9900839313120215 0.3114230613329877 -1.5683257510321293 -1.9128575902336105 -1.6403017893527934 -1.71430263633537 -1.686195344609627 -1.7341575472817148 0.7946454143512875 0.8503607012439235 -1.624637542857233 -1.3023574280066985 -1.3403093573961566 0.8785116770539492 0.9923315668325194 -1.659076734438669 -1.8806463150137602 -1.9800830466553527 0.8588509738483108 -1.8052241649630858 -1.9285044538863807 -1.7182168826185025 -1.7044296265870416 -1.701763593317514 -1.7427232501449952 -1.5133782210725852 -1.8506140805186717 
0.6484245659693664 -1.8799415923743545 -1.8671868148565098 -1.9339494727813145 0.3198463598819416 -1.5683257510321293 -1.9202760069875813 -1.6403017893527934 -1.7063417515560404 -1.686195344609627 -1.7329506104274126 0.7979061753975357 0.8503607012439235 -1.624637542857233 -1.2904030064858976 -1.3403093573961566 0.8785116770539492 0.9923315668325194 -1.6671267941023848 -1.9305894147800977 -1.9869408777679989 -1.444725022210205 -1.8052241649630858 -1.9285044538863807 -1.7182168826185025 -1.6999214484389455 -1.6943969827237786 -1.7427232501449952 -1.5873924237160706 -1.8562477967082973 
0.6474938985730385 -1.881280868310154 -1.8728708614027758 -1.9529591463914846 -1.650723527034725 -1.5759669404265741 -1.9202760069875813 -1.8281233339327931 -1.7109193446888977 -1.692392625653889 -1.743226081639517 0.7994278285252008 0.8487965942958301 -1.3856691527022675 -1.2901016094932407 -0.6049858666071941 -1.5962014295967302 0.9923315668325194 -1.6699894279452934 -1.926466991923496 -1.9869408777679989 -1.3296004610543855 -1.7979879299236832 -0.016217995660111045 -1.716691808053259 -1.703477454071412 -1.6709215144543725 -1.7469659644377995 -1.5873924237160706 -1.8562477967082973 
0.6433284232031244 0.1906114165456927 -1.8727451429753177 -1.9529591463914846 -0.00999844945160422 -1.5759669404265741 -1.9202760069875813 -1.8281233339327931 -1.7160919173498725 -1.692392625653889 -1.736267312029724 0.5866588484392348 0.7589374313633563 -1.467161867525772 -1.2904030064858976 -1.8437010693400553 -1.82737049661624 1.0077584776759205 -1.6606025381115075 -1.9321062299074174 -1.9869408777679989 -1.3294668929701012 -1.5835203083504015 -1.926793853189733 0.8744864188450655 -1.712981229299258 -1.6781591627543604 -1.7435045329734724 -1.9925978053448246 -0.5934136249852038 
0.6433284232031244 -1.8855970938330622 -1.8727451429753177 -1.9434977864143455 -0.00999844945160422 -1.5759669404265741 -1.9202760069875813 0.9993097890931988 -1.7112092175503637 -1.692392625653889 -1.736267312029724 0.5889302981914313 0.7517804084559068 -1.4645894740460195 -1.284515986160234 -1.9638326885613708 -1.82737049661624 1.0077584776759205 -1.6606025381115075 -1.9249801510398559 -1.988622870642025 -1.3309333239933265 -1.805526817041672 -0.017596661075569557 0.8702387556838783 -0.22845568478841025 -1.6781591627543604 -1.7435045329734724 -1.9925978053448246 -0.5934136249852038 
0.5717140622026272 1.7064091685460228 1.2786356641931331 1.471325969630651 1.3671059849449407 1.4092722315877522 1.9134046530771274 1.9976321488583044 1.81429034424304 1.873659024984591 1.872039682969182 1.9765591346787543 1.386312332171595 1.9869792851047752 1.9218149188749756 -0.11194382064998255 1.982576762501324 0.031975908504436365 -1.6615527302811328 -1.9740312512478757 1.7922407598634378 -1.7189865195860774 -1.644246187927279 -1.9405840188086736 -1.7222507970654957 -1.4338002755409336 -1.6946932733003237 -1.7237597984235575 -1.9056257131944183 -1.3760032877319615 
0.5717140622026272 1.7064091685460228 1.2786356641931331 1.471325969630651 1.3671059849449407 1.4092722315877522 1.9134046530771274 1.9976321488583044 1.81429034424304 1.873659024984591 1.872039682969182 1.9765591346787543 1.386312332171595 1.9869792851047752 1.9218149188749756 -0.11194382064998255 1.982576762501324 0.031975908504436365 -1.6615527302811328 -1.9740312512478757 1.7922407598634378 -1.7189865195860774 -1.644246187927279 -1.9405840188086736 -1.7222507970654957 -1.4338002755409336 -1.6946932733003237 -1.7237597984235575 -1.9056257131944183 -1.3760032877319615 
0.5717140622026272 1.7064091685460228 1.2863027142675385 1.574158205543685 1.3645838610121688 1.414184515026705 1.9048420788837184 2.0 1.812773313817243 1.8719096827569564 1.8797386554176643 1.9771487588030527 1.386312332171595 1.9884749664202528 1.9218149188749756 -0.11194382064998255 1.982576762501324 0.031975908504436365 -1.66797650698998 -1.9770612211722502 -1.9327126323433583 -1.396138326733298 -1.6327365922301413 -1.5011795617137433 -1.7271333051881266 -1.4338002755409336 -1.6946932733003237 -1.7305314195673915 -1.9056257131944183 -1.3760032877319615 
0.5664003737269833 1.9577722030204978 -0.9082487402617734 1.4808545550116765 1.9241003599247903 1.9602795852331352 1.9722713647841443 1.7048093485841294 1.8881480823442596 1.061781909569387 1.8844669865805523 1.9082187329045075 1.848897037964291 1.624997567345542 1.9218480569081777 1.8991157310070026 1.982576762501324 1.9442358523449554 -1.66797650698998 -1.8934284120107543 -1.7860104383344888 -1.396138326733298 -1.7010482164235856 -1.9387385374956898 -1.7239274137278633 -1.6894821896720709 -1.6003094986536524 -1.8926995613143314 -1.874325143302395 -1.7783252638406593 
0.5514589647791154 1.9624744101941167 1.2863027142675385 1.4625312855911146 1.3645838610121688 1.404224127605226 1.9020468639269967 1.9897547866500698 1.81429034424304 1.8719096827569564 1.8803131050335984 1.9709645013212735 1.386312332171595 1.9869792851047752 1.9328616414607176 1.6656691752794501 1.982576762501324 1.9411635149844364 -1.6520798044035707 -1.9740312512478757 1.7922407598634378 -1.7189865195860774 -1.6406935133704768 -1.9394362281363835 -1.710327810363223 -1.4266266040377782 0.5739019028756478 -1.723448070462033 -1.9056257131944183 -1.3760032877319615 
0.5514589647791154 1.954736391432125 1.2863027142675385 1.5823391025574107 1.9190754223488458 1.410011244369309 1.9020468639269967 1.982706111754489 1.7776676072429611 1.061781909569387 1.879299485647878 1.971994611157556 1.386312332171595 0.3914837667214415 1.9217152909495945 1.6656691752794501 1.9693183484269023 1.7620869128685124 -1.6734617361590314 -1.9885891732934287 1.7971406305100806 -1.3936019534585706 0.2827885284594336 -1.5011795617137433 -1.710327810363223 -1.4442597362833856 -1.7242069274960086 -1.7216198970393828 -1.899685714227785 0.7345104312224957 
0.5230983266440179 1.954736391432125 1.2692301549139506 1.5793335376081572 1.9218997275010783 1.7853466745090352 1.9177233408122474 1.994758466491708 1.7984139310967369 1.8800396146089178 1.8797386554176643 1.9771487588030527 1.8540715839293465 1.9955411065976127 1.9369285190690657 1.6656691752794501 1.8008062577933897 1.7620869128685124 1.4667283413318157 1.1954478458178603 1.975823762610866 -1.396138326733298 -1.628701704103526 -0.17798294765864764 -1.7271333051881266 -1.8080388963842768 -1.7318703378861073 -1.718913320578677 -1.905242598690145 -1.844180244244397 
0.5238764612367532 1.954736391432125 1.2692301549139506 1.8141945821229384 1.9218997275010783 1.7853466745090352 1.9177233408122474 1.982706111754489 1.7925481390153444 1.061781909569387 1.9056130764816162 1.971994611157556 1.4018903654306485 1.9955411065976127 1.9312834326505381 1.6656691752794501 1.8008062577933897 1.7620869128685124 1.4591367906675206 -1.9885891732934287 1.8067251372810054 1.4483645877395994 1.9136998208343239 -1.5374629089902794 1.9622613382267804 -1.4284375564252612 -1.7242069274960086 -1.7193526158316677 -1.899685714227785 -1.8492362248901095 
0.5034604404913687 1.9573450209388357 -0.3613250421822227 1.8141945821229384 1.9397672849056624 -0.6377271656043818 1.9177233408122474 1.9982622181310754 1.7984139310967369 1.0611268634888817 1.9036388186963837 1.9671900917861005 1.8540715839293465 0.7480592461455743 1.9365219085465835 1.662324106621827 1.8084902186777465 1.7620869128685124 1.468107300658692 1.1853517823831907 1.9586763440914043 1.4285141561191645 1.9228726670790324 -0.5031418190338259 1.9622613382267804 -1.8080388963842768 -1.7331970438015372 -1.718913320578677 -1.0624998692300522 -1.8449227114207682 
0.5034604404913687 1.954736391432125 -0.3613250421822227 1.8141945821229384 1.933875824732749 -0.6377271656043818 1.9227411290900018 1.9982622181310754 1.7984139310967369 1.061781909569387 1.9036388186963837 1.9746738139265487 1.8540715839293465 0.7480592461455743 1.9365219085465835 1.6656691752794501 1.7634911498940549 1.4661869276133954 1.468107300658692 1.1880379657345341 1.9670654532936955 1.4285141561191645 1.9123811912082456 -0.5031418190338259 1.9622613382267804 -1.8080388963842768 -1.7242069274960086 -1.718913320578677 -1.905242598690145 -1.8449227114207682 
0.502955439638989 0.8479665554064642 -0.3474910793631642 -0.4886244592153459 1.933875824732749 -0.640930147163121 1.929619308207494 1.9982622181310754 1.9528718064636446 -1.867258674725634 1.9036388186963837 -0.9611751675854254 1.862855483885002 1.9433992946965257 1.9192971987167646 1.6656691752794501 1.7922914561848666 1.4924571057439902 1.468107300658692 1.1957756062542981 1.9670654532936955 1.4285141561191645 1.9177194608669517 1.7074066999368311 1.9581850205529714 -1.8080388963842768 -0.25855251444964716 -1.718913320578677 -1.905242598690145 -1.8449227114207682 
0.502955439638989 0.849490457853434 -0.3491508525094184 -0.4740517862688152 1.927603678632447 -0.640930147163121 1.9282519506760465 1.9982622181310754 1.95118800952972 -1.8757201825775982 1.9036388186963837 -0.9611751675854254 1.862855483885002 0.7341003835264304 1.9365219085465835 1.6889972123895027 1.7590326637126616 1.4924571057439902 1.468107300658692 1.1880379657345341 1.9670654532936955 -1.6804061241637922 1.9123811912082456 -0.5031418190338259 -0.4570543307037632 -1.816049254115385 -0.25775223645189366 -1.7242963823526043 -0.06719279269282522 -1.8449227114207682 
0.36715369491839156 -1.9229031384026731 -1.8819856857379562 0.8680620491562004 -1.6014801279502993 -1.8481903892249567 0.9772895553658905 0.9953743046111723 -1.71306995480858 -1.899629732344828 0.962056584882243 0.9354816540209449 -1.7725219088458302 0.8665651834209525 -0.8441449883734161 -1.953537862496539 -1.63786161769195 0.5808241372646478 -1.9493648261384806 0.39799606351820144 1.8550591761824815 0.2047993138543928 -0.9372394494186024 -0.010302946420044515 1.6070326492682945 -0.21914347984924357 -0.9840571300196559 -0.4198825525379508 -0.661943626991615 -0.5929922570591012 
0.36715369491839156 -1.9229031384026731 -1.8819856857379562 0.8680620491562004 -1.6014801279502993 -1.8481903892249567 0.9772895553658905 0.9953743046111723 -1.71306995480858 -1.899629732344828 0.962056584882243 0.9354816540209449 -1.7725219088458302 0.8665651834209525 -0.8441449883734161 -1.953537862496539 -1.63786161769195 0.5808241372646478 -1.9493648261384806 0.39799606351820144 1.8550591761824815 0.2047993138543928 -0.9372394494186024 -0.010302946420044515 1.6070326492682945 -0.21914347984924357 -0.9840571300196559 -0.4198825525379508 -0.661943626991615 -0.5929922570591012 
0.36715369491839156 -1.9102873790454662 -1.8688569016392829 0.8680620491562004 -1.4854515706051747 -1.843328464558011 -1.8248682430876173 0.9953743046111723 -1.7018899027851675 -1.899629732344828 0.9479092665575272 0.9435686622780157 0.7969259758272282 0.8665651834209525 -1.7684833563395754 -1.953537862496539 -1.63786161769195 0.5750311435215009 -1.9065728879295714 0.39799606351820144 1.8550591761824815 0.2025424769484602 1.9941823459486083 -0.010302946420044515 1.8440253287194492 -0.210398490761222 -0.9840571300196559 -0.4199920257854551 -0.5396520762168773 -0.6000367538763443 
0.36715369491839156 -1.9102873790454662 -1.8688569016392829 0.8680620491562004 -1.4854515706051747 -1.843328464558011 -1.8248682430876173 0.9953743046111723 -1.7018899027851675 -1.899629732344828 0.9479092665575272 0.9435686622780157 0.7969259758272282 0.8665651834209525 -1.7684833563395754 -1.953537862496539 -1.63786161769195 0.5750311435215009 -1.9065728879295714 0.39799606351820144 1.8550591761824815 0.2025424769484602 1.9941823459486083 -0.010302946420044515 1.8440253287194492 -0.210398490761222 -0.9840571300196559 -0.4199920257854551 -0.5396520762168773 -0.6000367538763443 
0.36715369491839156 -1.9195034779072262 -0.4431727198598674 0.8680620491562004 -1.6014801279502993 -1.8481903892249567 0.9892704572468222 0.9986426968271033 -1.1211840750372473 -1.901043145725586 0.9745541839293644 0.9433108190728104 -1.7822932552811666 0.8672272333162866 0.8646440997186089 -1.9483906526274417 -1.6450203183993422 0.5750311435215009 -1.9459528102874746 0.39799606351820144 1.8563032330248004 0.2025424769484602 1.9941823459486083 -0.010302946420044515 1.8286722437287555 -0.22098012082499982 -1.8562072675913093 -0.42821125152515765 -0.661943626991615 -0.5948911339765094 
0.36715369491839156 -1.9195034779072262 -1.8646575196239517 0.8680620491562004 -1.4793529123316913 -1.8563220639044944 0.9796699038702082 -1.8635389589958933 -1.699519593425249 -1.901043145725586 0.9479092665575272 0.9435686622780157 -1.7816071665292625 0.8612049958995589 0.8735872979678623 -1.978694623791829 -1.6436543855749002 0.5750311435215009 -1.9459528102874746 0.39775113438667453 1.8563032330248004 0.2025424769484602 1.9941823459486083 -0.010302946420044515 1.8286722437287555 -0.22826075690324568 1.8516750752549658 -0.4199920257854551 -0.661943626991615 -0.5980902875523745 
0.36715369491839156 -1.9195034779072262 -1.8897466752519583 0.87572014196593 -1.7508063530555495 -1.8589646137710243 0.9870107484105662 -1.8582783261797333 -1.7004009580799595 -1.8972675541612365 0.9479092665575272 0.9435686622780157 -1.7814683047112223 0.8612049958995589 -1.6743544438997744 -1.9483906526274417 -1.6470084246265548 0.5750311435215009 -1.9459528102874746 0.39775113438667453 -1.9587603314356044 0.2025424769484602 1.9885725737573412 -0.0038730922070715733 1.8286722437287555 -0.22826075690324568 1.8516750752549658 -0.4292485580848172 -0.5302101371957944 -0.5955238454563014 
0.36715369491839156 -1.9169277777108087 -1.8646575196239517 0.8823639362082792 -1.7479714921556715 -1.846076451491557 -1.8248682430876173 -1.8303727441766113 -1.699519593425249 -1.8984895490941318 0.9742700402752085 -1.104251982038079 -1.7816071665292625 -1.380439304386044 -1.7597068904532054 -1.9439525396253703 -1.650368979581964 0.5740906599444613 -1.9065728879295714 0.38833560820056884 -1.9678785663254512 0.19348433442367988 1.9941823459486083 -0.010302946420044515 1.8440253287194492 -0.22362986584673764 1.8486938985185108 -0.4199920257854551 -0.5302101371957944 -0.5980902875523745 
0.3352558309528363 -1.8854884361248805 -1.8754552170388867 -1.954666174838612 -1.9249467249996313 -1.5538895529863734 -1.8248682430876173 -1.959113544794005 -1.699519593425249 -1.881155725449053 -1.2777395633493893 -1.9892142488918865 0.8187435536158619 -1.3523974009911828 -1.7570263067069298 -1.6474021503996268 -1.6405039599644944 -1.4832390207656154 -1.6515341389952736 -1.909322701702868 -1.970931725030295 -1.6339870637271263 -1.589485657793833 -1.9191596965761917 -1.7154062812723176 0.2530846025778608 -1.7380096521511132 -1.729028367352142 -1.6025418135615241 2.0 
0.3309955273279251 0.15969723756908477 -1.8754552170388867 -1.9385578008486837 -1.9151277586375448 -1.5538895529863734 -1.8248682430876173 -1.8232443407793395 -1.699519593425249 -1.6904605528879482 -1.2777395633493893 -1.4063139103940472 -1.7898121633905215 -1.3523974009911828 -1.759350374640036 -1.646692156085178 -1.6405039599644944 -1.4832390207656154 -1.6515341389952736 -1.909322701702868 -1.970931725030295 -1.6339870637271263 -1.5883213444093647 -1.9321395694980623 -1.7154062812723176 -1.6904886513134496 -1.7380096521511132 -1.655794184665801 -1.6025418135615241 2.0 
0.3251678697751539 0.15130864915632977 -1.8754552170388867 -1.954666174838612 -1.930259239888093 -1.6447328621066042 -1.9805830445267354 -1.959113544794005 -1.8430307672059072 -1.8897536152029677 -1.271824034682204 -1.9961299793530747 -1.795701975942405 -1.3523974009911828 -1.9182610135413247 -1.8236215023078637 -1.4409387197324928 0.990690861791868 -1.6515341389952736 -1.9161327915560125 -1.4752337864607665 -1.637969564960054 -1.5883213444093647 1.9868229849365036 -1.7099019084195493 1.6071383357643767 -1.7271244571781081 -1.7287961837891481 -1.9876967213009646 0.24409101288760848 
0.31957712197458626 -1.8854884361248805 -1.884562006449742 -1.954666174838612 -1.9249467249996313 -1.6447328621066042 -1.9809918934994428 -1.959113544794005 -1.8430307672059072 -1.881155725449053 -1.2764214971274448 -1.9961299793530747 0.8191402273735535 -1.3523974009911828 -1.9182610135413247 -1.8236215023078637 -1.4507388644091783 0.990690861791868 -1.6559704291012827 -1.9159725135619443 -1.4752337864607665 -1.6337534150597268 -1.4400617841044348 -1.920642507884877 -1.7154062812723176 1.6071383357643767 -1.7271244571781081 -1.729028367352142 -1.9876967213009646 0.24409101288760848 
0.0341130929291645 -1.8978768086066107 0.6822830143144094 0.873333122797046 0.4053613947103998 -1.898064715826266 0.9779581990280112 0.9949714895587348 -1.1242307529697213 -1.8960772416910256 0.9689779331477543 0.9414848113699186 -1.474545107674108 0.860325447513852 -1.0964285364814264 -1.991187101484009 -1.6439469296657996 0.5740712310178461 1.9425065505201007 0.3936180389922441 -1.603000675393955 0.19434750553168278 -0.9334785280176051 -0.016134288505945487 -0.15508743098622427 -0.22521644273723496 0.8679708301684586 -0.41893755693226786 -0.531056521206362 -0.5981074976720655 
0.0341130929291645 -1.9103751287269706 0.6731695948871338 0.873333122797046 -1.4870403621608508 -1.8912902245586487 0.8866589586036643 0.9963375303641233 -1.104188169194735 -1.8919933172259282 1.9622194264464767 0.9450245096012297 -1.4695122707719475 0.858034001683118 0.856426460549093 -1.9842002026082266 0.8138205469339477 0.5740906599444613 1.9600264623736698 0.39338195817422056 0.6556113666141646 0.19441921244463053 0.07649133024438158 -0.016419680869526186 0.764145430381588 -0.22752040148092756 -1.8700525000985475 -0.41893755693226786 -0.5300120568414285 -0.604831548712902 
0.0341130929291645 -1.8978768086066107 0.6822830143144094 0.873333122797046 0.4053613947103998 -1.898064715826266 0.9779581990280112 0.9949714895587348 -1.1242307529697213 -1.8960772416910256 0.9689779331477543 0.9414848113699186 -1.474545107674108 0.860325447513852 -1.0964285364814264 -1.991187101484009 -1.6439469296657996 0.5740712310178461 1.9425065505201007 0.3936180389922441 -1.603000675393955 0.19434750553168278 -0.9334785280176051 -0.016134288505945487 -0.15508743098622427 -0.22521644273723496 0.8679708301684586 -0.41893755693226786 -0.531056521206362 -0.5981074976720655 
0.0341130929291645 -1.9152406404244888 0.6888305401567916 0.873333122797046 -1.4703006542227537 -1.9052556406740924 0.9701360828802743 0.9933130112094092 -1.1109830739671482 -1.8928031564487648 1.9542592435025223 0.9460817160723702 -0.010841131956451644 0.861221126395935 0.8659653161296091 -1.9911999030421677 -1.6474732942304167 0.5740712310178461 1.9665129936941914 0.39610873310773687 0.6597284343348191 0.19165748749589737 0.08313069944561094 -0.014238659106572484 0.7685152671355964 -0.2253167034308281 -1.8704861511927797 -0.41893755693226786 0.12242873199885056 -0.5981074976720655 
0.0341130929291645 -1.9152406404244888 0.6888305401567916 0.873333122797046 0.4110457309014194 -1.8898468028675013 0.9770690074615902 0.9945145576232683 -1.1263729557939868 -1.8945382308500824 1.957176573675411 0.9426974012613452 -1.4758572877292626 0.861221126395935 0.860585706100108 -1.9948963872516454 -1.6436543855749002 0.5740712310178461 1.954344699262509 0.3921386677915846 0.6599688694604068 0.19434750553168278 1.573407642287663 -0.016419680869526186 -0.27046242668472686 -0.22362986584673764 -1.8704861511927797 -0.41893755693226786 -0.5383570579539974 -0.5981074976720655 
0.0341130929291645 -1.9219783024002532 0.788034634994874 0.873333122797046 -1.4922110663389776 -1.898064715826266 0.9654946067591008 0.9945145576232683 -1.113636113729758 -1.8919933172259282 1.961675096629658 0.9411809978269924 -1.4820607513797395 0.8534260876484359 0.856426460549093 -2.0 -1.3579429783589365 0.5740712310178461 0.7277126841443277 0.3933918330466739 -0.9097697348969334 0.19434750553168278 0.057949636128959 -0.014792220276752343 0.764145430381588 -0.22294974767843884 -1.868569229708932 -0.41893755693226786 -0.5383570579539974 -0.5983912224821575 
0.0341130929291645 -1.9152406404244888 0.6913987585738514 0.873333122797046 -1.4703006542227537 -1.898064715826266 0.9701360828802743 0.9945145576232683 -1.1109830739671482 -1.891264462975367 1.9542592435025223 0.9460817160723702 -1.474545107674108 0.861221126395935 0.8659653161296091 -1.991187101484009 -1.6439469296657996 0.5740712310178461 1.9589758094158065 0.39610873310773687 0.6597284343348191 0.19441921244463053 0.08092490527528405 -0.014792220276752343 0.7685152671355964 -0.22238884917043505 0.28350947896761447 -0.41893755693226786 -0.5383570579539974 -0.5981074976720655 
0.0341130929291645 -1.9152406404244888 0.6913987585738514 0.873333122797046 -1.4948238003890897 -1.9007908682249113 1.042923904867282 0.9941584683600208 -1.1195200700893373 -1.8928031564487648 0.9569148212874731 0.9460817160723702 -1.4767210717039185 0.861221126395935 0.8659653161296091 -1.9606794482890653 -1.6439469296657996 0.5740906599444613 1.9553836143909267 0.39610873310773687 0.6459855385249094 0.19441921244463053 0.08092490527528405 -0.012702141806771948 0.7693642003990909 -0.22294974767843884 0.28350947896761447 -0.42429126048032006 -0.5233804311303948 -0.599437479109014 
0.0341130929291645 -1.926582870640236 -1.5163455361392104 0.8746898725692757 -1.476767204113649 -1.8898468028675013 0.9701360828802743 0.9960284941900153 -1.125157182122317 -1.8919933172259282 1.961675096629658 0.9430870283964493 -1.4740764555509618 0.8550604770387898 0.856426460549093 -1.9597478847352416 -1.6439469296657996 0.5738091364766392 1.9589758094158065 0.3933918330466739 -0.8747877176139696 0.19441921244463053 0.08092490527528405 -0.01600909745907581 0.7685152671355964 -0.22294974767843884 -1.8704861511927797 -0.4177022108055464 -0.5300120568414285 -0.5981074976720655 
0.034113208722104583 -1.9169277777108087 0.6731695948871338 0.873333122797046 0.4053524731713662 -1.8817665007622089 0.9796699038702082 0.9941584683600208 -1.1189960993573569 -1.8964219891464902 1.957176573675411 0.9382553258674603 -0.04769816045170261 0.858034001683118 0.8735872979678623 -1.9842002026082266 -1.6377359589892877 0.5740906599444613 1.9397758685961088 0.39338195817422056 0.6556113666141646 0.19434750553168278 -0.9362094565937071 -0.016419680869526186 -0.1676970889457867 -0.22362986584673764 1.8436338697404213 -0.42075644910865084 -0.5300120568414285 -0.599437479109014 
0.0341130929291645 -1.9152406404244888 0.6913987585738514 0.873333122797046 -1.4703006542227537 -1.898064715826266 0.9701360828802743 0.9945145576232683 -1.1109830739671482 -1.891264462975367 1.9542592435025223 0.9460817160723702 -1.474545107674108 0.861221126395935 0.8659653161296091 -1.991187101484009 -1.6439469296657996 0.5740712310178461 1.9589758094158065 0.39610873310773687 0.6597284343348191 0.19441921244463053 0.08092490527528405 -0.014792220276752343 0.7685152671355964 -0.22238884917043505 0.28350947896761447 -0.41893755693226786 -0.5383570579539974 -0.5981074976720655 
0.0341130929291645 -1.9219783024002532 0.7945033547002968 0.873333122797046 -1.478508604050364 -1.8588972267864714 0.9654946067591008 0.9968322584174039 -1.129675505271445 -1.8919933172259282 -1.226513568361997 0.9426974012613452 -1.4732966639082326 0.8521800082429836 0.860585706100108 -1.9733318637967106 -0.01684200369032134 0.5756140231973663 0.34636969116825966 0.3933918330466739 0.6650771460089586 0.19441921244463053 0.08682911514503323 -0.014792220276752343 0.7726360299477034 -0.22294974767843884 -1.8704861511927797 -0.42181459041153063 -0.5233804311303948 -0.5981074976720655 
0.0341130929291645 -1.9219783024002532 0.7892934758737292 0.873333122797046 -1.484144575872809 -1.8513921167958578 0.9654946067591008 0.9945145576232683 -1.1263729557939868 -1.8919933172259282 1.961675096629658 0.9426974012613452 -1.4720302968010313 0.8579216357034779 0.856426460549093 -1.9733318637967106 -1.6436543855749002 0.5756140231973663 1.9600264623736698 0.3921386677915846 -0.9097697348969334 0.19441921244463053 0.07649133024438158 -0.01600909745907581 0.764145430381588 -0.22294974767843884 -1.8704861511927797 -0.41893755693226786 -0.5383570579539974 -0.6032690770685465 
0.0341130929291645 -1.9219783024002532 0.788034634994874 0.873333122797046 -1.4922110663389776 -1.898064715826266 0.9654946067591008 0.9945145576232683 -1.113636113729758 -1.8919933172259282 1.961675096629658 0.9411809978269924 -1.4820607513797395 0.8534260876484359 0.856426460549093 -2.0 -1.3579429783589365 0.5740712310178461 0.7277126841443277 0.3933918330466739 -0.9097697348969334 0.19434750553168278 0.057949636128959 -0.014792220276752343 0.764145430381588 -0.22294974767843884 -1.868569229708932 -0.41893755693226786 -0.5383570579539974 -0.5983912224821575 
0.0341130929291645 -1.9219783024002532 0.7892934758737292 0.873333122797046 -1.484144575872809 -1.8513921167958578 0.9654946067591008 0.9945145576232683 -1.1263729557939868 -1.8919933172259282 1.961675096629658 0.9426974012613452 -1.4720302968010313 0.8579216357034779 0.856426460549093 -1.9733318637967106 -1.6436543855749002 0.5756140231973663 1.9600264623736698 0.3921386677915846 -0.9097697348969334 0.19441921244463053 0.07649133024438158 -0.01600909745907581 0.764145430381588 -0.22294974767843884 -1.8704861511927797 -0.41893755693226786 -0.5383570579539974 -0.6032690770685465 
0.0341130929291645 -1.9219783024002532 -0.8610333498719442 0.873333122797046 -1.478508604050364 -1.8961498424087706 0.9796420079087242 0.9945145576232683 -1.125157182122317 -1.8884693780494979 -1.2170560130421746 0.9500027277904293 -1.473742899336082 0.8548223407406368 0.860585706100108 -1.9449981531636846 -1.6386155438124872 0.5782353310495315 1.9548781600005511 0.3933918330466739 0.660694716165106 0.19434750553168278 1.673010546262688 -0.014792220276752343 0.7722893585200086 -0.2249243989898614 1.8405355619886292 -0.42181459041153063 -0.5233804311303948 -0.5981074976720655 
0.0341130929291645 -1.9152406404244888 0.6913987585738514 0.873333122797046 -1.4948238003890897 -1.9007908682249113 1.042923904867282 0.9941584683600208 -1.1195200700893373 -1.8928031564487648 0.9569148212874731 0.9460817160723702 -1.4767210717039185 0.861221126395935 0.8659653161296091 -1.9606794482890653 -1.6439469296657996 0.5740906599444613 1.9553836143909267 0.39610873310773687 0.6459855385249094 0.19441921244463053 0.08092490527528405 -0.012702141806771948 0.7693642003990909 -0.22294974767843884 0.28350947896761447 -0.42429126048032006 -0.5233804311303948 -0.599437479109014 
0.0341130929291645 -1.9200008856337225 0.7892934758737292 0.8741164991665605 -0.8533291295287974 -1.8571565739526328 0.868422812608039 0.9945145576232683 -1.114671572142 -1.8930392937835412 1.9529124100049 0.9474007957587272 -1.4872564964375476 0.861912400628656 0.8469243570547866 -1.9788451954477135 -1.6436543855749002 0.575308263603532 1.9288912923729913 0.3921386677915846 0.28777309332244094 0.19596694194082423 0.07323278623589859 -0.01600909745907581 -0.2528964980230195 -0.22294974767843884 1.3020796730898985 -0.41893755693226786 -0.5249025316824081 -0.6032690770685465 
0.0341130929291645 -1.9219783024002532 0.7892934758737292 0.8717461676290396 -1.4757886094130608 -1.8898468028675013 0.9654946067591008 0.9945145576232683 -1.1236347338578847 -1.8930392937835412 1.9542592435025223 0.9442987684727535 -1.4820607513797395 0.861912400628656 0.8524050056906437 -2.0 -1.645497048088325 0.5782353310495315 0.7322109482774759 0.3933918330466739 0.28777309332244094 0.19434750553168278 1.6720074560197358 -0.014792220276752343 -0.2528964980230195 -0.2263952058179217 -1.8633440510457568 -0.41707802621466655 -0.5249025316824081 -0.5981074976720655 
0.0341130929291645 -1.9169277777108087 0.780652181406655 0.864395532142059 -1.4852445061961002 -1.8817665007622089 0.8745075364125047 0.9941584683600208 -1.1138168071921162 -1.8896601490556197 0.955772751441038 0.9450245096012297 -1.474605843571739 0.858034001683118 0.8425740255973445 -1.969079156577235 -1.6381161381083247 0.5740906599444613 1.9553836143909267 0.3921386677915846 1.4518161193718897 0.19434750553168278 0.0730718242449974 -0.016419680869526186 -0.17584973986700864 -0.22294974767843884 -1.8700525000985475 -0.41893755693226786 -0.5233804311303948 -0.599437479109014 
0.0341130929291645 -1.9142474775922649 0.781937396574192 0.873333122797046 -1.48316393609587 -1.8579664111912615 0.9691085724250684 0.9897271217855119 -1.1231372702999598 -1.8919933172259282 0.9842334604597024 0.9426974012613452 -1.4765688390562082 0.8579216357034779 -1.6644414466142963 -1.9669618011641976 -1.6436543855749002 0.5725215967579363 1.9600264623736698 0.3921386677915846 0.29508772373082415 0.20287322546547606 0.08189237740802624 -0.01600909745907581 1.5927487079684477 -0.22294974767843884 -1.8637752408545536 -0.41893755693226786 -0.5318860179320759 -0.6032690770685465 
0.0341130929291645 -1.922778320605075 -1.518898030793148 0.866699049428241 -1.48316393609587 -1.8513921167958578 0.9847692404509986 0.9897271217855119 -1.1138168071921162 -1.8902357835883539 0.9842334604597024 0.9507572402635044 -1.4740764555509618 0.8499939152971445 -1.6644414466142963 -1.9669618011641976 -1.6439469296657996 0.5795199901360044 -1.9528260889964426 0.38364899673085723 0.29508772373082415 0.19441921244463053 0.08189237740802624 -0.01600909745907581 -0.17584973986700864 -0.22294974767843884 -1.8637752408545536 -0.4181512419062516 -0.5233804311303948 -0.6174204280670059 
0.0341130929291645 -1.922778320605075 -1.518898030793148 0.866699049428241 -1.48316393609587 -1.8513921167958578 0.9847692404509986 0.9897271217855119 -1.1138168071921162 -1.8902357835883539 0.9842334604597024 0.9507572402635044 -1.4740764555509618 0.8499939152971445 -1.6644414466142963 -1.9669618011641976 -1.6439469296657996 0.5795199901360044 -1.9528260889964426 0.38364899673085723 0.29508772373082415 0.19441921244463053 0.08189237740802624 -0.01600909745907581 -0.17584973986700864 -0.22294974767843884 -1.8637752408545536 -0.4181512419062516 -0.5233804311303948 -0.6174204280670059 
0.03554278679840271 -1.9200008856337225 -1.5163455361392104 0.8694046758720326 -1.4819767545759812 -1.8513921167958578 0.9901980737971018 1.0033234733833392 -1.3704133369958134 -1.8964219891464902 0.9524648067423545 0.9385450944075449 -1.7756998704921891 0.8565552306079548 0.856426460549093 -1.9596159635017836 -1.668084281484191 -0.651296848110138 -1.9580136392470588 0.3873362302135035 0.28402168640297265 0.19907951157159537 0.08092490527528405 -0.015393793255240765 -0.1685745084320291 -0.22362986584673764 -0.35104832641213213 -0.42075644910865084 -0.5300120568414285 -0.6097902378155892 
