1.7803340896791102 0.2199354878815401 
1.7196902486045147 0.21987852337721925 
1.7803340896791102 0.2199354878815401 
1.7196902486045147 0.21987852337721925 
1.4539896840997835 0.20288275792685853 
1.5257658599650596 0.25314774311342586 
1.5765397573144457 0.3060514104337755 
1.5912536232462318 0.2540305058986631 
1.5027622143924941 0.33389302965764656 
1.4328842726219557 0.30234929708281544 
1.4328842726219557 0.30234929708281544 
1.4539896840997835 0.20288275792685853 
1.3278279772688375 0.36903042668312147 
1.2723043851288198 0.32083621398267687 
1.315763601957752 0.2777024703490368 
1.3279672348306923 0.3885095026164411 
1.2723043851288198 0.32083621398267687 
1.3279672348306923 0.3885095026164411 
1.256985885131045 0.38508458064377754 
1.2528441063138906 0.4486598050486832 
1.256985885131045 0.38508458064377754 
1.3014542704372256 0.3638809282893196 
1.2364004082068598 0.4872229512902966 
1.2364004082068598 0.4872229512902966 
1.2511438392288876 0.4666094702814641 
1.2252663464053537 0.4796830625268329 
1.1932301586034806 0.567891511919626 
1.2511438392288876 0.4666094702814641 
1.1932301586034806 0.567891511919626 
1.2070637708424277 0.556045933367462 
1.2346245332668322 0.561072352186872 
1.1357978043186368 0.47425337962568564 
1.2070637708424277 0.556045933367462 
1.2223568710929538 0.5884245938038589 
1.167554889029645 0.4670279068156746 
1.1944349169730668 0.4251698185088762 
1.1396408662055983 0.6697435210348767 
1.1834952872388973 0.5340614690798494 
1.2228646805198489 0.7535514295310511 
1.167554889029645 0.4670279068156746 
1.215927843941314 0.8608632608105388 
1.215927843941314 0.8608632608105388 
1.2205641749393241 0.5812762891839078 
1.2279851561423243 0.6856518262605064 
1.1357978043186368 0.47425337962568564 
1.1834952872388973 0.5340614690798494 
1.21976192514401 0.48552731622576567 
1.0633409503262934 0.8238034186234156 
1.2205641749393241 0.5812762891839078 
1.0633409503262934 0.8238034186234156 
1.2228646805198489 0.7535514295310511 
1.1395248812932757 1.2339360701215005 
0.9416968715928109 1.2241632840219552 
0.9590634384309982 1.2501137183724822 
1.1831357452381808 1.1333291388321773 
0.750644614499407 1.0813811072778683 
0.858830940477089 1.134947610817742 
0.9590634384309982 1.2501137183724822 
0.8038885321347335 1.2613780866995663 
0.8310086660612741 1.340713588217512 
0.8324543268535705 1.3742454264067612 
0.8329086504225722 1.1148349377079767 
0.6450186411875384 1.0771978017772965 
0.6064294576935689 1.132251664063042 
0.750644614499407 1.0813811072778683 
0.7823557619166792 1.128718225759795 
0.6450186411875384 1.0771978017772965 
0.7195161906300653 1.1482919221349968 
0.6391621934429397 1.1332766296398562 
0.6064294576935689 1.132251664063042 
0.6921779473027543 1.3477824154568268 
0.5914809483081132 1.1991400014946272 
0.5914809483081132 1.1991400014946272 
0.6391621934429397 1.1332766296398562 
0.5006814826875385 1.4882810938459405 
0.5108201841450221 1.4607433109581018 
0.5558045401834266 1.4553651241174796 
0.5943313002503686 1.514874622279587 
0.4266229854263918 1.3866701306288365 
0.5254017058474733 1.3328878447024506 
0.3367565500380802 1.4016518810583194 
0.4976305660112899 1.4614786730671465 
0.3367565500380802 1.4016518810583194 
0.3805936613401323 1.4050046341307814 
0.38846239446290537 1.5332314685010386 
0.4266229854263918 1.3866701306288365 
0.38846239446290537 1.5332314685010386 
0.3805936613401323 1.4050046341307814 
0.34544374278607093 1.8449997747106481 
0.3549409211490367 1.5655087451840166 
0.3053115931590808 1.6099574969551844 
0.3549409211490367 1.5655087451840166 
0.2784111010977464 1.8538873785712995 
0.3503089880652189 2.401199523289476 
0.276334451627657 1.763798655694584 
0.2553106879625657 2.086842707331222 
0.20333493598782829 2.3503945880635126 
0.20333493598782829 2.3503945880635126 
0.2543253533820553 2.5133905212206855 
0.2231059009109786 2.4940759538747987 
