0.9311633192022457 -0.7395560845425179 -0.2721401008457771 -0.301707918886825 -0.5899523544854971 -0.3282413357170312 -0.8692864141575224 -0.3518599546201832 0.06936961663089439 -0.2905052904617749 -0.8580956439460711 -0.11796296122121067 -0.116878037521969 0.4399844983309634 -0.17638212088702251 0.6510960128214651 0.3760801332417689 0.9669767232031053 0.15798204728267154 0.35623357533740957 0.47756893308199005 0.4397486882733732 0.26110221218588353 0.41620101671074583 -0.5569689308042363 0.6748402059047744 0.15221160303812659 0.5811111335974756 0.3309657854489671 0.763949259491896 
0.9311633192022457 -0.7364660033747941 -0.2762592368861569 -0.301707918886825 -0.5899523544854971 -0.3191203522633483 -0.8663347521911255 -0.3518599546201832 -0.07781945387680789 -0.418338654263848 -0.8514096127952168 -0.11981231534671957 -0.116878037521969 0.432607478505523 -0.16048240115118728 0.6510960128214651 0.36690448786186125 0.38381261783808407 -0.9016281318268049 0.35623357533740957 0.47756893308199005 0.4397486882733732 0.5460983269346683 0.30336561394169875 0.5655796567744703 0.6996268930098333 0.15221160303812659 0.5864668267819586 0.32288359810342876 0.763949259491896 
0.9311633192022457 -0.7395560845425179 -0.2721401008457771 -0.301707918886825 -0.5899523544854971 -0.3282413357170312 -0.8692864141575224 -0.3518599546201832 0.06936961663089439 -0.2905052904617749 -0.8580956439460711 -0.11796296122121067 -0.116878037521969 0.4399844983309634 -0.17638212088702251 0.6510960128214651 0.3760801332417689 0.9669767232031053 0.15798204728267154 0.35623357533740957 0.47756893308199005 0.4397486882733732 0.26110221218588353 0.41620101671074583 -0.5569689308042363 0.6748402059047744 0.15221160303812659 0.5811111335974756 0.3309657854489671 0.763949259491896 
0.9311633192022457 -0.7364660033747941 -0.2762592368861569 -0.301707918886825 -0.5899523544854971 -0.3191203522633483 -0.8663347521911255 -0.3518599546201832 -0.07781945387680789 -0.418338654263848 -0.8514096127952168 -0.11981231534671957 -0.116878037521969 0.432607478505523 -0.16048240115118728 0.6510960128214651 0.36690448786186125 0.38381261783808407 -0.9016281318268049 0.35623357533740957 0.47756893308199005 0.4397486882733732 0.5460983269346683 0.30336561394169875 0.5655796567744703 0.6996268930098333 0.15221160303812659 0.5864668267819586 0.32288359810342876 0.763949259491896 
0.9311633192022457 -0.7367059467426994 -0.2721820049593076 -0.301707918886825 -0.5969595605993657 -0.32540286589858997 -0.7123624853045264 -0.3518599546201832 0.10411563734965336 -0.2905052904617749 -0.8606020703768141 -0.11796296122121067 0.12369171010789871 0.4259938984743895 0.5758541112999276 0.691001031695613 0.3760801332417689 0.3906952941472824 0.15798204728267154 0.35623357533740957 0.40660094261167 0.4397486882733732 0.2577779293775038 0.41620101671074583 0.5599584692803529 0.6753615262813571 0.16156947677273076 0.5811111335974756 0.31435453110739714 0.7719483877483686 
0.9311633192022457 -0.22587593146537818 -0.27162266519624934 -0.7072810383325316 -0.5899523544854971 -0.32540286589858997 0.04750516739645927 -0.3518599546201832 0.06936961663089439 -0.2905052904617749 -0.8580956439460711 -0.11796296122121067 0.39860009419888914 0.4270290039395227 -0.176409212900354 -0.16797509743789524 0.38029736117195406 0.3906952941472824 0.1673440259761809 0.35623357533740957 0.40660094261167 0.4436945328431084 0.2577779293775038 0.41620101671074583 0.5576049785431226 0.6837497883148808 0.14310495984456392 0.5822623257715184 0.32288359810342876 0.763949259491896 
0.9314501811226751 -0.22419314233323817 0.4242374086585725 -0.7072810383325316 -0.5514072040860434 -0.32540286589858997 -0.7076917629716701 -0.36081146882173054 0.06936961663089439 -0.4132615410767892 0.05839835839828359 -0.10799657218283702 -0.11679314469430824 0.4270290039395227 -0.176409212900354 -0.17795796359637314 0.36690448786186125 0.3906952941472824 0.18350041019553653 0.11502738965277863 0.41563596768562505 0.4395494529064687 0.2577779293775038 0.3117779521509852 0.5655796567744703 0.7091970751446948 0.14804795123498596 0.5669808137424106 0.3483668656127358 0.7624596016944389 
0.9236667951393673 -0.23876936065358742 -0.9224848918643757 -0.7158584798626914 0.35042704979873407 -0.3326177377615696 -0.6970077300007255 -0.3533075964984046 0.41361496067570175 -0.2905052904617749 -0.16409863179969403 -0.11796296122121067 -0.05692322587515819 0.42022307599711317 -0.17888465592104985 0.6948762729063451 0.38029736117195406 0.3978168820237824 0.18015129341356612 0.35623357533740957 0.4230795556195034 0.7429708691150646 0.5542659882990658 0.30336561394169875 0.46385062313991526 0.6927875685433151 0.1360471472479384 0.5822623257715184 0.08154530225140597 0.7551375293890419 
0.9224583652211429 -0.22587593146537818 -0.9204341136191581 -0.7171914531671467 -0.5835859473106288 -0.3205513896974806 -0.7123624853045264 -0.8245742565060277 0.10411563734965336 -0.2842330253030639 -0.8605519611350294 0.29818506487456703 0.12532900230958652 0.43234915860233997 -0.1669719040273464 0.6966570424296442 0.37340089121315206 -0.025026927169408797 0.1764448319613582 0.34777003821075153 0.4931246395827673 0.4387906441389896 -0.16598377794255958 0.40724990353045376 0.5427478104655437 0.6974025825967212 0.13333002654482334 0.49786157331053393 0.0886061567521563 0.7639354027518166 
0.9236667951393673 -0.23978925471870227 -0.9215557619108815 -0.8805553293627042 0.35339504768880237 -0.3326177377615696 -0.8663347521911255 -0.8245742565060277 -0.07781945387680789 -0.4132615410767892 0.05839835839828359 -0.11981231534671957 -0.10912829098641447 0.44068582214333774 -0.17368231947406568 0.8936599685951114 0.36690448786186125 0.3598907391448277 0.5285117222780245 0.34147968570830095 0.4230795556195034 0.4451607455074711 0.5460983269346683 0.30336561394169875 0.5655796567744703 0.6927875685433151 0.15614275280842937 0.5583425949308163 0.3309657854489671 0.7628134271341704 
0.9236667951393673 -0.23978925471870227 -0.9215557619108815 -0.8805553293627042 0.35339504768880237 -0.3326177377615696 -0.8663347521911255 -0.8245742565060277 -0.07781945387680789 -0.4132615410767892 0.05839835839828359 -0.11981231534671957 -0.10912829098641447 0.44068582214333774 -0.17368231947406568 0.8936599685951114 0.36690448786186125 0.3598907391448277 0.5285117222780245 0.34147968570830095 0.4230795556195034 0.4451607455074711 0.5460983269346683 0.30336561394169875 0.5655796567744703 0.6927875685433151 0.15614275280842937 0.5583425949308163 0.3309657854489671 0.7628134271341704 
0.9311633192022457 -0.7367059467426994 -0.2721820049593076 -0.301707918886825 -0.5969595605993657 -0.32540286589858997 -0.7123624853045264 -0.3518599546201832 0.10411563734965336 -0.2905052904617749 -0.8606020703768141 -0.11796296122121067 0.12369171010789871 0.4259938984743895 0.5758541112999276 0.691001031695613 0.3760801332417689 0.3906952941472824 0.15798204728267154 0.35623357533740957 0.40660094261167 0.4397486882733732 0.2577779293775038 0.41620101671074583 0.5599584692803529 0.6753615262813571 0.16156947677273076 0.5811111335974756 0.31435453110739714 0.7719483877483686 
0.9311633192022457 -0.35361928880802407 -0.9204341136191581 -0.29150644632617534 -0.5607085718879085 0.09135264661274459 -0.7076917629716701 -0.36081146882173054 -0.9810487228300072 -0.22109285988918767 0.03675942804490469 -0.11796296122121067 0.15830592542593244 0.4270290039395227 -0.16471577826656947 -0.17795796359637314 0.37340089121315206 0.36857543241131646 0.18350041019553653 0.11502738965277863 0.4087779571088171 0.4436945328431084 0.669013131625134 0.30336561394169875 0.5655796567744703 0.6945178459284627 0.14804795123498596 0.581906794136327 0.3450638663886454 0.7505957985135976 
0.9339345000840417 -0.2539644210145707 -0.2692593889955186 -0.31977575089005816 -0.5541631271322236 -0.3214727525864179 -0.7158586816555144 -0.22583320290289555 -0.08097801075908263 -0.4020648575349815 -0.16408731471817542 -0.1338597061269 0.18002870483300004 0.4328020100582379 -0.17585704328945692 0.6510960128214651 0.6185797435916056 0.36857543241131646 0.5024469972420235 0.3430216077358616 0.4847842821038451 0.439246017279603 0.590256004117115 0.2998090221465666 0.5726993707258654 0.6945178459284627 0.15413822388340073 0.5728089762557038 0.5156069269298441 0.312112477381699 
0.9311633192022457 -0.22587593146537818 -0.9204341136191581 -0.4806583234769837 -0.5838792954594944 -0.3205513896974806 -0.7158586816555144 -0.3518599546201832 0.06936961663089439 -0.22109285988918767 0.03675942804490469 -0.11796296122121067 0.39597757074735396 0.4270290039395227 -0.17319946748516266 -0.174254232586347 0.37340089121315206 0.5259462387636084 0.1764448319613582 0.3498729233361875 0.4931246395827673 0.4436945328431084 0.669013131625134 0.3085911799685581 0.548036142437806 0.6947270247300673 0.12295286565881303 0.5822623257715184 0.32288359810342876 0.7639509002061955 
0.9233556780250547 -0.23326955176093778 -0.2666259243801982 -0.301707918886825 -0.5607085718879085 -0.322671953840021 -0.9878003469265388 -0.3518599546201832 -0.07781945387680789 -0.22109285988918767 0.058514926937525295 -0.13040053900887055 -0.13172475118475432 0.4328020100582379 -0.17368231947406568 -0.1776733491909842 0.3596573828243242 0.9574069312260238 0.18147390064120808 0.11910182677537523 0.39883483619162086 0.46101592379261747 0.669013131625134 0.6866435603024122 0.5655796567744703 0.22663295691097324 0.16298605918626388 0.5828798521722507 0.3374612552549904 0.7505957985135976 
0.9339345000840417 -0.2539644210145707 -0.2692593889955186 -0.31977575089005816 -0.5541631271322236 -0.3214727525864179 -0.7158586816555144 -0.22583320290289555 -0.08097801075908263 -0.4020648575349815 -0.16408731471817542 -0.1338597061269 0.18002870483300004 0.4328020100582379 -0.17585704328945692 0.6510960128214651 0.6185797435916056 0.36857543241131646 0.5024469972420235 0.3430216077358616 0.4847842821038451 0.439246017279603 0.590256004117115 0.2998090221465666 0.5726993707258654 0.6945178459284627 0.15413822388340073 0.5728089762557038 0.5156069269298441 0.312112477381699 
0.9233556780250547 -0.23326955176093778 -0.2666259243801982 -0.301707918886825 -0.5607085718879085 -0.322671953840021 -0.9878003469265388 -0.3518599546201832 -0.07781945387680789 -0.22109285988918767 0.058514926937525295 -0.13040053900887055 -0.13172475118475432 0.4328020100582379 -0.17368231947406568 -0.1776733491909842 0.3596573828243242 0.9574069312260238 0.18147390064120808 0.11910182677537523 0.39883483619162086 0.46101592379261747 0.669013131625134 0.6866435603024122 0.5655796567744703 0.22663295691097324 0.16298605918626388 0.5828798521722507 0.3374612552549904 0.7505957985135976 
0.9233556780250547 -0.23346450977427174 -0.9215557619108815 -0.7171914531671467 -0.5607085718879085 -0.322671953840021 -0.7123624853045264 -0.8171216917517946 -0.07781945387680789 -0.22109285988918767 0.05839835839828359 -0.13040053900887055 -0.10912829098641447 0.44068582214333774 -0.17625742183929413 -0.17149575889438842 0.3665202711223558 0.9574069312260238 0.18147390064120808 0.33223880816703666 0.3986872955634854 0.4387906441389896 0.6710458260305286 0.40724990353045376 0.5427478104655437 0.7058407493938734 0.16298605918626388 0.07301330714816867 0.33602218451596205 0.7505957985135976 
0.9233556780250547 -0.23978925471870227 -0.9215557619108815 -0.301707918886825 -0.5514072040860434 -0.32866281846062656 -0.8663347521911255 -0.8245742565060277 -0.07781945387680789 -0.4132615410767892 0.05839835839828359 0.6961206216506615 -0.12463138852744181 0.44068582214333774 -0.16957050497461496 0.8936599685951114 0.36690448786186125 0.3598907391448277 0.5132133517270826 0.3430216077358616 0.41563596768562505 0.4451607455074711 0.548066252940498 0.2963649253692035 0.5655796567744703 0.6945178459284627 0.16045607220014607 0.5583425949308163 0.32782764336935855 0.7628134271341704 
0.9233556780250547 -0.23346450977427174 -0.9215557619108815 -0.7171914531671467 -0.5607085718879085 -0.322671953840021 -0.7123624853045264 -0.8171216917517946 -0.07781945387680789 -0.22109285988918767 0.05839835839828359 -0.13040053900887055 -0.10912829098641447 0.44068582214333774 -0.17625742183929413 -0.17149575889438842 0.3665202711223558 0.9574069312260238 0.18147390064120808 0.33223880816703666 0.3986872955634854 0.4387906441389896 0.6710458260305286 0.40724990353045376 0.5427478104655437 0.7058407493938734 0.16298605918626388 0.07301330714816867 0.33602218451596205 0.7505957985135976 
0.9343717030942369 -0.17578938174930148 -0.2618854322114411 -0.301707918886825 -0.5552277748982951 -0.3214727525864179 -0.8692864141575224 -0.8245742565060277 -0.07781945387680789 -0.4020648575349815 0.05839835839828359 -0.12273927688757089 0.16805884396443574 0.44068582214333774 -0.17627716761866624 0.6510960128214651 0.6185797435916056 0.964366002961516 0.5094381131370648 0.3503609934002146 0.42372920087512117 0.44134144875131814 0.5507780547685802 0.30322339830496214 0.548036142437806 0.6971912253540359 0.16144560874273128 0.5822623257715184 0.5148735452276189 0.313900169320491 
0.9233556780250547 -0.22526550023844927 -0.9215557619108815 -0.301707918886825 -0.5514072040860434 0.0876172659723812 -0.8666353696012569 -0.8286141650201717 -0.0819775978459158 -0.40625797501536154 -0.1762386471617729 -0.11981231534671957 -0.12463138852744181 -0.16439493201454458 -0.16948050759650304 0.8936599685951114 0.3632593150884806 0.9574069312260238 0.5132133517270826 0.3430285736861766 0.41945658892312976 0.447395493981392 0.548066252940498 0.2963649253692035 0.5710025654685243 0.6945178459284627 0.15663138336659135 0.5583425949308163 0.3309657854489671 0.3188260756825938 
0.9233556780250547 -0.22526550023844927 -0.9215557619108815 -0.301707918886825 -0.5514072040860434 0.0876172659723812 -0.8666353696012569 -0.8286141650201717 -0.0819775978459158 -0.40625797501536154 -0.1762386471617729 -0.11981231534671957 -0.12463138852744181 -0.16439493201454458 -0.16948050759650304 0.8936599685951114 0.3632593150884806 0.9574069312260238 0.5132133517270826 0.3430285736861766 0.41945658892312976 0.447395493981392 0.548066252940498 0.2963649253692035 0.5710025654685243 0.6945178459284627 0.15663138336659135 0.5583425949308163 0.3309657854489671 0.3188260756825938 
0.916022395367765 -0.23432178053175873 -0.9280371340135445 -0.29150644632617534 -0.5476584224242727 -0.3141781981998837 -0.8663347521911255 -0.3034835052487619 -0.07781945387680789 -0.4073020664836964 -0.17685712934065198 -0.13259836842485354 0.16806899274918125 -0.7046659037961408 -0.1738479409545927 0.6453030892242047 0.34810139011480723 0.9563070467877359 0.5040027960675239 0.10574606933954564 0.4821391249906324 0.45011002147480317 0.963231074318162 0.6866435603024122 0.5436419869714046 0.695177545150167 0.1639793370050887 0.565785261313499 0.32524746681634664 0.3089928829517726 
0.5927492299062552 -0.22526550023844927 -0.2666259243801982 -0.30961811541002593 -0.5522412475137981 -0.3252345567864191 -0.879550209986552 -0.8245742565060277 -0.07622068856038935 -0.4073020664836964 -0.169378177510785 -0.5105890913854407 0.16805884396443574 0.4399844983309634 -0.17638212088702251 0.6510960128214651 0.6185797435916056 0.9574069312260238 0.4973843115286602 0.39688732846627683 0.4821391249906324 0.45964128148529954 0.5507780547685802 0.32005518161172386 0.5572270884081292 0.6945178459284627 0.16144560874273128 0.567979576042507 0.3370950834721095 0.31599509498864736 
0.5806115633945309 -0.22526550023844927 -0.9215557619108815 -0.8805553293627042 -0.5450063662307689 0.08485614408581618 -0.7158586816555144 -0.8333090608801926 -0.0819775978459158 -0.4073020664836964 -0.1762386471617729 -0.11981231534671957 0.17589318284680538 -0.7020427767457662 -0.16957050497461496 0.5405275437812336 0.6173259547005475 0.9574069312260238 0.495690797542261 0.3352905100090109 0.4230795556195034 0.44562428793223763 0.5460983269346683 0.30336561394169875 0.5710025654685243 0.6945178459284627 0.16144560874273128 0.567979576042507 0.3309657854489671 0.31599509498864736 
0.916022395367765 -0.23432178053175873 -0.9280371340135445 -0.29150644632617534 -0.5476584224242727 -0.3141781981998837 -0.8663347521911255 -0.3034835052487619 -0.07781945387680789 -0.4073020664836964 -0.17685712934065198 -0.13259836842485354 0.16806899274918125 -0.7046659037961408 -0.1738479409545927 0.6453030892242047 0.34810139011480723 0.9563070467877359 0.5040027960675239 0.10574606933954564 0.4821391249906324 0.45011002147480317 0.963231074318162 0.6866435603024122 0.5436419869714046 0.695177545150167 0.1639793370050887 0.565785261313499 0.32524746681634664 0.3089928829517726 
0.5806115633945309 -0.22526550023844927 -0.9215557619108815 -0.8805553293627042 -0.5450063662307689 0.08485614408581618 -0.7158586816555144 -0.8333090608801926 -0.0819775978459158 -0.4073020664836964 -0.1762386471617729 -0.11981231534671957 0.17589318284680538 -0.7020427767457662 -0.16957050497461496 0.5405275437812336 0.6173259547005475 0.9574069312260238 0.495690797542261 0.3352905100090109 0.4230795556195034 0.44562428793223763 0.5460983269346683 0.30336561394169875 0.5710025654685243 0.6945178459284627 0.16144560874273128 0.567979576042507 0.3309657854489671 0.31599509498864736 
0.583207223588131 -0.22526550023844927 -0.2666259243801982 -0.30961811541002593 -0.5617853090161463 -0.3119244407460235 -0.8666353696012569 -0.3872008612909057 -0.07622068856038935 -0.4073020664836964 -0.1784537587923653 -0.13040053900887055 -0.12797028208893169 0.43666925397346273 -0.17638212088702251 0.9007042649202799 0.3685939795153305 0.9568301616660528 0.5008595612724254 0.3430285736861766 0.4821391249906324 0.45591157570502155 0.5519504497970813 0.6866435603024122 0.5660413256530552 0.6945178459284627 0.15663138336659135 0.5828798521722507 0.3370950834721095 0.3239652146838771 
0.5854060949623321 -0.23978925471870227 -0.25926212752285477 -0.2896461828457435 -0.5607085718879085 -0.3231513406668507 -0.8786867212123141 -0.8220413450121957 -0.9924741291881094 -0.4073020664836964 -0.16683105582797184 0.6961206216506615 0.15830592542593244 0.4328020100582379 -0.16317736641587205 0.8936599685951114 -0.17437220957558708 0.3550841512228455 0.5013760361336348 0.11502738965277863 0.4821391249906324 0.46101592379261747 0.5507780547685802 0.6810798463687094 0.5646795987983441 0.6945178459284627 0.16941466895642016 0.5583425949308163 0.3450638663886454 0.7628134271341704 
0.5917489763370799 -0.2539644210145707 -0.9215557619108815 -0.29305226543650037 -0.5607776599433217 -0.3164242974592944 -0.8695098689348546 -0.8112755701555947 -0.07448863003149109 -0.40015997343355814 -0.1762386471617729 -0.5062479150227038 0.18002870483300004 -0.5304085165527905 -0.16758810885962772 0.6510960128214651 0.373323829349614 0.9590454065468063 0.5008595612724254 0.35016273950009547 0.41773608982050137 0.44949890336815135 0.5659295639197268 0.6866435603024122 0.5549281921393527 0.6836265726816683 0.14804795123498596 0.5583425949308163 0.5265148033132591 0.31460456052145547 
0.583207223588131 -0.22526550023844927 -0.2666259243801982 -0.30961811541002593 -0.5617853090161463 -0.3119244407460235 -0.8666353696012569 -0.3872008612909057 -0.07622068856038935 -0.4073020664836964 -0.1784537587923653 -0.13040053900887055 -0.12797028208893169 0.43666925397346273 -0.17638212088702251 0.9007042649202799 0.3685939795153305 0.9568301616660528 0.5008595612724254 0.3430285736861766 0.4821391249906324 0.45591157570502155 0.5519504497970813 0.6866435603024122 0.5660413256530552 0.6945178459284627 0.15663138336659135 0.5828798521722507 0.3370950834721095 0.3239652146838771 
0.5854060949623321 -0.23432178053175873 -0.25880866698766997 -0.29150644632617534 -0.5460827502609027 -0.3164242974592944 -0.8761349090275938 -0.8291438661006878 -0.07781945387680789 -0.4073020664836964 -0.169378177510785 -0.13259836842485354 0.16145981028113535 0.14188431945520397 -0.178557093870098 0.6545089221454077 0.3633551497399271 0.9574069312260238 0.5013760361336348 -0.47274423475397503 0.4821391249906324 0.45588073151782427 0.5819807622847544 0.6866435603024122 0.5572270884081292 0.6945178459284627 0.16144560874273128 0.567979576042507 0.3309657854489671 0.31599509498864736 
0.5806115633945309 -0.22526550023844927 -0.9254954984750917 -0.8805553293627042 -0.56343836462904 -0.3164242974592944 -0.8666353696012569 -0.8333090608801926 -0.07622068856038935 -0.4073020664836964 -0.16720404636014635 -0.11981231534671957 0.17589318284680538 0.4399844983309634 -0.16957050497461496 0.5405275437812336 0.37424605298366564 0.9568301616660528 0.5008595612724254 0.48833372337353476 0.4151272972753526 0.45011002147480317 0.557059703489163 0.6866435603024122 0.5710025654685243 0.6945178459284627 0.16912968622875482 0.567979576042507 0.3360048359897047 0.31599509498864736 
0.5927492299062552 -0.23582395042934917 -0.2692593889955186 -0.301707918886825 -0.5607776599433217 -0.3164242974592944 -0.9217005098872582 -0.8164558790999414 -0.07224499513378042 -0.40809296370907105 -0.16197809648672368 -0.13259836842485354 0.18002870483300004 0.4399844983309634 -0.1781477048689078 0.6510960128214651 0.373323829349614 0.9496305465127924 0.495690797542261 0.3430216077358616 0.4151272972753526 0.45011002147480317 0.5608973107917383 0.6866435603024122 0.563451205009679 0.6869139563512824 0.16144560874273128 0.5751256031063171 0.5234110516818478 0.31599509498864736 
0.5815729120538997 -0.2539644210145707 -0.9215557619108815 -0.29150644632617534 -0.5487430165593324 0.08485614408581618 -0.7158586816555144 -0.8333090608801926 -0.07781945387680789 -0.4073020664836964 -0.1762386471617729 0.7013304684975001 0.18002870483300004 -0.6979292468562945 -0.17585704328945692 -0.18220572075518945 0.373323829349614 0.36857543241131646 0.495690797542261 0.3430216077358616 0.41773608982050137 0.446342041284705 0.5507780547685802 0.30336561394169875 0.5655796567744703 0.6945178459284627 0.14804795123498596 0.5583425949308163 0.5234110516818478 0.312112477381699 
0.5941561223919091 -0.22526550023844927 -0.9239246269775754 -0.30961811541002593 -0.5450063662307689 -0.3248672038438167 -0.7165949059859535 -0.8178461980190799 -0.0792308128748178 -0.4073020664836964 -0.1762386471617729 -0.5052731340437078 0.17589318284680538 -0.7020427767457662 -0.3201303345122284 0.5405275437812336 0.6185797435916056 0.9556233739104207 0.4898640244470164 0.3972514146730674 0.4821391249906324 0.45964128148529954 0.5507780547685802 0.32005518161172386 0.5572270884081292 0.6945178459284627 0.16144560874273128 0.567979576042507 0.3370950834721095 0.32142050286642104 
0.5917489763370799 -0.23436884701744548 -0.2666259243801982 -0.29305226543650037 -0.5584613266684528 -0.3325328510181864 -0.8695098689348546 -0.8230914338903353 -0.07448863003149109 -0.39789567266319614 -0.16635574104109122 -0.5062479150227038 -0.1300829817740052 -0.7006250697682025 -0.18109045736216342 0.6663192738568054 0.373323829349614 0.5474397843773291 0.5008595612724254 -0.4738347205789614 0.33927751135377493 0.44745809235769485 0.5575287260362799 -0.0932288243757511 0.5544639650006272 0.6836265726816683 0.16041475866224342 0.546680653014531 0.33261542471593386 0.31599509498864736 
0.5806115633945309 -0.22526550023844927 -0.9254954984750917 -0.8805553293627042 -0.56343836462904 -0.3164242974592944 -0.8666353696012569 -0.8333090608801926 -0.07622068856038935 -0.4073020664836964 -0.16720404636014635 -0.11981231534671957 0.17589318284680538 0.4399844983309634 -0.16957050497461496 0.5405275437812336 0.37424605298366564 0.9568301616660528 0.5008595612724254 0.48833372337353476 0.4151272972753526 0.45011002147480317 0.557059703489163 0.6866435603024122 0.5710025654685243 0.6945178459284627 0.16912968622875482 0.567979576042507 0.3360048359897047 0.31599509498864736 
0.5927492299062552 -0.22526550023844927 -0.25880866698766997 -0.28346340255260777 -0.5557659169980236 -0.3164242974592944 -0.8663347521911255 -0.8306213316503378 -0.07222598366227194 -0.408165104636835 -0.169378177510785 0.6932140559362147 0.18002870483300004 0.4399844983309634 -0.1652402319351006 0.6557351255768792 0.3633551497399271 0.9574069312260238 0.5013760361336348 -0.47274423475397503 0.4821391249906324 0.44232110363135274 0.5728332591681101 0.6866435603024122 0.563451205009679 -0.2246672710122164 0.16083398549541467 0.567979576042507 0.3309657854489671 0.31040260502970224 
0.5927492299062552 -0.22526550023844927 -0.25880866698766997 -0.28346340255260777 -0.5557659169980236 -0.3164242974592944 -0.8663347521911255 -0.8306213316503378 -0.07222598366227194 -0.408165104636835 -0.169378177510785 0.6932140559362147 0.18002870483300004 0.4399844983309634 -0.1652402319351006 0.6557351255768792 0.3633551497399271 0.9574069312260238 0.5013760361336348 -0.47274423475397503 0.4821391249906324 0.44232110363135274 0.5728332591681101 0.6866435603024122 0.563451205009679 -0.2246672710122164 0.16083398549541467 0.567979576042507 0.3309657854489671 0.31040260502970224 
0.5927492299062552 -0.22526550023844927 -0.2692593889955186 -0.301707918886825 -0.5552277748982951 -0.3164242974592944 -0.8692864141575224 -0.8245742565060277 -0.0765767755520968 -0.4020648575349815 -0.169378177510785 -0.13259836842485354 0.167319832540908 0.4399844983309634 -0.1652402319351006 0.6510960128214651 0.6185797435916056 0.9574069312260238 0.5013760361336348 -0.46445876236772743 0.4821391249906324 0.44569163843507636 0.5819807622847544 0.6866435603024122 0.563451205009679 0.6945178459284627 0.16144560874273128 0.567979576042507 0.3309657854489671 0.31599509498864736 
0.5917489763370799 -0.23436884701744548 -0.2666259243801982 -0.29305226543650037 -0.5584613266684528 -0.028839416285854513 -0.8663347521911255 -0.8245742565060277 -0.07781945387680789 -0.4073020664836964 -0.16635574104109122 -0.13141200674915743 0.18043106103275305 -0.7006250697682025 -0.16640612129829435 0.6420992365835921 0.373323829349614 0.9505088756960869 0.5008595612724254 -0.4738347205789614 0.33927751135377493 0.44246313698207657 0.5604930200217257 0.6866435603024122 0.5572270884081292 0.6836265726816683 0.155724942288596 0.546680653014531 0.3338087419910863 0.31599509498864736 
0.5917489763370799 -0.2539644210145707 -0.9215557619108815 -0.29305226543650037 -0.5607776599433217 -0.3164242974592944 -0.8695098689348546 -0.8112755701555947 -0.07448863003149109 -0.40015997343355814 -0.1762386471617729 -0.5062479150227038 0.18002870483300004 -0.5304085165527905 -0.16758810885962772 0.6510960128214651 0.373323829349614 0.9590454065468063 0.5008595612724254 0.35016273950009547 0.41773608982050137 0.44949890336815135 0.5659295639197268 0.6866435603024122 0.5549281921393527 0.6836265726816683 0.14804795123498596 0.5583425949308163 0.5265148033132591 0.31460456052145547 
0.5941561223919091 -0.22526550023844927 -0.9239246269775754 -0.30961811541002593 -0.5450063662307689 -0.3248672038438167 -0.7165949059859535 -0.8178461980190799 -0.0792308128748178 -0.4073020664836964 -0.1762386471617729 -0.5052731340437078 0.17589318284680538 -0.7020427767457662 -0.3201303345122284 0.5405275437812336 0.6185797435916056 0.9556233739104207 0.4898640244470164 0.3972514146730674 0.4821391249906324 0.45964128148529954 0.5507780547685802 0.32005518161172386 0.5572270884081292 0.6945178459284627 0.16144560874273128 0.567979576042507 0.3370950834721095 0.32142050286642104 
0.5854060949623321 -0.23978925471870227 -0.2666259243801982 -0.29150644632617534 -0.5579605088877262 -0.3231513406668507 -0.8786867212123141 -0.8245742565060277 -0.07781945387680789 -0.4073020664836964 -0.169378177510785 -0.5086389490358407 0.16805884396443574 0.4328020100582379 -0.16957050497461496 0.6530293959501897 0.3633551497399271 0.9574069312260238 0.5013760361336348 0.39855214824225205 0.49249155500725533 0.46101592379261747 0.5507780547685802 0.6866435603024122 0.5572270884081292 0.6945178459284627 0.16144560874273128 0.5828798521722507 0.33996965737756435 0.3069321595470809 
0.5927492299062552 -0.22882580051447438 -0.9239246269775754 -0.2913716586451189 -0.5552277748982951 -0.323016991627593 -0.8692864141575224 -0.8245742565060277 -0.0792308128748178 -0.4086839006034765 -0.16987374173736777 -0.13259836842485354 0.167319832540908 -0.7097115927314075 -0.1652402319351006 0.6542703521018831 0.3633551497399271 0.9556233739104207 0.5013760361336348 -0.46445876236772743 0.4768739323887856 0.45964128148529954 0.5507780547685802 0.6866435603024122 0.563451205009679 -0.2246672710122164 0.9009555492941854 0.5734672181078369 0.3370950834721095 0.31599509498864736 
0.5927492299062552 -0.22526550023844927 -0.2692593889955186 -0.301707918886825 -0.5552277748982951 -0.3164242974592944 -0.8692864141575224 -0.8245742565060277 -0.0765767755520968 -0.4020648575349815 -0.169378177510785 -0.13259836842485354 0.167319832540908 0.4399844983309634 -0.1652402319351006 0.6510960128214651 0.6185797435916056 0.9574069312260238 0.5013760361336348 -0.46445876236772743 0.4821391249906324 0.44569163843507636 0.5819807622847544 0.6866435603024122 0.563451205009679 0.6945178459284627 0.16144560874273128 0.567979576042507 0.3309657854489671 0.31599509498864736 
0.5927492299062552 -0.22882580051447438 -0.9239246269775754 -0.2913716586451189 -0.5552277748982951 -0.323016991627593 -0.8692864141575224 -0.8245742565060277 -0.0792308128748178 -0.4086839006034765 -0.16987374173736777 -0.13259836842485354 0.167319832540908 -0.7097115927314075 -0.1652402319351006 0.6542703521018831 0.3633551497399271 0.9556233739104207 0.5013760361336348 -0.46445876236772743 0.4768739323887856 0.45964128148529954 0.5507780547685802 0.6866435603024122 0.563451205009679 -0.2246672710122164 0.9009555492941854 0.5734672181078369 0.3370950834721095 0.31599509498864736 
0.5917489763370799 -0.23436884701744548 -0.2666259243801982 -0.29305226543650037 -0.5584613266684528 -0.3325328510181864 -0.8695098689348546 -0.8230914338903353 -0.07448863003149109 -0.39789567266319614 -0.16635574104109122 -0.5062479150227038 -0.1300829817740052 -0.7006250697682025 -0.18109045736216342 0.6663192738568054 0.373323829349614 0.5474397843773291 0.5008595612724254 -0.4738347205789614 0.33927751135377493 0.44745809235769485 0.5575287260362799 -0.0932288243757511 0.5544639650006272 0.6836265726816683 0.16041475866224342 0.546680653014531 0.33261542471593386 0.31599509498864736 
0.004313576486056739 -0.22058791771285993 0.5165305257518575 0.7181698817995364 0.744800403075396 0.8623850513322673 0.9972430370861405 0.09533757694702526 -0.08972010063392255 0.822264700879383 0.9114984861141531 0.6821631096971282 0.69896070305181 -0.046715103343994965 -0.8281147334271179 -0.11913970297539424 0.26225497092589 0.5366362334477954 0.49844964537217795 0.6903289786254152 0.27066910680617445 0.42316058249092664 0.571158238019919 -0.08143203436487932 0.7351505098859578 0.7088670507281217 0.7114681530682689 -0.3511512485712658 0.012642456658310616 0.1631197191861464 
0.006660490496889078 -0.05526024827987361 0.44393826782417883 -0.4977259580628517 0.07943838680696881 0.9857011549231821 -0.49586461921405295 0.5676893113023529 0.33483334861049635 0.7985297693718838 0.278549142635483 0.5665560934773197 0.9850995433576799 0.2727621419321753 0.7055727396485787 0.7801005584755919 0.2614633629828143 -0.07127170829859487 0.6968424859734508 0.09250444883392617 0.10609694039694414 0.4374207291866945 0.04101229894172875 0.9113249214031276 0.29491411264534423 0.7157421302161919 -0.1498953767914042 -0.29762496888707834 -0.2624070481170731 0.45679126154001737 
0.011064344362930911 0.20282937267522338 0.4474177658744236 0.42830838722032694 0.258057366983596 0.08171698579837473 0.21748034380156298 0.09533757694702526 0.2181011865021178 0.2482916215195999 0.25584289591985643 -0.4468936105641732 -0.15883083777555956 0.4333595138003717 0.6653667582499232 0.7697674773839444 0.24132052055807549 0.9528541362968976 0.4923708780604657 0.9480273883345411 0.8417930319681083 0.4318362483308895 0.027521165804745992 0.9113249214031276 0.283535919856459 0.010959181217499803 -0.16743570302233793 -0.3068343025151964 -0.25278319344691463 0.4607762939901597 
0.006379935030681152 -0.05526024827987361 0.4512132373969526 -0.5138159883192148 0.08100288406562664 0.8413238159765878 -0.49586461921405295 0.5835742562612872 0.2181011865021178 0.7985297693718838 0.2672973388718589 0.5665560934773197 0.38392765769801923 0.3586668308628586 0.6955491025541266 0.7661285683882921 0.24578709751975594 -0.07127170829859487 0.3749317632234106 0.33124905381223746 -0.42497146896800087 0.8373102757328568 0.04101229894172875 0.2905631618234038 0.2759412665178359 0.00905942973311632 -0.1498953767914042 0.4720163928401591 -0.25278319344691463 0.45679126154001737 
0.003668641921973799 -0.04319974436342558 0.4512132373969526 0.7337539017055689 0.07943838680696881 0.8352746483818649 0.21748034380156298 0.5835742562612872 0.3387968632240733 0.24910500257360946 0.2672973388718589 0.5456189668427607 0.38392765769801923 0.3526346162184951 0.7099225281429921 0.7908731430842536 0.23731888099111736 -0.06415723410000974 0.368764940260633 0.7686500245463445 0.8276813506640228 0.43151289296067424 0.050120572310814133 0.9113249214031276 0.2757274992636392 0.7174799163649773 -0.1733561471384914 0.4720163928401591 -0.07938100905532185 0.47230123289435627 
0.005903900970674927 -0.04319974436342558 0.4512132373969526 -0.5108679783889529 0.08100288406562664 0.8413238159765878 0.21748034380156298 0.5835742562612872 0.2181011865021178 0.9106418128306447 0.2672973388718589 0.5665560934773197 0.38392765769801923 0.3514510279089112 0.6981434823552561 0.7697674773839444 0.25353300454628935 -0.06745739925942794 0.3749317632234106 0.33124905381223746 0.11859828925883704 0.8371382411743795 0.05251599331158027 0.2826094714123145 0.2757274992636392 0.00905942973311632 -0.1733561471384914 0.4720163928401591 -0.25278319344691463 0.47230123289435627 
0.011064344362930911 0.20282937267522338 0.4474177658744236 0.42830838722032694 0.258057366983596 0.08171698579837473 0.21748034380156298 0.09533757694702526 0.2181011865021178 0.2482916215195999 0.25584289591985643 -0.4468936105641732 -0.15883083777555956 0.4333595138003717 0.6653667582499232 0.7697674773839444 0.24132052055807549 0.9528541362968976 0.4923708780604657 0.9480273883345411 0.8417930319681083 0.4318362483308895 0.027521165804745992 0.9113249214031276 0.283535919856459 0.010959181217499803 -0.16743570302233793 -0.3068343025151964 -0.25278319344691463 0.4607762939901597 
0.0035580012205001688 0.205880743268734 0.4475395465971152 0.7254543090888184 0.2485104910940525 0.08171698579837473 0.23076674093413013 0.09533757694702526 0.33088584669549187 0.9232394685973451 0.9235629932382613 0.5530583430023682 -0.16833717487040056 0.3392103970069507 0.6676634465840755 0.6601262037906369 0.24132052055807549 -0.29624734080540716 0.4923708780604657 0.9480273883345411 0.8417930319681083 -0.05324924012668336 0.027521165804745992 0.9113249214031276 0.283535919856459 0.6939134005827438 -0.1593143310882229 -0.30120649949608536 -0.265303185564877 0.45679126154001737 
0.0013398186523290525 -0.05526024827987361 0.4587782317228912 0.7337539017055689 0.07943838680696881 -0.6294720172891555 0.22840631842913242 0.5882921385631814 0.2270527109928715 0.904187430727399 0.2672973388718589 0.5665560934773197 0.3931306812429052 0.34893744496501794 -0.06243398744442952 0.7903633469084995 0.26593955831311983 -0.06865076987551194 0.7093551584958385 0.7918995837747698 0.8340906102814194 0.43151289296067424 0.04448415822584312 0.5636773278135756 0.26885207601721384 0.7220882953907287 -0.16438316804806638 -0.28809286622104735 -0.2625327915688513 0.8416714914086647 
5.259671150239578E-4 -0.21988738867486632 0.4462864343642673 -0.5196216072064087 0.09015024756170092 0.8413238159765878 0.2226076852946369 0.573448106939765 0.3369267134385672 0.7970248043114461 0.28162299764428705 0.5665560934773197 0.9852758717949471 0.3539234102479341 0.11093860234312114 -0.2776622340472541 0.25353300454628935 0.727898930073126 0.7048369620865805 0.9182221974106827 0.11859828925883704 0.5928711315870308 0.7072489708032937 0.9052717979907606 0.2765928215578181 0.4295364988281873 -0.8161405552103048 -0.6490665508684941 -0.27255606578738295 0.46518019174727687 
0.001290557062615614 0.20404898626054266 0.4512132373969526 0.7199936035568388 -0.7431183153825303 0.8413238159765878 0.21748034380156298 0.5797786788359145 0.3364219424635492 0.9106418128306447 0.2672973388718589 0.5665560934773197 0.9772396236766213 0.4333595138003717 0.70937562378841 0.7639668120608677 0.26004296615524186 -0.05713708339661083 0.7076106985619285 0.7859736267066864 0.26686493540477946 0.5985020229639726 0.0693422304294764 0.2826094714123145 0.26885207601721384 0.7108932804066944 0.005895775043824436 -0.6490665508684941 -0.25278319344691463 0.46920684517920835 
0.00420168192668577 0.21316802069079913 0.4512132373969526 0.7256891298203098 0.07943838680696881 -0.17614164182306546 0.20493567584301214 0.5620499866058386 0.2196723887610552 0.9106418128306447 0.28162299764428705 0.6984599147289893 0.9923613855244305 0.34893744496501794 0.7109051146583474 0.789433701836488 0.9606052345754195 -0.06461948384006687 0.70658466419881 0.7849222655119107 0.11758369542595527 0.4327059170474332 0.439602066621032 0.897534820048731 0.2798609409402489 0.7171890627137553 -0.1653756381700924 0.475228515883598 -0.2688287238836358 0.46814182690173234 
5.259671150239578E-4 0.20333735310860482 0.45127539951835116 0.5680662846808643 0.08646911858258399 -0.17614164182306546 0.22513906171191406 0.5750613039623798 0.3369267134385672 0.9106418128306447 0.28162299764428705 0.7737407188312879 0.6943535544642752 0.3556577016668345 0.7060166060252916 0.7909295053334766 0.24274532774120489 -0.06461948384006687 0.7110158736838885 0.7941076773833063 0.11758369542595527 0.85030430899897 0.439602066621032 0.9054786943326837 0.2798609409402489 0.7153582691872316 -0.17484134804337848 0.38803501530312706 -0.2688287238836358 0.46814182690173234 
0.003668641921973799 -0.04319974436342558 0.4512132373969526 0.7337539017055689 0.07943838680696881 0.8352746483818649 0.21748034380156298 0.5835742562612872 0.3387968632240733 0.24910500257360946 0.2672973388718589 0.5456189668427607 0.38392765769801923 0.3526346162184951 0.7099225281429921 0.7908731430842536 0.23731888099111736 -0.06415723410000974 0.368764940260633 0.7686500245463445 0.8276813506640228 0.43151289296067424 0.050120572310814133 0.9113249214031276 0.2757274992636392 0.7174799163649773 -0.1733561471384914 0.4720163928401591 -0.07938100905532185 0.47230123289435627 
0.0013398186523290525 -0.21988738867486632 0.45301955808959643 0.7170080249938351 0.07943838680696881 0.8413238159765878 0.20493567584301214 0.5674056621525291 0.22119950034847777 0.9106418128306447 0.2612839139623278 0.5544369941347029 0.38392765769801923 0.33924126783019926 0.7060166060252916 0.7796542120654709 0.2472187269945314 -0.06415723410000974 0.70658466419881 0.9186009488162572 0.8201860102863519 0.8413281338650419 0.7155218324448884 -0.10378004697450116 0.2765928215578181 0.4295364988281873 -0.8064180950885731 -0.27588929012307756 -0.2688287238836358 0.47230123289435627 
0.00420168192668577 0.21316802069079913 0.4512132373969526 0.7256891298203098 0.07943838680696881 -0.17614164182306546 0.20493567584301214 0.5620499866058386 0.2196723887610552 0.9106418128306447 0.28162299764428705 0.6984599147289893 0.9923613855244305 0.34893744496501794 0.7109051146583474 0.789433701836488 0.9606052345754195 -0.06461948384006687 0.70658466419881 0.7849222655119107 0.11758369542595527 0.4327059170474332 0.439602066621032 0.897534820048731 0.2798609409402489 0.7171890627137553 -0.1653756381700924 0.475228515883598 -0.2688287238836358 0.46814182690173234 
0.003926459453530447 0.19772052153965655 0.45127539951835116 0.7199936035568388 0.08646911858258399 -0.44341726884704835 0.22016867186808922 0.5753944457786138 0.2270527109928715 0.9106418128306447 0.28162299764428705 0.5568401414537975 0.6943535544642752 0.3556577016668345 0.7060166060252916 0.7909295053334766 0.25146093993387375 -0.06918835441787136 0.70658466419881 0.782199660972515 0.11758369542595527 0.8371382411743795 0.439602066621032 0.9089233613927084 0.26885207601721384 0.7153582691872316 -0.14071178800970174 0.39764604061087283 -0.2770141456842311 0.46814182690173234 
0.0013398186523290525 0.2004245808851011 0.4512132373969526 0.7199936035568388 0.07943838680696881 -0.23187189523715257 0.21238510392716353 0.5797786788359145 0.2270527109928715 0.9106418128306447 0.2672973388718589 0.5568401414537975 0.9923613855244305 0.34893744496501794 0.7060166060252916 0.789433701836488 0.25146093993387375 -0.06415723410000974 0.70658466419881 0.782199660972515 0.8276813506640228 0.8371382411743795 0.04520881354197652 0.2826094714123145 0.26885207601721384 0.7108932804066944 -0.1733561471384914 0.4720163928401591 -0.27007482618556944 0.47230123289435627 
5.259671150239578E-4 0.20333735310860482 0.45127539951835116 0.5680662846808643 0.08646911858258399 -0.17614164182306546 0.22513906171191406 0.5750613039623798 0.3369267134385672 0.9106418128306447 0.28162299764428705 0.7737407188312879 0.6943535544642752 0.3556577016668345 0.7060166060252916 0.7909295053334766 0.24274532774120489 -0.06461948384006687 0.7110158736838885 0.7941076773833063 0.11758369542595527 0.85030430899897 0.439602066621032 0.9054786943326837 0.2798609409402489 0.7153582691872316 -0.17484134804337848 0.38803501530312706 -0.2688287238836358 0.46814182690173234 
9.204615774599389E-4 -0.2189290100515452 0.44449912050216817 0.7337539017055689 0.06846373269827453 0.8568810836662346 0.22863085369095867 0.17631922050525262 0.3369267134385672 0.906663804256043 0.28162299764428705 0.6821458377614137 0.9966759839333784 0.34893744496501794 0.11093860234312114 -0.2749388672977202 0.8502325254959769 -0.06078250790210493 0.6993153861942226 0.7918995837747698 0.10945377453769356 0.4327059170474332 0.058536901062120776 0.5636773278135756 0.27834421135149695 0.7129080609638367 -0.1613155967269298 -0.28809286622104735 -0.2688287238836358 0.45889073295926713 
5.259671150239578E-4 -0.21988738867486632 0.45301955808959643 0.5694389642129918 0.08646911858258399 -0.17614164182306546 0.20493567584301214 0.5674056621525291 0.3369267134385672 0.913893715715597 0.27576105710442733 0.6984599147289893 0.9706440921699055 0.34893744496501794 0.70937562378841 0.7967024243123794 0.2472187269945314 -0.06461948384006687 0.7036595359326427 0.7849222655119107 0.10945377453769356 0.4327059170474332 0.7155218324448884 0.9054786943326837 0.2798609409402489 0.7129080609638367 -0.16538699580257624 -0.2789423963777429 -0.2688287238836358 0.46518019174727687 
5.259671150239578E-4 -0.21988738867486632 0.45301955808959643 0.5694389642129918 0.08646911858258399 -0.17614164182306546 0.20493567584301214 0.5674056621525291 0.3369267134385672 0.913893715715597 0.27576105710442733 0.6984599147289893 0.9706440921699055 0.34893744496501794 0.70937562378841 0.7967024243123794 0.2472187269945314 -0.06461948384006687 0.7036595359326427 0.7849222655119107 0.10945377453769356 0.4327059170474332 0.7155218324448884 0.9054786943326837 0.2798609409402489 0.7129080609638367 -0.16538699580257624 -0.2789423963777429 -0.2688287238836358 0.46518019174727687 
0.0013398186523290525 0.2004245808851011 0.4512132373969526 0.7199936035568388 0.07943838680696881 -0.23187189523715257 0.21238510392716353 0.5797786788359145 0.2270527109928715 0.9106418128306447 0.2672973388718589 0.5568401414537975 0.9923613855244305 0.34893744496501794 0.7060166060252916 0.789433701836488 0.25146093993387375 -0.06415723410000974 0.70658466419881 0.782199660972515 0.8276813506640228 0.8371382411743795 0.04520881354197652 0.2826094714123145 0.26885207601721384 0.7108932804066944 -0.1733561471384914 0.4720163928401591 -0.27007482618556944 0.47230123289435627 
0.0 -0.2189290100515452 0.45280292606564226 0.7061271529097988 0.06846373269827453 -0.23187189523715257 0.5694850284845883 0.1536503212234399 0.33635976645891696 0.906663804256043 0.281245933079654 0.5635302344552016 0.9966759839333784 0.34893744496501794 0.11093860234312114 0.7833302320963316 0.2472187269945314 -0.06078250790210493 0.716929203566088 0.9158425103554849 0.10649204367198056 0.4327059170474332 0.050446185511697224 0.2826094714123145 0.27834421135149695 0.7117907216663562 -0.17393911807937343 -0.28809286622104735 -0.2727745924212708 0.4503849386814322 
5.259671150239578E-4 -0.23138196676785805 0.45299175790444945 0.7292031144957788 0.08646911858258399 -0.17614164182306546 0.2155120746447765 0.573448106939765 0.3369267134385672 0.2514580105906962 0.2854057787363392 0.5558745912927631 0.9837570237276325 0.35292121043501107 0.70937562378841 -0.31453135208116684 0.9890604558364482 -0.06252322961118977 0.70658466419881 0.782199660972515 0.10945377453769356 0.8371382411743795 0.43280584052907123 0.9089233613927084 0.28973493999471656 0.720380748832548 -0.1467815772341479 0.4062756596715194 -0.21105090538894578 0.4658246456626375 
0.0 -0.05526024827987361 0.4501312843972332 0.712616885884884 0.07505988641891898 -0.23317689546967926 0.21748034380156298 0.5792225464549701 0.33948514446502304 0.9106418128306447 -0.0944329396219834 0.5635302344552016 0.3931306812429052 0.3494875361871493 0.6812170710530839 0.7964590245478554 0.25353300454628935 -0.29624734080540716 0.7138572942038719 0.7837290580314706 0.11577849104529712 0.833898342583952 0.063165806401164 0.5405884766928748 0.27916984661801975 0.7129080609638367 -0.1519761192010544 0.4720163928401591 -0.2585325164690375 0.45563783938621705 
5.259671150239578E-4 -0.21261397061623846 0.4512132373969526 -0.9542187815756327 0.08646911858258399 -0.17614164182306546 0.20493567584301214 0.5736697521633938 0.3369267134385672 0.25309501989291977 0.27130761647812485 0.5558745912927631 0.9802860407745354 0.3452770495536544 0.70937562378841 0.7942717407667902 0.2472187269945314 -0.06613428651723374 0.7237519925340866 0.7849222655119107 0.11901930896878493 0.8350525021859313 0.4420400176627703 0.9089233613927084 0.2765928215578181 0.42968539410388096 -0.1467815772341479 0.8765725958231008 -0.27702831421373364 0.4518936252037917 
0.0 -0.2189290100515452 0.4443326158287796 0.8472650261829449 0.07036332325591597 0.831527209635968 0.2068397770049202 0.1536503212234399 0.34379678498366906 0.9132913443669253 0.2672383462219839 0.6824728832342631 0.9966759839333784 0.34893744496501794 0.7022763882096917 0.7833302320963316 0.25613518038001365 -0.06078250790210493 0.6993153861942226 0.7927058725817582 0.10649204367198056 0.833898342583952 0.058480016642794785 0.2826094714123145 0.2765928215578181 0.4234675409383397 -0.16079621235308142 -0.2881237864857011 -0.2727745924212708 0.4518936252037917 
0.0 -0.21988738867486632 0.4462864343642673 0.7213732324956078 -0.12582568407064354 0.8413238159765878 0.22246425609097029 0.5674056621525291 0.3411134516309269 0.9178504676414619 0.281245933079654 0.6821458377614137 0.38392765769801923 0.3579221000189099 0.7135230732229879 0.7833302320963316 0.2472187269945314 -0.06241441684745424 0.7063501386170604 0.9158425103554849 0.8201860102863519 0.8438969387076383 0.7155218324448884 0.9054786943326837 0.2765928215578181 0.4295364988281873 -0.8064180950885731 -0.2789423963777429 -0.27007482618556944 0.46518019174727687 
0.0 -0.21988738867486632 0.45301955808959643 0.5590990626415039 -0.12582568407064354 -0.16765681662096002 0.2248543725721266 0.5666182660262274 0.3369267134385672 0.2515975241196134 0.27557737482358197 0.6984599147289893 0.9826509235790258 0.3452770495536544 0.7135230732229879 0.7967024243123794 0.2472187269945314 0.09792473432354343 0.7214820132163456 0.7849222655119107 0.8221009445873559 0.8371382411743795 0.4433714796509559 0.9120349257605523 0.2765928215578181 0.42968539410388096 -0.16538699580257624 -0.2789423963777429 -0.26736461833749536 0.46518019174727687 
0.0 -0.22507755759346085 0.44254591056920306 0.7213732324956078 -0.12582568407064354 -0.17614164182306546 0.2248543725721266 0.573448106939765 0.3365209299338728 0.2515975241196134 0.281245933079654 0.5558745912927631 0.17938962309842243 0.3579221000189099 0.7135230732229879 0.7833302320963316 0.9890604558364482 -0.05607202510674005 0.70658466419881 0.9058533909211453 0.8221009445873559 0.8371382411743795 0.43280584052907123 0.9023506811890613 0.2765928215578181 0.4295364988281873 -0.8064180950885731 -0.28602761692316464 -0.27007482618556944 0.4588083438903606 
0.0 -0.21988738867486632 0.45301955808959643 0.5590990626415039 -0.12582568407064354 -0.16765681662096002 0.2248543725721266 0.5666182660262274 0.3369267134385672 0.2515975241196134 0.27557737482358197 0.6984599147289893 0.9826509235790258 0.3452770495536544 0.7135230732229879 0.7967024243123794 0.2472187269945314 0.09792473432354343 0.7214820132163456 0.7849222655119107 0.8221009445873559 0.8371382411743795 0.4433714796509559 0.9120349257605523 0.2765928215578181 0.42968539410388096 -0.16538699580257624 -0.2789423963777429 -0.26736461833749536 0.46518019174727687 
0.0 -0.22507755759346085 0.44393826782417883 0.7438204694408207 0.04452076581086664 0.8351278795933734 0.2248543725721266 0.5888483634041625 0.3369267134385672 0.2477294041710533 0.27240769632827233 0.6850768074181196 0.9938973845797585 0.3452770495536544 0.7135230732229879 0.7833302320963316 0.9909673483044388 -0.05818587392292304 0.7113223604380838 0.796806745358712 0.8277912501674697 0.8432082454438704 0.43280584052907123 0.9120349257605523 0.5122242218935291 0.038331084678980484 -0.8168889591300342 -0.28602761692316464 0.504267358957444 0.4626847644941833 
0.0 -0.2109921363985837 0.4512132373969526 0.5590990626415039 -0.12582568407064354 -0.23187189523715257 0.21238510392716353 0.15279864034494584 0.3399062670387064 0.9106418128306447 0.2672383462219839 0.6824728832342631 0.9996231481206135 0.34138135503422024 0.7060166060252916 0.789433701836488 0.2496341348307417 -0.06078250790210493 0.70658466419881 0.7849222655119107 0.8276813506640228 0.833898342583952 0.056148645570524354 0.9120349257605523 0.26885207601721384 -0.49862747399673846 -0.1733561471384914 0.4720163928401591 -0.26736461833749536 0.4518936252037917 
0.0 -0.2189290100515452 0.4443326158287796 0.8472650261829449 0.07036332325591597 0.831527209635968 0.2068397770049202 0.1536503212234399 0.34379678498366906 0.9132913443669253 0.2672383462219839 0.6824728832342631 0.9966759839333784 0.34893744496501794 0.7022763882096917 0.7833302320963316 0.25613518038001365 -0.06078250790210493 0.6993153861942226 0.7927058725817582 0.10649204367198056 0.833898342583952 0.058480016642794785 0.2826094714123145 0.2765928215578181 0.4234675409383397 -0.16079621235308142 -0.2881237864857011 -0.2727745924212708 0.4518936252037917 
0.0 -0.2109921363985837 0.4512132373969526 0.5590990626415039 -0.12582568407064354 -0.23187189523715257 0.21238510392716353 0.15279864034494584 0.3399062670387064 0.9106418128306447 0.2672383462219839 0.6824728832342631 0.9996231481206135 0.34138135503422024 0.7060166060252916 0.789433701836488 0.2496341348307417 -0.06078250790210493 0.70658466419881 0.7849222655119107 0.8276813506640228 0.833898342583952 0.056148645570524354 0.9120349257605523 0.26885207601721384 -0.49862747399673846 -0.1733561471384914 0.4720163928401591 -0.26736461833749536 0.4518936252037917 
0.0 -0.22507755759346085 0.44393826782417883 0.7438204694408207 0.04452076581086664 0.8351278795933734 0.2248543725721266 0.5888483634041625 0.3369267134385672 0.2477294041710533 0.27240769632827233 0.6850768074181196 0.9938973845797585 0.3452770495536544 0.7135230732229879 0.7833302320963316 0.9909673483044388 -0.05818587392292304 0.7113223604380838 0.796806745358712 0.8277912501674697 0.8432082454438704 0.43280584052907123 0.9120349257605523 0.5122242218935291 0.038331084678980484 -0.8168889591300342 -0.28602761692316464 0.504267358957444 0.4626847644941833 
0.0 -0.2189290100515452 0.4462864343642673 -0.8287038702296092 0.08773696035927436 0.8413238159765878 0.19874887623787463 0.17631922050525262 0.33377035852441406 0.9132913443669253 0.28162299764428705 0.5558745912927631 0.38392765769801923 0.3495153765416811 0.7160552932044872 0.7835502142620633 0.8502325254959769 -0.06334424726178604 0.714447003747576 0.9158425103554849 0.10945377453769356 0.8516237589147365 0.7112197221165631 -0.6603767740428951 0.27834421135149695 0.7129080609638367 -0.1519761192010544 -0.6400183146059051 -0.27007482618556944 0.45889073295926713 
0.0 -0.05526024827987361 0.44798033415289396 0.7389922891466892 0.07505988641891898 -0.5457205816148492 0.21748034380156298 0.560872146336595 0.3369267134385672 0.9182790466236381 0.27130761647812485 0.6900975179490398 0.9802860407745354 0.3452770495536544 0.70937562378841 0.8030798658622336 0.2472187269945314 -0.29624734080540716 0.7214820132163456 0.7745517766030572 0.8277912501674697 0.8432082454438704 0.063165806401164 0.9120349257605523 0.2765928215578181 0.7129080609638367 -0.1519761192010544 -0.2789423963777429 0.504267358957444 0.45227405733568826 
0.0 -0.21988738867486632 0.4462864343642673 0.7213732324956078 -0.11876053026341996 0.8351278795933734 0.21534250009166597 0.17631922050525262 0.3411134516309269 0.9132913443669253 0.27259372490911205 -0.12257665813552426 0.38392765769801923 -0.003932125218852445 0.7160552932044872 0.7833302320963316 0.8502325254959769 -0.0666734952684494 0.7237519925340866 0.7849222655119107 0.8201860102863519 0.8438969387076383 0.7112197221165631 0.9054786943326837 0.2765928215578181 0.7196147741868417 -0.1635475275862406 -0.2881237864857011 -0.26771764656218305 0.46518019174727687 
0.0 -0.05526024827987361 0.44798033415289396 0.7389922891466892 0.07505988641891898 -0.5457205816148492 0.21748034380156298 0.560872146336595 0.3369267134385672 0.9182790466236381 0.27130761647812485 0.6900975179490398 0.9802860407745354 0.3452770495536544 0.70937562378841 0.8030798658622336 0.2472187269945314 -0.29624734080540716 0.7214820132163456 0.7745517766030572 0.8277912501674697 0.8432082454438704 0.063165806401164 0.9120349257605523 0.2765928215578181 0.7129080609638367 -0.1519761192010544 -0.2789423963777429 0.504267358957444 0.45227405733568826 
0.0 0.4483421089854839 0.44393826782417883 0.7438204694408207 0.05227717737218001 0.8351278795933734 0.9377908124527252 0.5888483634041625 0.34379678498366906 0.9182697718600105 0.28599854153460946 -0.13046287241028376 1.0 0.3583854089169402 0.7160552932044872 -0.7206409646980515 0.2585684046437849 -0.05818587392292304 0.7088278980557261 0.7957448098966192 0.8283558934738287 0.8371382411743795 0.7143714890915208 0.5513418638936144 0.2754376741784004 0.038331084678980484 -0.15647508167987054 -0.29630193425041823 -0.26622413107992915 0.4530384793010693 
0.0 -0.2189290100515452 0.4462864343642673 0.7418265531942966 0.05227717737218001 0.8413238159765878 0.22863085369095867 0.5834843257646212 0.3401425414102789 0.9182697718600105 0.2681412250962102 0.5488009803505963 0.38392765769801923 0.36453607230007506 0.7160552932044872 -0.7206409646980515 0.2585684046437849 -0.06673493951921033 0.6972819639183727 -0.9131605578870446 0.8276813506640228 -0.5032274578307204 0.7176354349540306 0.5404427359882765 0.2754376741784004 -0.36590969618403246 -0.15647508167987054 -0.29630193425041823 -0.2619904860986231 -0.11506124009381535 
0.0 -0.21988738867486632 0.452496262181988 0.7213732324956078 0.08773696035927436 0.8413238159765878 0.20752493202815175 0.17906682696776266 0.34010641386682544 0.9132913443669253 0.28162299764428705 -0.12257665813552426 0.9802860407745354 0.3421492487137417 0.7160552932044872 0.5303202752568028 0.8465938741106943 -0.06441949759728505 0.714447003747576 -0.4629703504264535 0.8201860102863519 0.833898342583952 0.05268247407693478 0.5447723734370535 0.2765928215578181 0.42968539410388096 -0.14700536092188565 -0.2914934608728763 -0.26416540882295914 0.45889073295926713 
0.0 0.45606369661939833 0.44393826782417883 0.7389922891466892 0.4348308362104687 -0.5457205816148492 0.9377908124527252 0.5888483634041625 0.34712022666775927 0.918268531117392 0.27130761647812485 -0.1263138746635837 0.9802860407745354 0.3583854089169402 0.70937562378841 -0.7206409646980515 0.2651129681414888 -0.29624734080540716 0.7214820132163456 0.7957448098966192 0.8283558934738287 0.8371382411743795 0.7193881337079162 0.5513418638936144 0.2754376741784004 0.033249379607719697 -0.161998613086351 -0.2899376903723064 0.5067349564526284 0.4500874697646654 
0.0 0.4509420929412089 0.4461627740136352 0.7244687030175133 0.062381441937446214 0.8300276700252589 0.9377908124527252 0.578898334050946 0.3421188047038023 0.918268531117392 0.28507059019595116 -0.13046287241028376 0.9874670975133899 0.3504951666316908 0.70937562378841 -0.7206409646980515 0.8607402167325774 -0.29624734080540716 0.7214820132163456 -0.9180513316430325 0.8193595324891016 0.8371382411743795 0.7158477088143668 0.5518914427249192 0.41793151120918726 0.03234678144399989 -0.161998613086351 -0.29630193425041823 0.5067349564526284 0.4583634923777996 
0.0 0.4509420929412089 0.4461627740136352 0.7244687030175133 0.062381441937446214 0.8300276700252589 0.9377908124527252 0.578898334050946 0.3421188047038023 0.918268531117392 0.28507059019595116 -0.13046287241028376 0.9874670975133899 0.3504951666316908 0.70937562378841 -0.7206409646980515 0.8607402167325774 -0.29624734080540716 0.7214820132163456 -0.9180513316430325 0.8193595324891016 0.8371382411743795 0.7158477088143668 0.5518914427249192 0.41793151120918726 0.03234678144399989 -0.161998613086351 -0.29630193425041823 0.5067349564526284 0.4583634923777996 
0.0 -0.21127797737966586 0.45299175790444945 0.7244687030175133 -0.12367826450865023 0.8568810836662346 0.21534250009166597 0.5676893113023529 0.3411134516309269 -0.4073020664836964 0.27259372490911205 -0.13046287241028376 0.9958547711789518 0.34929572107762025 0.7160552932044872 -0.7206409646980515 0.8502325254959769 -0.06170211851596698 0.6993153861942226 -0.9258806665730646 0.8201860102863519 0.8180272085868137 0.7176354349540306 0.5409007388776587 0.28040099132931134 0.769655506903574 -0.14762773103002047 -0.2881237864857011 -0.2594456341258476 0.44635897598375673 
0.0 0.4509420929412089 0.4461627740136352 0.7244687030175133 0.062381441937446214 0.8300276700252589 0.22863085369095867 0.5676893113023529 0.34379678498366906 -0.4073020664836964 0.2769416900998825 -0.13046287241028376 0.9958547711789518 0.3504951666316908 0.7160552932044872 -0.7206409646980515 0.8543659339306684 -0.06170211851596698 0.6999158207112568 -0.9180513316430325 0.8201860102863519 0.8371382411743795 0.7176354349540306 0.5447723734370535 0.27790185790871025 0.038331084678980484 -0.1498953767914042 -0.29630193425041823 -0.25794198974820703 0.44635897598375673 
