0.4472431954803334 0.7328252741779371 0.39050116091563125 0.5647132139842297 0.24053872851592262 0.3540925722582054 0.33756487719253186 0.17964215612739842 -0.2002720373546807 -0.14195828259377188 0.04172182880301564 -0.19125650120189783 -0.1973211104981587 -0.5452161560540183 -0.746668150176589 -0.39858683259005734 -0.4750460172978407 -0.7588992805826691 -0.9700310758522008 -0.6855818535127018 -0.4595609518687497 -0.8289379117182021 -0.9019582595389752 -0.8885085599798039 -0.818394911174483 -0.9537083954584584 -0.26071559401867855 -0.9459071089261145 -0.7362807290730392 -0.8244260267789614 
0.4480503394076236 0.6448479725116283 0.46431219891266085 0.564160952099954 0.21149358916766692 0.42596613584556886 0.31853488908092614 0.14973495606560402 -0.3374091770090471 -0.013795055996547664 -0.24750782938350496 -0.16736855500883607 -0.4657020530044166 -0.5457204978139816 -0.5607912181170011 -0.4389944360350818 -0.7140178671851443 -0.642073871211896 -0.945637511763588 -0.7531812741566153 -0.8041548453518981 -0.8499715767301802 -0.9461055745851951 -0.8645940258124695 -0.9687007350957998 -0.9955970944868687 -0.6965137030510545 -0.8457816439091583 -0.8587246870997775 -0.870157374336901 
0.4486308839871743 0.5773743345315019 0.47582172812200874 0.5333602915244986 0.2886797440370773 0.4547428921682701 0.31853488908092614 0.22476862501282358 -0.3398120022062214 -0.17823162117375763 -0.24750782938350496 -0.1926749122509885 -0.4715690013991158 -0.5641702949959552 -0.5425716905422959 -0.49967135279880803 -0.74835156663378 -0.6683374142503058 -0.8287883173633106 -0.7538271058946215 -0.8041548453518981 -0.8652156514221532 -0.915801680107581 -0.8495890465148437 -0.9851824809003706 -0.9758221897390275 -0.6758706488771096 -0.8335330040401584 -0.909742021151127 -0.870157374336901 
0.4486308839871743 0.5773743345315019 0.47582172812200874 0.5333602915244986 0.2886797440370773 0.4547428921682701 0.31853488908092614 0.22476862501282358 -0.3398120022062214 -0.17823162117375763 -0.24750782938350496 -0.1926749122509885 -0.4715690013991158 -0.5641702949959552 -0.5425716905422959 -0.49967135279880803 -0.74835156663378 -0.6683374142503058 -0.8287883173633106 -0.7538271058946215 -0.8041548453518981 -0.8652156514221532 -0.915801680107581 -0.8495890465148437 -0.9851824809003706 -0.9758221897390275 -0.6758706488771096 -0.8335330040401584 -0.909742021151127 -0.870157374336901 
0.44883784677557537 0.5419861970544143 0.45959940382417697 0.56184569264329 0.343443410842177 0.3754131639855782 0.3327466967546423 0.16561999792014048 -0.16480520946454627 -0.20599469999093462 -0.22964796217589947 -0.2301949323156526 -0.529039284093118 -0.5547703833774216 -0.6836741231494132 -0.563094749722821 -0.4741495402131922 -0.7023237033084999 -0.8410626365572414 -0.8288400946580106 -0.8870600722117881 -0.7120744374120718 -0.9133873740401621 -0.808444527736063 -0.9620569822364189 -0.9659723347898248 -0.8045864512984483 -0.9090242823711971 -0.7626268040907219 -0.8351509806501447 
0.44883784677557537 0.5419861970544143 0.45959940382417697 0.56184569264329 0.343443410842177 0.3754131639855782 0.3327466967546423 0.16561999792014048 -0.16480520946454627 -0.20599469999093462 -0.22964796217589947 -0.2301949323156526 -0.529039284093118 -0.5547703833774216 -0.6836741231494132 -0.563094749722821 -0.4741495402131922 -0.7023237033084999 -0.8410626365572414 -0.8288400946580106 -0.8870600722117881 -0.7120744374120718 -0.9133873740401621 -0.808444527736063 -0.9620569822364189 -0.9659723347898248 -0.8045864512984483 -0.9090242823711971 -0.7626268040907219 -0.8351509806501447 
0.44855949185892097 0.545981831468296 0.4978123750459345 0.57194564567648 0.36350105752040107 0.3693056104965635 0.3503343874146972 0.13008785855296814 -0.18402781104194035 -0.15137573130264442 -0.16445671322356686 -0.26204763676762544 -0.3830897838425126 -0.6015464016664367 -0.6914047023611146 -0.5620606216266316 -0.5787325017240194 -0.7447471747194117 -0.9007740567936818 -0.7962683346366116 -0.8421654725215542 -0.7203122819594341 -0.9236114615055957 -0.8307498346666965 -0.9685707341630714 -0.9362473152935331 -0.8119416328667756 -0.850876612075598 -0.8001494030863547 -0.700455471847849 
0.4483323737837529 0.5435273124130164 0.49352578755557175 0.6279403469905223 0.3735298808595131 0.3724706560072511 0.3503343874146972 0.15662960546127364 -0.18402781104194035 -0.17564402878601293 -0.09606296407725023 -0.26694314191376667 -0.3830897838425126 -0.633328712153105 -0.7008301547911515 -0.5669194649695981 -0.5808134575681194 -0.7200494507801523 -0.859527499864134 -0.8230007805151669 -0.9244423432471023 -0.7203122819594341 -0.9236114615055957 -0.8409331926354644 -0.9749337278406038 -0.9323227748640777 -0.8119416328667756 -0.9118758710434449 -0.8032626665349224 -0.700455471847849 
0.44855949185892097 0.5244785599726315 0.5020989625362973 0.46671199204460334 0.3377323217480677 0.36450240784744203 0.3503343874146972 0.07700436473635715 -0.21753704730563705 -0.15137573130264442 -0.14206932267205807 -0.252256626475343 -0.3830897838425126 -0.6015464016664367 -0.6945465198377936 -0.5728124364087541 -0.5745705900358193 -0.7544445697258593 -0.9420206137232296 -0.8823049864151212 -0.9827702824819886 -0.7203122819594341 -0.903943670439131 -0.8205664766979286 -0.9622077404855389 -0.9540244354833541 -0.9098481968731644 -0.8343799000828205 -0.7564813251318774 -0.716755504040038 
0.4483323737837529 0.5435273124130164 0.49352578755557175 0.6279403469905223 0.3735298808595131 0.3724706560072511 0.3503343874146972 0.15662960546127364 -0.18402781104194035 -0.17564402878601293 -0.09606296407725023 -0.26694314191376667 -0.3830897838425126 -0.633328712153105 -0.7008301547911515 -0.5669194649695981 -0.5808134575681194 -0.7200494507801523 -0.859527499864134 -0.8230007805151669 -0.9244423432471023 -0.7203122819594341 -0.9236114615055957 -0.8409331926354644 -0.9749337278406038 -0.9323227748640777 -0.8119416328667756 -0.9118758710434449 -0.8032626665349224 -0.700455471847849 
0.4486619655418936 0.5363025972814678 0.4960171812842087 0.4443258521683855 0.4679307963114625 0.3287349313375617 0.3731528569395962 0.0946456677447478 -0.040318414311757936 -0.22136178643169568 -0.22644546198191545 -0.23996084256509365 -0.41978981021081885 -0.5406741230160622 -0.6853689963677488 -0.5837707502133495 -0.5179811971866803 -0.6783054075738119 -0.75739132039595 -0.8253846809437266 -0.9661943725354639 -0.7526229785633771 -0.8889529350862363 -0.7790663192590032 -0.9620569822364189 -0.9382360656903193 -0.8532277412146655 -0.8407437545445318 -0.7749988099467018 -0.8297713116499419 
0.4486619655418936 0.5363025972814678 0.4960171812842087 0.4443258521683855 0.4679307963114625 0.3287349313375617 0.3731528569395962 0.0946456677447478 -0.040318414311757936 -0.22136178643169568 -0.22644546198191545 -0.23996084256509365 -0.41978981021081885 -0.5406741230160622 -0.6853689963677488 -0.5837707502133495 -0.5179811971866803 -0.6783054075738119 -0.75739132039595 -0.8253846809437266 -0.9661943725354639 -0.7526229785633771 -0.8889529350862363 -0.7790663192590032 -0.9620569822364189 -0.9382360656903193 -0.8532277412146655 -0.8407437545445318 -0.7749988099467018 -0.8297713116499419 
0.4486619655418936 0.5039429441720666 0.5192090431532144 0.634242270952845 0.4686152215261746 0.45101027504409147 0.3750466452602179 0.11530698031692307 -0.02741969287995951 -0.17542586611041955 -0.15865824903189374 -0.24895494234798465 -0.44918709625639824 -0.5715589860617432 -0.6960506563835974 -0.5808242644937714 -0.5179811971866803 -0.7778657869780776 -0.7639390089323128 -0.7699966745063274 -0.8894348949774817 -0.7418527463620628 -0.9085600415642721 -0.7996886103844902 -0.9779569936701704 -0.9283479454672199 -0.8583283256235591 -0.8199182753931209 -0.7983894806482243 -0.8297713116499419 
0.44855949185892097 0.5507440195783923 0.49352578755557175 0.578701394672688 0.35848664585084505 0.3708324988688172 0.3503343874146972 0.13008785855296814 -0.17922216064759183 -0.2545312949576716 -0.14145353392616294 -0.26204763676762544 -0.3830897838425126 -0.6015464016664367 -0.6945465198377936 -0.5620606216266316 -0.5787325017240194 -0.7244439118602359 -0.859527499864134 -0.8110943861116002 -0.8481481890636928 -0.7203122819594341 -0.9236114615055957 -0.8409331926354644 -0.9749337278406038 -0.9581232539309139 -0.8119416328667756 -0.8506720229151592 -0.8001494030863547 -0.700455471847849 
0.4486619655418936 0.5355360435852532 0.4960171812842087 0.487991741503785 0.4679307963114625 0.34331350622745815 0.36554670043129656 0.11530698031692307 -0.08822154655515207 -0.20612253388313476 -0.22644546198191545 -0.24895494234798465 -0.4075564680880501 -0.5715589860617432 -0.6853689963677488 -0.5837707502133495 -0.5179811971866803 -0.692220088642592 -0.8051855658618606 -0.8253846809437266 -0.9611276741805186 -0.7418527463620628 -0.9005057772260228 -0.7996886103844902 -0.9663492307711472 -0.9402234803887481 -0.8532277412146655 -0.8407437545445318 -0.7749988099467018 -0.8297713116499419 
0.44855949185892097 0.5244785599726315 0.5020989625362973 0.4388623333593062 0.4157159269159318 0.39013299372830856 0.3579405439229969 0.027839808056836085 -0.15616844492440748 -0.15137573130264442 -0.0729395975901426 -0.05585608884021731 -0.3830897838425126 -0.5865526938640899 -0.6945465198377936 -0.5781883437998154 -0.5483568494553499 -0.7468791735754046 -0.8879732488984053 -0.8753539966240513 -1.0 -0.7203122819594341 -0.9387048694611444 -0.8250449693037778 -0.9622077404855389 -0.9515682379835064 -0.8457410086913597 -0.8332330601550428 -0.7346472861546387 -0.7732634078449899 
0.4486619655418936 0.5450604198054456 0.4960171812842087 0.5406085683197233 0.4679307963114625 0.34331350622745815 0.36554670043129656 0.11530698031692307 -0.08822154655515207 -0.20612253388313476 -0.20019454178186052 -0.24895494234798465 -0.4075564680880501 -0.5715589860617432 -0.6853689963677488 -0.5808242644937714 -0.5179811971866803 -0.692220088642592 -0.7639390089323128 -0.7957325779937494 -0.934575739956993 -0.7418527463620628 -0.9005057772260228 -0.7996886103844902 -0.9663492307711472 -0.9283479454672199 -0.8532277412146655 -0.8199182753931209 -0.7983894806482243 -0.8297713116499419 
0.4481687701336905 0.4564487400697579 0.5424009050222202 0.6282153829365249 0.46929964674088664 0.5030938617262537 0.41293519707429815 0.0975544801210882 0.11142542958364496 -0.15996845088626527 -0.14337287648198188 -0.3566046670906545 -0.4853487457779214 -0.6323100715867089 -0.6835695585099487 -0.6097517408940694 -0.6101883917729306 -0.8548997381711472 -0.893934624951426 -0.8283325761537405 -0.8729213243053721 -0.6985735415978006 -0.905061463762735 -0.9351066628394541 -0.9852725080344652 -0.8909483581728541 -0.9210287658961713 -0.867270078714462 -0.8321857372551239 -0.7003077063553802 
0.4486619655418936 0.5450604198054456 0.4960171812842087 0.5406085683197233 0.4679307963114625 0.34331350622745815 0.36554670043129656 0.11530698031692307 -0.08822154655515207 -0.20612253388313476 -0.20019454178186052 -0.24895494234798465 -0.4075564680880501 -0.5715589860617432 -0.6853689963677488 -0.5808242644937714 -0.5179811971866803 -0.692220088642592 -0.7639390089323128 -0.7957325779937494 -0.934575739956993 -0.7418527463620628 -0.9005057772260228 -0.7996886103844902 -0.9663492307711472 -0.9283479454672199 -0.8532277412146655 -0.8199182753931209 -0.7983894806482243 -0.8297713116499419 
0.4486619655418936 0.5355360435852532 0.4960171812842087 0.487991741503785 0.4679307963114625 0.34331350622745815 0.36554670043129656 0.11530698031692307 -0.08822154655515207 -0.20612253388313476 -0.22644546198191545 -0.24895494234798465 -0.4075564680880501 -0.5715589860617432 -0.6853689963677488 -0.5837707502133495 -0.5179811971866803 -0.692220088642592 -0.8051855658618606 -0.8253846809437266 -0.9611276741805186 -0.7418527463620628 -0.9005057772260228 -0.7996886103844902 -0.9663492307711472 -0.9402234803887481 -0.8532277412146655 -0.8407437545445318 -0.7749988099467018 -0.8297713116499419 
0.4481687701336905 0.4540676460147098 0.5424009050222202 0.6315932574346289 0.46929964674088664 0.5030938617262537 0.41293519707429815 0.0975544801210882 0.11142542958364496 -0.15996845088626527 -0.14337287648198188 -0.3566046670906545 -0.4853487457779214 -0.6323100715867089 -0.6835695585099487 -0.6097517408940694 -0.6101883917729306 -0.8495968042447832 -0.893934624951426 -0.8283325761537405 -0.8759126825764414 -0.6985735415978006 -0.905061463762735 -0.9351066628394541 -0.9852725080344652 -0.8909483581728541 -0.9210287658961713 -0.867270078714462 -0.8321857372551239 -0.7003077063553802 
0.4481687701336905 0.4540676460147098 0.5424009050222202 0.6315932574346289 0.46929964674088664 0.5030938617262537 0.41293519707429815 0.0975544801210882 0.11142542958364496 -0.15996845088626527 -0.14337287648198188 -0.3566046670906545 -0.4853487457779214 -0.6323100715867089 -0.6835695585099487 -0.6097517408940694 -0.6101883917729306 -0.8495968042447832 -0.893934624951426 -0.8283325761537405 -0.8759126825764414 -0.6985735415978006 -0.905061463762735 -0.9351066628394541 -0.9852725080344652 -0.8909483581728541 -0.9210287658961713 -0.867270078714462 -0.8321857372551239 -0.7003077063553802 
0.4481687701336905 0.4564487400697579 0.5424009050222202 0.6282153829365249 0.46929964674088664 0.5030938617262537 0.41293519707429815 0.0975544801210882 0.11142542958364496 -0.15996845088626527 -0.14337287648198188 -0.3566046670906545 -0.4853487457779214 -0.6323100715867089 -0.6835695585099487 -0.6097517408940694 -0.6101883917729306 -0.8548997381711472 -0.893934624951426 -0.8283325761537405 -0.8729213243053721 -0.6985735415978006 -0.905061463762735 -0.9351066628394541 -0.9852725080344652 -0.8909483581728541 -0.9210287658961713 -0.867270078714462 -0.8321857372551239 -0.7003077063553802 
0.4480707221183574 0.4999897356749557 0.522883714851526 0.5331326593578675 0.37387545769054553 0.3669161896439073 0.3991832016594612 0.017878194046782758 -0.07308555510970526 -0.1124416205724805 -0.09241129856840295 -0.42319464464796963 -0.44518845924125827 -0.6685492372404972 -0.6768244383415349 -0.5646716659897418 -0.6432755358711935 -0.7934184340435322 -0.8932114960317679 -0.8270958982162703 -0.931141119059977 -0.6736396824424398 -0.8923050326937485 -0.8665120024261059 -0.9808925717483157 -0.9243209277599747 -0.8585872403893708 -0.8137242391375534 -0.7991754307813252 -0.6813181126245028 
0.4486619655418936 0.5039429441720666 0.5192090431532144 0.634242270952845 0.4686152215261746 0.45101027504409147 0.3750466452602179 0.11530698031692307 -0.02741969287995951 -0.17542586611041955 -0.15865824903189374 -0.24895494234798465 -0.44918709625639824 -0.5715589860617432 -0.6960506563835974 -0.5808242644937714 -0.5179811971866803 -0.7778657869780776 -0.7639390089323128 -0.7699966745063274 -0.8894348949774817 -0.7418527463620628 -0.9085600415642721 -0.7996886103844902 -0.9779569936701704 -0.9283479454672199 -0.8583283256235591 -0.8199182753931209 -0.7983894806482243 -0.8297713116499419 
0.44796340034605414 0.5229507805050786 0.5131251197661788 0.48390236031948675 0.33430650743766943 0.29882735360273416 0.3991832016594612 0.017878194046782758 -0.11774419105873798 -0.1124416205724805 -0.060871102178741456 -0.4564896334266272 -0.45340285406492187 -0.6866688200673914 -0.670311051570661 -0.5365847669869219 -0.6598191079203248 -0.7934184340435322 -0.8716750425318159 -0.8458247051959976 -0.931141119059977 -0.6736396824424398 -0.888667444625136 -0.8665120024261059 -0.9808925717483157 -0.9239333186681176 -0.8346466766673766 -0.7869513193490991 -0.7954161555443546 -0.6813181126245028 
0.4480707221183574 0.4999897356749557 0.522883714851526 0.5331326593578675 0.37387545769054553 0.3669161896439073 0.3991832016594612 0.017878194046782758 -0.07308555510970526 -0.1124416205724805 -0.09241129856840295 -0.42319464464796963 -0.44518845924125827 -0.6685492372404972 -0.6768244383415349 -0.5646716659897418 -0.6432755358711935 -0.7934184340435322 -0.8932114960317679 -0.8270958982162703 -0.931141119059977 -0.6736396824424398 -0.8923050326937485 -0.8665120024261059 -0.9808925717483157 -0.9243209277599747 -0.8585872403893708 -0.8137242391375534 -0.7991754307813252 -0.6813181126245028 
0.44828536566296395 0.4540676460147098 0.5424009050222202 0.6315932574346289 0.4530133581962977 0.5030938617262537 0.36527641639606645 0.03713186521400995 0.01623171678836019 -0.15996845088626527 -0.15549169134772595 -0.3566046670906545 -0.4287596695939311 -0.6323100715867089 -0.6898512118832829 -0.6208454639953818 -0.6101883917729306 -0.8495968042447832 -0.9362844030316717 -0.8283325761537405 -0.9184566302441007 -0.6985735415978006 -0.8995802088309734 -0.9351066628394541 -0.9759830495558637 -0.9250961459436888 -0.9064683678333595 -0.867270078714462 -0.7785746121170567 -0.7323670353582139 
0.4481687701336905 0.4540676460147098 0.5424009050222202 0.6315932574346289 0.46929964674088664 0.5441284689708283 0.39215274659743893 0.017619400126012798 0.0812852930386272 -0.15996845088626527 -0.14337287648198188 -0.4411110278449964 -0.5030510665475152 -0.6080195087778912 -0.6835695585099487 -0.6097517408940694 -0.6472194086185739 -0.8495968042447832 -0.8826180986357591 -0.7739128739688826 -0.8759126825764414 -0.6401805974469956 -0.905061463762735 -0.9351066628394541 -0.9852725080344652 -0.8909483581728541 -0.8634289100324527 -0.8663467756272549 -0.8225019380794748 -0.7003077063553802 
0.448326300800374 0.4446438576267546 0.5283127481657292 0.6426821310756672 0.396073634609579 0.6318981950386686 0.4421367212401494 0.14868503787099258 0.03421898066616204 -0.1034044902120952 -0.156599050984562 -0.31373390376054433 -0.4962679362104933 -0.6024548231090638 -0.6853557731753321 -0.5560008975971906 -0.6452474722448837 -0.8541046105437362 -0.8860613757744585 -0.8219620724575533 -0.8872978864229135 -0.6856224755753335 -0.9496673793246675 -0.943787148788832 -0.9829766255858168 -0.8946174200365953 -0.8622119639559047 -0.8077595722922268 -0.8535327900798477 -0.6621316428998094 
0.44828536566296395 0.4540676460147098 0.5424009050222202 0.6315932574346289 0.4530133581962977 0.5030938617262537 0.36527641639606645 0.03713186521400995 0.01623171678836019 -0.15996845088626527 -0.15549169134772595 -0.3566046670906545 -0.4287596695939311 -0.6323100715867089 -0.6898512118832829 -0.6208454639953818 -0.6101883917729306 -0.8495968042447832 -0.9362844030316717 -0.8283325761537405 -0.9184566302441007 -0.6985735415978006 -0.8995802088309734 -0.9351066628394541 -0.9759830495558637 -0.9250961459436888 -0.9064683678333595 -0.867270078714462 -0.7785746121170567 -0.7323670353582139 
0.44811763269306226 0.40944118820150466 0.5328212415043814 0.6309047647413615 0.4656845715709669 0.5053235988829881 0.4012051870931961 0.03441359752750331 -0.008434055636682827 -0.1016956264459183 -0.03997869013176168 -0.26408192113538376 -0.5071871266430652 -0.6556740117494517 -0.670461721814015 -0.5577970779928215 -0.6038244414000589 -0.8564221327133719 -0.9094695043264442 -0.8882572101651964 -0.9229674714500727 -0.686970386361116 -0.9426468993424957 -0.986764964944884 -0.9772771619960641 -0.910675355362323 -0.8685802790619895 -0.8137930320749007 -0.8418360092027106 -0.6539052796020368 
0.4484838314670575 0.5222639284913269 0.522883714851526 0.6036726881820482 0.37387545769054553 0.3669161896439073 0.39224549923077967 0.017878194046782758 -0.11893132781502982 -0.1124416205724805 -0.12594481385357004 -0.29944063639390955 -0.432473129057661 -0.6967042122327195 -0.6974267462760972 -0.5562883461122874 -0.6432755358711935 -0.7934184340435322 -0.8932114960317679 -0.8270958982162703 -0.931141119059977 -0.7022934233744926 -0.8889274354656009 -0.8665120024261059 -0.9763008068510188 -0.9243209277599747 -0.856266848147446 -0.8137242391375534 -0.7991754307813252 -0.6193371114991758 
0.448326300800374 0.4446438576267546 0.5283127481657292 0.6426821310756672 0.396073634609579 0.6318981950386686 0.4421367212401494 0.14868503787099258 0.03421898066616204 -0.1034044902120952 -0.156599050984562 -0.31373390376054433 -0.4962679362104933 -0.6024548231090638 -0.6853557731753321 -0.5560008975971906 -0.6452474722448837 -0.8541046105437362 -0.8860613757744585 -0.8219620724575533 -0.8872978864229135 -0.6856224755753335 -0.9496673793246675 -0.943787148788832 -0.9829766255858168 -0.8946174200365953 -0.8622119639559047 -0.8077595722922268 -0.8535327900798477 -0.6621316428998094 
0.4481687701336905 0.4738551969504653 0.6092481498000479 0.6795117850309419 0.46929964674088664 0.7149555849025189 0.41293519707429815 0.0975544801210882 0.16772780498353182 -0.15996845088626527 -0.11403346963714295 -0.3566046670906545 -0.4350995545516221 -0.6323100715867089 -0.6214009600201419 -0.5699085167123827 -0.7333775080696341 -0.8548997381711472 -0.893934624951426 -0.8283325761537405 -0.8729213243053721 -0.6985735415978006 -0.8923529337953011 -1.0 -0.9800536791293646 -0.8741541598395726 -1.0 -0.867270078714462 -0.7920656983676443 -0.7107481015407077 
0.44783574684449345 0.3862361037245663 0.5576255954901319 0.5619281513936578 0.4661188085809983 0.6477074966973257 0.4168938568555112 0.022523639900956894 -0.03587144617289982 -0.24005957003265027 -0.12275475030842016 -0.45475771989798836 -0.45190746291655876 -0.6699991592551362 -0.730384514462736 -0.5984898920183346 -0.6675427592457838 -0.8552213901540853 -0.8413431895243562 -0.800207239097578 -0.8989907556678223 -0.7139428726434802 -0.9124882435992803 -0.9932210234700232 -0.9750220626123519 -0.8983131654334712 -0.8514351580099963 -0.809355574494365 -0.8460744397070392 -0.8319129675340862 
0.44815319722093583 0.5001020403658207 0.5589859329322637 0.6008390642393349 0.4479044870443072 0.6371804482671477 0.38592168969608454 0.16548937437928424 0.025515492529105163 0.14857739177887966 -0.19923762278871104 -0.47210351754101465 -0.4073916008860088 -0.5606799519793441 -0.5559354220128184 -0.4244471236822203 -0.737043252026329 -0.7757231088495393 -0.9215792382556893 -0.688730047633234 -0.8747703623063992 -0.6690810846897625 -0.935092037496043 -0.9336645747745219 -0.9340776697219711 -0.9246456247331101 -0.9515464289538678 -0.8930114424177276 -0.8678421660386167 -0.8173192992613413 
0.4481687701336905 0.4738551969504653 0.6092481498000479 0.6795117850309419 0.46929964674088664 0.7149555849025189 0.41293519707429815 0.0975544801210882 0.16772780498353182 -0.15996845088626527 -0.11403346963714295 -0.3566046670906545 -0.4350995545516221 -0.6323100715867089 -0.6214009600201419 -0.5699085167123827 -0.7333775080696341 -0.8548997381711472 -0.893934624951426 -0.8283325761537405 -0.8729213243053721 -0.6985735415978006 -0.8923529337953011 -1.0 -0.9800536791293646 -0.8741541598395726 -1.0 -0.867270078714462 -0.7920656983676443 -0.7107481015407077 
0.44783574684449345 0.49098765795251087 0.5348471983063948 0.3418617073388285 0.2401282958599179 0.6562535249416104 0.37942210528865955 -0.07218213881492948 0.013081299644194098 -0.22742102902424016 -0.15937843141158128 -0.45239659158162027 -0.4329871284552447 -0.5152490360772986 -0.5813904937796832 -0.5800296046627177 -0.6562731724135549 -0.8572226277528963 -0.8944664191779553 -0.7226204725607169 -0.8772159972878815 -0.684545264497957 -0.9072609716823179 -0.921951224361361 -0.9755327605657409 -0.884522269902449 -0.8578685256985152 -0.8258599516402487 -0.8553925085472585 -0.9537333139005959 
0.44837830664657063 0.4156398610209273 0.5431971279770338 0.5857975468372034 0.37848725464862365 0.5922529740635658 0.39542677442067675 -0.009044953004338566 -0.006684094020196103 -0.2392750268202932 -0.16088214097122 -0.5089237381134283 -0.44990269386789783 -0.630996612861326 -0.6284066273225251 -0.550307468431366 -0.6595225815491451 -0.8548211426343232 -0.8878991022626208 -0.7015256268396028 -0.8972177875748184 -0.689970587013758 -0.9098746076407991 -0.957823046024076 -0.97158417783674 -0.8792711187439066 -0.8575659848687813 -0.809355574494365 -0.83675637086682 -0.8295034594647861 
0.44783574684449345 0.42758851302751616 0.5533810051927 0.519652442651157 0.42991426607529387 0.6477074966973257 0.3640167493411508 0.10752608122199443 -0.016884830895221886 -0.10304532650910161 -0.18801105954242 -0.45239659158162027 -0.45190746291655876 -0.6814877112968536 -0.6317180204923527 -0.4970416344136565 -0.736094087380089 -0.8564221327133719 -0.8432732852891014 -0.6647250258331662 -0.8919388083761779 -0.613439589941672 -0.9124882435992803 -0.9773344470207014 -0.9479297076180313 -0.9218117376033188 -0.8578685256985152 -0.9050897745519436 -0.8553925085472585 -0.8874251192291258 
0.44837830664657063 0.4156398610209273 0.5431971279770338 0.5857975468372034 0.37848725464862365 0.5922529740635658 0.39542677442067675 -0.009044953004338566 -0.006684094020196103 -0.2392750268202932 -0.16088214097122 -0.5089237381134283 -0.44990269386789783 -0.630996612861326 -0.6284066273225251 -0.550307468431366 -0.6595225815491451 -0.8548211426343232 -0.8878991022626208 -0.7015256268396028 -0.8972177875748184 -0.689970587013758 -0.9098746076407991 -0.957823046024076 -0.97158417783674 -0.8792711187439066 -0.8575659848687813 -0.809355574494365 -0.83675637086682 -0.8295034594647861 
0.44783574684449345 0.42758851302751616 0.5533810051927 0.519652442651157 0.42991426607529387 0.6477074966973257 0.3640167493411508 0.10752608122199443 -0.016884830895221886 -0.10304532650910161 -0.18801105954242 -0.45239659158162027 -0.45190746291655876 -0.6814877112968536 -0.6317180204923527 -0.4970416344136565 -0.736094087380089 -0.8564221327133719 -0.8432732852891014 -0.6647250258331662 -0.8919388083761779 -0.613439589941672 -0.9124882435992803 -0.9773344470207014 -0.9479297076180313 -0.9218117376033188 -0.8578685256985152 -0.9050897745519436 -0.8553925085472585 -0.8874251192291258 
0.44783025109027885 0.4147353113392803 0.5451297086976467 0.6854038079416499 0.44396693384223335 0.6326912980893155 0.4154067804721351 -0.03524215712346511 0.06374906537341256 -0.352465512158839 -0.1282657912528254 -0.4927445106674488 -0.3878616544799046 -0.45202673600881754 -0.48794982014213 -0.49714828653997456 -0.7323647821558353 -0.797308232134363 -0.9333348007316715 -0.7634122957831574 -0.8763215044234784 -0.7580933915563304 -0.8953956133153568 -0.8937715832648349 -0.9785335616769093 -0.8754031211193402 -0.9039031283016297 -0.829016500727331 -0.910238897493221 -0.622989133985419 
0.44783025109027885 0.4147353113392803 0.5451297086976467 0.6854038079416499 0.44396693384223335 0.6326912980893155 0.4154067804721351 -0.03524215712346511 0.06374906537341256 -0.352465512158839 -0.1282657912528254 -0.4927445106674488 -0.3878616544799046 -0.45202673600881754 -0.48794982014213 -0.49714828653997456 -0.7323647821558353 -0.797308232134363 -0.9333348007316715 -0.7634122957831574 -0.8763215044234784 -0.7580933915563304 -0.8953956133153568 -0.8937715832648349 -0.9785335616769093 -0.8754031211193402 -0.9039031283016297 -0.829016500727331 -0.910238897493221 -0.622989133985419 
0.4487724110753074 0.5185403998146217 0.5431971279770338 0.5491379393473084 0.3377360147342092 0.5922529740635658 0.3435127968653448 -0.027150173408709274 -0.006684094020196103 -0.2392750268202932 -0.16088214097122 -0.6067723752446829 -0.4419097689405664 -0.630996612861326 -0.5823393160427308 -0.550307468431366 -0.6595225815491451 -0.8548211426343232 -0.8926562390433245 -0.699679734775007 -0.8629926193076118 -0.689970587013758 -0.9470549587338042 -0.9384385099679842 -0.97158417783674 -0.8749366512715329 -0.9188113203712304 -0.8434158712468339 -0.83675637086682 -0.6653260773663154 
0.4487724110753074 0.5185403998146217 0.5431971279770338 0.5491379393473084 0.3377360147342092 0.5922529740635658 0.3435127968653448 -0.027150173408709274 -0.006684094020196103 -0.2392750268202932 -0.16088214097122 -0.6067723752446829 -0.4419097689405664 -0.630996612861326 -0.5823393160427308 -0.550307468431366 -0.6595225815491451 -0.8548211426343232 -0.8926562390433245 -0.699679734775007 -0.8629926193076118 -0.689970587013758 -0.9470549587338042 -0.9384385099679842 -0.97158417783674 -0.8749366512715329 -0.9188113203712304 -0.8434158712468339 -0.83675637086682 -0.6653260773663154 
0.44858360101143324 0.4529518553794725 0.5366259683457629 0.5536822428262356 0.3955417735351432 0.5033207192929481 0.32381850074290786 -0.014218845657639673 -0.015816689934140288 0.0329121341954078 -0.26095398659096203 -0.4308746102468888 -0.39794892378013924 -0.6539190301787763 -0.5409064102680287 -0.5059877034974722 -0.7799790726965364 -0.8883071159231994 -0.9227204364626092 -0.501617041574032 -0.8866892855874153 -0.5678186343945257 -0.9862571857958281 -0.9547798495767936 -0.9218948315117548 -0.9047368518637265 -0.9517340270824626 -0.9618931944542652 -0.8057557709265935 -1.0 
0.44858360101143324 0.45162940958427056 0.5366259683457629 0.5536822428262356 0.3955417735351432 0.5310194561311289 0.3425543765263337 0.017349747247655783 -0.01728818072061871 0.029051548132284166 -0.24794837626040112 -0.4308746102468888 -0.39707230896054246 -0.6539190301787763 -0.5842306969417308 -0.5059877034974722 -0.7799790726965364 -0.8879068684034372 -0.9227204364626092 -0.501617041574032 -0.8866892855874153 -0.5680385252280404 -0.9862571857958281 -0.9437734721207236 -0.9216394825350602 -0.9099683270560452 -0.9517340270824626 -0.9618931944542652 -0.8171124142407219 -0.9552756944096256 
0.4480650665632277 0.5767991108158291 0.5708107691463865 0.7528092064659798 0.4068801046828457 0.7991366103381087 0.2410091578382188 0.02142212605400249 -0.029591645822079446 0.1281483355141314 -0.13075639226932084 -0.3267633054426019 -0.41537690518941806 -0.6916306537946599 -0.5700805324978386 -0.49405410101355285 -0.7205277728065992 -0.8553324138731448 -0.9259590696644124 -1.0 -0.8973674051710239 -0.6170957830569767 -0.8953013893026818 -0.9672213314803042 -0.9510438221941568 -0.9323839381232617 -0.9604227936251799 -0.9093858019698775 -0.8554440240531326 -0.8560317710207996 
0.44858360101143324 0.4529518553794725 0.5366259683457629 0.5536822428262356 0.3955417735351432 0.5033207192929481 0.32381850074290786 -0.014218845657639673 -0.015816689934140288 0.0329121341954078 -0.26095398659096203 -0.4308746102468888 -0.39794892378013924 -0.6539190301787763 -0.5409064102680287 -0.5059877034974722 -0.7799790726965364 -0.8883071159231994 -0.9227204364626092 -0.501617041574032 -0.8866892855874153 -0.5678186343945257 -0.9862571857958281 -0.9547798495767936 -0.9218948315117548 -0.9047368518637265 -0.9517340270824626 -0.9618931944542652 -0.8057557709265935 -1.0 
0.44858360101143324 0.45162940958427056 0.5366259683457629 0.5813713063277077 0.3955417735351432 0.6191682512029228 0.3425543765263337 0.10720385726611774 -0.025113078970525914 0.06232463724882902 -0.21269834886729938 -0.4308746102468888 -0.39531907932134885 -0.6489324854673133 -0.6114759787365254 -0.481384426760058 -0.7799790726965364 -0.8879068684034372 -0.9227204364626092 -0.5449390964908378 -0.8866892855874153 -0.5577250694692684 -0.9862571857958281 -0.9217607172085837 -0.9211107430910382 -0.9240176048085218 -0.9517340270824626 -0.9594497892811946 -0.8398257008689789 -0.9267443298717083 
0.44858360101143324 0.4529518553794725 0.5366259683457629 0.5536822428262356 0.3955417735351432 0.5473951168288451 0.32381850074290786 -0.014218845657639673 -0.015816689934140288 0.0329121341954078 -0.2433289728944112 -0.4308746102468888 -0.39707230896054246 -0.6539190301787763 -0.5409064102680287 -0.5059877034974722 -0.7799790726965364 -0.8883071159231994 -0.9227204364626092 -0.501617041574032 -0.8866892855874153 -0.5678186343945257 -0.9862571857958281 -0.9437734721207236 -0.9218948315117548 -0.9047368518637265 -0.9517340270824626 -0.9618931944542652 -0.8171124142407219 -1.0 
0.44895493903169753 0.468940922330466 0.5375200722033784 0.5536822428262356 0.4479044870443072 0.723692706972433 0.3135519960229527 0.24023019419816027 -0.03146648643395469 0.029051548132284166 -0.2500017042050594 -0.47233426898241954 -0.3936918839507829 -0.49231286056208406 -0.5953969738576178 -0.433586923075604 -0.7895434103964649 -0.8244906650227442 -0.9245912465127446 -0.6364932755690794 -0.8848868610845335 -0.5471917228769816 -0.960604035413148 -0.9336645747745219 -0.9208373526237108 -0.9486382549195511 -0.9586537605174341 -0.9843195974636385 -0.8254454345840125 -0.9429372709241655 
0.44876655611100585 0.48768093432874005 0.5421109234566794 0.5536822428262356 0.44385257409608886 0.6123639373268686 0.30841314479539905 0.16548937437928424 -0.03334132704582994 0.029051548132284166 -0.24794837626040112 -0.4134297612691967 -0.40045273397030196 -0.5606799519793441 -0.5953969738576178 -0.44066058976905587 -0.7799790726965364 -0.8244906650227442 -0.9227204364626092 -0.501617041574032 -0.8923271419886233 -0.5463898553106163 -0.9835740583381061 -0.9336645747745219 -0.9224416124464097 -0.9099683270560452 -0.9448142936474911 -0.9618931944542652 -0.8087793938974313 -0.9622160964068704 
0.44895493903169753 0.468940922330466 0.5375200722033784 0.5536822428262356 0.4479044870443072 0.723692706972433 0.3111396418267903 0.22409711544832744 -0.03146648643395469 0.029051548132284166 -0.2500017042050594 -0.47233426898241954 -0.3936918839507829 -0.49231286056208406 -0.5953969738576178 -0.433586923075604 -0.7895434103964649 -0.8244906650227442 -0.9227204364626092 -0.5449390964908378 -0.8848868610845335 -0.5471917228769816 -0.960604035413148 -0.9336645747745219 -0.9208373526237108 -0.9486382549195511 -0.9586537605174341 -0.9843195974636385 -0.8254454345840125 -0.9429372709241655 
0.44882445101354274 0.5290805695916879 0.5514853558378621 0.6090603698291798 0.4146552810030133 0.723692706972433 0.24638135295793293 0.06415187968212176 -0.03052906612801707 0.14900670611942113 -0.11320626214033841 -0.5312387766956423 -0.39356584968215524 -0.7436048373721382 -0.5953969738576178 -0.45678115002264374 -0.7454712539016035 -0.8716709253474432 -0.9012155172382845 -0.5882611514076437 -0.8759767853108955 -0.5821437529669791 -0.9271570759451815 -0.9165263406493349 -0.9208373526237108 -0.9328354073686795 -0.9551000947356509 -0.9195394863612435 -0.862538987497236 -0.8994845209724825 
0.44882445101354274 0.47515147534900637 0.5514853558378621 0.6090603698291798 0.435167472183744 0.723692706972433 0.2814465949522187 0.16548937437928424 -0.03146648643395469 0.09945831242849751 -0.1728289181082077 -0.5312387766956423 -0.39356584968215524 -0.6439459407558503 -0.5953969738576178 -0.45678115002264374 -0.7799790726965364 -0.8244906650227442 -0.9012155172382845 -0.5882611514076437 -0.8759767853108955 -0.5471917228769816 -0.9271570759451815 -0.8997479622964437 -0.9208373526237108 -0.9328354073686795 -0.9551000947356509 -0.957006384108124 -0.862538987497236 -0.9429372709241655 
0.4486213497312993 0.5001020403658207 0.5735943726082272 0.6008390642393349 0.4479044870443072 0.723692706972433 0.31693186134516893 0.16548937437928424 -0.022092283374578463 0.14857739177887966 -0.19923762278871104 -0.5312387766956423 -0.41368714063120743 -0.5606799519793441 -0.6255647482632252 -0.4244471236822203 -0.7608503972966796 -0.8244906650227442 -0.9215792382556893 -0.5882611514076437 -0.8848868610845335 -0.5636302503500881 -0.9793688731561657 -0.9336645747745219 -0.9064525736936957 -0.9246456247331101 -0.9515464289538678 -0.957006384108124 -0.8254454345840125 -0.9885007888460434 
0.44815319722093583 0.5001020403658207 0.5589859329322637 0.6008390642393349 0.4479044870443072 0.6371804482671477 0.38592168969608454 0.16548937437928424 0.025515492529105163 0.14857739177887966 -0.19923762278871104 -0.47210351754101465 -0.4073916008860088 -0.5606799519793441 -0.5559354220128184 -0.4244471236822203 -0.737043252026329 -0.7757231088495393 -0.9215792382556893 -0.688730047633234 -0.8747703623063992 -0.6690810846897625 -0.935092037496043 -0.9336645747745219 -0.9340776697219711 -0.9246456247331101 -0.9515464289538678 -0.8930114424177276 -0.8678421660386167 -0.8173192992613413 
0.4478678873628046 0.6542303508575618 0.6031436537656354 0.6458470433976832 0.41513574558716204 0.8218764207059209 0.20772780079884479 -0.0073715618627013535 -0.029591645822079446 0.3018553214045513 -0.13075639226932084 -0.45408069723389843 -0.4126890600915618 -0.7473651717094075 -0.5803051134532332 -0.551116562139341 -0.7263425785017468 -0.9116865589448653 -0.912780146788948 -0.890658954023583 -0.9086473368305616 -0.59717402048511 -0.8806740404760502 -0.9285204840383008 -0.9717859266445901 -0.9156882779125066 -0.9671549289315565 -0.8763323922402169 -0.8563893814370922 -0.8560317710207996 
0.44882445101354274 0.5290805695916879 0.5514853558378621 0.6090603698291798 0.4146552810030133 0.723692706972433 0.24638135295793293 0.06415187968212176 -0.03052906612801707 0.14900670611942113 -0.11320626214033841 -0.5312387766956423 -0.39356584968215524 -0.7436048373721382 -0.5953969738576178 -0.45678115002264374 -0.7454712539016035 -0.8716709253474432 -0.9012155172382845 -0.5882611514076437 -0.8759767853108955 -0.5821437529669791 -0.9271570759451815 -0.9165263406493349 -0.9208373526237108 -0.9328354073686795 -0.9551000947356509 -0.9195394863612435 -0.862538987497236 -0.8994845209724825 
0.44876655611100585 0.5041854828155052 0.5743465880495735 0.671982210964714 0.44379215303441866 0.7751952654784839 0.27742712377030393 0.16548937437928424 -0.03146648643395469 0.029051548132284166 -0.14847354137236266 -0.5744287172108014 -0.40045273397030196 -0.5606799519793441 -0.5876577584989457 -0.4318972416595741 -0.7799790726965364 -0.8782110076810796 -0.9547737053251428 -0.6076403687186831 -0.8604787772134277 -0.5471917228769816 -0.9416598002859002 -0.9237956783841015 -0.9208373526237108 -0.9441345699744065 -0.9807416052679597 -0.957006384108124 -0.8254454345840125 -0.845903445351724 
0.44917014092694624 0.44470460693969094 0.526340089910128 0.5536822428262356 0.4217231302897252 0.6706122109044237 0.2894559852419149 0.22409711544832744 -0.05286832305881663 -0.03071137369101358 -0.2500017042050594 -0.4517198153353566 -0.38853223798804976 -0.5389323996618002 -0.5953969738576178 -0.47435721298322997 -0.7895434103964649 -0.8805825447996931 -0.9227204364626092 -0.5449390964908378 -0.8848868610845335 -0.5471917228769816 -0.9861866095630405 -0.9387190234476228 -0.9208373526237108 -0.9486382549195511 -0.9587475595817315 -1.0 -0.8000805586850651 -1.0 
0.4479235608297229 0.6428463627538983 0.5932938933798326 0.7198166238350682 0.41513574558716204 0.8218764207059209 0.2419319137117735 -0.0073715618627013535 -0.029591645822079446 0.3450801566100745 -0.13075639226932084 -0.47980005705447976 -0.41397443400934 -0.7473651717094075 -0.5803051134532332 -0.47650936245851905 -0.7465038907467869 -0.903976121732265 -0.912780146788948 -0.775666210835135 -0.9086473368305616 -0.59717402048511 -0.9263733200014859 -0.9285204840383008 -0.9568980442289559 -0.9118191212174308 -0.9671549289315565 -0.8763323922402169 -0.8563893814370922 -0.8560317710207996 
0.4484634364918159 0.5767991108158291 0.5932938933798326 0.664438496832124 0.41513574558716204 0.7991366103381087 0.2485236355193115 0.08054004974086346 -0.029591645822079446 0.2554357738751279 -0.13075639226932084 -0.47980005705447976 -0.41397443400934 -0.7473651717094075 -0.5621821788169218 -0.47650936245851905 -0.7608503972966796 -0.8946562153543394 -0.918587990080349 -0.7713695095641269 -0.8973674051710239 -0.5805132546157339 -0.9263733200014859 -0.9409166047652716 -0.9568980442289559 -0.9307622453023918 -0.9671549289315565 -0.9208626940258411 -0.8435703634677878 -0.8560317710207996 
0.4479235608297229 0.6428463627538983 0.5932938933798326 0.7198166238350682 0.41513574558716204 0.8218764207059209 0.2419319137117735 -0.0073715618627013535 -0.029591645822079446 0.3450801566100745 -0.13075639226932084 -0.47980005705447976 -0.41397443400934 -0.7473651717094075 -0.5803051134532332 -0.47650936245851905 -0.7465038907467869 -0.903976121732265 -0.912780146788948 -0.775666210835135 -0.9086473368305616 -0.59717402048511 -0.9263733200014859 -0.9285204840383008 -0.9568980442289559 -0.9118191212174308 -0.9671549289315565 -0.8763323922402169 -0.8563893814370922 -0.8560317710207996 
0.4485100027974626 0.5228700165731476 0.5932938933798326 0.664438496832124 0.41513574558716204 0.7991366103381087 0.2485236355193115 0.16038512196951188 -0.03052906612801707 0.14224366100370603 -0.19037904823719012 -0.47980005705447976 -0.41111639279565104 -0.6308711461671609 -0.5773669500137086 -0.4584976122175259 -0.7205277728065992 -0.8399115394479445 -0.9357416273213338 -0.8182466377845397 -0.8973674051710239 -0.575345341706874 -0.8879703141052944 -0.9570982799252609 -0.9362283385249642 -0.9323839381232617 -0.9671549289315565 -0.927992105133576 -0.8554440240531326 -0.8994845209724825 
0.44895493903169753 0.468940922330466 0.5375200722033784 0.5536822428262356 0.4479044870443072 0.723692706972433 0.3111396418267903 0.22409711544832744 -0.03146648643395469 0.029051548132284166 -0.2500017042050594 -0.47233426898241954 -0.3936918839507829 -0.49231286056208406 -0.5953969738576178 -0.433586923075604 -0.7895434103964649 -0.8244906650227442 -0.9227204364626092 -0.5449390964908378 -0.8848868610845335 -0.5471917228769816 -0.960604035413148 -0.9336645747745219 -0.9208373526237108 -0.9486382549195511 -0.9586537605174341 -0.9843195974636385 -0.8254454345840125 -0.9429372709241655 
0.4485100027974626 0.5228700165731476 0.5932938933798326 0.664438496832124 0.41513574558716204 0.7991366103381087 0.2485236355193115 0.16038512196951188 -0.03052906612801707 0.14224366100370603 -0.19037904823719012 -0.47980005705447976 -0.41111639279565104 -0.6308711461671609 -0.5773669500137086 -0.4584976122175259 -0.7205277728065992 -0.8399115394479445 -0.9357416273213338 -0.8182466377845397 -0.8973674051710239 -0.575345341706874 -0.8879703141052944 -0.9570982799252609 -0.9362283385249642 -0.9323839381232617 -0.9671549289315565 -0.927992105133576 -0.8554440240531326 -0.8994845209724825 
0.4478678873628046 0.6542303508575618 0.6031436537656354 0.6458470433976832 0.41513574558716204 0.8218764207059209 0.20772780079884479 -0.0073715618627013535 -0.029591645822079446 0.3018553214045513 -0.13075639226932084 -0.45408069723389843 -0.4126890600915618 -0.7473651717094075 -0.5803051134532332 -0.551116562139341 -0.7263425785017468 -0.9116865589448653 -0.912780146788948 -0.890658954023583 -0.9086473368305616 -0.59717402048511 -0.8806740404760502 -0.9285204840383008 -0.9717859266445901 -0.9156882779125066 -0.9671549289315565 -0.8763323922402169 -0.8563893814370922 -0.8560317710207996 
0.4483897902696225 0.5767991108158291 0.5700414907256468 0.664438496832124 0.41513574558716204 0.7991366103381087 0.2436989271269867 0.04827389224119781 -0.029591645822079446 0.14857739177887966 -0.13075639226932084 -0.47980005705447976 -0.41397443400934 -0.7473651717094075 -0.6291486910080577 -0.47650936245851905 -0.7608503972966796 -0.8946562153543394 -0.9111047498798073 -0.5882611514076437 -0.8973674051710239 -0.5805132546157339 -0.9263733200014859 -0.9139267819936812 -0.9568980442289559 -0.9107520067496291 -0.9671549289315565 -0.9109393964287515 -0.8435703634677878 -0.795878365537636 
0.4486682768580366 0.4847897507570239 0.5250752422587546 0.8134908525983635 0.41407213703547846 0.5349432390011801 0.2612435862646535 -0.06996195513252412 -0.036153587963642805 -0.10599748494311328 -0.15236273019390967 -0.22516527347188667 -0.39492967492272724 -0.6059143902210071 -0.6531300557863187 -0.5012504312171935 -0.7254110858841708 -0.7792181938537929 -0.8915396345659646 -0.2762276375254836 -0.8704258917787366 -0.6108693696819825 -0.9402959103965122 -0.9484617830472477 -0.9531076798634651 -0.8160439833397781 -0.9380821583411144 -0.8737267901013547 -0.8389277195650984 -0.6454995668916795 
0.4486682768580366 0.5307944307864265 0.5250752422587546 0.8411799160998357 0.41407213703547846 0.6312024879125673 0.2687580639457462 -0.06996195513252412 -0.036153587963642805 0.0212899534178832 -0.14155956123161526 -0.37820202508376455 -0.4008104375582388 -0.594882260189592 -0.6531300557863187 -0.24452445935850847 -0.7431307415904251 -0.8513812026694487 -0.8915396345659646 -0.42278622898404433 -0.888936308091173 -0.5941100771359441 -0.9521663381472205 -0.9240498335487244 -0.956322541996895 -0.8582567908182459 -0.944814293647491 -0.8923330932650531 -0.8389277195650984 -0.6454995668916795 
0.4486682768580366 0.4847897507570239 0.5250752422587546 0.8411799160998357 0.41407213703547846 0.5463131441850863 0.2612435862646535 -0.06996195513252412 -0.036153587963642805 -0.10599748494311328 -0.15236273019390967 -0.22516527347188667 -0.38764644110713764 -0.594882260189592 -0.6531300557863187 -0.4978009617667291 -0.7254110858841708 -0.803540047783353 -0.8915396345659646 -0.257311306560445 -0.8704258917787366 -0.6077068996561543 -0.9594974133446079 -0.9341728851037677 -0.9557470397648342 -0.8057615748868627 -0.9380821583411144 -0.8737267901013547 -0.8389277195650984 -0.6454995668916795 
0.4488981580169048 0.5001020403658207 0.5555282396295351 0.7502124996485151 0.44994251399010465 0.6442384662228902 0.2907844846682628 0.3933476601032536 -0.024468595223438597 0.14654759026879038 -0.15380962229154377 -0.3613478657979826 -0.39064076725345487 -0.4462100487662127 -0.6147108194651477 -0.4311062258250278 -0.7654573905824973 -0.8129206031343557 -0.9235314988469867 -0.404765372505728 -0.8848868610845335 -0.5768215322033321 -1.0 -0.9631076425119665 -0.9076755821920195 -0.9626200399106091 -0.9468014649051955 -0.9278014911959613 -0.8326297002127676 -0.8227497834458397 
0.4484634364918159 0.5767991108158291 0.5932938933798326 0.664438496832124 0.41513574558716204 0.7991366103381087 0.2485236355193115 0.08054004974086346 -0.029591645822079446 0.2554357738751279 -0.13075639226932084 -0.47980005705447976 -0.41397443400934 -0.7473651717094075 -0.5621821788169218 -0.47650936245851905 -0.7608503972966796 -0.8946562153543394 -0.918587990080349 -0.7713695095641269 -0.8973674051710239 -0.5805132546157339 -0.9263733200014859 -0.9409166047652716 -0.9568980442289559 -0.9307622453023918 -0.9671549289315565 -0.9208626940258411 -0.8435703634677878 -0.8560317710207996 
0.44895493903169753 0.468940922330466 0.5375200722033784 0.5536822428262356 0.4479044870443072 0.723692706972433 0.3135519960229527 0.24023019419816027 -0.03146648643395469 0.029051548132284166 -0.2500017042050594 -0.47233426898241954 -0.3936918839507829 -0.49231286056208406 -0.5953969738576178 -0.433586923075604 -0.7895434103964649 -0.8244906650227442 -0.92646205656288 -0.6364932755690794 -0.8848868610845335 -0.5471917228769816 -0.960604035413148 -0.9336645747745219 -0.9208373526237108 -0.9486382549195511 -0.9586537605174341 -0.9843195974636385 -0.8254454345840125 -0.9429372709241655 
0.4487097750962131 0.5001020403658207 0.5533756909675718 0.7355182738794597 0.46381043873771877 0.6442384662228902 0.31693186134516893 0.2501537109122294 -0.024468595223438597 0.1346417902172534 -0.1758867993596266 -0.4576423319835476 -0.39740161727297385 -0.5145771401834727 -0.6331383002171495 -0.4311062258250278 -0.7959393575808953 -0.8244906650227442 -0.9235314988469867 -0.5522194384510111 -0.8848868610845335 -0.5636302503500881 -0.9822359078944961 -0.9920423999201653 -0.9064525736936957 -0.9246456247331101 -0.9468014649051955 -0.957006384108124 -0.8264682608802674 -0.9843023793213723 
0.4488981580169048 0.5001020403658207 0.5555282396295351 0.7502124996485151 0.44994251399010465 0.6442384662228902 0.2907844846682628 0.3933476601032536 -0.024468595223438597 0.14654759026879038 -0.15380962229154377 -0.3613478657979826 -0.39064076725345487 -0.4462100487662127 -0.6147108194651477 -0.4311062258250278 -0.7654573905824973 -0.8129206031343557 -0.9235314988469867 -0.404765372505728 -0.8848868610845335 -0.5768215322033321 -1.0 -0.9631076425119665 -0.9076755821920195 -0.9626200399106091 -0.9468014649051955 -0.9278014911959613 -0.8326297002127676 -0.8227497834458397 
0.4480903896027602 0.5767991108158291 0.5700414907256468 0.664438496832124 0.43058341884411117 0.7160918316400482 0.2762725416268389 0.04827389224119781 -0.022092283374578463 0.14857739177887966 -0.13075639226932084 -0.5312387766956423 -0.41397443400934 -0.7504798161447476 -0.6316428431302407 -0.47650936245851905 -0.7608503972966796 -0.8992223575555445 -0.9111047498798073 -0.5882611514076437 -0.9074467244036092 -0.5805132546157339 -0.9448352629498332 -0.9139267819936812 -0.9568980442289559 -0.9107520067496291 -0.9515464289538678 -0.9109393964287515 -0.8257185946236738 -0.8059323488551171 
0.4486682768580366 0.4847897507570239 0.5250752422587546 0.8134908525983635 0.41407213703547846 0.5349432390011801 0.2612435862646535 -0.06996195513252412 -0.036153587963642805 -0.10599748494311328 -0.15236273019390967 -0.22516527347188667 -0.39492967492272724 -0.6059143902210071 -0.6531300557863187 -0.5012504312171935 -0.7254110858841708 -0.7792181938537929 -0.8915396345659646 -0.2762276375254836 -0.8704258917787366 -0.6108693696819825 -0.9402959103965122 -0.9484617830472477 -0.9531076798634651 -0.8160439833397781 -0.9380821583411144 -0.8737267901013547 -0.8389277195650984 -0.6454995668916795 
0.4486682768580366 0.5307944307864265 0.5250752422587546 0.8411799160998357 0.41407213703547846 0.6312024879125673 0.2687580639457462 -0.06996195513252412 -0.036153587963642805 0.0212899534178832 -0.14155956123161526 -0.37820202508376455 -0.4008104375582388 -0.594882260189592 -0.6531300557863187 -0.24452445935850847 -0.7431307415904251 -0.8513812026694487 -0.8915396345659646 -0.42278622898404433 -0.888936308091173 -0.5941100771359441 -0.9521663381472205 -0.9240498335487244 -0.956322541996895 -0.8582567908182459 -0.944814293647491 -0.8923330932650531 -0.8389277195650984 -0.6454995668916795 
0.44814552963554977 0.6381838916570407 0.49210187998237226 0.9560507599552246 0.4351841174347571 0.40820721326964 0.26486756983724036 -0.06829232849753691 -0.005014453678939242 0.045648803037344365 -0.16214084689934388 -0.10158886949368845 -0.3473036505796974 -0.701013622851359 -0.5832815090714438 -0.5440991021730686 -0.658098303634365 -0.8397460683551788 -0.8619429339452104 -0.017095522640888927 -0.9157323723614164 -0.6038441553392591 -0.9628196489069949 -0.8618193212031066 -0.9388203209101521 -0.8680830169648734 -0.9736575289692941 -0.8820655083970772 -0.7181527371701667 -0.6549780958450939 
0.4488981580169048 0.5001020403658207 0.5555282396295351 0.6592450831971945 0.4858128909447309 0.6442384662228902 0.320325383071872 0.3933476601032536 -0.024468595223438597 0.14654759026879038 -0.15525651438917784 -0.49753045812407853 -0.39064076725345487 -0.4462100487662127 -0.5762915831439768 -0.4311062258250278 -0.8055036952808237 -0.8223011584853582 -0.9235314988469867 -0.5522194384510111 -0.8848868610845335 -0.54593616475051 -1.0 -0.9920423999201653 -0.9076755821920195 -0.9626200399106091 -0.9468014649051955 -0.9818761922905679 -0.8263316808604367 -1.0 
0.4480650665632277 0.5767991108158291 0.5932938933798326 0.664438496832124 0.41513574558716204 0.7991366103381087 0.2485236355193115 0.08054004974086346 -0.029591645822079446 0.2554357738751279 -0.13075639226932084 -0.47980005705447976 -0.4285409016405192 -0.7694294317722377 -0.5593369261697996 -0.4834083013594478 -0.7205277728065992 -0.8553324138731448 -0.9357416273213338 -1.0 -0.8973674051710239 -0.6034989605367664 -0.8879703141052944 -0.9570982799252609 -0.9516193244262177 -0.9323839381232617 -0.9671549289315565 -0.927992105133576 -0.8554440240531326 -0.8560317710207996 
0.4488981580169048 0.5001020403658207 0.5555282396295351 0.6592450831971945 0.4858128909447309 0.6442384662228902 0.320325383071872 0.3933476601032536 -0.024468595223438597 0.14654759026879038 -0.15525651438917784 -0.49753045812407853 -0.39064076725345487 -0.4462100487662127 -0.5762915831439768 -0.4311062258250278 -0.8055036952808237 -0.8223011584853582 -0.9235314988469867 -0.5522194384510111 -0.8848868610845335 -0.54593616475051 -1.0 -0.9920423999201653 -0.9076755821920195 -0.9626200399106091 -0.9468014649051955 -0.9818761922905679 -0.8263316808604367 -1.0 
0.4483897902696225 0.5767991108158291 0.5700414907256468 0.664438496832124 0.41513574558716204 0.7991366103381087 0.2436989271269867 0.04827389224119781 -0.029591645822079446 0.14857739177887966 -0.13075639226932084 -0.47980005705447976 -0.41397443400934 -0.7473651717094075 -0.6291486910080577 -0.47650936245851905 -0.7608503972966796 -0.8946562153543394 -0.9111047498798073 -0.5882611514076437 -0.8973674051710239 -0.5805132546157339 -0.9263733200014859 -0.9139267819936812 -0.9568980442289559 -0.9107520067496291 -0.9671549289315565 -0.9109393964287515 -0.8435703634677878 -0.795878365537636 
0.4490116676660173 0.5441924009946164 0.5239839044054061 0.9329413749390681 0.3921717109790466 0.37649169364925816 0.20866685643214483 0.10737864008020394 -0.031949652707765154 -0.0085370024001385 -0.20290329133275892 -0.12970303112589782 -0.3624845981514164 -0.5922162426132288 -0.5959580666413573 -0.4725968480624012 -0.8219930702829801 -0.8845247889464933 -0.8608626978006442 -0.03935885051795285 -0.8772901825842032 -0.5846846768423917 -0.9845504079676397 -0.8626628670596679 -0.9317682094763367 -0.8888226388947418 -0.917002081210645 -0.901170511740512 -0.8264491959376876 -0.6317916911506947 
0.4483897902696225 0.5384505755908249 0.5700414907256468 0.6326387805357294 0.4315201163157346 0.7614146586552708 0.2803153942360778 0.10688163331024103 -0.029591645822079446 0.14857739177887966 -0.16499700752901594 -0.5055194168750611 -0.41397443400934 -0.6540225618443758 -0.6273567196356414 -0.45047824307036965 -0.7608503972966796 -0.8595734401885418 -0.9163419940677483 -0.5882611514076437 -0.8911271331277787 -0.5805132546157339 -0.9263733200014859 -0.9237956783841015 -0.9568980442289559 -0.9107520067496291 -0.9671549289315565 -0.9109393964287515 -0.8345078990259002 -0.795878365537636 
0.4488451275878642 0.5441924009946164 0.5079190349334981 0.753540536195858 0.36786633269251934 0.45303561369101875 0.22372759695091055 0.09936671793336609 -0.04090621166136307 -0.0048096064404204025 -0.21430159523447104 -0.07797238404769719 -0.3550753943906705 -0.6080204183781986 -0.6062315676764634 -0.4259764125474114 -0.7991077480963933 -0.8045759437138646 -0.8687265604034309 -0.441893218116387 -0.8186893543418192 -0.5753700988564694 -0.9527558057553214 -0.915600200910452 -0.9430923000506612 -0.9237799530086266 -0.9657610920810004 -0.8975643778549326 -0.8471642156261145 -0.6371027478423374 
0.4483897902696225 0.5384505755908249 0.5700414907256468 0.6326387805357294 0.4315201163157346 0.7614146586552708 0.2803153942360778 0.10688163331024103 -0.029591645822079446 0.14857739177887966 -0.16499700752901594 -0.5055194168750611 -0.41397443400934 -0.6540225618443758 -0.6273567196356414 -0.45047824307036965 -0.7608503972966796 -0.8595734401885418 -0.9163419940677483 -0.5882611514076437 -0.8911271331277787 -0.5805132546157339 -0.9263733200014859 -0.9237956783841015 -0.9568980442289559 -0.9107520067496291 -0.9671549289315565 -0.9109393964287515 -0.8345078990259002 -0.795878365537636 
7.285510813865859E-4 0.265135214584724 0.2070085144900971 0.1458733010212408 0.5638359287401368 0.9017798896697214 0.06351731297911636 0.19380845113181056 0.6811586966616321 -0.0416575141328302 0.652328631835124 0.42750513112099364 1.0 1.0 0.9776960235904422 -0.5068819662106069 0.5765891794500841 0.2662006220084915 0.8303307035509055 0.787601152262251 0.8793943284347546 0.7696730457603216 0.8127371054304242 0.6357208071613345 0.5766249235018241 0.823688495418641 0.23333443408928417 0.34309024878267314 0.11494399974732072 0.31494191333868626 
7.285510813865859E-4 0.265135214584724 0.2070085144900971 0.1458733010212408 0.5638359287401368 0.9017798896697214 0.06351731297911636 0.19380845113181056 0.6811586966616321 -0.0416575141328302 0.652328631835124 0.42750513112099364 1.0 1.0 0.9776960235904422 -0.5068819662106069 0.5765891794500841 0.2662006220084915 0.8303307035509055 0.787601152262251 0.8793943284347546 0.7696730457603216 0.8127371054304242 0.6357208071613345 0.5766249235018241 0.823688495418641 0.23333443408928417 0.34309024878267314 0.11494399974732072 0.31494191333868626 
7.050470209921111E-4 0.2204053813855707 0.2314460732234213 0.14769975624329412 0.603577667408529 0.9017798896697214 0.06351731297911636 0.19380845113181056 0.7812884605767824 -0.0416575141328302 0.6226142681998862 0.42750513112099364 0.9820235125734825 1.0 0.9831854950443765 -0.5068819662106069 0.6210562050803075 0.20142694527617597 0.8303307035509055 0.787601152262251 0.8793943284347546 0.7805424159411384 0.8127371054304242 0.5886340720593397 0.5761002626441942 0.8273018098788354 0.1860710666059922 0.36539314494716457 0.11494399974732072 0.31494191333868626 
3.8781048261199436E-4 0.26740112671678284 0.2314460732234213 0.2489548681229774 0.603577667408529 0.8592328151617388 0.05813031064461529 0.14692299820437993 0.7992343395679943 -0.0416575141328302 0.6486946423674498 0.3667725698323707 0.9820235125734825 1.0 0.9946605243468862 -0.540689413692284 0.6915609273113217 0.16585454535390728 0.8303307035509055 1.0 0.830872819424956 0.7805424159411384 0.8127371054304242 0.5886340720593397 0.5761002626441942 0.8273018098788354 0.18212284816184532 0.36539314494716457 0.11494399974732072 0.306004239337308 
1.302497511084244E-4 0.26740112671678284 0.2314460732234213 0.2269802481005897 0.6058388339498251 0.8592328151617388 0.05152079823547858 0.14692299820437993 0.7992343395679943 -0.0416575141328302 0.6486946423674498 0.15908727327957 0.9820235125734825 1.0 1.0 -0.5498015734560615 0.7735083106356293 0.18116429343590282 0.809013655444556 1.0 0.795172510285316 0.7805424159411384 0.8127371054304242 0.5886340720593397 0.5761002626441942 0.8273018098788354 0.18212284816184532 0.3226022721786854 0.11494399974732072 0.23566825933094848 
0.0 0.24974252905940608 0.24878606639226294 0.2694531293263132 0.734533273211341 1.0 0.0932087506203193 0.14540390974039685 0.7802206843021562 -0.1128602969586795 0.7785495307027354 0.31519582922378864 1.0 1.0 1.0 -0.6355913668833082 0.8176836867011474 0.10904555250536979 0.8411630288734747 0.9834633165488553 0.7770050462629886 0.7661417050338292 0.9976579001755497 0.5324841584851024 0.5688118609986716 0.8548208656376548 0.3369653325779355 0.4357557619768154 0.11494399974732072 0.2568543592421884 
0.0 0.06160004912939393 0.20140360157989773 0.3002994630803798 0.6873413137786539 0.9397643123509118 0.1553487533461425 0.09187624672046918 0.7232236587204117 -0.36169377250446594 0.7359081891075842 0.3547845475420791 0.9660376627188196 1.0 0.9078653774404116 -0.6508171627806673 0.8553994471563917 0.25311364384234925 0.8185279290059633 0.9591626492577624 0.7267221737509029 0.7384824537219618 0.8870978076164344 0.5498649999471561 0.5566027449897688 0.818632874934088 0.3046135191667434 0.3907228656836232 0.0036459681863937887 -0.09268650486599295 
0.0 0.06160004912939393 0.21602321310983563 0.31166010335510824 0.6873413137786539 0.9397643123509118 0.1553487533461425 0.09187624672046918 0.742207493930371 -0.36169377250446594 0.7359081891075842 0.2828861837693769 0.9781261455502155 1.0 0.9260322016352993 -0.6508171627806673 0.8553994471563917 0.09234782873056954 0.8185279290059633 0.9649051534978771 0.7267221737509029 0.7661417050338292 0.8848526422498901 0.5498649999471561 0.5566027449897688 0.8145589833511798 0.3046135191667434 0.3907228656836232 0.04741281258663832 0.1920525439472004 
