1.0434306382749476 0.47703093464612656 
1.0217177503416128 0.4585243525011318 
1.0272866407542194 0.46468709491354215 
1.0217177503416128 0.4585243525011318 
1.0272866407542194 0.46468709491354215 
1.0434306382749476 0.47703093464612656 
0.9502022575029055 0.47213349479288325 
0.927535280029409 0.4476808171281462 
0.9059534561554009 0.4818146149072271 
0.9059534561554009 0.4818146149072271 
0.9027837770353561 0.4803915147686303 
0.9027837770353561 0.4803915147686303 
0.8869457259386766 0.476524546680034 
0.8754564892049386 0.49140593308974867 
0.8733726738752232 0.4754626529903614 
0.8817727872899201 0.5056623745110529 
0.8869283667450376 0.5105909257362163 
0.8564749002044666 0.49815203485055726 
0.8754564892049386 0.49140593308974867 
0.8700905251391577 0.5150627058579638 
0.8700905251391577 0.5150627058579638 
0.8700322665122328 0.5311458397171018 
0.8556055984958515 0.5361728721543781 
0.8686721091151015 0.5352970655383136 
0.822119596385942 0.5463270922441847 
0.8263610818404536 0.5506229384177783 
0.8556055984958515 0.5361728721543781 
0.8432693427057811 0.5541611622131144 
0.8438322536272005 0.5659170645945618 
0.8326399152884172 0.5651068606996157 
0.8302231547541832 0.5680242845048369 
0.8302231547541832 0.5680242845048369 
0.8260674282097518 0.5802802010663756 
0.784240761821001 0.5801217643375944 
0.7735640778934851 0.579118754182651 
0.784240761821001 0.5801217643375944 
0.7099136509539017 0.5863630453680861 
0.806328979299845 0.6003512589739455 
0.7941177074431247 0.6019664366988413 
0.7795078367718304 0.6096640422145452 
0.7735640778934851 0.579118754182651 
0.6406603988753861 0.6124421626525465 
0.7555272896259098 0.5981919918202123 
0.7634888028805932 0.6141799773553633 
0.7634888028805932 0.6141799773553633 
0.7128824717385933 0.6131800263617838 
0.7397820592004083 0.6196637231453246 
0.6993929919012067 0.6187010867232492 
0.7397820592004083 0.6196637231453246 
0.6588400900109459 0.6104766993043986 
0.7177138182268005 0.616809002912484 
0.6383511730288728 0.6035163287613063 
0.7128824717385933 0.6131800263617838 
0.6993929919012067 0.6187010867232492 
0.6713217450204012 0.6237963085678 
0.6383511730288728 0.6035163287613063 
0.6406603988753861 0.6124421626525465 
0.6933481690773869 0.630090410769498 
0.6855917623624285 0.6218298626642826 
0.6305027064947635 0.6121475465116815 
0.6839488303179717 0.6403785092638499 
0.6770458201318635 0.6300471777326113 
0.6569836623451024 0.6603219860734837 
0.6522625460902919 0.664114820159202 
0.6730791042065707 0.6591835834514164 
0.6305027064947635 0.6121475465116815 
0.6522625460902919 0.664114820159202 
0.6261371952663335 0.6527078467918903 
0.6515461380705041 0.6628700790138081 
0.64124931193662 0.6502811119137917 
0.64124931193662 0.6502811119137917 
0.6437615255558329 0.6443976367925554 
0.6193593172129392 0.6686369960838896 
0.6388074635898916 0.6518645353688124 
0.6336128236863674 0.6614330435758863 
0.6134320883494477 0.6923046939366657 
0.6077771286198087 0.6586822834793608 
0.6077771286198087 0.6586822834793608 
0.620920356112038 0.6931181697463842 
0.5832715943025557 0.668813263874878 
0.5918339079834667 0.6605721898331042 
0.6008258911623432 0.6540251603941909 
0.6008258911623432 0.6540251603941909 
0.5918339079834667 0.6605721898331042 
0.5928827641924639 0.6505140468308641 
0.5928827641924639 0.6505140468308641 
0.5905474553013796 0.6983777359900369 
0.5905474553013796 0.6983777359900369 
0.5832715943025557 0.668813263874878 
0.5766946050239177 0.7111250400137308 
0.5698738348107395 0.6734113330284248 
0.5802841799851278 0.7305069383615863 
0.5823713706192265 0.7476916634277457 
0.5782566739022679 0.7623625299685248 
0.5755118781058016 0.7824830470151782 
0.5698738348107395 0.6734113330284248 
0.5782566739022679 0.7623625299685248 
0.5559372078494076 1.0007304381840616 
0.5630559251815251 0.9060765932119902 
0.5559372078494076 1.0007304381840616 
