0.9060551127107356 -0.5276238202981317 -0.5055905273099213 -0.9944427947601302 -0.4417953190020755 -0.9076161101806695 -0.8474713654285185 -0.8382943698830522 -0.7288708558627207 -0.6245727949737914 -0.6246447247841178 -0.4403082921099736 -0.3845025944120971 -0.3481997553298868 -0.1949061462659276 -0.09561764099172353 0.06646558791703285 0.055311438963312594 0.17817741659123174 0.3050735243427132 0.4302958794669523 0.5197835105048462 -0.8852702489503823 0.7082868551896548 0.78553653271162 0.8301024978627408 0.4516827921547787 0.8974242872738833 0.9172871613203714 0.533237593223872 
0.9071845925017441 -0.5276998319641967 -0.029263337264460842 -0.9984854049944457 -0.417506001890183 -0.8805026489166354 -0.8515721188409919 -0.8007049840737905 -0.7261456330507846 -0.6120460084297824 -0.6223623685654067 -0.4472270011149622 -0.3845025944120971 -0.31736265770418765 -0.1949061462659276 -0.09561764099172353 0.08939822433820402 0.06168926849687445 0.8305205893215053 -0.16746854576645742 0.42097989830693655 0.5197835105048462 0.6313408237958439 0.6789640256988705 0.7962945209704455 0.8202113702688841 0.4516827921547787 0.8974242872738833 0.9259304470519338 0.5513697660620662 
0.9060551127107356 -0.5276238202981317 -0.5055905273099213 -0.9944427947601302 -0.4417953190020755 -0.9076161101806695 -0.8474713654285185 -0.8382943698830522 -0.7288708558627207 -0.6245727949737914 -0.6246447247841178 -0.4403082921099736 -0.3845025944120971 -0.3481997553298868 -0.1949061462659276 -0.09561764099172353 0.06646558791703285 0.055311438963312594 0.17817741659123174 0.3050735243427132 0.4302958794669523 0.5197835105048462 -0.8852702489503823 0.7082868551896548 0.78553653271162 0.8301024978627408 0.4516827921547787 0.8974242872738833 0.9172871613203714 0.533237593223872 
0.9071845925017441 -0.5232751796959637 -0.5055367862486636 -0.9468451916083607 -0.4417953190020755 -0.8983204223543402 -0.8625561891999719 -0.7913646505618522 -0.7106549714652457 -0.6031645494830521 -0.6228174067156783 -0.43717082751597774 -0.38053001103319795 -0.772140946690457 -0.19027688752909472 -0.13183098803825888 0.08480899441053638 0.06221918275064002 0.19142766238368514 0.3050735243427132 -0.6853637720997894 0.5293946277089439 0.6116433241425472 0.7088308449303531 0.823051302311551 0.8254432815383242 0.9379076518439431 0.895488363448999 0.9424054835252241 0.5317001131536744 
0.9071845925017441 -0.5243683073664216 -0.506801997291648 -0.9782437787942563 -0.44762755884144856 -0.9057030836385782 -0.3745778023176936 -0.7939681007758275 -0.7103288868355655 -0.608699803364873 -0.6110939646477003 -0.43717082751597774 -0.3802559268598089 -0.3348976874987314 -0.19426640704509573 -0.11416561422164703 0.08083594475170773 0.6550284299923841 0.17498884341766385 0.3050735243427132 0.4231530137496479 0.5139470540839547 0.5694920844244894 0.6978891060044045 0.14158872373206166 0.8269116403062396 0.86218842903381 0.8884999552373998 0.9495564776708589 0.539007584883637 
0.9071845925017441 -0.5243683073664216 -0.506801997291648 -0.9782437787942563 -0.44762755884144856 -0.9057030836385782 -0.3745778023176936 -0.7939681007758275 -0.7103288868355655 -0.608699803364873 -0.6110939646477003 -0.43717082751597774 -0.3802559268598089 -0.3348976874987314 -0.19426640704509573 -0.11416561422164703 0.08083594475170773 0.6550284299923841 0.17498884341766385 0.3050735243427132 0.4231530137496479 0.5139470540839547 0.5694920844244894 0.6978891060044045 0.14158872373206166 0.8269116403062396 0.86218842903381 0.8884999552373998 0.9495564776708589 0.539007584883637 
0.9071845925017441 -0.5276238202981317 -0.5132409620317306 -0.9984854049944457 -0.408535916437957 -0.8891678288220143 -0.8449584110988203 -0.8007049840737905 -0.7228783282106601 -0.6085940736002508 -0.6020775970399876 -0.43956351284681616 -0.3845025944120971 -0.31736265770418765 -0.18575448315899318 -0.13022848806246068 0.07673007792742541 0.03926522352697092 0.8305205893215053 -0.14888389454059617 0.42097989830693655 0.5125624199787322 0.6313408237958439 0.6789640256988705 0.7962945209704455 0.8324790447948944 0.44781785619281134 0.8974242872738833 0.9259304470519338 0.5431407177921185 
0.9071845925017441 -0.5232751796959637 -0.5055367862486636 -0.9468451916083607 -0.4417953190020755 -0.8983204223543402 -0.8625561891999719 -0.7913646505618522 -0.7106549714652457 -0.6031645494830521 -0.6228174067156783 -0.43717082751597774 -0.38053001103319795 -0.772140946690457 -0.19027688752909472 -0.13183098803825888 0.08480899441053638 0.06221918275064002 0.19142766238368514 0.3050735243427132 -0.6853637720997894 0.5293946277089439 0.6116433241425472 0.7088308449303531 0.823051302311551 0.8254432815383242 0.9379076518439431 0.895488363448999 0.9424054835252241 0.5317001131536744 
0.9071845925017441 -0.5276238202981317 -0.5055367862486636 -0.9814921599039395 -0.408535916437957 -0.8983204223543402 -0.8379215936770815 -0.7939681007758275 -0.7278653422099395 -0.6031645494830521 -0.6246447247841178 -0.43717082751597774 -0.3845025944120971 -0.772140946690457 -0.2005222033126258 -0.12547814202458546 0.07548539740423428 0.046806541162004646 0.1784029144053043 0.3050735243427132 0.41280676132622224 0.5382878612287146 0.5590836729032402 0.6751101456957271 0.7945777044128437 0.8324790447948944 0.4231103383626238 0.896153703050657 0.9532579128892879 0.5355512244049786 
0.9071845925017441 -0.5276238202981317 -0.5055367862486636 -0.9907275434233594 -0.408535916437957 -0.8983204223543402 -0.8534470143108788 -0.7939681007758275 -0.7106549714652457 -0.6031645494830521 -0.6228174067156783 -0.43717082751597774 -0.38776374208751085 -0.772140946690457 -0.2005222033126258 -0.13058390253553734 0.09043759121792565 0.046806541162004646 0.1784029144053043 0.3050735243427132 0.2652700188240815 0.5377318578270677 0.5590836729032402 0.7088308449303531 0.7945777044128437 0.8324790447948944 0.4231103383626238 0.9062827209686074 0.9532579128892879 0.5296419166414909 
0.9071845925017441 -0.5311633530932149 -0.8947014675536329 -0.9613426806570753 -0.44129667069733775 -0.8928347520317549 -0.8625782724780761 -0.7846420343105119 -0.7199616416517214 -0.6120460084297824 -0.6217988432679957 -0.4342828258959489 -0.3749119731188205 -0.3348976874987314 -0.19681208398324168 -0.13183098803825888 0.6462457033032118 0.061350823435204975 0.1731326443657469 0.2720242794333565 0.4502366922747362 0.5417629444050941 0.597554365385918 0.6219682127995926 0.7959647852468427 0.8293376399720216 0.9268891973727782 0.8974242872738833 0.9435608554806942 0.5425240167539764 
0.9071845925017441 -0.5276238202981317 -0.8955864233801576 -0.9960887183943918 -0.4417953190020755 -0.8970901914402395 -0.8394395769949152 -0.8602038365821592 -0.7427416460755049 -0.6107002334671869 -0.620441566135629 -0.432771421998503 -0.38053001103319795 -0.31736265770418765 -0.1912472145240611 -0.11416561422164703 0.08684969742462409 0.046806541162004646 0.19032015901044116 -0.14888389454059617 0.4130721653195732 0.5185325005220263 0.6401684794130723 0.6790970460315162 0.7962945209704455 0.8176730413455916 0.406043813775775 0.9271056341540438 0.9633478192883633 0.5346430437469647 
0.9071845925017441 -0.5311633530932149 -0.8947014675536329 -0.9613426806570753 -0.44129667069733775 -0.8928347520317549 -0.8625782724780761 -0.7846420343105119 -0.7199616416517214 -0.6120460084297824 -0.6217988432679957 -0.4342828258959489 -0.3749119731188205 -0.3348976874987314 -0.19681208398324168 -0.13183098803825888 0.6462457033032118 0.061350823435204975 0.1731326443657469 0.2720242794333565 0.4502366922747362 0.5417629444050941 0.597554365385918 0.6219682127995926 0.7959647852468427 0.8293376399720216 0.9268891973727782 0.8974242872738833 0.9435608554806942 0.5425240167539764 
0.9071845925017441 -0.5276998319641967 -0.5095507483131755 -0.9468451916083607 -0.4417953190020755 -0.9010161079540525 -0.8534470143108788 -0.7913646505618522 -0.7175954389231469 -0.6120460084297824 -0.626415893831839 -0.4309876338646036 -0.05656547600847439 -0.32639421916773703 -0.18833875412796117 -0.13183098803825888 0.08939822433820402 0.0562282179679421 0.19142766238368514 -0.1233789972012487 0.4499260307357022 0.5293946277089439 0.635824734543823 0.6238061532393617 0.823051302311551 0.8184326897934332 0.9379076518439431 0.8974242872738833 0.952423042320334 0.5410939573603186 
0.9071845925017441 -0.5311633530932149 -0.5095507483131755 -0.9468451916083607 -0.44129667069733775 -0.8955406958897333 -0.8625782724780761 -0.7939681007758275 -0.7199616416517214 -0.6120460084297824 -0.6217988432679957 -0.4309876338646036 -0.38053001103319795 -0.3348976874987314 -0.19426640704509573 -0.13183098803825888 0.08040069911641591 0.061350823435204975 0.17855746889611696 -0.12465337525411821 0.4446048364823299 0.5196319572933306 0.635824734543823 0.616296541764513 0.823051302311551 0.8293376399720216 0.9308579770251976 0.8974242872738833 0.9463860433464638 0.539007584883637 
0.9071845925017441 -0.5235105686574869 -0.5055905273099213 -0.9468451916083607 -0.4417953190020755 -0.8915405303620366 -0.8431066081914904 -0.8357251634307528 -0.7200780272021892 -0.5964470118244267 -0.6228174067156783 -0.4309876338646036 -0.38204487550800253 -0.772140946690457 -0.22296110734801755 -0.13183098803825888 0.07548539740423428 0.06313419302492725 0.19032015901044116 -0.14888389454059617 0.4058929176136919 0.5293946277089439 0.6378034652283442 0.6751101456957271 0.7986958388696064 0.8293376399720216 0.9308579770251976 0.9062827209686074 0.9532579128892879 0.5422748449872222 
0.9071845925017441 -0.5243683073664216 -0.506801997291648 -0.9782437787942563 -0.4417953190020755 -0.8970979181097976 -0.3652322412265947 -0.8342332575930036 -0.7201922465576791 -0.608699803364873 -0.6110939646477003 -0.43717082751597774 -0.3802559268598089 -0.772140946690457 -0.18930037625117163 -0.11416561422164703 0.08083594475170773 0.6550284299923841 0.17699295262818981 -0.12162732873913418 0.4231530137496479 0.5327142033227602 0.6215362278805064 0.6917682726133006 0.8026303277202 0.819616807048304 0.86218842903381 0.9062827209686074 0.9498730041722292 0.5092481059344218 
0.9071845925017441 -0.5311633530932149 -0.5095507483131755 -0.9468451916083607 -0.4417953190020755 -0.8983204223543402 -0.8534470143108788 -0.7939681007758275 -0.7200780272021892 -0.5981062600749636 -0.6217988432679957 -0.4309876338646036 -0.38053001103319795 -0.33361261698872935 -0.1903627562175206 -0.13183098803825888 0.06304116358945147 0.0562282179679421 0.19032015901044116 -0.1233789972012487 0.4499260307357022 0.5293946277089439 0.635824734543823 0.6238061532393617 0.823051302311551 0.8293376399720216 0.9308579770251976 0.8974242872738833 0.952423042320334 0.5337443659544849 
0.9071845925017441 -0.5235105686574869 -0.5055905273099213 -0.9468451916083607 -0.4417953190020755 -0.8915405303620366 -0.8431066081914904 -0.8357251634307528 -0.7200780272021892 -0.5964470118244267 -0.6228174067156783 -0.4309876338646036 -0.38204487550800253 -0.772140946690457 -0.22296110734801755 -0.13183098803825888 0.07548539740423428 0.06313419302492725 0.19032015901044116 -0.14888389454059617 0.4058929176136919 0.5293946277089439 0.6378034652283442 0.6751101456957271 0.7986958388696064 0.8293376399720216 0.9308579770251976 0.9062827209686074 0.9532579128892879 0.5422748449872222 
0.9071845925017441 -0.5276238202981317 -0.5055367862486636 -0.9933701753866967 -0.4373290686932828 -0.8918378236814741 -0.8395753289314132 -0.7939681007758275 -0.7278653422099395 -0.6095418158532343 -0.6228174067156783 -0.45229068805136824 -0.3865880495626432 -0.772140946690457 -0.2005222033126258 -0.14961455386720424 0.07017959225878923 0.6595854333434416 0.18172824107123092 0.2987975880475674 0.4156020945325149 0.5382878612287146 0.6215362278805064 0.710325065642734 0.7945777044128437 0.8137788831676634 0.86218842903381 0.9062827209686074 0.9498730041722292 0.5296419166414909 
0.9071845925017441 -0.5243683073664216 -0.5025383203956989 -0.9933701753866967 -0.43205371857317904 -0.9008965978651591 -0.8404614488931641 -0.8366131086591976 -0.7002111502420256 -0.5989136681841946 -0.6326976688810868 -0.45229068805136824 -0.3865880495626432 -0.20007738767158512 -0.18495075373428368 -0.1121140502482017 0.04443428828207052 0.043335985199979554 0.1819061156035173 -0.1669700673845844 0.41369124779349875 0.5320816733767282 0.6301232732507666 0.7548505131191432 0.8026303277202 0.8137788831676634 0.8644437603894477 0.9062827209686074 0.9498730041722292 0.5346430437469647 
0.9071845925017441 -0.5311633530932149 -0.5146424565694077 -0.9468451916083607 -0.44129667069733775 -0.8983204223543402 -0.8625782724780761 -0.7846420343105119 -0.7199616416517214 -0.5981062600749636 -0.6217988432679957 -0.4309876338646036 -0.38053001103319795 -0.3335433139508041 -0.20025876053844935 -0.13183098803825888 0.04686677249668855 0.0625144084339707 0.1731326443657469 0.2720242794333565 0.4502366922747362 0.5196319572933306 0.6116433241425472 0.6151233672318897 0.819812009144316 0.8293376399720216 0.9219383527787317 0.8974242872738833 0.9446503176727883 0.5317001131536744 
0.9071845925017441 -0.5311633530932149 -0.5146424565694077 -0.9468451916083607 -0.44129667069733775 -0.8983204223543402 -0.8625782724780761 -0.7846420343105119 -0.7199616416517214 -0.5981062600749636 -0.6217988432679957 -0.4309876338646036 -0.38053001103319795 -0.3335433139508041 -0.20025876053844935 -0.13183098803825888 0.04686677249668855 0.0625144084339707 0.1731326443657469 0.2720242794333565 0.4502366922747362 0.5196319572933306 0.6116433241425472 0.6151233672318897 0.819812009144316 0.8293376399720216 0.9219383527787317 0.8974242872738833 0.9446503176727883 0.5317001131536744 
0.9071845925017441 -0.5243683073664216 -0.9077019341247264 -0.9468451916083607 -0.4417953190020755 -0.8919512524653797 -0.8404614488931641 -0.8414706459587737 -0.7070008017171322 -0.5981062600749636 -0.6183237686821856 -0.437499327387498 -0.38053001103319795 -0.31736265770418765 -0.18495075373428368 -0.1121140502482017 0.04443428828207052 0.050198777164822926 0.18411171388901218 -0.1583525808678254 0.4113361663527889 0.5417629444050941 0.6386019030677279 0.7547197160398774 0.8026303277202 0.8176730413455916 0.9233967870979891 0.9039721910687102 0.9513868245796271 0.5337443659544849 
0.9071845925017441 -0.5243683073664216 -0.9077019341247264 -0.9468451916083607 -0.4417953190020755 -0.8919512524653797 -0.8404614488931641 -0.8414706459587737 -0.7070008017171322 -0.5981062600749636 -0.6183237686821856 -0.437499327387498 -0.38053001103319795 -0.31736265770418765 -0.18495075373428368 -0.1121140502482017 0.04443428828207052 0.050198777164822926 0.18411171388901218 -0.1583525808678254 0.4113361663527889 0.5417629444050941 0.6386019030677279 0.7547197160398774 0.8026303277202 0.8176730413455916 0.9233967870979891 0.9039721910687102 0.9513868245796271 0.5337443659544849 
0.9071845925017441 -0.5152818006975831 -0.5055905273099213 -0.9958492588875671 -0.408535916437957 -0.7863697696077292 -0.8404614488931641 -0.826531988075873 -0.7106549714652457 -0.5981062600749636 -0.6228174067156783 -0.4426243638348805 -0.3846226314838521 -0.3320664673263966 -0.18575448315899318 -0.14209757186690045 0.08083594475170773 0.045061846661858425 0.19032015901044116 -0.14888389454059617 0.4159519583510321 0.5417629444050941 0.6313408237958439 0.7024093538411724 0.8040873386742767 0.8176730413455916 0.8621448688437787 0.8974242872738833 0.9435707594080258 0.5260388316756761 
0.9071845925017441 -0.5311633530932149 -0.5055905273099213 -0.9462977608189685 -0.40916636997975325 -0.8915405303620366 -0.8431066081914904 -0.7939681007758275 -0.7200780272021892 -0.6044104582157285 -0.6246447247841178 -0.43717082751597774 -0.8774999478996315 -0.33361261698872935 -0.1903627562175206 -0.12547814202458546 0.06304116358945147 0.0562282179679421 0.19032015901044116 -0.1233789972012487 0.4499260307357022 0.5400896010776488 0.6267571924616175 0.6751101456957271 0.8209438382754243 0.835929744267639 0.9394707548947615 0.9062827209686074 0.952423042320334 0.5422748449872222 
0.9071845925017441 -0.5276238202981317 -0.8944929860582026 -0.9613426806570753 -0.408535916437957 -0.8928347520317549 -0.8404614488931641 -0.8602038365821592 -0.7109474954767312 -0.6071158455856114 -0.6272851271039359 -0.4426243638348805 -0.38053001103319795 -0.31736265770418765 -0.18028222257954318 -0.14209757186690045 0.06383518776947424 0.045061846661858425 0.18099741054478108 -0.14888389454059617 0.41633764682088287 0.5417629444050941 0.6386019030677279 0.7475749460884822 0.8044144726930367 0.8352239998267819 0.8621448688437787 0.8974242872738833 0.9435608554806942 0.5382845390388082 
0.9071845925017441 -0.5243683073664216 -0.9077019341247264 -0.9590917229874277 -0.4417953190020755 -0.9006051217920477 -0.8445755430654608 -0.8366131086591976 -0.7225697928029321 -0.5981062600749636 -0.6148564192563408 -0.4309876338646036 -0.38053001103319795 -0.31736265770418765 -0.18495075373428368 0.06876946097692205 0.07548539740423428 0.051490146533090336 0.1752287282969504 -0.15006075077717365 0.4499260307357022 0.5320816733767282 0.6358552855485962 0.7548505131191432 0.8026303277202 0.8176730413455916 0.8644437603894477 0.9062827209686074 0.9633478192883633 0.5346430437469647 
0.9071845925017441 -0.5243683073664216 -0.5055905273099213 -0.9868439283920001 -0.44313460336058974 -0.9008965978651591 -0.8404614488931641 -0.9087261134265612 -0.6913136925797424 -0.6025166918515159 -0.6287356269027509 -0.42942257981429166 -0.38053001103319795 -0.19198958549130304 -0.18495075373428368 -0.1121140502482017 -0.42767758454365246 0.05215354206889875 0.1819061156035173 -0.1669700673845844 0.41369124779349875 0.5320816733767282 0.6301232732507666 0.750753507558056 0.8026303277202 0.8176730413455916 0.8694627003396239 0.9003666113244964 0.9658131313774749 0.5327994110975552 
0.9071845925017441 -0.5311633530932149 -0.5095507483131755 -0.9468451916083607 -0.44129667069733775 -0.8955406958897333 -0.8625782724780761 -0.7939681007758275 -0.7199616416517214 -0.6120460084297824 -0.6217988432679957 -0.4309876338646036 -0.38053001103319795 -0.3348976874987314 -0.19426640704509573 -0.13183098803825888 0.08040069911641591 0.061350823435204975 0.17855746889611696 -0.12465337525411821 0.4446048364823299 0.5196319572933306 0.635824734543823 0.616296541764513 0.823051302311551 0.8293376399720216 0.9308579770251976 0.8974242872738833 0.9463860433464638 0.539007584883637 
0.9071845925017441 -0.5152818006975831 -0.5085396298417695 -0.9409684582189787 -0.4092105728983317 -0.8983204223543402 -0.8404614488931641 -0.826531988075873 -0.7106549714652457 -0.021721251963904953 -0.6272851271039359 -0.4426243638348805 -0.3846226314838521 -0.3320664673263966 -0.1903627562175206 -0.14209757186690045 0.07060732688362582 0.046403012703526016 0.18174911883611733 -0.12465337525411821 0.4153346858493005 0.5417629444050941 0.6116433241425472 0.611839072368794 0.8295833892025518 0.8293376399720216 0.8649462014642328 0.8974242872738833 0.9463860433464638 0.5339441556212676 
0.9071845925017441 -0.5243683073664216 -0.5025383203956989 -0.9933701753866967 -0.43205371857317904 -0.9008965978651591 -0.8404614488931641 -0.8366131086591976 -0.7002111502420256 -0.5989136681841946 -0.6326976688810868 -0.45229068805136824 -0.3865880495626432 -0.20007738767158512 -0.18495075373428368 -0.1121140502482017 0.04443428828207052 0.043335985199979554 0.1819061156035173 -0.1669700673845844 0.41369124779349875 0.5320816733767282 0.6301232732507666 0.7548505131191432 0.8026303277202 0.8137788831676634 0.8644437603894477 0.9062827209686074 0.9498730041722292 0.5346430437469647 
0.2542518101519158 -0.9791037634327091 -0.9820222090304811 -0.8894199304848163 -0.7765963532722768 -0.7459889650402606 0.10715546707019041 -0.6131281535746844 -0.5892326439986856 -0.46295744822417667 -0.8404546377741678 -0.21877416669390579 -0.18975069406066553 -0.041990786928558343 0.5570315807180496 0.19335559632672866 0.30569603485444086 0.3460743058478947 0.48965035253487843 0.5896584933062907 0.6954914183235845 0.7301550580169603 0.8371671431098929 0.8472011833935129 0.8433124575370758 0.9539299438746709 0.877553466904903 0.9936098719632522 1.0 0.5236298022222693 
0.25388302957338293 -0.9986063453661445 -0.988687278487615 -0.8858889296677604 -0.7293709602112132 -0.7440497313386162 -0.25461753174098245 -0.6065212325026612 -0.5727952659387598 -0.4686955839971418 -0.8481612219203908 -0.24360827458120404 -0.08807486482872241 -0.05067984230925378 -0.003681405845013094 0.18289104880504015 0.2905111259128421 0.32638346981520144 0.5011849350913193 0.5763085937302374 0.6214258459397972 0.7101956164525971 0.8281374994085902 0.8337920570567044 0.7596994238844919 0.955158757546423 0.9196964807527613 0.9860863640464723 0.6399907917856411 0.5032956292054176 
0.9071845925017441 -0.5276238202981317 -0.8944929860582026 -0.9613426806570753 -0.408535916437957 -0.8928347520317549 -0.8404614488931641 -0.8602038365821592 -0.7109474954767312 -0.6071158455856114 -0.6272851271039359 -0.4426243638348805 -0.38053001103319795 -0.31736265770418765 -0.18028222257954318 -0.14209757186690045 0.06383518776947424 0.045061846661858425 0.18099741054478108 -0.14888389454059617 0.41633764682088287 0.5417629444050941 0.6386019030677279 0.7475749460884822 0.8044144726930367 0.8352239998267819 0.8621448688437787 0.8974242872738833 0.9435608554806942 0.5382845390388082 
0.25388302957338293 -0.9986063453661445 -0.988687278487615 -0.8858889296677604 -0.7293709602112132 -0.7440497313386162 -0.25461753174098245 -0.6065212325026612 -0.5727952659387598 -0.4686955839971418 -0.8481612219203908 -0.24360827458120404 -0.08807486482872241 -0.05067984230925378 -0.003681405845013094 0.18289104880504015 0.2905111259128421 0.32638346981520144 0.5011849350913193 0.5763085937302374 0.6214258459397972 0.7101956164525971 0.8281374994085902 0.8337920570567044 0.7596994238844919 0.955158757546423 0.9196964807527613 0.9860863640464723 0.6399907917856411 0.5032956292054176 
0.25379615018874435 -0.9790348344854297 -0.9944828641551134 -0.8858889296677604 -0.7778310171355041 -0.7440497313386162 -0.6884199102345222 -0.6029138595036841 -0.5727952659387598 -0.46069484294289115 -0.8474438163661325 -0.24218836427884363 -0.19623770515716857 -0.06350937649756325 -0.003681405845013094 0.18289104880504015 0.2905111259128421 0.3334516523735128 0.5045624134274868 0.5763085937302374 0.8045605677268228 0.7377063367043571 0.30636688209498664 0.8380795075229247 0.8463250651408295 0.9546660292968002 0.9196964807527613 0.9860863640464723 0.630034210242267 0.5488488349542912 
0.25379615018874435 -0.9790348344854297 -0.9928952696063766 -0.8858889296677604 -0.7859970355329247 -0.7520955899300554 -0.8635576883381293 -0.6029138595036841 -0.5764177084884873 -0.46069484294289115 -0.3995485486027926 -0.24360827458120404 -0.19623770515716857 -0.06628539640148237 -0.003681405845013094 0.19166202530200688 0.2966994264080984 0.3336353100366361 0.5173673538739518 0.580072878183853 0.6989007977138769 0.7399862788365698 0.8241593294340436 0.8380795075229247 0.8430260814008896 0.9546660292968002 0.9548429850052831 0.9860863640464723 0.9829027057754558 0.567618379519923 
0.25379615018874435 -0.9910764808904228 -0.9820222090304811 -0.8858889296677604 0.19402529522124912 -0.7745297843415223 -0.6960023271296877 -0.5995199346063895 -0.5764177084884873 -0.463241236102616 -0.8484724423567227 -0.24287811539794543 -0.19623770515716857 -0.012144229484988157 0.01185261771495344 0.1803865670620969 0.2874537179947608 0.34227771500857096 0.4803320645036807 0.5763085937302374 0.7024135448401041 0.7377779065697103 0.8355032202148361 0.8455802783040541 0.8342912141867754 0.9539299438746709 0.9613194130045434 0.9923560130130865 0.9120640144582797 0.5236298022222693 
0.2532909968910272 -0.9790348344854297 -0.9587603107308497 -0.8836316556324234 -0.3221238884899693 -0.7446177228500119 -0.7064829575436996 -0.5995199346063895 -0.5892326439986856 -0.4593468497572489 -0.8513656841177899 -0.23614793101598588 -0.19623770515716857 -0.05662192688938044 -0.003681405845013094 0.19857343573649885 0.3114785514519811 0.3458540035634162 0.49378670393251034 0.5763085937302374 0.8637920706225699 0.7301550580169603 0.8334947579734462 0.8380795075229247 0.8567905991515493 0.9463052232123027 0.966772107534628 0.9936098719632522 0.9081904085724666 0.5692121872311946 
0.25379615018874435 -0.9790348344854297 -0.9928952696063766 -0.8858889296677604 -0.7859970355329247 -0.7520955899300554 -0.8635576883381293 -0.6029138595036841 -0.5764177084884873 -0.46069484294289115 -0.3995485486027926 -0.24360827458120404 -0.19623770515716857 -0.06628539640148237 -0.003681405845013094 0.19166202530200688 0.2966994264080984 0.3336353100366361 0.5173673538739518 0.580072878183853 0.6989007977138769 0.7399862788365698 0.8241593294340436 0.8380795075229247 0.8430260814008896 0.9546660292968002 0.9548429850052831 0.9860863640464723 0.9829027057754558 0.567618379519923 
0.25388302957338293 -0.9859883336381747 -0.8811189122273324 -0.8493532499265 -0.737560013696776 -0.7359344458752859 -0.7100508513586686 -0.5940163814775085 -0.5764177084884873 -0.4693112254221268 -0.3700971626443764 -0.26636013108258627 -0.19623770515716857 -0.058800554892725405 0.02686459034215615 0.18911609662334242 0.2870262298556405 0.33025814450575247 0.5011849350913193 0.5763085937302374 0.6989007977138769 0.7059264410390833 0.818685831521789 0.8380795075229247 0.8677304374273412 0.9537295264867649 0.9678647636335178 0.9896321883099282 0.9803167924878637 0.9507199442585708 
0.25388302957338293 -0.9985251122549874 -0.988687278487615 -0.8611865446326982 -0.7293709602112132 -0.7666467770537603 -0.15594188014204247 -0.6065212325026612 -0.8068447734162618 -0.4686955839971418 -0.4180719690481138 -0.2566440643418395 -0.09314695152630317 -0.014045341895975177 0.049534955741580386 0.1902141697782757 0.29603397927942265 0.3345247552828218 0.4506151432887407 0.6038271039765806 0.6159252012050874 0.7101956164525971 0.8207206644582087 0.8426099276299807 0.8677304374273412 0.9370773218120383 0.9678647636335178 1.0 0.9888984055458865 0.5032209324713104 
0.25388302957338293 -0.9985251122549874 -0.988687278487615 -0.8611865446326982 -0.7293709602112132 -0.7666467770537603 -0.15594188014204247 -0.6065212325026612 -0.8068447734162618 -0.4686955839971418 -0.4180719690481138 -0.2566440643418395 -0.09314695152630317 -0.014045341895975177 0.049534955741580386 0.1902141697782757 0.29603397927942265 0.3345247552828218 0.4506151432887407 0.6038271039765806 0.6159252012050874 0.7101956164525971 0.8207206644582087 0.8426099276299807 0.8677304374273412 0.9370773218120383 0.9678647636335178 1.0 0.9888984055458865 0.5032209324713104 
0.25388302957338293 -0.9952587533356286 -0.8811189122273324 -0.8493532499265 -0.7336689002776605 -0.7405605141251885 -0.7100508513586686 -0.586772288204052 -0.5764177084884873 -0.4637470754389002 -0.3700971626443764 -0.2566440643418395 0.4579241475174114 -0.023503062460580544 0.027789503737053255 0.19617935809580256 0.2876232669770847 0.33025814450575247 0.464306367132865 0.6061701529452899 0.6104502601314403 0.7191894055131773 0.818685831521789 0.8971218027068503 0.8826390722854282 0.9537295264867649 0.9327480993164755 1.0 0.9898637938660524 0.9507199442585708 
0.25388302957338293 -0.9985251122549874 -0.9966936670942754 -0.8858889296677604 -0.735913340286767 -0.7666467770537603 -0.7064829575436996 -0.6065212325026612 0.06567816575165053 -0.4501447713644155 -0.3995485486027926 -0.19954940054944226 -0.19623770515716857 -0.051006934493923045 -0.003681405845013094 0.19166202530200688 0.2966994264080984 0.3345247552828218 0.4506151432887407 0.57192640561319 0.6159252012050874 0.7101956164525971 0.8211151670621878 0.8414026134086166 0.8433124575370758 0.955158757546423 0.9678647636335178 0.9982967502374736 0.9147565339193466 0.567618379519923 
0.25388302957338293 -0.9985251122549874 -0.9966936670942754 -0.8858889296677604 -0.735913340286767 -0.7666467770537603 -0.7064829575436996 -0.6065212325026612 0.06567816575165053 -0.4501447713644155 -0.3995485486027926 -0.19954940054944226 -0.19623770515716857 -0.051006934493923045 -0.003681405845013094 0.19166202530200688 0.2966994264080984 0.3345247552828218 0.4506151432887407 0.57192640561319 0.6159252012050874 0.7101956164525971 0.8211151670621878 0.8414026134086166 0.8433124575370758 0.955158757546423 0.9678647636335178 0.9982967502374736 0.9147565339193466 0.567618379519923 
0.2532468599049723 -0.979387360226845 -0.9460911724627965 -0.8574266519228345 -0.8049004492800521 -0.760384418367566 -0.6863765717133389 -0.6378990334764596 -0.5105654041824452 -0.477251210110032 -0.40668028596748873 -0.2574823843117928 -0.09795219872772923 -0.020725595939291967 0.03895567501375655 0.19617935809580256 0.9050079476112052 0.3207574918157766 0.46901044433007666 0.60381032919009 0.6104226052818368 0.6951172555044244 0.784896326133931 0.8544400008891474 0.8530346041441889 0.9329145318623604 0.9470530079864249 1.0 0.966311453226614 0.5134310039481245 
0.25379615018874435 -0.9973701630023014 -0.8829620659663934 -0.8338968335305122 -0.7506885827028149 -0.7666467770537603 -0.7126795214930491 -0.6021932226587233 -0.5553039299454811 -0.47151162214582976 -0.3700971626443764 -0.26481859589577417 -0.08810640467836958 -0.022265732488503172 0.02686459034215615 0.18945157691087866 0.29603397927942265 0.34353892115043966 0.4459802248013907 0.5856868069769446 0.7010805371937925 0.703270982084749 0.8211383754754008 0.8380825130501679 0.88515892284818 0.9383966379616693 0.963503990048356 0.9972504964534972 0.9758602150780316 0.9526933007796168 
0.25379615018874435 -0.9973701630023014 -0.8829620659663934 -0.8623372599106741 -0.7422438254152645 -0.7818447580801755 -0.7126795214930491 -0.5826087205031532 -0.5829198653880586 -0.47151162214582976 -0.3700971626443764 -0.2834206494097855 -0.08810640467836958 0.017676906468508738 -0.29067495863380777 0.1902141697782757 0.2876232669770847 0.33577151461658816 0.49243293711677627 0.5856868069769446 0.7010805371937925 0.7442236391393445 0.828137760111814 0.8501845016501172 0.8826390722854282 0.9537295264867649 0.943684468921797 1.0 0.9827261845268745 0.9865025183638791 
0.2532468599049723 -0.9797121054540312 -0.9517910357534675 -0.879599811068917 -0.7405156703709517 -0.7511212821030995 -0.7184248251587518 -0.584444248153979 -0.5675951948756088 -0.4621427099612871 -0.3823076108971384 -0.25074914864687575 -0.09795219872772923 0.014890129923054534 -0.09357633268185195 0.19166202530200688 0.30383737789802895 0.33025814450575247 0.4506151432887407 0.5929193824528968 0.6132531415664202 0.7458297750487431 0.8334947579734462 0.846301164088771 0.8649548004678934 0.9449406345731904 0.9421351395064215 1.0 0.9795470682003985 0.9351084431216969 
0.25379615018874435 -0.9957267810376994 -0.983757975041885 -0.9000710234663407 -0.737560013696776 -0.7412235034209007 -0.714497312977026 -0.5977959339586968 -0.5135145816424351 -0.46966085254406686 -0.3782822699012866 -0.26799231109188953 -0.17990410079827496 -0.015084123722950819 0.02686459034215615 0.19617935809580256 0.5214967703251603 0.33025814450575247 0.4728568625279657 0.6061701529452899 0.6172491765409537 0.7380008450384838 0.8334947579734462 0.8476558191265023 0.8739352364666584 0.9614675318642586 0.9589191913488757 1.0 0.9888984055458865 0.9351084431216969 
0.25379615018874435 -0.9973701630023014 -0.8829620659663934 -0.8338968335305122 -0.7506885827028149 -0.7666467770537603 -0.7126795214930491 -0.6021932226587233 -0.5553039299454811 -0.47151162214582976 -0.3700971626443764 -0.26481859589577417 -0.08810640467836958 -0.022265732488503172 0.02686459034215615 0.18945157691087866 0.29603397927942265 0.34353892115043966 0.4459802248013907 0.5856868069769446 0.7010805371937925 0.703270982084749 0.8211383754754008 0.8380825130501679 0.88515892284818 0.9383966379616693 0.963503990048356 0.9972504964534972 0.9758602150780316 0.9526933007796168 
0.2532468599049723 -0.9797121054540312 -0.9517910357534675 -0.879599811068917 -0.7405156703709517 -0.7511212821030995 -0.7184248251587518 -0.584444248153979 -0.5675951948756088 -0.4621427099612871 -0.3823076108971384 -0.25074914864687575 -0.09795219872772923 0.014890129923054534 -0.09357633268185195 0.19166202530200688 0.30383737789802895 0.33025814450575247 0.4506151432887407 0.5929193824528968 0.6132531415664202 0.7458297750487431 0.8334947579734462 0.846301164088771 0.8649548004678934 0.9449406345731904 0.9421351395064215 1.0 0.9795470682003985 0.9351084431216969 
0.2538239944426461 -0.9690173026378845 -0.882447543125447 -0.8574266519228345 -0.7613833128405965 -0.7391035842068051 -0.6882111921377632 -0.5935987150937546 -0.518830479107463 -0.46169433363531265 -0.39301998797525506 -0.27701333606565065 0.28860389124590013 0.009317480977507401 0.5762296324788703 0.17719561529951475 0.28420814919321874 0.3425098823828528 0.49243293711677627 0.5856868069769446 0.6067189404333968 0.7205159772114968 0.7047266053557157 0.84776511675663 0.8813365584493565 0.9445392271598281 0.9513441671852069 0.9951900921624798 0.9858780651329491 0.9869497704795478 
0.253264042656644 -0.9790348344854297 -0.9928952696063766 -0.8777926129309889 -0.7909758896939045 -0.763238860310217 -0.8635576883381293 -0.6367931343368436 -0.57151958755436 -0.4686955839971418 -0.4180719690481138 -0.24360827458120404 -0.09314695152630317 -0.014045341895975177 0.046030448884810705 0.1941993672126297 0.2966994264080984 0.3500124619233269 0.4506151432887407 0.5739730810000092 0.61341720150103 0.7101956164525971 0.7952559149718622 0.8514632008621789 0.8677304374273412 0.853381275832388 0.9489301997800149 1.0 0.9829027057754558 0.5032209324713104 
0.25379615018874435 -0.9965096529826833 -0.988687278487615 -0.8533030801564246 -0.7407302875567419 -0.7666467770537603 -0.15594188014204247 -0.6021932226587233 -0.549290677717462 -0.468151202605841 -0.41168083175304554 -0.26481859589577417 -0.09535349166301525 -0.014045341895975177 0.02686459034215615 0.1902141697782757 0.29603397927942265 0.33025814450575247 0.4506151432887407 0.6038271039765806 0.7010805371937925 0.7352720189670898 0.8177835513901157 0.8380795075229247 0.8677304374273412 0.9370773218120383 0.9678647636335178 0.9896321883099282 0.9888984055458865 0.5032209324713104 
0.2538239944426461 -0.9025892838212048 -0.9587603107308497 -0.8574266519228345 -0.7535153797475828 -0.7415497705832507 -0.703507775151569 -0.6135776330970029 -0.57151958755436 -0.47236514042779093 -0.36322979852824167 -0.2574823843117928 -0.19615490109940353 -0.020725595939291967 -0.00439657197796664 0.19166202530200688 0.3214425086002279 0.3467126583375177 0.974937928241655 0.5929193824528968 0.6132531415664202 0.7304100112841716 0.8310224615501097 0.8548380033981606 0.8530382896152255 0.9718263432707958 0.9502689604679575 0.9963587426704709 0.9779109295864988 0.9755619155119489 
0.2538239944426461 -0.9690173026378845 -0.882447543125447 -0.8574266519228345 -0.7613833128405965 -0.7391035842068051 -0.6882111921377632 -0.5935987150937546 -0.518830479107463 -0.46169433363531265 -0.39301998797525506 -0.27701333606565065 0.28860389124590013 0.009317480977507401 0.5762296324788703 0.17719561529951475 0.28420814919321874 0.3425098823828528 0.49243293711677627 0.5856868069769446 0.6067189404333968 0.7205159772114968 0.7047266053557157 0.84776511675663 0.8813365584493565 0.9445392271598281 0.9513441671852069 0.9951900921624798 0.9858780651329491 0.9869497704795478 
0.253264042656644 -0.9859883336381747 -0.9587603107308497 -0.8864558146806145 -0.7613833128405965 -0.7511212821030995 -0.7043746087695144 -0.6072654884869568 -0.5675951948756088 -0.4664671086925129 -0.37853142828787056 -0.25074914864687575 -0.10538789005412295 0.014890129923054534 0.03247408089307245 0.19166202530200688 0.3010594234933871 0.3208109473605205 -0.1251480293373719 0.5929193824528968 0.6132531415664202 0.7304100112841716 0.8310224615501097 0.8916323067914811 0.8646085153826437 0.9568632408509699 0.9421351395064215 1.0 0.966311453226614 0.9755619155119489 
0.2538239944426461 -0.9025892838212048 -0.9587603107308497 -0.8574266519228345 -0.7535153797475828 -0.7415497705832507 -0.703507775151569 -0.6135776330970029 -0.57151958755436 -0.47236514042779093 -0.36322979852824167 -0.2574823843117928 -0.19615490109940353 -0.020725595939291967 -0.00439657197796664 0.19166202530200688 0.3214425086002279 0.3467126583375177 0.974937928241655 0.5929193824528968 0.6132531415664202 0.7304100112841716 0.8310224615501097 0.8548380033981606 0.8530382896152255 0.9718263432707958 0.9502689604679575 0.9963587426704709 0.9779109295864988 0.9755619155119489 
0.2538239944426461 -0.988029693335859 -0.882447543125447 -0.8574266519228345 -0.7613833128405965 -0.7363815225721484 -0.7059301247548928 -0.5884992368914872 -0.5224413246325295 -0.47236514042779093 -0.3782822699012866 -0.2574823843117928 -0.10379072320204716 -0.020725595939291967 -0.00439657197796664 0.19617935809580256 0.3260726814014351 0.32569166247977155 0.4714907240403584 0.6061701529452899 0.7717419784890966 0.7380736142424981 0.8246471164835479 0.84776511675663 0.8588215371765331 0.9509892830025398 0.9502689604679575 1.0 0.9888984055458865 0.941933916749681 
0.2538239944426461 -0.988029693335859 -0.882447543125447 -0.8574266519228345 -0.7613833128405965 -0.7363815225721484 -0.7059301247548928 -0.5884992368914872 -0.5224413246325295 -0.47236514042779093 -0.3782822699012866 -0.2574823843117928 -0.10379072320204716 -0.020725595939291967 -0.00439657197796664 0.19617935809580256 0.3260726814014351 0.32569166247977155 0.4714907240403584 0.6061701529452899 0.7717419784890966 0.7380736142424981 0.8246471164835479 0.84776511675663 0.8588215371765331 0.9509892830025398 0.9502689604679575 1.0 0.9888984055458865 0.941933916749681 
0.25388302957338293 -0.9797121054540312 -0.8668696970473747 -0.8574266519228345 -0.8173241176961044 -0.7405605141251885 -0.6882111921377632 -0.5977959339586968 -0.5817937798325683 -0.46610014255914994 -0.3782822699012866 -0.2574823843117928 -0.07511111625306247 -0.02411996892938633 -0.00439657197796664 0.19617935809580256 0.3334963228045231 0.32620397048991934 0.4565121932932754 0.6061701529452899 0.6241471842060317 0.7889212252248226 0.8341481209571516 0.8351355641342167 0.8577820515796326 0.9515363258326688 0.9451973252052109 1.0 0.9962597265154431 0.941933916749681 
0.2532468599049723 -0.9812271984171743 -0.874626745274373 -0.8574266519228345 -0.3905809144106256 -0.7449577661014437 -0.7012115654400235 -0.6123811593733413 -0.5829198653880586 -0.468151202605841 -0.3782822699012866 -0.2596979737268623 -0.09795219872772923 -0.020725595939291967 -0.00439657197796664 0.1810945378489506 0.327272948005299 0.35098023561621916 0.46199906327524626 0.6036305707552748 0.6073679097226864 0.7458297750487431 0.8207206644582087 0.8420091241268249 0.8588215371765331 0.9449406345731904 0.9521797565732704 0.9977634756369481 0.9888984055458865 0.5032209324713104 
0.2538239944426461 -0.9797121054540312 -0.8828744740822881 -0.8643103655227032 -0.8173241176961044 -0.7203196844472669 -0.7092754157465336 -0.5977959339586968 -0.5887656189704109 -0.4606579232830143 -0.3782822699012866 -0.2574823843117928 -0.20071503340948266 -0.015572692055684803 0.0034948714494222616 0.2040103133817454 0.7834607944192034 0.32620397048991934 0.4506151432887407 0.6049580078286307 0.6073679097226864 0.7402064688531274 0.8207206644582087 0.8478017730953352 0.8588215371765331 0.9431529786132147 0.945010568693381 0.9940998837404899 0.971956545906915 0.941933916749681 
0.2532468599049723 -0.9797121054540312 -0.9460911724627965 -0.8574266519228345 -0.7405156703709517 -0.7449577661014437 -0.7012115654400235 -0.5977959339586968 -0.5817937798325683 -0.468151202605841 -0.3782822699012866 -0.2574823843117928 -0.09795219872772923 -0.020725595939291967 -0.00439657197796664 0.19617935809580256 0.327272948005299 0.32569166247977155 0.4506151432887407 0.6061701529452899 0.6073679097226864 0.7458297750487431 0.8207206644582087 0.8476558191265023 0.8588215371765331 0.9449406345731904 0.9549262851467183 1.0 0.9888984055458865 0.941933916749681 
0.253264042656644 -0.9072815024917715 -0.8829620659663934 -0.8649511805774307 -0.8029824348096539 -0.7295473826740057 -0.6882111921377632 -0.6123811593733413 -0.57151958755436 -0.4664671086925129 -0.36322979852824167 -0.2552239753874493 -0.20071503340948266 -0.023503062460580544 0.04042472661061274 0.19769156024633183 0.28966866972514843 0.3467126583375177 0.4751906217596503 0.603312333824281 0.6104502601314403 0.7304100112841716 0.8207206644582087 0.8916323067914811 0.8727321918507063 0.9604350790984297 0.945010568693381 0.9931221891174885 0.9888984055458865 0.9803340496166288 
0.2538239944426461 -0.9690173026378845 -0.874626745274373 -0.8623372599106741 -0.8040035436677432 -0.7391035842068051 -0.6968065692805346 -0.5952603749521105 -0.5224413246325295 -0.46672826464546585 -0.39301998797525506 -0.27701333606565065 -0.09795219872772923 0.009317480977507401 0.5762296324788703 0.17719561529951475 0.29660119436688676 0.3425098823828528 0.49243293711677627 0.5856868069769446 0.6132531415664202 0.7458297750487431 0.7047266053557157 0.8420091241268249 0.8544169458809704 0.9413183779309968 0.9521797565732704 0.9931221891174885 0.9952680471558809 0.46799009390207846 
0.2538239944426461 -0.9797121054540312 -0.8828744740822881 -0.8643103655227032 -0.8173241176961044 -0.7203196844472669 -0.7092754157465336 -0.5977959339586968 -0.5887656189704109 -0.4606579232830143 -0.3782822699012866 -0.2574823843117928 -0.20071503340948266 -0.015572692055684803 0.0034948714494222616 0.2040103133817454 0.7834607944192034 0.32620397048991934 0.4506151432887407 0.6049580078286307 0.6073679097226864 0.7402064688531274 0.8207206644582087 0.8478017730953352 0.8588215371765331 0.9431529786132147 0.945010568693381 0.9940998837404899 0.971956545906915 0.941933916749681 
0.253264042656644 -0.9088529156293034 -0.8726067795091162 -0.8539244430252259 -0.7858053487921683 -0.7723554234640326 -0.6882111921377632 -0.6171185066508555 -0.57151958755436 -0.46672826464546585 -0.36322979852824167 -0.2775023573609665 -0.20071503340948266 0.014890129923054534 0.6001878765876325 0.19786284335419607 0.28420814919321874 0.33629230221009987 0.4756807946870435 0.5856868069769446 0.6067189404333968 0.7304100112841716 0.8194410967037004 0.8501845016501172 0.8727321918507063 0.9718263432707958 0.9354859228888265 1.0 0.9799552262450364 0.9865025183638791 
0.253264042656644 -0.9072815024917715 -0.8726067795091162 -0.872442207635768 -0.7886794870366647 -0.7252118612629563 -0.6882111921377632 -0.6072293703165055 -0.57151958755436 -0.4680014919063242 -0.36322979852824167 -0.2549168973919319 -0.20071503340948266 0.014890129923054534 0.04042472661061274 0.19769156024633183 0.14302923758905917 0.3467126583375177 0.4756807946870435 0.5929193824528968 0.5929242818669174 0.7304100112841716 0.8194410967037004 0.8916323067914811 0.8727321918507063 0.9718263432707958 0.945010568693381 1.0 0.9888984055458865 0.9811863156726874 
0.2538239944426461 -0.9890733700384696 -0.8813308412585994 -0.8810118365924898 -0.7613833128405965 -0.7687741080367554 -0.714497312977026 -0.5966637686254197 -0.5224413246325295 -0.47236514042779093 -0.4012066359286469 -0.26799231109188953 -0.1836778553939895 0.014890129923054534 0.028070276784194093 0.19395791121817296 0.29660119436688676 0.8315802522232457 0.4714907240403584 0.5929193824528968 0.6074392415940437 0.7316920550789136 0.7047266053557157 0.84776511675663 0.8664844713655404 0.9614675318642586 0.9498751965978778 0.9978430814532556 0.9722161153929028 0.5616892872538634 
0.2532468599049723 -0.9797121054540312 -0.9460911724627965 -0.8574266519228345 -0.7405156703709517 -0.7449577661014437 -0.7012115654400235 -0.5977959339586968 -0.5817937798325683 -0.468151202605841 -0.3782822699012866 -0.2574823843117928 -0.09795219872772923 -0.020725595939291967 -0.00439657197796664 0.19617935809580256 0.327272948005299 0.32569166247977155 0.4506151432887407 0.6061701529452899 0.6073679097226864 0.7458297750487431 0.8207206644582087 0.8476558191265023 0.8588215371765331 0.9449406345731904 0.9549262851467183 1.0 0.9888984055458865 0.941933916749681 
0.253264042656644 -0.9072815024917715 -0.8726067795091162 -0.8649511805774307 -0.7613833128405965 -0.7295473826740057 -0.6882111921377632 -0.6072293703165055 -0.57151958755436 -0.4664671086925129 -0.37853142828787056 -0.2549168973919319 -0.20071503340948266 0.014890129923054534 0.04042472661061274 0.6729576140835987 0.28966866972514843 0.3467126583375177 0.4751906217596503 0.5929193824528968 0.6025645021869787 0.7304100112841716 0.6953804514638062 0.8916323067914811 0.8664844713655404 0.9631200850360799 0.945010568693381 1.0 0.9888984055458865 0.9840302062118726 
0.253264042656644 -0.9072815024917715 -0.8726067795091162 -0.8649511805774307 -0.7613833128405965 -0.7295473826740057 -0.6882111921377632 -0.6072293703165055 -0.57151958755436 -0.4664671086925129 -0.37853142828787056 -0.2549168973919319 -0.20071503340948266 0.014890129923054534 0.04042472661061274 0.6729576140835987 0.28966866972514843 0.3467126583375177 0.4751906217596503 0.5929193824528968 0.6025645021869787 0.7304100112841716 0.6953804514638062 0.8916323067914811 0.8664844713655404 0.9631200850360799 0.945010568693381 1.0 0.9888984055458865 0.9840302062118726 
0.253264042656644 -0.9052789218002948 -0.9587603107308497 -0.8693608737654895 -0.8037250927201871 -0.7397745016999141 -0.7066212037710176 -0.63271316764144 -0.5887656189704109 -0.4664671086925129 -0.40668028596748873 -0.781768848727181 -0.20071503340948266 0.011736774678688108 0.016826191527772153 0.19602044302724425 0.7834607944192034 0.3238956593513746 0.4506151432887407 0.620055854227074 0.6073679097226864 0.752059748429444 0.8207206644582087 0.8478017730953352 0.8646085153826437 0.9513822353871849 0.945010568693381 0.9940998837404899 0.966311453226614 0.941933916749681 
0.253264042656644 -0.9052789218002948 -0.9587603107308497 -0.8693608737654895 -0.8037250927201871 -0.7397745016999141 -0.7066212037710176 -0.63271316764144 -0.5887656189704109 -0.4664671086925129 -0.40668028596748873 -0.781768848727181 -0.20071503340948266 0.011736774678688108 0.016826191527772153 0.19602044302724425 0.7834607944192034 0.3238956593513746 0.4506151432887407 0.620055854227074 0.6073679097226864 0.752059748429444 0.8207206644582087 0.8478017730953352 0.8646085153826437 0.9513822353871849 0.945010568693381 0.9940998837404899 0.966311453226614 0.941933916749681 
0.25388302957338293 -0.9061629555586272 -0.874626745274373 -0.7677247245312022 -0.8040035436677432 -0.730513211572471 -0.69442786941186 -0.592602040959778 -0.5776069350295508 -0.4666711097649792 -0.41013334335736557 -0.25468748624582455 -0.20071503340948266 -0.020140936037291477 0.031714321234726936 0.18414474502592293 0.32238486699741514 0.34781687997313604 0.4751906217596503 0.6118213270975127 0.6083132697875041 0.7081426968341022 0.8040769830657238 0.3618646651318395 0.8727321918507063 0.9418979121016725 0.9489301997800149 0.9993674605830556 0.966311453226614 0.9865025183638791 
0.253264042656644 -0.9061629555586272 -0.8619153977473859 -0.8693608737654895 -0.8037250927201871 -0.7397745016999141 -0.6868550859790761 -0.63271316764144 -0.5829198653880586 -0.46836853337346446 -0.40668028596748873 -0.25468748624582455 -0.20071503340948266 -0.008363640401574 0.048654961236568595 0.1793171153591928 0.30144734058600436 0.3324678583695202 0.4806036274007308 0.6118213270975127 0.6044532879227046 0.7081426968341022 0.8099041939298751 0.36319494568744765 0.8727321918507063 0.9418979121016725 0.9489056076351012 0.9993674605830556 0.974630938437594 0.9800208150610314 
0.253264042656644 -0.9137478643171024 -0.8581522751479288 -0.8693608737654895 -0.9113675273889499 -0.7356621437612659 -0.69442786941186 -0.6438855659137377 -0.5829198653880586 -0.4730366870455069 -0.3711335950200394 -0.2608259823095632 -0.11687700734338105 -0.024576643294579845 0.04001509644408267 0.20993122412132056 0.2963981181777775 0.3359179961508001 0.480625514801895 0.6118213270975127 0.6060605951471058 0.7227544613474527 0.8029044598168015 0.3343582599016278 0.8813734277621884 0.9418979121016725 0.9699400696155004 0.9993674605830556 0.9656637002952062 0.5145456601759542 
0.253264042656644 -0.9877225201259086 -0.8619153977473859 -0.8693608737654895 -0.8037250927201871 -0.760384418367566 -0.6868550859790761 -0.6296445153512615 -0.5173189799116499 -0.46836853337346446 -0.3993197081410304 -0.26683723871878473 -0.22482395145850154 0.5748544528708217 0.054915593534178464 0.17759710842935297 0.29085623156915474 0.3324678583695202 0.4806036274007308 0.03919222512973969 0.5952621996327128 0.7081426968341022 0.8099041939298751 0.3639803529836185 0.8727321918507063 0.9329145318623604 0.9537373523278079 0.9993674605830556 0.974630938437594 0.9800208150610314 
0.253264042656644 -0.9061629555586272 -0.8619153977473859 -0.8693608737654895 -0.8037250927201871 -0.7397745016999141 -0.6868550859790761 -0.63271316764144 -0.5829198653880586 -0.46836853337346446 -0.40668028596748873 -0.25468748624582455 -0.20071503340948266 -0.008363640401574 0.048654961236568595 0.1793171153591928 0.30144734058600436 0.3324678583695202 0.4806036274007308 0.6118213270975127 0.6044532879227046 0.7081426968341022 0.8099041939298751 0.36319494568744765 0.8727321918507063 0.9418979121016725 0.9489056076351012 0.9993674605830556 0.974630938437594 0.9800208150610314 
0.253264042656644 -0.9061629555586272 -0.8700407197420897 -0.8649511805774307 -0.811217418543047 -0.730513211572471 -0.69442786941186 -0.6378990334764596 -0.57151958755436 -0.46836853337346446 -0.3711335950200394 -0.2724328738291889 -0.2001963180304933 0.4582360158320966 0.04001509644408267 0.19855315371706309 0.30144734058600436 0.3500124619233269 0.4782281564938209 0.6118213270975127 0.6138611014476666 0.7227544613474527 0.8003921184289642 0.36538892501189246 0.8727321918507063 0.9910699943910253 0.9489301997800149 0.9993674605830556 0.9498361720029821 0.9800208150610314 
0.253264042656644 -0.9859883336381747 -0.8563355725677317 -0.8546190603774251 -0.8040035436677432 -0.760384418367566 -0.691233968787159 -0.6296445153512615 -0.5173189799116499 -0.4703935280821831 -0.40668028596748873 -0.2516045545584956 -0.21056586031008975 -0.01561145790382253 0.04042472661061274 0.6647648418245806 0.29085623156915474 0.8315802522232457 0.46901044433007666 0.03162679920693279 0.6104226052818368 0.7316920550789136 0.8164526377704695 0.3639803529836185 0.875130906269119 0.9329145318623604 0.9521797565732704 0.9993674605830556 0.966311453226614 0.5166319864234216 
0.253264042656644 -0.9859883336381747 -0.8644324010648036 -0.8693608737654895 -0.8037250927201871 -0.7397745016999141 -0.69442786941186 -0.6348044448401257 -0.5829198653880586 -0.45840549137049696 -0.40668028596748873 -0.12065262880753291 -0.21056586031008975 -0.020140936037291477 0.048654961236568595 0.1793171153591928 0.2956030031294116 0.4292274657332278 0.4751906217596503 0.5993182930186568 0.6083132697875041 0.7316920550789136 0.8040769830657238 0.3317920352716557 0.8811560961045841 0.9329145318623604 0.971581019905436 0.9927612061687237 0.9591987194885389 0.9800208150610314 
0.253264042656644 -0.9859883336381747 -0.8644324010648036 -0.8693608737654895 -0.8037250927201871 -0.7397745016999141 -0.69442786941186 -0.6348044448401257 -0.5829198653880586 -0.45840549137049696 -0.40668028596748873 -0.12065262880753291 -0.21056586031008975 -0.020140936037291477 0.048654961236568595 0.1793171153591928 0.2956030031294116 0.4292274657332278 0.4751906217596503 0.5993182930186568 0.6083132697875041 0.7316920550789136 0.8040769830657238 0.3317920352716557 0.8811560961045841 0.9329145318623604 0.971581019905436 0.9927612061687237 0.9591987194885389 0.9800208150610314 
0.253264042656644 -0.9041186789916884 -0.874626745274373 -0.8693608737654895 -0.8201880113997423 -0.7345186281687488 -0.6989039474529377 -0.6406702359250324 -0.5751971027943092 -0.47687435801537426 -0.3864085225462893 -0.2608259823095632 -0.11701214425716736 -0.024576643294579845 0.029279033438340582 0.1793171153591928 0.31433178841236314 0.3467126583375177 0.480625514801895 0.6031556091682051 0.6060605951471058 0.7010918703061215 0.784896326133931 0.31471044758164135 0.887101866801075 0.41987455696279863 0.9699400696155004 0.9901141738771849 0.9666103392908693 0.5145456601759542 
0.253264042656644 -0.9041186789916884 -0.874626745274373 -0.8693608737654895 -0.8201880113997423 -0.7345186281687488 -0.6989039474529377 -0.6406702359250324 -0.5751971027943092 -0.47687435801537426 -0.3864085225462893 -0.2608259823095632 -0.11701214425716736 -0.024576643294579845 0.029279033438340582 0.1793171153591928 0.31433178841236314 0.3467126583375177 0.480625514801895 0.6031556091682051 0.6060605951471058 0.7010918703061215 0.784896326133931 0.31471044758164135 0.887101866801075 0.41987455696279863 0.9699400696155004 0.9901141738771849 0.9666103392908693 0.5145456601759542 
0.253264042656644 -0.9859883336381747 -0.8644324010648036 -0.8693608737654895 -0.803740615985411 -0.7397745016999141 -0.6767385847110077 -0.6406702359250324 -0.5829198653880586 -0.4544356821388427 -0.40668028596748873 -0.26616718352005514 -0.11701214425716736 -0.021515644960806223 0.048654961236568595 0.16524926313657115 0.2956030031294116 0.4292274657332278 0.4695608901404526 0.5926256353438064 0.6138611014476666 0.7316920550789136 0.8006616549361545 0.36206631210306317 0.8731280861627917 0.9329145318623604 0.971581019905436 0.9855451077895591 0.9591987194885389 0.06122579162288533 
0.25388302957338293 -0.9061629555586272 -0.874626745274373 -0.8693736834451347 -0.8040035436677432 -0.7511212821030995 -0.69442786941186 -0.5980270488581613 -0.5726813084380351 -0.4448331321530628 -0.37848776234413567 -0.2596979737268623 -0.10538789005412295 0.004320186272268176 0.03247408089307245 0.5742585983593973 0.30144734058600436 0.3467126583375177 0.4702190384607118 0.6656166632716795 0.6132531415664202 0.7199338774689851 0.8136573507566458 0.3639803529836185 0.8727321918507063 0.9552191798523868 0.9430203229326235 0.9911545117529064 0.966311453226614 0.9803340496166288 
0.253264042656644 -0.9137478643171024 -0.9081821723380348 -0.8693608737654895 -0.8223181361364484 -0.7345186281687488 -0.7037586342068588 -0.6406702359250324 -0.5751971027943092 -0.58106919268085 -0.3711335950200394 -0.2608259823095632 -0.10854779660203963 -0.024576643294579845 0.04001509644408267 0.21639364241785983 0.3007395881490385 0.3359179961508001 0.480625514801895 0.6031556091682051 0.6138611014476666 0.7010918703061215 0.780924319419371 0.31471044758164135 0.8732313048875601 0.4325201129844514 0.968212804623344 0.9993674605830556 0.9757733376073867 0.5145456601759542 
0.253264042656644 -0.9061629555586272 -0.8700407197420897 -0.8649511805774307 -0.811217418543047 -0.730513211572471 -0.69442786941186 -0.6378990334764596 -0.57151958755436 -0.46836853337346446 -0.3711335950200394 -0.2724328738291889 -0.2001963180304933 0.4582360158320966 0.04001509644408267 0.19855315371706309 0.30144734058600436 0.3500124619233269 0.4782281564938209 0.6118213270975127 0.6138611014476666 0.7227544613474527 0.8003921184289642 0.36538892501189246 0.8727321918507063 0.9910699943910253 0.9489301997800149 0.9993674605830556 0.9498361720029821 0.9800208150610314 
0.253264042656644 -0.9041186789916884 -0.8694747341409748 -0.8693608737654895 -0.8037250927201871 -0.7345186281687488 -0.6931614680395668 -0.6406702359250324 -0.5751971027943092 -0.4644063740890889 -0.3711335950200394 0.8465023507207694 -0.11701214425716736 -0.024848760670132107 0.013696220294908815 0.19855315371706309 0.29982941840902394 0.4194039726125137 0.4728695138834543 0.6031556091682051 0.6095323778741932 0.7107402517181497 0.7982589001255509 0.3106048593577889 0.887101866801075 0.41179064681718597 0.9584283026068297 0.9877068099703997 0.9666103392908693 0.9800208150610314 
0.253264042656644 -0.9041186789916884 -0.8694747341409748 -0.8693608737654895 -0.8037250927201871 -0.7345186281687488 -0.6931614680395668 -0.6406702359250324 -0.5751971027943092 -0.4644063740890889 -0.3711335950200394 0.8465023507207694 -0.11701214425716736 -0.024848760670132107 0.013696220294908815 0.19855315371706309 0.29982941840902394 0.4194039726125137 0.4728695138834543 0.6031556091682051 0.6095323778741932 0.7107402517181497 0.7982589001255509 0.3106048593577889 0.887101866801075 0.41179064681718597 0.9584283026068297 0.9877068099703997 0.9666103392908693 0.9800208150610314 
0.253264042656644 -0.8983667515890994 -0.9081821723380348 -0.8693608737654895 -0.8000418541285872 -0.7410790261457538 -0.7037586342068588 -0.6406702359250324 -0.5829198653880586 -0.45352083063372695 -0.3864085225462893 -0.12506774102065127 -0.2001963180304933 0.4582360158320966 0.04169196825340129 0.20301277036672616 0.3007395881490385 0.3500124619233269 0.4782281564938209 0.6118213270975127 0.6138611014476666 0.7252773722051309 0.8039065945804736 0.31471044758164135 0.8727321918507063 0.41987455696279863 0.9489301997800149 0.9993674605830556 0.9666103392908693 0.5063180446848248 
0.253264042656644 0.6896433923703003 -0.909575743003259 -0.8693608737654895 -0.8000418541285872 -0.7345186281687488 -0.6989039474529377 -0.635953790080794 -0.5751971027943092 -0.45352083063372695 -0.3792224440712243 -0.2608259823095632 -0.11701214425716736 0.4648149179748033 0.013701254718346366 0.20301277036672616 0.3007395881490385 0.3402928376182493 0.480625514801895 0.6118213270975127 0.6072175740415792 0.7162489691443347 0.7982589001255509 0.31471044758164135 0.8695620872228128 0.42198669761461827 0.976171902765772 1.0 0.9666103392908693 0.5145456601759542 
0.253264042656644 0.07484446608152262 -0.8694747341409748 -0.8637016302628899 -0.8037250927201871 -0.7303487866262601 -0.6931614680395668 -0.6378990334764596 -0.5751971027943092 -0.47687435801537426 -0.3711335950200394 -0.2608259823095632 -0.11701214425716736 -0.024576643294579845 0.03261130898782416 0.19855315371706309 0.30144734058600436 0.4292274657332278 0.48267029913334275 0.6009905830450082 0.6179156340952211 0.7107402517181497 0.784896326133931 0.36206631210306317 0.887101866801075 0.9976224266881986 0.9584283026068297 0.9877068099703997 0.9666103392908693 0.9800208150610314 
0.253264042656644 -0.9137478643171024 -0.9081821723380348 -0.8693608737654895 -0.8223181361364484 -0.7345186281687488 -0.7037586342068588 -0.6406702359250324 -0.5751971027943092 -0.58106919268085 -0.3711335950200394 -0.2608259823095632 -0.10854779660203963 -0.024576643294579845 0.04001509644408267 0.21639364241785983 0.3007395881490385 0.3359179961508001 0.480625514801895 0.6031556091682051 0.6138611014476666 0.7010918703061215 0.780924319419371 0.31471044758164135 0.8732313048875601 0.4325201129844514 0.968212804623344 0.9993674605830556 0.9757733376073867 0.5145456601759542 
