1.081813446953595 0.05302326170347585 
1.0532304137366246 0.057812304366325194 
1.0495167156231207 0.07065978521475398 
1.0422417222855958 0.08123976203606371 
1.0422417222855958 0.08123976203606371 
1.0056627168063699 0.10195292195447138 
1.0056059956231211 0.11105472861803647 
1.0027360200476807 0.12376233112844706 
1.0021946727806512 0.13129385103140379 
1.0005587490356622 0.14418729358140767 
1.0008617954796248 0.1322138839954702 
1.0004124060190824 0.13750459035134333 
1.0005587490356622 0.14418729358140767 
1.0008617954796248 0.1322138839954702 
0.9912283693152477 0.19445700934525603 
0.9867176736168678 0.20635224355063342 
0.9662650587717164 0.2255476488154749 
0.9530009910689726 0.23530098820424145 
0.9555306074208706 0.23595929932913706 
0.9539407350373521 0.25682654122648996 
0.9530497830690903 0.26884115092399613 
0.9520444299801936 0.26646050912357105 
0.9530009910689726 0.23530098820424145 
0.9516033769864936 0.29145130208340003 
0.9516033769864936 0.29145130208340003 
0.9520444299801936 0.26646050912357105 
0.9171700332878695 0.35289944850824567 
0.9045235645018763 0.3595175164396958 
0.8943317307315747 0.3810443166969534 
0.8795902086111325 0.38939975448586084 
0.8782277502669693 0.3916594606381421 
0.8734066361129678 0.41648196400419485 
0.8546838005907154 0.42826731159238984 
0.8546838005907154 0.42826731159238984 
0.8545881576002992 0.449117471851758 
0.8547043576367409 0.44973031526764984 
0.8545407972458232 0.4396342056674549 
0.8086130728941407 0.4951465013850512 
0.7938063440273507 0.5080023202668096 
0.7893152056769382 0.5024176969817303 
0.7768504556786221 0.5344954236238173 
0.7768504556786221 0.5344954236238173 
0.7627035606546833 0.5618308036417294 
0.7532003245128691 0.5765897566970146 
0.7449874072728607 0.5834519388188044 
0.7437754576863148 0.6029217622899998 
0.7437754576863148 0.6029217622899998 
0.7183935400656936 0.6450256574092094 
0.7143033318471061 0.6484607748688529 
0.7049352715402646 0.6729990753330688 
0.6775302449625866 0.6953365952859043 
0.6775302449625866 0.6953365952859043 
0.668153596116136 0.7039161366653761 
0.6636425105125651 0.7361957639762182 
0.6614928236277606 0.7270951112069819 
0.5721316938805254 0.7931151180738133 
0.5721316938805254 0.7931151180738133 
0.5991349412934877 0.8035126661673653 
0.5991349412934877 0.8035126661673653 
0.5958030786395063 0.8184535642247474 
0.568114770686132 0.8513336663734454 
0.5018216055996276 0.8646940683809642 
0.4741526495242967 0.8645318715326205 
0.5018216055996276 0.8646940683809642 
0.4741526495242967 0.8645318715326205 
0.473487504261656 0.864532135375765 
0.4643722349907569 0.8668493027626704 
0.4582323939392458 0.8803940184388764 
0.45268810962562944 0.9011033379330284 
0.4500761410256999 0.9107250173129 
0.4493665251983974 0.9016202226155325 
0.28322766017492845 0.9910714432891019 
0.2888751164812857 0.9909366702142233 
0.28322766017492845 0.9910714432891019 
0.2737206790267885 0.9911035239295641 
0.2863001284242594 0.9909774163509775 
0.2728439141654505 0.9908525387603937 
0.2728439141654505 0.9908525387603937 
0.2888751164812857 0.9909366702142233 
0.28056285378002005 0.990749758294897 
0.28056285378002005 0.990749758294897 
0.26625951186655283 0.9911439433387749 
0.25760298632865547 0.9917325855857401 
0.24597913498078816 1.0203253784930215 
0.23521926418257996 0.9919397554796341 
0.18630796955596995 1.0387243364016776 
0.18630796955596995 1.0387243364016776 
0.1930738522518201 1.0382590947990102 
0.16541412762963098 1.038425529827441 
0.1591544007961328 1.0463879598479227 
0.1591544007961328 1.0463879598479227 
0.14529737827284855 1.0524486274127882 
0.09278798875309768 1.054058996643675 
0.11133130888803684 1.0531836533735435 
0.11133130888803684 1.0531836533735435 
0.09278798875309768 1.054058996643675 
0.09292387074304105 1.058577431431905 
0.0849580109974485 1.0885041471922194 
0.07796591170788904 1.1190247057756113 
0.07796591170788904 1.1190247057756113 
