1.982238194524383 0.37983570866860206 
1.806105576360268 0.41509628735628434 
2.0137011360566497 0.36425224978049453 
1.9036045990229065 0.40560854617046066 
1.8747186042398933 0.43631847889176595 
2.0137011360566497 0.36425224978049453 
1.8350017573863358 0.4422889112953259 
1.8350017573863358 0.4501665146518519 
1.806105576360268 0.41509628735628434 
1.8106065218799636 0.42349331117467015 
1.86601116276216 0.5111894653307658 
1.8106065218799636 0.42349331117467015 
1.8747186042398933 0.43631847889176595 
1.8559603882848146 0.511713045465506 
1.8559603882848146 0.511713045465506 
1.7496317542123738 0.5986668588508168 
1.6347487580656899 0.6128245948525539 
1.6347487580656899 0.6128245948525539 
1.6309650231009523 0.615139915178663 
1.764527436301293 0.6339931589708147 
1.6309650231009523 0.615139915178663 
1.6196870508864811 0.6317576097016436 
1.6593764993148508 0.7212018236315619 
1.6196870508864811 0.6317576097016436 
1.6314878324569206 0.6320463701726364 
1.578438417538494 0.732856252036495 
1.60660337215631 0.8195051249984427 
1.5964334160617935 0.8192929741134528 
1.578438417538494 0.732856252036495 
1.522988300172532 0.7869138986264831 
1.6003554757794294 0.8562182257327009 
1.6003554757794294 0.8474210388568104 
1.5554413785304468 0.8466212708102241 
1.472672591595328 0.8464634838915157 
1.6003554757794294 0.8474210388568104 
1.472672591595328 0.8464634838915157 
1.522988300172532 0.7869138986264831 
1.4600168901593245 0.8735763398424146 
1.5496135053906173 1.0597165307428322 
1.4600168901593245 0.8735763398424146 
1.3397469275933598 0.9703120907209476 
1.5376346264669776 1.0576582142599327 
1.521529558768105 1.1551872019360185 
1.4989418442248412 1.1674663701681758 
1.5243577159572508 1.1964248965111337 
1.357928423004513 1.1536181428597723 
1.3397469275933598 0.9703120907209476 
1.4737606691964693 1.2361133808635711 
1.357928423004513 1.1536181428597723 
1.4064657931880347 1.3043114283431847 
1.1542895314644017 1.2896572116396412 
1.1943398313246885 1.2682358975319774 
1.3280314554465509 1.3731854651291062 
1.32445400664883 1.36998197306871 
1.230416509869063 1.3653722300907705 
1.1918678075266609 1.3277018809076793 
1.1943398313246885 1.2682358975319774 
1.2175364221578442 1.404915787753061 
1.184712574687185 1.3455800078531386 
1.1605650755911654 1.379548921700488 
1.1331931716414858 1.4629442867868674 
0.9567905431685686 1.4217686299092258 
0.9911828233563911 1.4223711124293024 
1.1253671763853388 1.4740688798419979 
1.0489705569102397 1.4478829715419637 
0.9959058128839594 1.3939804085699021 
0.9959058128839594 1.3939804085699021 
0.9911828233563911 1.4223711124293024 
0.983265572390581 1.5623498914774943 
0.8988977918343071 1.4502058029103446 
0.9931827847287336 1.6323243642037184 
0.979714831615264 1.6544881572253827 
0.9262576041217213 1.7241966673568472 
0.9203561607989077 1.7361741758075886 
0.9567905431685686 1.4217686299092258 
0.9193721090160051 1.6376625011340302 
0.9193721090160051 1.6376625011340302 
0.8988977918343071 1.4502058029103446 
0.7697605297780997 2.1829379172593804 
0.7697605297780997 2.1829379172593804 
0.7911367674088333 2.1785804266061506 
0.7702043574539148 2.1829379172593804 
0.7431954388907057 2.2276295849711603 
0.7911367674088333 2.1785804266061506 
0.7702043574539148 2.1939263578689694 
0.7702043574539148 2.1829379172593804 
0.6879416083783604 2.2602971965497503 
0.6879416083783604 2.2602971965497503 
0.5838480063244104 2.3803909031493236 
0.5733689911976185 2.324580560219892 
0.579020457016081 2.3389255019883954 
0.5838480063244104 2.3803909031493236 
0.6260107908206333 2.3979214537288813 
0.5874102156912154 2.411070191709227 
0.5744579129551157 2.410843518268112 
0.539966869387025 2.6902710432146346 
0.5190668359222773 2.7414612208941995 
0.46246416676518365 2.795163120392356 
0.44605650524597895 2.8162156476571703 
0.44605650524597895 2.8162156476571703 
