0.8821674184604101 -0.6468217843962942 -0.6039895685010317 -1.0 -0.1884870502329673 -0.7233451219897753 -0.8245417315446617 -0.22680784153139869 -0.9652247004871108 -0.08163585771183002 0.7459098797543511 -0.7412804934969581 -0.2567989965437606 -0.11723681908512593 -0.22083656792580217 -0.4142108716884254 -0.7902501385027104 -0.010304663424030608 0.0970536756697275 0.2548894183399634 0.6476328125232711 -0.6035551758101587 -1.0 0.2443227740974337 -0.5970919117823738 0.8332184129223646 0.5110608375709581 0.8600724070583631 0.32756369028872095 0.6761921572910362 
0.8821674184604101 -0.2751731354975251 -0.4399221439330514 -0.985569457863471 -0.32524597097237806 -0.6030485203915039 -0.9751241335182336 -0.22680784153139869 -0.9652247004871108 -0.10770495271815372 0.6819956601802144 -0.4788970242880239 -0.18513823256522538 -0.34640771974126794 -0.22083656792580217 -0.3334993246557884 -0.8998179491468254 0.07195737468550573 -0.03526926979750375 0.20948648391345617 0.2952656250465421 -0.6035551758101587 -0.7522668919066753 0.10534949352679332 -0.5956175314488121 0.26510570562175817 0.5110608375709581 0.5526839597995178 0.7335117717503545 0.6016650373443421 
0.8821674184604101 -0.6468217843962942 -0.6039895685010317 -1.0 -0.2100180267946149 -0.7233451219897753 -0.7242630443529261 -0.28905508612696984 -0.9652247004871108 -0.07161011968944436 0.7278168980376483 -0.7412804934969581 -0.128934944501497 -0.11723681908512593 -0.18304764528760226 -0.4142108716884254 -0.7902501385027104 -0.010304663424030608 0.3568968425016167 0.2548894183399634 0.6476328125232711 -0.6035551758101587 -0.9377314711039768 0.24077630339670836 -0.5970919117823738 0.8332184129223646 0.5110608375709581 0.7145759633641631 0.32756369028872095 0.6980725269693503 
0.8821674184604101 -0.2836821277812337 -0.5019329064350897 -1.0 -0.13098725604662975 -0.7090714505711615 -0.8541016192020137 -0.15384193299241808 -0.8976950153501615 -0.24170871833037705 0.70330040003826 -0.6389563777424627 -0.2567989965437606 -0.1903927390494947 -0.18304764528760226 -0.33573844689044097 -0.7902501385027104 -0.16104058679686412 0.0970536756697275 0.22291874625138391 0.6554731275902395 -0.5734064218318052 -0.5934434135518688 -0.02902735028699205 -0.5963547216155929 0.5491620592720614 0.5110608375709581 0.17962550453036896 0.14810393361566682 0.6761921572910362 
0.8821674184604101 -0.30672641291673264 -0.37888233800910454 -0.985569457863471 -0.07938747213508822 -0.577880847275356 -0.8541016192020137 -0.030889969663161515 -0.9120598245306281 -0.23274580077230225 0.6819956601802144 -0.6732670653456383 -0.29031986455239156 -0.1903927390494947 -0.18304764528760226 -0.28341948185742033 -0.820501535182881 -0.16104058679686412 0.004407904845418531 0.25628277416168566 0.4614980034353337 -0.5068817085993962 -0.5755222944456607 -0.13325731071497232 -0.5959861265322025 0.49851368086702336 0.4987619468365079 0.2874932582404812 0.1799023233231906 0.676082227366486 
0.8821674184604101 -0.6468217843962942 -0.6039895685010317 -1.0 -0.2100180267946149 -0.7233451219897753 -0.7242630443529261 -0.28905508612696984 -0.9652247004871108 -0.07161011968944436 0.7278168980376483 -0.7412804934969581 -0.128934944501497 -0.11723681908512593 -0.18304764528760226 -0.4142108716884254 -0.7902501385027104 -0.010304663424030608 0.3568968425016167 0.2548894183399634 0.6476328125232711 -0.6035551758101587 -0.9377314711039768 0.24077630339670836 -0.5970919117823738 0.8332184129223646 0.5110608375709581 0.7145759633641631 0.32756369028872095 0.6980725269693503 
0.8821674184604101 -0.25932026428539484 -0.4399221439330514 -0.9711389157269422 -0.14031144079645858 -0.4466902439795505 -0.7949818438873097 -0.23886696104174232 -0.9652247004871108 -0.10770495271815372 0.6606909203221689 -0.4788970242880239 -0.11347746858669015 -0.34640771974126794 -0.22083656792580217 -0.4467859319560964 -0.8998179491468254 0.07195737468550573 -0.167592215264735 0.20948648391345617 0.2952656250465421 -0.5834931721328218 -0.6696891892089004 -0.03362378704384708 -0.5956175314488121 0.26854972995106297 0.5110608375709581 0.5236626054852871 0.522971694714067 0.5271379173976479 
0.8821674184604101 -0.25932026428539484 -0.4399221439330514 -0.9711389157269422 -0.14031144079645858 -0.4466902439795505 -0.7949818438873097 -0.23886696104174232 -0.9652247004871108 -0.10770495271815372 0.6606909203221689 -0.4788970242880239 -0.11347746858669015 -0.34640771974126794 -0.22083656792580217 -0.2682915663783635 -0.8998179491468254 0.07195737468550573 -0.167592215264735 0.20948648391345617 0.2952656250465421 -0.5834931721328218 -0.6696891892089004 -0.03362378704384708 -0.5956175314488121 0.26510570562175817 0.5110608375709581 0.5236626054852871 0.522971694714067 0.5271379173976479 
0.8821674184604101 -0.2751731354975251 -0.4399221439330514 -0.985569457863471 -0.32524597097237806 -0.6030485203915039 -0.9751241335182336 -0.22680784153139869 -0.9652247004871108 -0.10770495271815372 0.6819956601802144 -0.4788970242880239 -0.18513823256522538 -0.34640771974126794 -0.22083656792580217 -0.3334993246557884 -0.8998179491468254 0.07195737468550573 -0.03526926979750375 0.20948648391345617 0.2952656250465421 -0.6035551758101587 -0.7522668919066753 0.10534949352679332 -0.5956175314488121 0.26510570562175817 0.5110608375709581 0.5526839597995178 0.7335117717503545 0.6016650373443421 
0.8821674184604101 -0.28669527806527456 -0.3783968597200588 -0.985569457863471 -0.32524597097237806 -0.6030485203915039 -0.9751241335182336 -0.1653318598667704 -0.9724071050773442 -0.10770495271815372 0.6819956601802144 -0.4960523680896117 -0.20189866656954086 -0.34640771974126794 -0.22083656792580217 -0.3073398421392781 -0.8998179491468254 0.07195737468550573 -0.03526926979750375 0.2306895072593024 0.2952656250465421 -0.5702928191939542 -0.7433063323535712 0.10534949352679332 -0.5956175314488121 0.23978151641923914 0.5049113922037329 0.5526839597995178 0.7494109666041164 0.601610072382067 
0.8771833189061188 -0.6468217843962942 -0.6731230182189126 -0.8207328986755063 -0.23666265966947603 -1.0 -0.8541016192020137 -0.1813728745530475 -0.9652247004871108 -0.08163585771183002 0.7459098797543511 -0.5352000647930826 -0.43533374789277246 0.25627399033441844 -0.26004043847797603 -0.3816358114207545 -0.6806823278585954 -0.08965219828018023 0.0970536756697275 0.3002923527664707 0.46286455682726035 -0.6236171794874957 -1.0 0.23353885936722688 -0.5814406154708545 0.8332184129223646 0.3443226106747479 0.7598320151614734 0.5983715261408658 0.6761921572910362 
0.8821674184604101 -0.28669527806527456 -0.3783968597200588 -0.985569457863471 -0.32524597097237806 -0.6030485203915039 -0.9751241335182336 -0.1653318598667704 -0.9724071050773442 -0.10770495271815372 0.6819956601802144 -0.4960523680896117 -0.20189866656954086 -0.34640771974126794 -0.22083656792580217 -0.3073398421392781 -0.8998179491468254 0.07195737468550573 -0.03526926979750375 0.2306895072593024 0.2952656250465421 -0.5702928191939542 -0.7433063323535712 0.10534949352679332 -0.5956175314488121 0.23978151641923914 0.5049113922037329 0.5526839597995178 0.7494109666041164 0.601610072382067 
0.8821674184604101 -0.30672641291673264 -0.37888233800910454 -0.985569457863471 -0.07938747213508822 -0.577880847275356 -0.8541016192020137 -0.030889969663161515 -0.9120598245306281 -0.23274580077230225 0.6819956601802144 -0.6732670653456383 -0.29031986455239156 -0.1903927390494947 -0.18304764528760226 -0.28341948185742033 -0.820501535182881 -0.16104058679686412 0.004407904845418531 0.25628277416168566 0.4614980034353337 -0.5068817085993962 -0.5755222944456607 -0.13325731071497232 -0.5959861265322025 0.49851368086702336 0.4987619468365079 0.2874932582404812 0.1799023233231906 0.676082227366486 
0.8701751068985946 0.02202585864275708 -0.31044803756340666 -0.985569457863471 -0.07938747213508822 -0.577880847275356 -0.8541016192020137 -0.12281934584210828 -0.956029912265314 -0.3216258915856379 0.6819956601802144 -0.6732670653456383 -0.34109475482912555 -0.1903927390494947 -0.18304764528760226 -0.17533669138795488 -0.820501535182881 -0.16104058679686412 -0.1126509907942124 0.25628277416168566 0.4614980034353337 -0.5068817085993962 -0.6864900642539882 -0.13325731071497232 -0.5959861265322025 0.49851368086702336 0.3691619234022805 0.3120990007983162 0.1799023233231906 0.3025467274010817 
0.8701751068985946 0.02202585864275708 -0.31044803756340666 -0.985569457863471 -0.07938747213508822 -0.577880847275356 -0.8541016192020137 -0.12281934584210828 -0.956029912265314 -0.3216258915856379 0.6819956601802144 -0.6732670653456383 -0.34109475482912555 -0.1903927390494947 -0.18304764528760226 -0.17533669138795488 -0.820501535182881 -0.16104058679686412 -0.1126509907942124 0.25628277416168566 0.4614980034353337 -0.5068817085993962 -0.6864900642539882 -0.13325731071497232 -0.5959861265322025 0.49851368086702336 0.3691619234022805 0.3120990007983162 0.1799023233231906 0.3025467274010817 
0.5385269208328192 -0.4160740030311987 -0.07174139523318729 -0.4670909286443546 -0.07487249267349465 -0.6226744295251838 -0.7723997451147755 -0.10499426347412474 -0.8301653302132121 -0.3757124839426004 0.5392859974565811 -0.024104118519212098 -0.60586476051389 -0.6413548746960557 -0.14525872264940232 -0.32241614262779844 -0.8016879145792781 -0.14725243395062493 0.15939480138845566 0.36980712023051865 0.23978013351431382 -0.5031336604987777 -0.5171976378948371 -0.3023774746714178 -0.7307832594319212 0.5245788539473732 0.49170268546853435 0.29608077273013045 0.11096980838364923 0.4963165718453068 
0.5385269208328192 -0.2887635812730177 -0.4650210883982803 -0.6570280344483396 -0.07487249267349465 -0.6226744295251838 -0.698080136378587 -0.1400921045996696 -0.8652364894905458 -0.4148992786463749 0.48787738910345485 -0.06063875435306394 -0.6129018863398464 -0.6413548746960557 -0.2827908847383983 -0.32241614262779844 -0.7566296589265925 -0.0390833491044299 0.25601270451102065 0.36980712023051865 0.4248052984743998 -0.5259438907555757 -0.5198272286323201 -0.3023774746714178 -0.6328604713345429 0.5245788539473732 0.49170268546853435 0.29608077273013045 0.43000471678608354 0.200262343367048 
0.5385269208328192 -0.2887635812730177 -0.4650210883982803 -0.6570280344483396 -0.07487249267349465 -0.6226744295251838 -0.698080136378587 -0.1400921045996696 -0.8652364894905458 -0.4148992786463749 0.48787738910345485 -0.06063875435306394 -0.6129018863398464 -0.6413548746960557 -0.2827908847383983 -0.32241614262779844 -0.7566296589265925 -0.0390833491044299 0.25601270451102065 0.36980712023051865 0.4248052984743998 -0.5259438907555757 -0.5198272286323201 -0.3023774746714178 -0.6328604713345429 0.5245788539473732 0.49170268546853435 0.29608077273013045 0.43000471678608354 0.200262343367048 
0.5398470015784345 -0.16145315951483677 -0.8583007815633734 -0.8469651402523245 0.06631215805868035 -0.577743407628969 -0.6237605276423985 -0.13796959308180068 -0.9003076487678794 -0.644515872114784 0.4364687807503286 -0.18235560786144311 -0.5086907248252739 -0.2343883839486255 -0.3059896677282166 -0.24100091864822465 -0.7115714032739069 0.06908573574176513 -0.61034756876998 -0.39489478498807634 0.6098304634344858 -0.5487541210123736 -0.6927129194964655 -0.19827876000045372 -0.5349376832371647 0.5191197191396713 0.3174598066457033 0.4925260967675356 0.7490396251885179 -0.09579188511121078 
0.5385269208328192 -0.28022734780472924 -0.07174139523318729 -0.4670909286443546 -0.07487249267349465 -0.6226744295251838 -0.7723997451147755 -0.10499426347412474 -0.8301653302132121 -0.3757124839426004 0.5392859974565811 -0.024104118519212098 -0.60586476051389 -0.6413548746960557 -0.14525872264940232 -0.32241614262779844 -0.7215904756976225 -0.14725243395062493 0.15939480138845566 0.351918429213307 0.33494071059384933 -0.48280403406445405 -0.5444174931259502 -0.3023774746714178 -0.7307832594319212 0.6541881178584205 0.5249997735338474 0.3933545494412417 0.11096980838364923 0.2598483972319528 
0.5398470015784345 -0.16145315951483677 -0.8583007815633734 -0.8469651402523245 0.06631215805868035 -0.577743407628969 -0.6237605276423985 -0.13796959308180068 -0.9003076487678794 -0.644515872114784 0.4364687807503286 -0.18235560786144311 -0.5086907248252739 -0.2343883839486255 -0.3059896677282166 -0.24100091864822465 -0.7115714032739069 0.06908573574176513 -0.61034756876998 -0.39489478498807634 0.6098304634344858 -0.5487541210123736 -0.6927129194964655 -0.19827876000045372 -0.5349376832371647 0.5191197191396713 0.3174598066457033 0.4925260967675356 0.7490396251885179 -0.09579188511121078 
0.5385269208328192 -0.2887635812730177 -0.4650210883982803 -0.6570280344483396 -0.07487249267349465 -0.6226744295251838 -0.698080136378587 -0.12148192827796271 -0.8652364894905458 -0.3757124839426004 0.48787738910345485 -0.024104118519212098 -0.60586476051389 -0.6413548746960557 -0.26845629511988445 -0.32241614262779844 -0.7566296589265925 -0.0390833491044299 0.15939480138845566 0.36980712023051865 0.4248052984743998 -0.5259438907555757 -0.5171976378948371 -0.3023774746714178 -0.6328604713345429 0.5245788539473732 0.49170268546853435 0.29608077273013045 0.43000471678608354 0.200262343367048 
0.5483847862313946 -0.28022734780472924 -0.5855179532326406 -0.670276634504088 0.06631215805868035 -0.6241112996186722 -0.7723997451147755 -0.13796959308180068 -0.8398020678724003 -0.6633749384493604 0.4364687807503286 -0.036214630719157204 -0.71933419566794 -0.6413548746960557 -0.3059896677282166 -0.41439933960150604 -0.5513765255105957 0.06908573574176513 -0.24354873626197654 -0.016467121753786285 0.7126435588045872 -0.5334720561330635 -0.6927129194964655 -0.3023774746714178 -0.5629044766436712 0.7698993542865888 0.5111179000157522 0.5879021028634642 0.4889096236740888 -0.4501814735568643 
0.5385269208328192 -0.2887635812730177 -0.4650210883982803 -0.6570280344483396 -0.07487249267349465 -0.6226744295251838 -0.698080136378587 -0.12148192827796271 -0.8652364894905458 -0.3757124839426004 0.48787738910345485 -0.024104118519212098 -0.60586476051389 -0.6413548746960557 -0.26845629511988445 -0.32241614262779844 -0.7566296589265925 -0.0390833491044299 0.15939480138845566 0.36980712023051865 0.4248052984743998 -0.5259438907555757 -0.5171976378948371 -0.3023774746714178 -0.6328604713345429 0.5245788539473732 0.49170268546853435 0.29608077273013045 0.43000471678608354 0.200262343367048 
0.5398470015784345 -0.16145315951483677 -0.8583007815633734 -0.8116274391026772 0.06631215805868035 -0.577743407628969 -0.6237605276423985 -0.13796959308180068 -0.8916138238896572 -0.644515872114784 0.4364687807503286 -0.15312741243298594 -0.5182381690234028 -0.2343883839486255 -0.3059896677282166 -0.24100091864822465 -0.7115714032739069 0.06908573574176513 -0.61034756876998 -0.39489478498807634 0.6098304634344858 -0.5487541210123736 -0.6927129194964655 -0.3023774746714178 -0.540531041918466 0.5191197191396713 0.3174598066457033 0.5060136870592364 0.7490396251885179 -0.09579188511121078 
0.7395747308217594 0.4645108181525692 0.307409513009396 0.11901755030642927 0.3125592053508781 0.3729240337611798 0.31060011549143707 -0.17573862238067933 -0.21576175667799152 0.6149592912716568 -0.20364535990399646 0.11624905397048692 1.0 0.17357553777841067 0.35970968393468133 0.12361110871360578 -0.4773304896991256 -0.8383539253045946 -0.16654968515024948 0.15625337845607365 -0.849839314223398 0.13361529784898094 0.27223542641394954 -0.0832108610436327 -0.33244369780621497 -0.818349229707795 -0.7719247424004109 -0.9554421690401677 -0.7791446190267257 0.07735388309641408 
0.7395747308217594 0.40085560727347874 0.307409513009396 0.11901755030642927 0.3125592053508781 0.3504585228130724 0.31060011549143707 -0.17573862238067933 -0.1982261770393247 0.6149592912716568 -0.20364535990399646 0.11624905397048692 1.0 0.17357553777841067 0.35970968393468133 0.12361110871360578 -0.4998596175254684 -0.8924384677276922 0.21832149992896832 0.5386043310653712 -0.942351896703441 0.14502041297737991 0.27223542641394954 -0.13526021837911473 -0.38140509185490407 -0.818349229707795 -0.7719247424004109 -1.0 -0.9386620732279429 0.07735388309641408 
0.7662725155739842 0.6182450241470422 0.14396742996833528 0.3369206168171818 0.0957516746900007 0.35719855245297416 0.22155487829014653 -0.17162816546858417 -0.012130394255068448 0.22991858254331365 -0.16597942767426166 0.1669529872130935 0.27542489659427627 0.5647225455463317 -0.24714063113412368 0.26372183305442265 -0.41276196257043046 -0.5481826377656738 0.14840622029943384 -0.22216915554772793 -0.5963432618887434 0.2919367626442473 0.24693525061951052 0.3738463739983492 -0.327142065119139 -0.7052410232173983 -0.42419638165530454 -0.7916653374317121 -0.24161615891729973 -0.17887649214090817 
0.7395747308217594 0.4645108181525692 0.307409513009396 0.11901755030642927 0.3125592053508781 0.3729240337611798 0.31060011549143707 -0.17573862238067933 -0.21576175667799152 0.6149592912716568 -0.20364535990399646 0.11624905397048692 1.0 0.17357553777841067 0.35970968393468133 0.12361110871360578 -0.4773304896991256 -0.8383539253045946 -0.16654968515024948 0.15625337845607365 -0.849839314223398 0.13361529784898094 0.27223542641394954 -0.0832108610436327 -0.33244369780621497 -0.818349229707795 -0.7719247424004109 -0.9554421690401677 -0.7791446190267257 0.07735388309641408 
0.7443858385449116 0.5622687039427943 0.22568847148886564 0.03874686907892962 0.243057167992437 0.34600843991038255 0.17932835754278675 -0.44961083698129434 -0.11394607546652999 0.7571017676207015 -0.05181734985420826 0.15584978789302445 0.7015461929086613 0.36914904166237117 -0.15412499519689657 0.19505892948822456 -0.46118835791695184 -0.5735215751728511 -0.3758705649334113 -0.16961672499400737 -0.7105247729875921 0.2919367626442473 0.289869806105572 0.1325243344898397 -0.5415343452610213 -0.6905396161183635 -0.5822569249225678 -0.9554421690401677 -0.4969397143268983 -0.0763513878868024 
0.7443858385449116 0.6600265897330193 0.14396742996833528 0.03874686907892962 0.1735551306339959 0.31909284605958527 0.17932835754278675 -0.7234830515819093 -0.012130394255068448 0.7571017676207015 -0.05181734985420826 0.195450521815562 0.4030923858173224 0.5647225455463317 -0.15412499519689657 0.19505892948822456 -0.44504622613477807 -0.5735215751728511 -0.5851914447165731 -0.49548682844408837 -0.7105247729875921 0.2919367626442473 0.3075041857971945 0.1325243344898397 -0.5415343452610213 -0.562730002528932 -0.3925891074447245 -0.9554421690401677 -0.21473480962707092 -0.23005665887001892 
0.7443858385449116 0.6600265897330193 0.14396742996833528 0.03874686907892962 0.1735551306339959 0.31909284605958527 0.17932835754278675 -0.7234830515819093 -0.012130394255068448 0.7571017676207015 -0.05181734985420826 0.195450521815562 0.4030923858173224 0.5647225455463317 -0.15412499519689657 0.19505892948822456 -0.44504622613477807 -0.5735215751728511 -0.5851914447165731 -0.49548682844408837 -0.7105247729875921 0.2919367626442473 0.3075041857971945 0.1325243344898397 -0.5415343452610213 -0.7052410232173983 -0.3925891074447245 -0.9554421690401677 -0.21473480962707092 -0.23005665887001892 
0.7395747308217594 0.3571960852596656 0.4708515960504568 -0.12697305105310655 0.4648999160182455 0.4117878982393266 0.31060011549143707 -0.44468320058210165 -0.21576175667799152 1.0 -0.24791052540623143 0.06554512072788032 1.0 0.17357553777841067 0.47498853880402725 0.07158337957128316 -0.4773304896991256 -0.8383539253045946 -0.5708912562561036 0.04956019599341566 -0.849839314223398 6.710210430517505E-4 0.27223542641394954 -0.317109377417774 -0.33244369780621497 -0.7764836649169086 -0.8142186673041263 -0.9554421690401677 -1.0 0.07735388309641408 
0.7395747308217594 0.5657885010349978 0.4708515960504568 -0.011668038643484993 0.31048493144901324 0.31189906765933184 0.5646992015654432 -0.7234830515819093 -0.21576175667799152 0.973594840213684 -0.1213234181752065 0.06554512072788032 0.8188340812852863 0.17357553777841067 0.022096183320719415 0.12533492298667837 -0.4773304896991256 -0.8383539253045946 -0.5408008468508482 -0.4355555204730439 -0.8046788876825887 -0.04151132781176367 0.27223542641394954 -0.22281096366246572 -0.720606442559663 -0.8890796905791549 -0.515840238168426 -0.9554421690401677 -0.9629344151553197 -0.08411252477835843 
0.7443858385449116 0.6600265897330193 0.14396742996833528 0.03874686907892962 0.1735551306339959 0.31909284605958527 0.17932835754278675 -0.7234830515819093 -0.012130394255068448 0.7571017676207015 -0.05181734985420826 0.195450521815562 0.4030923858173224 0.5647225455463317 -0.15412499519689657 0.19505892948822456 -0.44504622613477807 -0.5735215751728511 -0.5851914447165731 -0.49548682844408837 -0.7105247729875921 0.2919367626442473 0.3075041857971945 0.1325243344898397 -0.5415343452610213 -0.7052410232173983 -0.3925891074447245 -0.9554421690401677 -0.21473480962707092 -0.23005665887001892 
0.7395747308217594 0.5657885010349978 0.4708515960504568 -0.011668038643484993 0.31048493144901324 0.31189906765933184 0.5646992015654432 -0.7234830515819093 -0.21576175667799152 0.973594840213684 -0.1213234181752065 0.06554512072788032 0.8188340812852863 0.17357553777841067 0.022096183320719415 0.12533492298667837 -0.4773304896991256 -0.8383539253045946 -0.5408008468508482 -0.4355555204730439 -0.8046788876825887 -0.04151132781176367 0.27223542641394954 -0.22281096366246572 -0.720606442559663 -0.8890796905791549 -0.515840238168426 -0.9554421690401677 -0.9629344151553197 -0.08411252477835843 
0.7443858385449116 0.5622687039427943 0.22568847148886564 0.03874686907892962 0.243057167992437 0.34600843991038255 0.17932835754278675 -0.44961083698129434 -0.11394607546652999 0.7571017676207015 -0.05181734985420826 0.15584978789302445 0.7015461929086613 0.36914904166237117 -0.15412499519689657 0.19505892948822456 -0.46118835791695184 -0.5735215751728511 -0.3758705649334113 -0.16961672499400737 -0.7105247729875921 0.2919367626442473 0.289869806105572 0.1325243344898397 -0.5415343452610213 -0.6905396161183635 -0.5822569249225678 -0.9554421690401677 -0.4969397143268983 -0.0763513878868024 
0.7395747308217594 0.39762331902091674 0.48190153691549664 -0.011668038643484993 0.31048493144901324 0.2992068056671956 0.12780313323939108 -0.6087715637218998 0.15980975561681238 0.7165696742704788 -0.14527965374289287 -0.06454370032195444 0.8752988200768588 -0.14050060689788962 0.2096629761734585 0.12533492298667837 -0.4773304896991256 -0.9006343241007498 -0.5275835378439417 -0.12122605507774409 -0.8046788876825887 -0.04151132781176367 0.27223542641394954 -0.22281096366246572 -0.720606442559663 -0.8890796905791549 -0.515840238168426 -0.7653435027680576 -0.9629344151553197 -0.08411252477835843 
0.7491969462680639 0.3704680050168797 0.14396742996833528 -0.19186315574031348 0.1735551306339959 0.35719855245297416 0.1172345979075834 -0.7234830515819093 -0.012130394255068448 0.7571017676207015 -0.16597942767426166 0.195450521815562 0.5395652680804599 0.5647225455463317 0.14710780544929206 0.26372183305442265 -0.3151769945559532 -0.4753849732634037 -0.6387126745431859 -0.49548682844408837 -0.7353882790569988 0.3763014603538781 0.1812840434802436 0.3738463739983492 -0.22683612339510653 -0.48004897189290563 -0.38193507316084985 -0.9554421690401677 -0.5495549186922738 -0.17887649214090817 
0.7395747308217594 0.39762331902091674 0.48190153691549664 -0.011668038643484993 0.31048493144901324 0.2992068056671956 0.12780313323939108 -0.6087715637218998 0.15980975561681238 0.7165696742704788 -0.14527965374289287 -0.06454370032195444 0.8752988200768588 -0.14050060689788962 0.2096629761734585 0.12533492298667837 -0.4773304896991256 -0.9006343241007498 -0.5275835378439417 -0.12122605507774409 -0.8046788876825887 -0.04151132781176367 0.27223542641394954 -0.22281096366246572 -0.720606442559663 -0.8890796905791549 -0.515840238168426 -0.7653435027680576 -0.9629344151553197 -0.08411252477835843 
0.42114249681333416 0.28746527550117973 0.7228478939216614 -0.16711238595415917 0.44401187102526773 0.2231993841400176 -0.19269152316856752 -0.2232390935122988 0.43513059547974803 0.7289512751092311 -0.19082948649620474 -0.16275156667592655 1.0 -0.37737785024818965 0.4623630415382686 0.22501200391793863 -0.20906378793349517 -0.8267853835464976 -0.5637532942339458 -0.3965202678634466 -0.9163452896988684 0.0919944933559858 -0.031110007111597032 -0.11864861820648306 -0.1834958320234692 -0.5795774134438738 -0.9471942707003542 -0.7129474948141923 -0.9062993449423717 0.1675847152649554 
0.7491969462680639 0.49894089040147116 0.23721489574417493 -0.30190152360224565 0.1735551306339959 0.32313880695788144 -0.2750474665401716 -0.7234830515819093 0.46940378468838684 0.7571017676207015 -0.1374389082192483 -0.10047728959197277 0.31949096243079617 0.5647225455463317 -0.15412499519689657 0.22795836791650417 -0.41276196257043046 -0.6290056751133765 -0.5619571255427227 -0.29358459933715664 -0.7029541789434193 0.19705826782232383 0.01916497722946528 0.3907152367852903 -0.4282122640115513 -0.7052410232173983 -0.38193507316084985 -0.9554421690401677 -0.24161615891729973 -0.16654090261753587 
0.10531797611464543 0.20838710571679156 0.6573465276021361 -0.29269297118514276 0.4697221131959306 0.4106787592436007 -0.5802870748444585 -0.0017949864424959272 0.718576982847986 0.45790255021846227 -0.19082948649620474 -0.22761682755752638 1.0 -0.29701488753279237 0.7074827959738408 0.019040435050399998 -0.17942807999306956 -0.7124884279692947 -0.5676638507667077 0.4533646542072791 -0.775982119999804 -0.09616054949065111 0.20789509151544922 -0.28337165184389174 -0.18409486237447775 -0.6696938603608233 -1.0 -0.44182615552620597 -0.8502864886874633 0.08721640469552093 
0.10531797611464543 0.20838710571679156 0.6573465276021361 -0.29269297118514276 0.4823850997724604 0.4106787592436007 -0.5802870748444585 -0.165883349582294 0.7473066012089191 0.573980480714536 -0.19082948649620474 -0.22761682755752638 1.0 -0.29701488753279237 0.6882715538628295 -0.08559749501564123 -0.17942807999306956 -0.7124884279692947 -0.5496861644595725 0.4533646542072791 -0.775982119999804 -0.18908596860079518 0.09580707764600149 -0.28337165184389174 -0.12594161097113932 -0.5683971035507472 -1.0 -0.44182615552620597 -0.8502864886874633 0.10202506214315868 
0.12297998496415669 0.22945813700683565 0.49295147778053644 -0.11283323685788516 0.49333219915139503 0.28651454367505935 -0.309092935086661 -0.49406007586189016 0.5353812679116162 0.4859496681135894 -0.2263169282206059 -0.19463252137178919 1.0 -0.45457675157418986 0.39722976902619755 0.06072148298288535 -0.2575516373910845 -0.962914722896905 -0.5411268437503418 0.19310341031755576 -0.6550956144868025 0.12151284547336666 -0.2552860348504925 -0.15098470089852498 -0.06659029886578377 -0.37698389982372155 -0.7089250506073369 -0.5752448364959476 -0.8526929315087309 0.19720203016023088 
0.42114249681333416 0.33275218449550464 0.7883492602411866 -0.04153180072317558 0.41830162885460487 0.03572000903643452 -0.19269152316856752 -0.44468320058210165 0.15168420811151012 1.0 -0.19082948649620474 -0.09788630579432675 1.0 -0.45774081296358693 0.4623630415382686 0.2699973431149678 -0.23869949587392075 -0.9410823391237004 -0.5598427377011841 -0.3965202678634466 -0.9163452896988684 0.28014953620262273 -0.031110007111597032 0.04607441543092561 -0.1828968016724606 -0.5795774134438738 -0.8943885414007083 -0.7129474948141923 -0.9062993449423717 0.1675847152649554 
0.42114249681333416 0.28746527550117973 0.7228478939216614 -0.16711238595415917 0.44401187102526773 0.2231993841400176 -0.19269152316856752 -0.2232390935122988 0.43513059547974803 0.7289512751092311 -0.19082948649620474 -0.16275156667592655 1.0 -0.37737785024818965 0.4623630415382686 0.22501200391793863 -0.20906378793349517 -0.8267853835464976 -0.5637532942339458 -0.3965202678634466 -0.9163452896988684 0.0919944933559858 -0.031110007111597032 -0.11864861820648306 -0.1834958320234692 -0.5795774134438738 -0.9471942707003542 -0.7129474948141923 -0.9062993449423717 0.1675847152649554 
0.09856372109503783 0.2320076996438577 -0.008567999891664652 -0.39969851315819893 0.4406770596061482 0.7524270318997017 -0.4545423301149762 -0.165883349582294 0.48072662569806873 0.054366370154775634 -0.24066939537442705 -0.12650358908821974 0.8851513521032275 -0.03119389347427315 0.5020578995352001 -0.21672932544283063 -0.20729701521622734 -0.759250362684889 -0.5752798041777042 0.3232340322624174 -0.5886488229958384 0.012916967170300497 0.36064195253274917 -0.34680407227300497 -0.1408287547701983 -0.6362791948312277 -0.7270631553670093 -0.6151900396127833 -0.8509087026455029 0.356126517641816 
0.42114249681333416 0.33275218449550464 0.7883492602411866 -0.04153180072317558 0.41830162885460487 0.03572000903643452 -0.19269152316856752 -0.44468320058210165 0.15168420811151012 1.0 -0.19082948649620474 -0.09788630579432675 1.0 -0.45774081296358693 0.4623630415382686 0.2699973431149678 -0.23869949587392075 -0.9410823391237004 -0.5598427377011841 -0.3965202678634466 -0.9163452896988684 0.28014953620262273 -0.031110007111597032 0.04607441543092561 -0.1828968016724606 -0.5795774134438738 -0.8943885414007083 -0.7129474948141923 -0.9062993449423717 0.1675847152649554 
0.08218262263389009 0.29996112366448247 0.05521541812334618 -0.4818541903358624 0.40357092693463587 0.7189218559024719 -0.4545423301149762 -0.2438307771862815 0.48072662569806873 0.054366370154775634 -0.22292567451222647 -0.12650358908821974 0.8851513521032275 0.0475870385464256 0.4255880626116241 -0.21672932544283063 -0.20729701521622734 -0.8682700038433857 -0.5752798041777042 0.44866410319292394 -0.6490920757523392 -0.03354574238477154 0.36064195253274917 -0.36621962608356956 -0.0014302023916610285 -0.8801741510434806 -0.6542944180188435 -0.6151900396127833 -0.8509087026455029 0.08480434945625343 
0.0931893276119122 0.33275218449550464 0.5805311712776313 -0.04153180072317558 0.4680062259983354 0.25598399115661946 -0.19269152316856752 -0.165883349582294 0.49992839929954025 0.655841162404819 -0.19082948649620474 -0.19391066070237678 1.0 -0.5207350625795795 0.43565225324822027 0.2699973431149678 -0.10368275863247162 -0.9410823391237004 -0.5770822163646121 0.04793981947671494 -0.9163452896988684 0.3073636836936548 -0.031110007111597032 -0.02562991577962631 -0.1828968016724606 -0.5795774134438738 -1.0 -0.5428214301005001 -0.8502864886874633 0.1675847152649554 
0.08944013123857636 0.421163596979655 0.04447239170562378 -0.020203135788161047 0.6736281697473722 -0.07614457497882654 0.67895916261065 -0.7555756029445437 -0.28493028428336264 -0.08225012437869406 0.10343714115106531 0.4940229038124125 0.8784143913932646 -0.3725188503891915 0.33983407175852376 0.0928864684488557 -0.16206729878794637 -0.35164888180126364 -0.4126895967720152 0.12792421982943344 -0.4621826073959772 -1.0 0.2274477034570932 -0.12494406415007306 -0.25882283064750267 -0.6948095134797889 -0.5465184179951785 -0.5203922472009239 -0.8413960546989596 0.08262959979748916 
0.08366839241891559 0.32057008943480214 0.05521541812334618 -0.4818541903358624 0.40989412573647427 0.7524270318997017 -0.2866221419006617 -0.165883349582294 0.42639663800176864 0.054366370154775634 -0.20687758050421562 -0.16020712489529826 0.8851513521032275 -0.3484340995399705 0.47846069744721587 0.02663400883606859 -0.15548988692434948 -0.7670663928997161 -0.5752798041777042 0.4533646542072791 -0.852900267575136 0.012916967170300497 0.36064195253274917 -0.36621962608356956 -0.19093940392299866 -0.7184184484115816 -0.7270631553670093 -0.5543904711367824 -0.7802623581807486 0.28897181216663304 
0.08366839241891559 0.32057008943480214 0.05521541812334618 -0.4818541903358624 0.40989412573647427 0.7524270318997017 -0.2866221419006617 -0.165883349582294 0.41679575120103285 0.054366370154775634 -0.22292567451222647 -0.12650358908821974 0.8851513521032275 -0.06427304897696795 0.5212691416462114 -0.21672932544283063 -0.20729701521622734 -0.7670663928997161 -0.5752798041777042 0.4533646542072791 -0.7192736606018714 0.012916967170300497 0.36064195253274917 -0.36621962608356956 -0.1989820061735367 -0.8572594833792895 -0.7270631553670093 -0.5905747758929241 -0.8509087026455029 0.3832427133550634 
0.0931893276119122 0.2209907074335157 0.49295147778053644 -0.2771445912132121 0.4317663314120472 0.4279389024267879 -0.36764095196368735 -0.49406007586189016 0.5353812679116162 0.5556558900608369 -0.19082948649620474 -0.12932951232907958 1.0 -0.4416588976057043 0.43565225324822027 0.08571039360653365 -0.2917333091119311 -0.962914722896905 -0.5402256376568878 0.3972177010493285 -0.6458689975449005 -0.18417755563950283 -0.031110007111597032 -0.15098470089852498 -0.07865420224159084 -0.818944476919845 -0.7089250506073369 -0.5752448364959476 -0.9251432443437316 0.3386195320965706 
0.09491763308272722 0.23012727872904257 0.5367413245290839 -0.15933819596819385 0.4317663314120472 0.21696348596403234 -0.3287807248433705 -0.3180906965798941 0.5176548336055782 0.7561172242953389 -0.2263169282206059 -0.22587106427271408 1.0 -0.4416588976057043 0.42082697111418177 0.08571039360653365 -0.1982426545828093 -0.962914722896905 -0.5411268437503418 0.11911974153064468 -0.8303750508961337 0.12151284547336666 -0.17149806889776711 -0.15098470089852498 -0.12072224914385317 -0.6801034419521371 -0.7089250506073369 -0.5590331332982239 -0.9156305963971882 0.3386195320965706 
0.08944013123857636 0.421163596979655 0.04447239170562378 -0.020203135788161047 0.6736281697473722 -0.07614457497882654 0.67895916261065 -0.7555756029445437 -0.28493028428336264 -0.08225012437869406 0.10343714115106531 0.4940229038124125 0.8784143913932646 -0.3725188503891915 0.33983407175852376 0.0928864684488557 -0.16206729878794637 -0.35164888180126364 -0.4126895967720152 0.12792421982943344 -0.4621826073959772 -1.0 0.2274477034570932 -0.12494406415007306 -0.25882283064750267 -0.6948095134797889 -0.5465184179951785 -0.5203922472009239 -0.8413960546989596 0.08262959979748916 
0.0822994298438289 0.421163596979655 -0.17439563812297135 -0.06027135544785722 0.6663106834539307 -0.07614457497882654 0.67895916261065 -0.7926096024984007 -0.28493028428336264 -0.3328948843317247 0.10343714115106531 0.4940229038124125 0.8209900674448783 -0.12564046643586724 0.35246637390407576 0.0928864684488557 -0.03279111040615415 -0.2595951509346589 -0.4126895967720152 -0.046714720956873346 -0.49204003796187196 -1.0 0.2658982163430286 -0.12494406415007306 -0.25882283064750267 -0.6948095134797889 -0.5465184179951785 -0.5203922472009239 -0.7670059595112209 0.21308808137575727 
0.0931893276119122 0.29153425295486535 0.6205183138105581 -0.2771445912132121 0.4317663314120472 0.4943664269577745 -0.36764095196368735 -0.165883349582294 0.5353812679116162 0.5590949151152316 -0.19082948649620474 -0.3540147205000507 1.0 -0.29701488753279237 0.43565225324822027 0.08571039360653365 -0.2917333091119311 -0.8934424331831932 -0.5680271826046968 0.4533646542072791 -0.775982119999804 0.3073636836936548 -0.031110007111597032 -0.18981580851965413 -0.1828968016724606 -0.818944476919845 -1.0 -0.5428214301005001 -0.8502864886874633 0.1675847152649554 
0.0871250033605456 0.33275218449550464 0.5805311712776313 0.04196018435638965 0.43815350783650964 0.3304761989741906 -0.28882104578225637 -0.14212131729789795 0.49992839929954025 0.655841162404819 -0.29390055796102876 -0.25710960717363895 1.0 -0.5207350625795795 0.42794361159848643 0.2699973431149678 -0.10368275863247162 -1.0 -0.5770822163646121 0.04793981947671494 -0.9163452896988684 0.6242977693960394 -0.049259590059106295 -0.12837779487130355 -0.1828968016724606 -0.5795774134438738 -1.0 -0.5428214301005001 -0.8690006776015304 0.17324834611260637 
0.0871250033605456 0.3430566673806645 0.5805311712776313 -0.04153180072317558 0.43815350783650964 0.21468107707573314 -0.043970004041590016 -0.14212131729789795 0.4931961806184486 0.655841162404819 -0.41573325004038175 -0.25710960717363895 1.0 -0.5305679165645181 0.3840718890952789 0.4049677900247286 -0.0166247171985313 -1.0 -0.5770822163646121 0.04793981947671494 -1.0 0.6242977693960394 -0.049259590059106295 -0.14406226081056786 -0.1828968016724606 -0.5429782762993905 -1.0 -0.4812832708008521 -0.8315722997733962 0.24103883539572477 
0.07908099009506486 0.30624333002093146 0.7502784431058889 -0.010628609355789354 0.5838824065709745 -0.07036683212069508 0.09701912936580613 -0.500012661705049 0.25673963778810077 0.7666558775669088 0.021255506235636767 0.28645422061041165 1.0 -0.7870812652478414 0.16871291401348068 0.03340767165615299 0.2302622395109799 -1.0 -0.5387161744081297 0.134828867984976 -0.8698868775450964 -0.4069895903237144 -0.14716327177604188 -0.3406984429019424 -0.2271940182224004 -0.3785253564273472 -0.9958719894629222 -0.6072863119044511 -0.8502864886874633 0.2072710967171186 
0.07899445745874108 0.30624333002093146 0.545126103829441 -0.18091966313205624 0.4407056847288494 0.3899608870002491 0.09701912936580613 -0.500012661705049 0.25673963778810077 0.3652653960186217 -0.004392447411435119 0.07997531576109596 0.9425756760516137 -0.8935406326239207 0.16871291401348068 -0.10067605657553855 0.02365478656229225 -0.9837612912018416 -0.5601171466442929 0.134828867984976 -0.8698868775450964 -0.4069895903237144 -0.050686126557884015 -0.3406984429019424 -0.2041337795086302 -0.3785253564273472 -0.895231835854798 -0.6072863119044511 -0.8180033185563755 0.2072710967171186 
0.07890792482241729 0.32057008943480214 0.05521541812334618 -0.35728103053260446 0.4171313588251643 0.6498670905737504 0.07566915839786933 -0.5681280749696042 0.4079694299805938 0.054366370154775634 -0.05636044221133185 -0.12650358908821974 0.8851513521032275 0.05209787030094426 0.4609168575393243 -0.09800829114799114 -0.03318093234834671 -0.7788072611636956 -0.562335097902215 0.04793981947671494 -0.8029283709030031 -0.14171776520965224 0.04579101866027385 -0.36621962608356956 -0.1989820061735367 -0.784061209090323 -0.5905947330505139 -0.5159903939096993 -0.7763630539682542 0.5995364952531068 
0.07381488688698533 0.2487831965415697 0.8980291295295736 -0.17613239991587037 0.39583280314065056 0.39284975842931485 -0.1939508872566158 -0.3722311910853016 0.25673963778810077 0.8349641248336437 -0.05864328544556181 0.07997531576109596 1.0 -0.7870812652478414 0.16871291401348068 0.003668273259801638 0.006454021528615184 -1.0 -0.5601171466442929 0.1382811920627473 -0.8698868775450964 -0.4069895903237144 -0.23799161417445155 -0.3406984429019424 -0.18782973323652996 -0.3785253564273472 -0.9958719894629222 -0.6072863119044511 -0.8180033185563755 0.26959184517693335 
0.07899445745874108 0.30624333002093146 0.545126103829441 -0.18091966313205624 0.4407056847288494 0.3899608870002491 0.09701912936580613 -0.500012661705049 0.25673963778810077 0.4105111238608422 -0.017552467987847542 0.07997531576109596 0.9425756760516137 -0.7870812652478414 0.16871291401348068 0.03340767165615299 0.006454021528615184 -1.0 -0.5601171466442929 0.134828867984976 -0.8698868775450964 -0.4069895903237144 -0.050686126557884015 -0.3406984429019424 -0.18782973323652996 -0.3785253564273472 -0.9958719894629222 -0.6072863119044511 -0.8180033185563755 0.2072710967171186 
0.07899445745874108 0.30624333002093146 0.545126103829441 -0.18091966313205624 0.4407056847288494 0.3899608870002491 0.09701912936580613 -0.500012661705049 0.25673963778810077 0.4105111238608422 -0.017552467987847542 0.07997531576109596 0.9425756760516137 -0.7870812652478414 0.16871291401348068 0.03340767165615299 0.006454021528615184 -1.0 -0.5601171466442929 0.134828867984976 -0.8698868775450964 -0.4069895903237144 -0.050686126557884015 -0.3406984429019424 -0.18782973323652996 -0.3785253564273472 -0.9958719894629222 -0.6072863119044511 -0.8180033185563755 0.2072710967171186 
0.07899445745874108 0.30624333002093146 0.545126103829441 -0.18091966313205624 0.4407056847288494 0.3899608870002491 0.09701912936580613 -0.500012661705049 0.25673963778810077 0.3652653960186217 -0.004392447411435119 0.07997531576109596 0.9425756760516137 -0.8935406326239207 0.16871291401348068 -0.10067605657553855 0.02365478656229225 -0.9837612912018416 -0.5601171466442929 0.134828867984976 -0.8698868775450964 -0.4069895903237144 -0.050686126557884015 -0.3406984429019424 -0.2041337795086302 -0.3785253564273472 -0.895231835854798 -0.6072863119044511 -0.8180033185563755 0.2072710967171186 
0.07908099009506486 0.2971067587254046 0.48762056652874636 -0.010628609355789354 0.5838824065709745 -0.07036683212069508 0.09701912936580613 -0.7130160405409021 0.25673963778810077 0.7666558775669088 0.021255506235636767 0.28645422061041165 1.0 -0.7870812652478414 0.17695925618205982 -0.1505951454753265 0.2302622395109799 -0.9337794679516673 -0.5387161744081297 0.134828867984976 -0.8698868775450964 -0.4069895903237144 -0.14716327177604188 -0.3406984429019424 -0.23925792159820747 -0.3785253564273472 -0.7911693559881792 -0.6072863119044511 -0.8502864886874633 0.4204151712873688 
0.0762925731225865 0.30624333002093146 0.6642220893125941 -0.06795343746805348 0.5838824065709745 -0.07036683212069508 0.09701912936580613 -0.2327004096393559 0.5682172852433294 0.7666558775669088 0.021255506235636767 0.07199531146887064 1.0 -0.7059126732590253 0.23664879453550902 -0.07570315604871183 0.22538296426991264 -1.0 -0.5387161744081297 0.134828867984976 -0.5292706748215275 -0.4069895903237144 -0.3460664606963231 -0.23784875718555146 -0.2271940182224004 -0.3785253564273472 -0.63960325227726 -0.6072863119044511 -0.9412848294092755 0.36892173719448884 
0.07912425641322676 0.2792840458403546 0.5680962663144657 0.06844660390806276 0.7750731634304768 -0.270788347668138 0.09701912936580613 -0.7130160405409021 0.25673963778810077 0.9673511183410524 0.021255506235636767 0.28645422061041165 1.0 -0.7870812652478414 0.17695925618205982 -0.3359318453205796 0.5177392300907265 -0.9337794679516673 -0.5088326673118069 0.134828867984976 -0.8466576714682104 -0.9226332701835913 -0.14716327177604188 -0.3406984429019424 -0.2892406955021627 -0.3785253564273472 -0.7387852739155782 -0.6395187528064267 -0.8409293942304297 0.4204151712873688 
0.07908099009506486 0.2971067587254046 0.5363302315726224 -0.05367242797173823 0.6773582997133895 -0.07036683212069508 0.09701912936580613 -0.7130160405409021 0.17562357015853253 0.6761644218824677 0.04757554738846161 0.28645422061041165 1.0 -1.0 0.008735716227196433 -0.2347597848072301 0.26466376957833404 -0.9675225824036833 -0.5387161744081297 0.0869412970388458 -0.8698868775450964 -0.4069895903237144 -0.12292532713614637 -0.18814312824238819 -0.2598021107666009 -0.3785253564273472 -0.7945916822466739 -0.6072863119044511 -0.8502864886874633 0.4204151712873688 
0.07341762351378435 0.12637525689992785 0.37301339624285157 -0.2955693193565845 0.8926353441950734 0.44134403597383964 0.22534172616630666 0.03461184242633719 0.8796949326985581 1.0 -0.08554932188490535 -0.34894250252198605 1.0 -0.6247440812702092 0.3045846750575374 -0.18481398375357666 -0.0033045289535193617 -1.0 -0.18595915401764562 0.6319792153392265 -0.5974380155828651 -0.4655113920664138 -0.4484925043984464 -0.13499907146916051 -0.21320155979034014 -0.27035546408436945 -0.28333451509159785 -0.2794489481655777 -1.0 0.5305723776718592 
0.07341762351378435 0.12637525689992785 0.37301339624285157 -0.2955693193565845 0.9393732907662808 0.44134403597383964 0.22534172616630666 0.03461184242633719 0.839136898883774 1.0 -0.07238930130849293 -0.34894250252198605 1.0 -0.6247440812702092 0.2204729050801057 -0.18481398375357666 -0.0033045289535193617 -1.0 -0.18595915401764562 0.6319792153392265 -0.5974380155828651 -0.4655113920664138 -0.43637353207849866 -0.05872141413938341 -0.21320155979034014 -0.27035546408436945 -0.2850456782208452 -0.2794489481655777 -1.0 0.5305723776718592 
0.07908099009506486 0.30624333002093146 0.7502784431058889 -0.010628609355789354 0.5838824065709745 -0.07036683212069508 0.09701912936580613 -0.500012661705049 0.25673963778810077 0.7666558775669088 0.021255506235636767 0.28645422061041165 1.0 -0.7870812652478414 0.16871291401348068 0.03340767165615299 0.2302622395109799 -1.0 -0.5387161744081297 0.134828867984976 -0.8698868775450964 -0.4069895903237144 -0.14716327177604188 -0.3406984429019424 -0.2271940182224004 -0.3785253564273472 -0.9958719894629222 -0.6072863119044511 -0.8502864886874633 0.2072710967171186 
0.07627093996350556 0.12637525689992785 0.37301339624285157 -0.11356135772426085 0.9393732907662808 0.08527784415285083 0.1611804277660564 0.03461184242633719 0.5479382683359374 1.0 -0.02556689753642808 -0.031244140955787203 1.0 -0.6247440812702092 0.19871608063108276 -0.18481398375357666 0.2572173505686036 -1.0 -0.18595915401764562 0.6319792153392265 -0.5974380155828651 -0.6940723311250026 -0.43637353207849866 -0.05872141413938341 -0.21320155979034014 -0.27035546408436945 -0.5119154760682117 -0.45948385048600215 -0.9204646971152148 0.5305723776718592 
0.07627093996350556 0.12637525689992785 0.37301339624285157 -0.11356135772426085 0.9393732907662808 0.08527784415285083 0.1611804277660564 0.03461184242633719 0.5479382683359374 1.0 -0.02556689753642808 -0.031244140955787203 1.0 -0.6247440812702092 0.19871608063108276 -0.18481398375357666 0.2572173505686036 -1.0 -0.18595915401764562 0.6319792153392265 -0.5974380155828651 -0.6940723311250026 -0.43637353207849866 -0.05872141413938341 -0.21320155979034014 -0.27035546408436945 -0.5119154760682117 -0.45948385048600215 -0.9204646971152148 0.5305723776718592 
0.0762925731225865 0.30624333002093146 0.6642220893125941 -0.06795343746805348 0.5838824065709745 -0.07036683212069508 0.09701912936580613 -0.2327004096393559 0.5682172852433294 0.7666558775669088 0.021255506235636767 0.07199531146887064 1.0 -0.7059126732590253 0.23664879453550902 -0.07570315604871183 0.22538296426991264 -1.0 -0.5387161744081297 0.134828867984976 -0.5292706748215275 -0.4069895903237144 -0.3460664606963231 -0.23784875718555146 -0.2271940182224004 -0.3785253564273472 -0.63960325227726 -0.6072863119044511 -0.9412848294092755 0.36892173719448884 
0.0 0.11633789995906227 0.1784119344639964 0.9095478552741447 0.5084730224582934 0.4689035930640222 -0.4491914281368392 0.9287506639063381 -0.06453935336267488 -0.8104456129866947 0.2653794041335305 0.02605243258562194 0.655500321410083 -0.5603726267011673 0.3496664424511734 -0.26673738037618433 0.7829139126477069 0.36019778884873915 0.80676419375487 0.764301683659806 -0.42293832460773134 0.2705307575095911 0.8069552518495839 0.14958295983895942 -0.1421984487818538 0.5097163528454471 -0.027396138502801634 -0.0791423561145885 -0.44179975086272694 -0.1404836814805762 
0.0 0.11633789995906227 0.1784119344639964 0.9095478552741447 0.5084730224582934 0.4689035930640222 -0.4491914281368392 0.9287506639063381 -0.06453935336267488 -0.8104456129866947 0.2653794041335305 0.02605243258562194 0.655500321410083 -0.5603726267011673 0.3496664424511734 -0.26673738037618433 0.7829139126477069 0.36019778884873915 0.80676419375487 0.764301683659806 -0.42293832460773134 0.2705307575095911 0.8069552518495839 0.14958295983895942 -0.1421984487818538 0.5097163528454471 -0.027396138502801634 -0.0791423561145885 -0.44179975086272694 -0.1404836814805762 
0.0 0.1386119696530282 0.20131448207261776 1.0 0.5084730224582934 0.4689035930640222 -0.4491914281368392 0.8915303112629244 -0.14450684893542545 -0.9132210129225397 0.2653794041335305 -0.04701683908208175 0.6414260697581702 -0.5603726267011673 0.3209972632141457 -0.10219773384454742 0.8251363506460164 0.5593597388295013 1.0 0.764301683659806 -0.42293832460773134 0.2705307575095911 0.8016960703746179 0.14284431718391938 -0.1421984487818538 0.5097163528454471 -0.027396138502801634 -0.012605934813799999 -0.4247366241240407 -0.1404836814805762 
0.0 0.11633789995906227 0.16701532042338052 0.9095478552741447 0.5084730224582934 0.4689035930640222 -0.4491914281368392 0.9287506639063381 -0.06453935336267488 -0.8104456129866947 0.2653794041335305 0.02605243258562194 0.655500321410083 -0.5603726267011673 0.3496664424511734 -0.26673738037618433 0.7829139126477069 0.36019778884873915 0.80676419375487 0.764301683659806 -0.42293832460773134 0.2705307575095911 0.8069552518495839 0.14958295983895942 -0.1421984487818538 0.5097163528454471 -0.027396138502801634 -0.0791423561145885 -0.44179975086272694 -0.1404836814805762 
0.0 0.14189002130743275 0.16701532042338052 0.9073342839935037 0.47433667987179534 0.4689035930640222 -0.616551643070812 0.9101404875846313 0.026114259616274116 -0.9552710306015 0.3626394146702947 0.02605243258562194 0.6808383773446871 -0.5978515947112737 0.30618678634107865 -0.2402742094057126 0.7829139126477069 0.8121550930219752 1.0 0.882150841829903 -0.25852786434662905 0.4614129612774945 0.7911777074246857 0.0269580557027857 -0.08177878454120305 0.5732344012481794 -0.22123989259843263 -0.21173762631048312 -0.3672611220890706 -0.2446138661261568 
0.0 0.1386119696530282 0.20131448207261776 1.0 0.5084730224582934 0.4689035930640222 -0.4491914281368392 0.8915303112629244 -0.14450684893542545 -0.9132210129225397 0.2653794041335305 -0.04701683908208175 0.6414260697581702 -0.5603726267011673 0.3209972632141457 -0.10219773384454742 0.8251363506460164 0.5593597388295013 1.0 0.764301683659806 -0.42293832460773134 0.2705307575095911 0.8016960703746179 0.14284431718391938 -0.1421984487818538 0.5097163528454471 -0.027396138502801634 -0.012605934813799999 -0.4247366241240407 -0.1404836814805762 
0.0 0.11633789995906227 0.16701532042338052 0.9095478552741447 0.5084730224582934 0.4689035930640222 -0.4491914281368392 0.9287506639063381 -0.06453935336267488 -0.8348474235149906 0.2653794041335305 0.02605243258562194 0.655500321410083 -0.5603726267011673 0.3496664424511734 -0.26673738037618433 0.7829139126477069 0.36019778884873915 0.80676419375487 0.764301683659806 -0.42293832460773134 0.2705307575095911 0.8069552518495839 0.14958295983895942 -0.1421984487818538 0.5097163528454471 -0.027396138502801634 -0.0791423561145885 -0.44179975086272694 -0.1404836814805762 
0.0 0.11633789995906227 0.16701532042338052 0.9095478552741447 0.5084730224582934 0.4689035930640222 -0.4491914281368392 0.9287506639063381 -0.06453935336267488 -0.8104456129866947 0.2653794041335305 0.02605243258562194 0.655500321410083 -0.5603726267011673 0.3496664424511734 -0.26673738037618433 0.7829139126477069 0.36019778884873915 0.80676419375487 0.764301683659806 -0.42293832460773134 0.2705307575095911 0.8069552518495839 0.14958295983895942 -0.1421984487818538 0.5097163528454471 -0.027396138502801634 -0.0791423561145885 -0.44179975086272694 -0.1404836814805762 
0.0 0.01583436928495849 0.09841699712490604 0.5339649729828062 0.47433667987179534 0.2994236246838952 -0.8164613080383927 1.0 0.18604925076177525 -0.798523851786402 0.4228488942601816 0.17219097592102933 0.7089868806485128 -0.6540943593562286 0.4128196824332582 -0.5693535024689864 0.698469036651088 1.0 0.455344825887544 0.41303037768303363 -0.08997417230973348 0.7534439678694096 0.8016960703746179 0.1920512602421158 0.05711415970146352 0.21341091813651308 0.6590669615678332 -0.34481046891206013 -0.1868258347413414 -0.04284396614546575 
0.0 0.01583436928495849 0.09841699712490604 0.5339649729828062 0.47433667987179534 0.2994236246838952 -0.8164613080383927 1.0 0.18604925076177525 -0.798523851786402 0.4228488942601816 0.17219097592102933 0.7089868806485128 -0.6540943593562286 0.4128196824332582 -0.5693535024689864 0.698469036651088 1.0 0.455344825887544 0.41303037768303363 -0.08997417230973348 0.7534439678694096 0.8016960703746179 0.1920512602421158 0.05711415970146352 0.21341091813651308 0.6590669615678332 -0.34481046891206013 -0.1868258347413414 -0.04284396614546575 
0.0 0.09801102364170784 0.11748570226234563 0.42292262012513016 0.44187704164370933 0.3626494690594905 -0.4246099405695496 1.0 0.24661624850571895 -0.9101504252280349 0.3347188200993785 0.17219097592102933 0.7089868806485128 -0.6661873447897405 0.38883778742981945 -0.45509626513856116 0.5541136164972287 0.33305810620541026 0.455344825887544 0.24544682190237363 -0.08997417230973348 0.3950454056029533 0.8016960703746179 0.23746481867966288 -0.01559345713913516 -0.08970862399190249 0.1825072328864673 -0.37061883976846766 -0.40138737556644316 0.10515669679209629 
0.0 0.09734188191950091 0.09841699712490604 0.42292262012513016 0.47433667987179534 0.4322005267705175 -0.40002845300226 0.9845811928714587 0.18604925076177525 -0.798523851786402 0.3347188200993785 0.17219097592102933 0.7089868806485128 -0.6791051987582261 0.3635251448151341 -0.5693535024689864 0.698469036651088 0.4138311930604509 0.455344825887544 0.41303037768303363 -0.08997417230973348 0.4653696496756592 0.8016960703746179 0.040435341012865805 0.01121388625885867 0.21341091813651308 0.1825072328864673 -0.34481046891206013 -0.40138737556644316 -0.04284396614546575 
0.0 0.09801102364170784 0.11748570226234563 0.42292262012513016 0.47433667987179534 0.3626494690594905 -0.40002845300226 1.0 0.18604925076177525 -0.8877859405287849 0.3347188200993785 0.17219097592102933 0.7089868806485128 -0.6661873447897405 0.38883778742981945 -0.4730320168677783 0.6174472734946929 0.4138311930604509 0.455344825887544 0.41303037768303363 -0.08997417230973348 0.3700129104403972 0.8016960703746179 0.23746481867966288 -0.01559345713913516 -0.08970862399190249 0.1825072328864673 -0.34481046891206013 -0.40138737556644316 0.10515669679209629 
0.0 0.09801102364170784 0.11748570226234563 0.42292262012513016 0.44187704164370933 0.3626494690594905 -0.4246099405695496 1.0 0.24661624850571895 -0.9101504252280349 0.3347188200993785 0.17219097592102933 0.7089868806485128 -0.6661873447897405 0.38883778742981945 -0.45509626513856116 0.5541136164972287 0.33305810620541026 0.455344825887544 0.24544682190237363 -0.08997417230973348 0.3950454056029533 0.8016960703746179 0.23746481867966288 -0.01559345713913516 -0.08970862399190249 0.1825072328864673 -0.37061883976846766 -0.40138737556644316 0.10515669679209629 
0.0 0.13306115400985902 0.0828868435919747 0.6038269095768407 0.34449812695945137 0.42968924444774026 -0.5580018720892421 0.9931520621249994 0.16362888461675712 -0.9499131271624204 0.4196722859838401 0.030439316803319856 0.791616908360829 -0.7411452808099535 0.3533362260467344 -0.46258844967460633 0.5470145044430258 0.48808866484616154 0.46919303347092745 0.21181661870726304 -0.14868316305913354 0.6538293372288893 0.7701409815248215 0.1993016029832287 0.0012273168747479052 0.21272982117130418 0.3350171343009772 -0.26335436802329815 -0.2523101180191305 -0.10310367249906494 
0.0 0.13239201228765207 0.0828868435919747 0.6038269095768407 0.40606399469879917 0.42968924444774026 -0.4983544032714185 0.947360840228045 0.10151165198165008 -0.9499131271624204 0.4196722859838401 0.08059725523350711 0.759662992517721 -0.754063134778439 0.32802358343204907 -0.5589099352758145 0.698469036651088 0.6945634823401012 0.841816438377804 0.42954697972787076 -0.14868316305913354 0.520502518649643 0.7701409815248215 0.002272125316431603 0.0012273168747479052 0.5158493632997198 0.06763908545902503 -0.26335436802329815 -0.2523101180191305 -0.25110433543662697 
0.0 0.13239201228765207 0.05114186889507097 0.6038269095768407 0.40606399469879917 0.42968924444774026 -0.4983544032714185 0.9435061384459097 0.188529024052572 -0.9499131271624204 0.4307654873969952 0.08059725523350711 0.759662992517721 -0.754063134778439 0.32802358343204907 -0.5589099352758145 0.6562465986527785 0.6950505227179268 0.9032139483302228 0.42954697972787076 -0.14868316305913354 0.5795920760217915 0.7701409815248215 -0.011952384976840952 0.0012273168747479052 0.5408080822843473 0.06763908545902503 -0.26335436802329815 -0.2523101180191305 -0.25110433543662697 
0.0 0.21714151437135898 0.22648163163871518 0.32348524226304265 0.5960039255404374 0.4334561679319061 -0.11159660052342207 0.6218319703292411 0.26953269300821503 -0.7587608058888502 0.1338704241896433 -0.058266583180942966 0.9250359873771938 -0.4347944492989586 0.39295216048942205 -0.9448243304260633 0.7278164626386716 0.47429495509190045 0.6060906959777621 1.0 0.374703864675192 0.16563434191390664 0.8128248759078941 -0.3774198244136532 0.03511333806872079 -0.4725207201811834 -0.1836793460892892 -0.7326677395437027 -0.9243546899296834 0.025240199125582275 
0.0 0.23500115041653802 0.22648163163871518 0.4139373869888979 0.5960039255404374 0.4322005267705175 -0.19058331006691315 0.6218319703292411 0.25832250993570594 -0.8344554435768594 0.1763471571318741 -0.1291424127397977 0.9663510012333519 -0.4347944492989586 0.39295216048942205 -0.9448243304260633 0.7278164626386716 0.47429495509190045 0.6130147997694538 0.951560265637379 0.374703864675192 0.16563434191390664 0.7970473314829959 -0.3774198244136532 0.0301200533766654 -0.47286126866378786 -0.10742439538203427 -0.7326677395437027 -0.849816061156027 0.025240199125582275 
0.0 0.24777721109072326 0.18441739322301226 0.3676045289856497 0.42877677940705494 0.4322005267705175 -0.19023545986361579 0.6633377575994251 0.2815412962850664 -0.8759181496375726 0.2037387959291408 -0.3294198617844485 0.9709950718489698 -0.4197298038653548 0.4074777022047613 -1.0 0.7278164626386716 0.47429495509190045 0.6487467332659989 0.616393154076059 0.33274373750103864 0.24729222655436237 0.7970473314829959 -0.2394764026294534 0.06032988549699078 -0.44110224446242174 0.2389089582586256 -0.6921784753021629 -0.7733915156906284 0.1702113677187289 
0.0 0.24777721109072326 0.18441739322301226 0.3676045289856497 0.42877677940705494 0.4322005267705175 -0.10655535239662939 0.6726428457602786 0.2362144897955919 -0.8759181496375726 0.2037387959291408 -0.3294198617844485 0.9583260438816678 -0.4009903198603016 0.4292175302598087 -1.0 0.7278164626386716 0.47429495509190045 0.6487467332659989 0.5574685749910104 0.33274373750103864 0.15185112467041068 0.7970473314829959 -0.2394764026294534 0.06032988549699078 -0.47286126866378786 0.35327813146147247 -0.6921784753021629 -0.7733915156906284 0.2222764600415192 
0.0 0.24777721109072326 0.18441739322301226 0.3676045289856497 0.42877677940705494 0.4322005267705175 -0.10655535239662939 0.6726428457602786 0.2362144897955919 -0.8759181496375726 0.2037387959291408 -0.3294198617844485 0.9583260438816678 -0.4009903198603016 0.4292175302598087 -1.0 0.7278164626386716 0.47429495509190045 0.6487467332659989 0.5574685749910104 0.33274373750103864 0.15185112467041068 0.7970473314829959 -0.2394764026294534 0.06032988549699078 -0.47286126866378786 0.35327813146147247 -0.6921784753021629 -0.7733915156906284 0.2222764600415192 
