0.9644858398668513 -0.44664632658593667 -0.33492668710126466 -0.2506294237336016 -1.8337932979910612 1.8568812405290862 -1.9573071270874491 -1.9077611553843883 -1.9848613968520916 0.3782759612276782 0.4676378127298845 0.5230392816680072 -1.9651158000346471 -1.8646401832938717 -1.5211101313086506 0.8417339433712123 -1.6071114888792069 -1.4055769273684449 0.8953206289633305 -1.8373561103661988 -1.7973451690916953 -1.7694519991285207 -1.8831397257049438 -1.617577030504274 -1.5948576598235011 -1.7903478106383885 -0.27425312438325866 -1.994974840270975 0.837724348655235 -1.872392732609259 
0.9644858398668513 -0.44664632658593667 -0.33492668710126466 -0.2506294237336016 -1.8337932979910612 1.8568812405290862 -1.9573071270874491 -1.9077611553843883 -1.9848613968520916 0.3782759612276782 0.4676378127298845 0.5230392816680072 -1.9651158000346471 -1.8646401832938717 -1.5211101313086506 0.8417339433712123 -1.6071114888792069 -1.4055769273684449 0.8953206289633305 -1.8373561103661988 -1.7973451690916953 -1.7694519991285207 -1.8831397257049438 -1.617577030504274 -1.5948576598235011 -1.7903478106383885 -0.27425312438325866 -1.994974840270975 0.837724348655235 -1.872392732609259 
0.9648418862307203 -0.45241639637976183 1.9536284075155665 -0.2506294237336016 -0.3578389111330193 1.9801009669412557 -1.9667753586888417 -1.9133060948392642 0.049314812025494745 0.3782759612276782 0.45929218981657605 0.5290133064286103 0.3208700723456136 -1.8909531963902049 -1.5314945881320963 -1.9621547499772705 0.7922970471007096 -1.4508773443927598 -1.612695920825739 -1.829267179699174 -1.7894984384891603 -1.5461028839461475 -1.7307777989805715 -1.6345183569205932 -0.45795797265783067 -1.7828618555644413 -1.994772984092522 -1.994974840270975 -1.990794468871348 -1.8696652736998112 
0.9644858398668513 -0.45241639637976183 1.9536284075155665 -0.2506294237336016 1.8881010176260873 1.859524265807031 -1.9743768585751333 -1.9231892608785741 -1.9769837610560919 0.3782759612276782 0.4676378127298845 0.5318766860883881 -1.9535029664004895 -1.8750591425915215 -1.6508247986973634 -1.953512399249941 0.7922970471007096 -1.445685204875609 -1.6199564420661312 -1.8324161264849603 -1.795033657976286 -1.769130434104069 -1.7307777989805715 -1.6345183569205932 -1.95570235780868 -1.7828618555644413 -0.8443848009431325 -1.3876345100468557 -1.990794468871348 -1.8696652736998112 
0.9644858398668513 1.8558356316443714 -0.3304622584833279 -0.2607829457057722 -1.8337932979910612 -1.7098893532817503 -1.9573071270874491 -1.9077611553843883 -1.9878450258347389 0.38337016542325797 0.46100408806765664 0.5164916518075554 -1.9797986661788318 -1.8646401832938717 -1.5177603336189514 -1.983574711593629 -1.6158922536936657 -1.4452723183783704 -1.8396039799669845 -1.8324161264849603 0.9820530067266328 -1.5398118336192386 -1.4291248683664437 -1.617577030504274 -1.5948576598235011 -1.7789952326448966 -1.9956106102509512 -1.3369246438526035 -1.7355100787610498 -1.6670015319047375 
0.9644858398668513 -0.45241639637976183 1.9575918952879763 -0.2607829457057722 1.8881010176260873 1.853373309523297 -1.9660424427968206 -1.9077611553843883 -1.9903261542878954 0.3604556999608337 0.4682963290298666 0.5290133064286103 -1.9754447059505076 -1.8750591425915215 -1.5452133917142972 -0.5811221226698522 -1.6038814689297174 -1.445685204875609 -1.8061000748663343 -1.82429373849179 -1.795033657976286 -1.5364012600616914 -1.7307777989805715 -1.6126441195484826 -2.0 -1.7735048758817296 -1.9801308776837498 -1.9949663749981912 -2.0 -1.6676428276945474 
0.9570156755380287 1.8169429175094935 1.9658067859114516 1.5783276128353978 -0.33149074745017265 1.854585558234579 1.669624640605233 -1.9217190788282357 0.06234635149205132 -1.9139493329694752 0.259361041799724 0.5207259294986682 -1.9637864452913865 -1.8750591425915215 -1.6508247986973634 -1.9636099543234105 0.7900641632892043 -1.437861988666444 0.9011598748942489 -1.839100927784271 0.9673630237458035 -1.5461028839461475 -1.7392308446591596 -1.614617653698791 -1.9954446684769622 -1.7735048758817296 -1.9880457533468419 -1.3881141164712243 0.8198164119433166 -1.6553128286141534 
0.9555626050704765 1.6569931975742596 1.9772030703063237 1.5876092298416586 -0.36427263491424916 1.853373309523297 -1.9624358202825254 -1.90520197657007 0.05907667891862274 1.9011244327843606 0.259361041799724 0.4867951429186941 -1.9554301425849068 -1.8909531963902049 -1.6590334232207489 -1.9589811716346748 0.7900407983473829 -1.4148861207262058 0.9011598748942489 -1.8373241560634728 0.9792070609307895 -1.5364012600616914 1.0054565916982918 -1.6559083375283827 -1.9954446684769622 -1.7697135062880283 -1.9922453904242485 0.9022643129787387 0.8290543656811096 -1.6676428276945474 
0.9528253101091078 1.6569931975742596 1.9527810537354993 1.5876092298416586 -0.368944948306978 1.9844481460712962 2.0 -1.90520197657007 0.05907667891862274 1.89839177373326 0.259361041799724 0.5249182457116973 -1.963709561194073 -1.8892931915479405 -1.6661939099442893 -1.9616509381213956 0.7798753596221064 -1.4055769273684449 0.8927313798888568 -1.8457932572469968 0.9673630237458035 -1.556410914345509 0.9990136537017773 -1.6559083375283827 -1.9788470997208971 -1.76305713966163 -1.991899926490011 -1.3838407956840924 0.8358123339284289 -1.6306877753232867 
0.9528253101091078 1.6569931975742596 1.958544332051353 -1.2194499658582583 -0.35787131195998745 1.9849442915508138 1.9886522374730264 -1.914254901121738 0.05907667891862274 1.8808555433103271 0.259361041799724 0.52373283028481 -1.9554301425849068 -1.8909531963902049 -1.6661939099442893 -1.9616509381213956 0.7798753596221064 -1.4055769273684449 0.8908061968663664 -1.8427999061343237 0.9623864910821079 -1.5461028839461475 0.9997470012293166 -1.6506149169556532 -1.9934003140130543 -1.7634688546020114 -1.9922453904242485 -1.3838407956840924 0.8311679873841308 -1.6546933760351943 
0.9528253101091078 1.6520892246973837 1.9527810537354993 -1.5159501021098143 -0.368944948306978 0.8301193739842465 2.0 -1.9205233860303736 0.05909591592355287 1.9011244327843606 0.259361041799724 0.49539241325618366 -1.9608991698281566 -1.8892931915479405 -1.6661939099442893 -1.9616509381213956 0.7798753596221064 -1.4319115200609736 0.8927313798888568 -1.8373241560634728 0.9673630237458035 -1.5479565154840715 0.9990136537017773 -1.6426770531801835 -1.9788470997208971 -1.7672675025999407 -1.991899926490011 -1.3838407956840924 0.841954077098987 -1.6676428276945474 
0.9528253101091078 1.6569931975742596 1.9527810537354993 1.5876092298416586 -0.368944948306978 1.9844481460712962 2.0 -1.90520197657007 0.05907667891862274 1.89839177373326 0.259361041799724 0.5249182457116973 -1.963709561194073 -1.8892931915479405 -1.6661939099442893 -1.9616509381213956 0.7798753596221064 -1.4055769273684449 0.8927313798888568 -1.8457932572469968 0.9673630237458035 -1.556410914345509 0.9990136537017773 -1.6559083375283827 -1.9788470997208971 -1.76305713966163 -1.991899926490011 -1.3838407956840924 0.8358123339284289 -1.6306877753232867 
0.9528253101091078 1.6520892246973837 1.9527810537354993 -1.5159501021098143 -0.368944948306978 0.8301193739842465 2.0 -1.9205233860303736 0.05909591592355287 1.9011244327843606 0.259361041799724 0.49539241325618366 -1.9608991698281566 -1.8892931915479405 -1.6661939099442893 -1.9616509381213956 0.7798753596221064 -1.4319115200609736 0.8927313798888568 -1.8373241560634728 0.9673630237458035 -1.5479565154840715 0.9990136537017773 -1.6426770531801835 -1.9788470997208971 -1.7672675025999407 -1.991899926490011 -1.3838407956840924 0.841954077098987 -1.6676428276945474 
0.9528253101091078 1.6569931975742596 1.958544332051353 -1.2194499658582583 -0.35787131195998745 1.9849442915508138 1.9886522374730264 -1.914254901121738 0.05907667891862274 1.8808555433103271 0.259361041799724 0.52373283028481 -1.9554301425849068 -1.8909531963902049 -1.6661939099442893 -1.9616509381213956 0.7798753596221064 -1.4055769273684449 0.8908061968663664 -1.8427999061343237 0.9623864910821079 -1.5461028839461475 0.9997470012293166 -1.6506149169556532 -1.9934003140130543 -1.7634688546020114 -1.9922453904242485 -1.3838407956840924 0.8311679873841308 -1.6546933760351943 
0.9528253101091078 1.6569931975742596 1.958544332051353 -1.5281387053946385 -0.35787131195998745 1.9752045103967715 1.9915850539345186 -1.914254901121738 0.05907667891862274 1.8808555433103271 0.259361041799724 0.5237206579224146 -1.963709561194073 -1.8909531963902049 -1.6685832752073613 -1.9703121769522784 0.7872960300248604 -1.3968528762456178 0.8908061968663664 -1.831963097013839 0.9623864910821079 -1.5404615525913075 0.9997470012293166 -0.9458104976711259 -1.9934003140130543 -1.7550385963716302 -1.9936995426844444 -1.3780372742521174 0.8291448746410911 -1.6546933760351943 
0.9528253101091078 1.6569931975742596 1.958544332051353 -1.5281387053946385 -0.35787131195998745 1.9752045103967715 1.9915850539345186 -1.914254901121738 0.05907667891862274 1.8808555433103271 0.259361041799724 0.5237206579224146 -1.963709561194073 -1.8909531963902049 -1.6685832752073613 -1.9703121769522784 0.7872960300248604 -1.3968528762456178 0.8908061968663664 -1.831963097013839 0.9623864910821079 -1.5404615525913075 0.9997470012293166 -0.9458104976711259 -1.9934003140130543 -1.7550385963716302 -1.9936995426844444 -1.3780372742521174 0.8291448746410911 -1.6546933760351943 
0.8997957189229328 1.8475898988672863 0.797051764765436 1.5870634967227188 1.631888930049827 1.8521834352970203 1.7594381787193745 1.4844925562415705 1.9549744740422046 1.89839177373326 -0.6826716398916312 1.4555392996331333 1.891477115170585 1.769979438813679 -1.645101676563547 -1.9612849340383904 -0.10863202433279034 1.8610491633620356 0.10481109490741489 -1.9986102236021637 0.9730868025485422 0.35425888884570406 0.49062131092854466 -1.982588441614041 -1.9874314596366207 -1.7550385963716302 -1.994772984092522 -1.5306582983864558 -1.7337415701230254 -1.644969877591127 
0.8997957189229328 1.827761251634205 1.907838155175543 1.5870634967227188 1.6283146581360834 1.8505048431124613 1.7594381787193745 1.4892578177122973 1.9549744740422046 1.3981407895023177 -0.6775772131407596 1.4512337304569387 1.891477115170585 1.769979438813679 -0.3191965303583888 -1.9700971109671501 -0.07552038973879782 1.8610491633620356 -1.8311482170699334 -1.9994435009634461 0.30195949084708246 0.35425888884570406 0.4932099033938267 -1.609156492898717 0.6653391273542467 -0.988608473265338 -2.0 -1.5306582983864558 -1.7265448573466577 -1.646272975502004 
0.8997957189229328 1.827761251634205 1.9025677440826845 1.5836840004489965 1.631888930049827 1.8505048431124613 1.7594381787193745 1.4866866391652294 1.9516947561892017 1.3981407895023177 -0.6883542376730125 -0.2188098121330584 1.9096772731137428 1.769979438813679 -0.3191965303583888 -1.9700971109671501 -0.10863202433279034 1.8543647252368232 0.1015488509745193 -1.9966577393035818 0.30734290598395103 0.3509021788073407 0.4932099033938267 -1.609156492898717 0.6653391273542467 -1.8920180927207249 -1.9992313993342066 -1.0686616803490447 -1.7265448573466577 -1.646272975502004 
0.8997957189229328 1.839599324504821 1.9092952657868159 1.5965824065635297 1.7696093410893616 1.848559089166091 1.7659263015057298 1.478324506924681 1.9549744740422046 0.30293744006240614 -0.6730672067232487 1.6077683433382526 1.8737597554684802 -0.27013777839170006 -0.3148293474414943 -1.9675974301242787 -0.10863202433279034 -1.9318508365323268 0.1032492562381366 -1.9981492524283129 0.31192876492661825 0.36366799134125766 0.498337372540956 -1.6247025601490144 0.6653391273542467 -1.8928736047710544 -1.9901312664695077 -0.8366835868650123 -1.734062988698652 0.8703561350592519 
0.8997957189229328 1.839599324504821 1.9092952657868159 1.5965824065635297 1.7696093410893616 1.848559089166091 1.7659263015057298 1.478324506924681 1.9549744740422046 0.30293744006240614 -0.6730672067232487 1.6077683433382526 1.8737597554684802 -0.27013777839170006 -0.3148293474414943 -1.9675974301242787 -0.10863202433279034 -1.9318508365323268 0.1032492562381366 -1.9981492524283129 0.31192876492661825 0.36366799134125766 0.498337372540956 -1.6247025601490144 0.6653391273542467 -1.8928736047710544 -1.9901312664695077 -0.8366835868650123 -1.734062988698652 0.8703561350592519 
0.8997957189229328 1.8163589234282973 1.9092952657868159 1.5965824065635297 1.7696093410893616 1.8538593852169338 1.7794681949092235 0.6597292005237686 1.9439519410699626 0.30293744006240614 -0.6730672067232487 1.6077683433382526 1.8737597554684802 1.778677597760946 -0.312582642649276 -1.9653495801312975 -0.10863202433279034 -1.9318508365323268 0.1015488509745193 -1.9981492524283129 0.30673952773820556 0.3702843401826388 0.4924100365617005 -1.6338895932146846 0.6578264646717183 -1.0054763064841248 -1.9765415867645655 -1.1893384462919014 -1.728343439113363 0.20595990139963197 
0.8997957189229328 1.8148971943728642 1.9092952657868159 1.5870634967227188 1.7696093410893616 1.8538593852169338 1.7504489211613325 0.6597292005237686 1.9549744740422046 0.30293744006240614 -0.6690627130713468 -1.0907009490623631 1.881475266041245 1.7693783564655075 -0.312582642649276 -1.9653495801312975 -0.11259033990706964 -1.9260033906903153 0.09841727290867648 0.8102271286032061 0.30549885953419403 0.35425888884570406 0.4932099033938267 -1.632906555857827 0.6655416858212482 -0.9950892290764638 -1.9907426690776386 -0.8344658764457876 -1.7379757015073993 0.8605177609319504 
0.8997957189229328 1.819312596820222 1.9249341595939424 1.581065943461002 1.7696093410893616 -0.12971391008323296 1.7504489211613325 0.6243609615965467 1.9594740106852337 0.3049648772935476 -0.6704889119847535 1.6077683433382526 1.871813732988031 1.7782140712461862 -0.312582642649276 0.7090342751457204 -0.10863202433279034 1.8654292515353663 0.1032492562381366 -2.0 0.3083831288420589 0.36906539747430067 0.49639331997161235 -1.6420526412766105 0.6655416858212482 -1.8928736047710544 -2.0 -0.8452033458777133 -1.734062988698652 0.20595990139963197 
0.8997957189229328 1.8163589234282973 1.9107243365864168 1.58980597803385 1.7696093410893616 1.8538593852169338 1.7794681949092235 0.6597292005237686 1.9549744740422046 0.30402147919884936 -0.6690627130713468 -1.0959948175523966 1.881475266041245 1.778677597760946 -0.312582642649276 -1.9653495801312975 -0.10863202433279034 1.8637575343160446 0.1015488509745193 0.8102271286032061 0.30549885953419403 0.35425888884570406 0.4905218996308332 -0.05046559691794572 0.6655416858212482 -0.9962088912857702 -1.99061363580991 -0.8309394717936546 -1.7379757015073993 0.8605177609319504 
0.8997957189229328 1.8181242372464885 1.9107243365864168 1.591167383990816 1.7696093410893616 -0.12971391008323296 1.7794681949092235 0.6263627022341525 1.9549744740422046 0.30293744006240614 -0.6740706148253016 1.610283870592917 1.8892953071892709 1.7691561927944686 -0.30952721953406087 -1.9653495801312975 -0.10863202433279034 -0.031561632698250186 0.09841727290867648 0.820011487948198 0.30549885953419403 0.36906539747430067 0.4932099033938267 -1.6440335050276156 0.6653391273542467 -0.9962088912857702 -1.9865297621356894 -0.8427677640265818 -1.7379757015073993 0.20595990139963197 
0.8997957189229328 1.8181242372464885 1.9249341595939424 1.589339744544024 1.7696093410893616 -0.12557051900565175 1.7504489211613325 0.6263627022341525 1.9690119144623677 0.30692596284866397 -0.6704889119847535 -1.092299756099358 1.881475266041245 1.7782140712461862 -0.3123674487075783 -1.962033174706485 -0.10863202433279034 1.8654292515353663 0.09841727290867648 -2.0 0.3083831288420589 0.36906539747430067 0.4932099033938267 -1.6362510565769006 0.6653391273542467 -1.8928736047710544 -2.0 -0.8455478845536567 -1.7379757015073993 0.20595990139963197 
0.8997957189229328 1.819312596820222 1.9249341595939424 1.581065943461002 1.7696093410893616 -0.12971391008323296 1.7504489211613325 0.6243609615965467 1.9594740106852337 0.3049648772935476 -0.6704889119847535 1.6077683433382526 1.871813732988031 1.7782140712461862 -0.312582642649276 0.7090342751457204 -0.10863202433279034 1.8654292515353663 0.1032492562381366 -2.0 0.3083831288420589 0.36906539747430067 0.49639331997161235 -1.6420526412766105 0.6655416858212482 -1.8928736047710544 -2.0 -0.8452033458777133 -1.734062988698652 0.20595990139963197 
0.8997957189229328 1.8163589234282973 1.9107243365864168 1.58980597803385 1.7696093410893616 1.8538593852169338 1.7794681949092235 0.6597292005237686 1.9549744740422046 0.30402147919884936 -0.6690627130713468 -1.0959948175523966 1.881475266041245 1.778677597760946 -0.312582642649276 -1.9653495801312975 -0.10863202433279034 1.8637575343160446 0.1015488509745193 0.8102271286032061 0.30549885953419403 0.35425888884570406 0.4905218996308332 -0.05046559691794572 0.6655416858212482 -0.9962088912857702 -1.99061363580991 -0.8309394717936546 -1.7379757015073993 0.8605177609319504 
0.8997957189229328 1.8181242372464885 1.9249341595939424 1.589339744544024 1.7696093410893616 -0.12557051900565175 1.7504489211613325 0.6263627022341525 1.9690119144623677 0.30692596284866397 -0.6704889119847535 -1.092299756099358 1.881475266041245 1.7782140712461862 -0.3123674487075783 -1.962033174706485 -0.10863202433279034 1.8654292515353663 0.09841727290867648 -2.0 0.3083831288420589 0.36906539747430067 0.4932099033938267 -1.6362510565769006 0.6653391273542467 -1.8928736047710544 -2.0 -0.8455478845536567 -1.7379757015073993 0.20595990139963197 
0.8087661639193198 -1.4812239080288867 -1.4967830879950785 -1.8047306131032823 -1.6054987756824592 -0.25178239086958865 1.3883457807204729 -1.9683295761385948 -0.42008389444010463 1.5935057457968795 -1.807784135839815 1.333106364925817 1.864494638581151 0.9429656443055897 1.5355539425886753 1.8927973493366568 1.6720013201032589 1.9355502869698271 1.5636594179878138 1.7840566224223366 1.5557227649457543 -0.7763583155845999 1.613448749207273 1.6461739373232733 1.0463666724181375 1.2977832919266725 1.707598752689118 1.4847542642451197 1.8260118698993917 1.9361789056268706 
0.8087661639193198 -1.4781354899705894 1.9547920186659615 -1.4619758503560405 -1.5896111287236692 1.5793877047548492 -1.857636831210912 -1.9674931858984166 -0.42008389444010463 1.720103920674025 -0.6764461792791753 1.3484316836736914 1.9529127438072098 1.488477879742825 1.5350614954293862 -1.9405374421379653 1.6933412985660499 1.9037937057007257 1.5846306872165186 1.7850479893760505 1.3025031853348814 -0.9840508694402836 -0.9735070674260226 1.691886696921223 -0.9027749790523394 1.2977832919266725 1.7263470070232325 1.4847542642451197 1.8352989172948853 1.958924044122155 
0.8087661639193198 -1.4781354899705894 0.24125878787117339 -1.4688300738676692 -1.581483023403398 1.5793877047548492 -1.857636831210912 -1.9674931858984166 -0.42008389444010463 1.7163877736624342 -0.6764461792791753 1.333106364925817 1.9529127438072098 1.488477879742825 1.5350614954293862 -1.9405374421379653 1.6779604032528037 1.9017338474662038 1.5846306872165186 1.7850479893760505 1.3025031853348814 -0.9983625631810555 -0.9639922783408137 1.6701243478539451 -0.9027749790523394 1.2977832919266725 1.7263470070232325 1.4847542642451197 1.8260118698993917 1.958924044122155 
0.8087661639193198 1.8364410102174455 1.9547920186659615 -1.4619758503560405 -1.607409017514615 1.8457693037182692 1.7716512906373987 1.4892578177122973 -0.42008389444010463 1.7254985844213695 1.4809866705093575 -1.0953700000492108 1.9023247136061998 1.488477879742825 1.5435507803293869 0.15627646976252318 1.6811297904136202 1.8545195709778795 1.5846306872165186 1.7796510604787226 1.3041751044687009 0.3619399499138618 -0.9639922783408137 1.6701243478539451 -0.9171098113023632 -1.7275034468982626 1.7296556409502732 1.4927980267651022 1.826383879014259 1.9506330755337726 
0.7705879458549008 -1.4773289572038362 -1.5050929252540841 0.7610717845829309 -1.5896111287236692 -1.6778061896452383 -1.8501561646951394 -1.970206998391951 -2.0 -1.5982799690084413 0.29632970153811633 -1.5938627557640652 -1.803616279205757 -0.250294355861124 -1.715166803876071 1.6877298760966766 1.6802470190785623 1.9375309312154592 1.5669497235594751 1.7716684262442928 1.5596835068153214 -0.7822711273840688 1.398673100686387 1.6836358462394407 1.3568441063811707 -1.0034014814376653 1.7080761673369451 1.047489798338148 1.8543359060067326 1.926788604857166 
0.7648206758867471 -1.4773289572038362 -1.5050929252540841 0.7610717845829309 -1.5945949633987837 -1.67051221174351 -1.8501561646951394 -1.970206998391951 -2.0 -1.6038950691001057 0.2955572573930817 -1.5966294564418195 -1.803616279205757 -0.250294355861124 -1.715166803876071 1.6877298760966766 1.6862045673105661 1.9375309312154592 1.5622862095736079 1.7725675726588326 1.5596835068153214 -0.7905355506755014 1.409113186292757 1.6836358462394407 1.3568441063811707 -1.009881574517363 1.7080761673369451 0.7219040592646424 1.8543359060067326 1.936820381772288 
0.7592733618358994 0.9291128579850589 -1.4890775246003494 0.7546009755930912 -1.9344304958431988 -1.6843243368204246 -1.759260022906393 -1.970206998391951 -1.998860000926827 -1.5982799690084413 0.29632970153811633 -1.5988586153611104 -1.803616279205757 -0.25254032782301217 -0.011408377665676693 -0.41273345880954765 1.677695614354554 1.8614805604716358 1.5758067847679318 1.79690153422566 1.5570975198307946 -0.7819097963652433 1.417491880596775 1.6836358462394407 -0.8974306872145275 -1.0212872581624626 1.6120656800366737 1.4986410366258223 1.8543359060067326 1.936820381772288 
0.7553184915061334 -1.4704396871447476 0.9626857606162322 0.7610717845829309 -1.5855737566501176 -1.67051221174351 -1.8449458122872693 -1.970206998391951 -1.998860000926827 -1.6012994369031057 0.2955572573930817 -1.5966294564418195 -1.8117602728005824 -1.7066519383492476 -0.011408377665676693 1.6877298760966766 0.9515821976632135 1.8614805604716358 1.5855114463454156 1.79690153422566 1.5516983564967142 -0.7822711273840688 1.417491880596775 1.6734297084778322 -0.8836378128165221 1.3047483733782579 1.6120656800366737 0.7172604920744766 1.867839558350343 1.032195285582541 
0.7506224088694589 -1.4814090506964144 -1.5042828622926678 0.7556650130722015 -1.5839413896481154 -1.67051221174351 -1.8680974843928344 -1.9581853478197977 -1.998860000926827 -1.6042497189947884 -1.807784135839815 -1.5966294564418195 -1.8273962189406712 -1.702293180083886 -0.0018787870165145376 1.6958178730379763 -0.2015097782540194 1.8657220625510564 1.5855114463454156 1.7591151072015156 1.5557227649457543 -0.7763583155845999 1.399635181019182 1.654110918946735 -0.8836378128165221 1.2950728334074968 1.4314962909097964 0.7172604920744766 1.8260118698993917 1.9324541281072039 
0.7506224088694589 -1.4814090506964144 0.9570119761343595 1.898949813671154 -1.580533082123571 -0.8909106805494146 -1.8438572541375118 -1.9687810194182218 -2.0 -1.1768759089157452 -1.8067927505473862 -1.5938627557640652 -1.8069969906122607 -1.9938560227491475 -0.011408377665676693 -1.754782589916017 -0.20776093377348118 1.937529800427349 1.5669497235594751 1.7591151072015156 1.5557227649457543 -0.7913053382974988 1.4071547224747474 1.679191569412048 -0.8836378128165221 1.2950728334074968 1.6020685347181323 1.4815881495168157 1.8683255308838478 1.028389005760547 
0.7506224088694589 -1.4814090506964144 0.9570119761343595 0.7610717845829309 -1.5896111287236692 -1.6425022673610812 -1.8438572541375118 -1.9687810194182218 -1.9781126153943747 -1.1787994335750636 -1.8067927505473862 0.569771903710684 -1.8506192933426002 -1.702293180083886 -0.011408377665676693 -1.754782589916017 -0.2015097782540194 1.8614805604716358 1.5669497235594751 1.7840566224223366 1.5742932103262472 -0.7808830291856671 1.399635181019182 1.6734297084778322 -0.8836378128165221 1.2977832919266725 1.6020685347181323 1.4674416794732459 1.8628003715947496 1.032195285582541 
0.7506224088694589 -1.4814090506964144 0.9570119761343595 1.898949813671154 -1.580533082123571 -0.8909106805494146 -1.8438572541375118 -1.9687810194182218 -2.0 -1.1768759089157452 -1.8067927505473862 -1.5938627557640652 -1.8069969906122607 -1.9938560227491475 -0.011408377665676693 -1.754782589916017 -0.20776093377348118 1.937529800427349 1.5669497235594751 1.7591151072015156 1.5557227649457543 -0.7913053382974988 1.4071547224747474 1.679191569412048 -0.8836378128165221 1.2950728334074968 1.6020685347181323 1.4815881495168157 1.8683255308838478 1.028389005760547 
0.7506224088694589 -1.4881999706328632 0.9473059782260784 1.898949813671154 -1.6115290481755085 -0.8919527567141894 -1.8438572541375118 -1.9687810194182218 -2.0 -1.1787994335750636 -1.8067927505473862 -1.5938627557640652 -1.8506192933426002 -0.25552376035274754 -0.018610337058990296 -1.754782589916017 -0.2015097782540194 1.9375309312154592 1.5605394278727582 -1.7577252179020377 1.5733821764635352 -1.560929566341066 1.4071547224747474 1.6713304971077836 -0.8836378128165221 1.2977832919266725 1.7204883491528444 1.4815881495168157 1.8683255308838478 -1.6560892089497041 
0.7506224088694589 -1.4881999706328632 0.9473059782260784 1.898949813671154 -1.6115290481755085 -0.8919527567141894 -1.8438572541375118 -1.9687810194182218 -2.0 -1.1787994335750636 -1.8067927505473862 -1.5938627557640652 -1.8506192933426002 -0.25552376035274754 -0.018610337058990296 -1.754782589916017 -0.2015097782540194 1.9375309312154592 1.5605394278727582 -1.7577252179020377 1.5733821764635352 -1.560929566341066 1.4071547224747474 1.6713304971077836 -0.8836378128165221 1.2977832919266725 1.7204883491528444 1.4815881495168157 1.8683255308838478 -1.6560892089497041 
0.6776471813937958 1.8175005769849382 1.9344947124967842 -1.6351675583827854 -1.6146132719796689 -1.665622860577825 0.10225384504316683 -1.9266509276010049 -1.9935941282847398 -1.736532370716516 -1.817489525552087 -1.5761762643723887 -1.8169247753009652 -1.982674805128652 -1.6841533004528049 -1.9068450826467371 -1.751412817633335 -1.846176609581467 -1.8060130210830747 -1.7810028993741132 0.7013077453437009 -1.5788297498705468 0.5504396932328884 -1.6049130013131183 -1.3497660150713038 -1.779024995017363 0.9630822932141729 -1.371189920057166 -0.08751107669587466 -1.6451090939606117 
0.6704932842860956 1.8263741371909754 1.921584919926882 -1.6677322747722143 -1.5930929596595158 -1.6747463953037618 -1.8396189465498312 -1.9436301908009554 -1.9700279873442141 -1.7404937433918795 -1.8171462873749467 -1.5485480051488885 -1.8571322239173247 -1.9895006572869005 -1.6994720083073203 -1.8783662386280426 -1.751412817633335 -1.4180222211528046 -1.8147222920125963 -1.7481040796476388 0.7013077453437009 -1.5599826316957843 0.5555672613456633 -1.6049130013131183 -1.3260080095648918 -1.798588140769125 0.9630822932141729 -1.371189920057166 -1.6887103263459855 1.941278073160949 
0.6704932842860956 1.809988410768176 1.9344947124967842 -1.6351675583827854 -1.6146132719796689 -1.6747463953037618 -1.839511194468604 -1.9266509276010049 -1.9640123088915489 -1.7276522872536053 -1.817489525552087 -1.5762925478437768 -1.8169247753009652 -1.9824706259839784 -1.690358908556368 -1.8783662386280426 -1.7508078645784462 -1.4180222211528046 -1.8060130210830747 -1.7481040796476388 0.7013077453437009 -1.5599826316957843 0.5555672613456633 -1.6049130013131183 -1.3260080095648918 -1.8039654225932482 -1.989849083773891 -1.3670782164866477 1.7493814964561487 -1.6451090939606117 
0.6624338494841996 1.8175005769849382 -1.5480705702773625 -1.6431940004155623 -1.6146132719796689 -1.6626784597488142 -1.8348548476502975 -1.9152165919166046 -1.9789219144938937 -1.1946039696327306 -1.8198758279408545 -1.5573885450276073 -1.8169247753009652 1.0038654443845036 -1.7015081367018012 -1.8850982918247365 -1.7530541020592225 -1.4237760612542183 -1.8060130210830747 -1.763594209354527 -1.534547458356075 -1.5645493819520446 -1.9759205230152161 -1.5828201286999921 -1.3270652919088664 -1.8318825806438699 -1.979897488171131 -1.3774241177861013 -1.6887103263459855 -1.8198324509774988 
0.6514897647081173 1.809988410768176 1.921584919926882 -1.6596849410888368 -1.5869832548705405 -1.6747463953037618 -1.838753064106231 -1.9436301908009554 -1.9789219144938937 -1.7343577282466793 -1.8171462873749467 -1.5485480051488885 -1.8571322239173247 -1.9988512599543269 -1.6994720083073203 -1.8783662386280426 -1.744564928122768 -1.4159623317312768 -1.8147222920125963 -1.6496845168661793 -1.6730093981601937 -1.5599826316957843 -1.9759205230152161 -1.611927320709402 -1.3223137081173277 -1.798588140769125 -1.979897488171131 -1.3776352874320348 -1.4482339950109535 -1.6399682880786546 
0.6367455800079442 1.8175005769849382 1.9344947124967842 -1.633524879857794 -1.6009082812933477 1.7122488562927296 -1.8348548476502975 -1.9266509276010049 -1.9820293923757673 -1.171382779725518 -1.8171462873749467 -1.5761762643723887 -1.8589179741255004 -1.993102421105819 -1.6841533004528049 -1.8737296219555053 -1.744564928122768 -1.846176609581467 -1.806358673625579 -1.7818800065644 -1.6730093981601937 -1.5632808519691734 -0.8212145375275424 -1.5952773256174602 -1.3273546955914028 -1.7694281531801963 -1.979897488171131 -1.7885769605461719 -1.4394378080535557 -1.6451090939606117 
0.6310462917081905 1.8175005769849382 1.9312495173641362 1.4292982347164478 -1.6185389678052624 0.09064321462640428 -1.8348548476502975 -1.9435413042035588 -1.9866449618438053 -1.1707844171573278 -1.8150265839029038 -1.5761762643723887 -1.8172838399633255 -1.9848547751408454 -1.6953383298454845 -1.9135174874338194 -1.7399276082262218 -1.846176609581467 -1.833019609421736 -1.7888220099181875 -1.6730093981601937 -1.5732287416608728 -1.9756917237514102 -1.5991098055015962 -1.3334302628797905 -1.7772828888248595 -1.989849083773891 -1.3776352874320348 -1.6881428987244733 -1.8086671989333756 
0.6310462917081905 1.8175005769849382 1.930876402591119 -1.6351675583827854 -1.6146132719796689 -1.6626784597488142 0.10225384504316683 -1.9152165919166046 -1.9935941282847398 -1.1881485636681193 -1.8184564327131238 -1.5685290472182978 -1.8169247753009652 1.0038654443845036 -1.7015081367018012 -1.9068450826467371 -1.5394683510249711 -1.419853479659399 -1.8060130210830747 -1.767159412373487 -1.534547458356075 -1.5714211668993319 -1.9759205230152161 -1.5828201286999921 -1.3435913330591907 -1.7843810542728111 -1.9884843167047512 -1.3776352874320348 -1.956931245197679 -1.643121126894089 
0.6310462917081905 1.809988410768176 1.9284140344134852 -1.5035105595735119 1.3034794951711801 -1.6747463953037618 0.09727503769340441 -1.9314366398250884 -1.9923876891459311 -1.7343577282466793 -1.8171462873749467 -1.5685290472182978 -1.8571322239173247 0.9693033038628103 -1.7074704720440306 -1.8760100591168956 -1.7384461348871911 -1.4159623317312768 -1.8147222920125963 -1.7666843068630247 0.9942940346238327 0.00498374446056262 -1.9756917237514102 -1.6024541449939043 -1.3146705257129743 -1.798588140769125 -1.989849083773891 -1.3810707484077085 -1.4482339950109535 -1.6463456769200777 
0.5793682040188043 1.623317963243845 1.937399696610489 1.5498056279064236 1.2876258986804576 1.5700172691525993 1.7594381787193745 1.4515782011257339 1.940954350832433 1.8404068233049853 1.9477329207755094 1.7621639056647977 1.695222017381009 -0.22814418754576662 -0.304792247779056 1.933480113475014 -1.9037684406639452 -1.5548595921980795 -0.8966539495777015 0.43887376736812267 0.31990160238845533 -1.5663821618758873 -1.731193683944354 -1.576448114909681 0.6930785566736515 -1.7672590154212153 -1.9873216219818124 -1.3707397781779502 -1.4316002373256507 -1.8251876015624007 
0.577025990670552 -0.8987729151449626 1.9273559282729633 1.5498056279064236 1.293516532436853 1.7026154154836852 1.0263191780990426 1.4515782011257339 1.940954350832433 1.845542240276792 1.951574898111651 1.7639774627776041 1.6823528423042144 -0.22264928733151634 -0.29852905917939043 1.933480113475014 -1.998668161068466 -1.8258481890941507 -1.833019609421736 0.4454498038624929 0.31990160238845533 -1.7907239211125898 -1.7289030437091748 -1.5947908987263433 0.6702986787000058 -1.78499326047334 -1.9554662097161069 -1.3774241177861013 -1.6989240147650606 -1.805163597768546 
0.5724235885465829 1.623317963243845 1.9273559282729633 1.5498056279064236 1.2959031901124414 1.7025676683772366 1.02542145047096 1.4515782011257339 1.940954350832433 1.8403621687523108 1.9520317870086275 1.7639774627776041 1.6823528423042144 -0.22264928733151634 -0.30712533968486555 1.933480113475014 -1.9071341132881625 -1.8281031400724688 0.1284512772033461 0.4454498038624929 0.31990160238845533 -1.79541248047662 -1.7289030437091748 -1.5889013895450412 0.6702986787000058 -1.7793984884325325 -1.9512478296222078 -1.3774241177861013 -1.7045039780585838 -1.8093098072718101 
0.5664916059047369 1.623317963243845 1.9273559282729633 1.5498056279064236 1.2959031901124414 1.5700172691525993 1.7594381787193745 1.4515782011257339 1.940954350832433 1.8321929665572663 1.9520317870086275 1.7639774627776041 1.686437359981863 1.7983223317101036 -0.3148293474414943 1.933480113475014 -1.9116797513073593 -1.8281031400724688 0.1284512772033461 0.435298333092621 0.2958034728574021 0.37470474208256016 -1.7289030437091748 -1.5860095039880795 0.6930785566736515 -1.7721341288219117 -1.9784065431186466 -1.3774241177861013 -1.4310177578887369 -1.8215130613095025 
0.5664916059047369 1.623317963243845 1.9273559282729633 1.5498056279064236 1.2959031901124414 1.5700172691525993 1.7594381787193745 1.4515782011257339 1.940954350832433 1.8321929665572663 1.9520317870086275 1.7639774627776041 1.686437359981863 1.7983223317101036 -0.3148293474414943 1.933480113475014 -1.9116797513073593 -1.8281031400724688 0.1284512772033461 0.435298333092621 0.2958034728574021 0.37470474208256016 -1.7289030437091748 -1.5860095039880795 0.6930785566736515 -1.7721341288219117 -1.9784065431186466 -1.3774241177861013 -1.4310177578887369 -1.8215130613095025 
0.5664916059047369 1.623317963243845 1.9285727918652804 1.5498056279064236 1.2959031901124414 1.5700172691525993 1.7594381787193745 1.4515782011257339 1.940954350832433 1.8529823778871708 1.95619774973588 1.7621639056647977 1.695222017381009 1.789901763385513 -0.3112668216674715 0.2390892381446199 -0.06329337829137524 -1.8281031400724688 0.1287836133429571 0.435298333092621 0.2963102421622599 -1.5663821618758873 -1.7344215880792826 -1.5860095039880795 0.7095096093807862 -1.7740196684729992 -1.9806890331405156 -1.3690620697947762 -1.4379393251484565 -1.8215130613095025 
0.5664916059047369 -1.4694502134985223 1.9273559282729633 1.5525042165311764 1.6319299446025952 1.579093425280353 1.7499797061355082 1.4515782011257339 1.940954350832433 1.844661960864851 1.9574080859484935 1.7639774627776041 1.6857062378037382 -0.22814418754576662 -0.3148293474414943 0.8671119517357464 -0.07552038973879782 -1.8281031400724688 -1.833019609421736 0.42605179216303646 0.2958034728574021 -1.1349718438031997 -1.7289030437091748 -1.5860095039880795 0.670601723896496 -1.1933275606593887 -1.9493806743608728 -1.3761379759048584 -1.7247438176325514 1.3230514550980823 
0.4837173826719892 -1.9767641253116337 0.15950566485357995 -1.798022461536995 -1.6054987756824592 -0.34212038608366635 1.39358397338972 1.8367268625169844 -0.5145400447471761 1.5957691877761315 1.7280319959421362 1.5097663299317634 1.864494638581151 0.9429656443055897 1.7890230277569914 -1.0083866842130975 1.701731312189025 1.5322361969549947 1.57006021289257 -0.9750339080629549 1.529003588337333 1.8054144540919725 1.613448749207273 1.6461739373232733 -0.8804213833840323 1.749528011259437 -0.697815746528006 1.906301692820588 1.6557687381416757 1.7448102878584835 
0.4837173826719892 -1.9767641253116337 0.15950566485357995 -1.798022461536995 -1.6054987756824592 -0.34212038608366635 1.39358397338972 1.8367268625169844 -0.5145400447471761 1.5957691877761315 1.7280319959421362 1.5097663299317634 1.864494638581151 0.9429656443055897 1.7890230277569914 -1.0083866842130975 1.701731312189025 1.5322361969549947 1.57006021289257 -0.9750339080629549 1.529003588337333 1.8054144540919725 1.613448749207273 1.6461739373232733 -0.8804213833840323 1.749528011259437 -0.697815746528006 1.906301692820588 1.6557687381416757 1.7448102878584835 
0.47887041954220305 -2.0 0.17558472365554337 -1.7917165709295657 -1.6054987756824592 -0.21528803050106743 1.385620199161714 1.8388660821880023 -0.5067797223705018 1.6028695327489126 1.7414048804820448 1.5024181477302088 1.867630861856097 0.9429656443055897 1.7890230277569914 1.8927973493366568 1.6855529024923952 1.5304175876645947 1.5754195267456585 -0.9750339080629549 1.5206502111077012 1.8001210787404551 1.6159305346223576 1.6423575889477084 -0.8826034133212846 1.749528011259437 -0.6918403745255508 1.9064207315790034 -0.24002983937126565 1.7563956227755797 
0.47757374441241157 -1.9767641253116337 0.16571715785496643 -1.798022461536995 -1.5962758756854554 -0.21528803050106743 1.388456138843061 1.8367268625169844 -0.5145400447471761 1.6023163846299064 1.7240510459780576 1.5097663299317634 1.864494638581151 0.947958475589284 1.7890230277569914 -1.0042373516790928 1.701731312189025 1.5302452936577704 1.5603163050602957 -0.9746317563042388 1.5287161748568152 -1.0655048018879034 1.6099034015969405 1.6461739373232733 -0.8826034133212846 1.749528011259437 -0.7018819885566052 1.9064207315790034 1.6557687381416757 1.7563956227755797 
0.4734603116909951 -1.9919716086398593 0.16926290839887956 -1.798022461536995 -1.6054987756824592 -0.25159294663532866 1.39358397338972 -1.9906865743278903 -0.5003506405356667 1.6028695327489126 1.7278272095131688 1.5091131675367513 1.864494638581151 0.9429656443055897 1.7890230277569914 1.8927973493366568 1.701731312189025 1.5348967167975505 1.57006021289257 -0.9750339080629549 1.5270161555454353 1.8001210787404551 1.613448749207273 1.6461739373232733 -0.8804213833840323 1.749528011259437 -0.6918403745255508 1.906301692820588 1.867168879045582 1.7563956227755797 
0.40134049871603206 -1.7348584356173355 -1.4261449197877567 -1.696411480856593 -1.614491942522617 -1.7556780128451437 -1.863987935440221 -1.9549135833039282 -1.9607586140656663 0.7331301971382985 0.6771397371506895 0.5683084383071887 -1.7186872765927197 0.3793516883858906 0.27800643192240926 0.18393826777902383 0.06706111714080054 -0.010293079626633506 -1.3042940357435056 -0.2392331678100181 -0.2519906894011198 -0.4285879834580686 -0.30538384650921624 -0.6085949040995001 1.8212893509052888 -0.7551906157153745 -0.6871943062869207 -0.8810045515597034 1.144100706399977 1.9329852732552582 
0.40134049871603206 -1.732659825118083 -1.4261449197877567 -1.692329411737608 -1.614491942522617 -1.732975819296787 -1.863018078877475 -1.9479870459018307 -1.3157678833879007 0.7201181286323921 0.6771397371506895 0.5683084383071887 -1.7127764966057555 0.3900779915805854 0.27800643192240926 0.1793813118137454 0.06378474927358033 -0.02068529888020829 -1.3042940357435056 -0.2518265388429808 -0.2519906894011198 -0.4285879834580686 -0.30538384650921624 -0.6085949040995001 -0.5380057692141551 -0.7600156018713458 -0.7242000900408356 -0.8741314500028663 1.3532557502527789 1.9144907694226676 
0.40134049871603206 -1.732659825118083 -1.4261449197877567 -1.692329411737608 -1.614491942522617 -1.732975819296787 -1.863018078877475 -1.9479870459018307 -1.3157678833879007 0.7201181286323921 0.6771397371506895 0.5683084383071887 -1.7127764966057555 0.3900779915805854 0.27800643192240926 0.1793813118137454 0.06378474927358033 -0.02068529888020829 -1.3042940357435056 -0.2518265388429808 -0.2519906894011198 -0.4285879834580686 -0.30538384650921624 -0.6085949040995001 -0.5380057692141551 -0.7600156018713458 -0.7242000900408356 -0.8741314500028663 1.3532557502527789 1.9144907694226676 
0.40134049871603206 -1.7358066717633551 -1.4370883907269063 -1.6977737234626111 -1.614491942522617 -1.7448212180953406 -1.863987935440221 -1.9535328483320031 -1.956849390610231 0.7299626656914008 0.6771397371506895 0.5810066648914444 -1.7186872765927197 0.3793516883858906 0.27800643192240926 0.18393826777902383 0.06706111714080054 -0.010293079626633506 -0.28331084383248567 -0.2359243303091182 -0.2509442658531953 -0.43937404614208314 1.6050972441604607 -0.6080932630794367 -0.7271793468207616 -0.7558844526088645 1.8835655628947077 -0.8810045515597034 0.6164863402948986 1.9178313928120845 
0.40134049871603206 -1.7386890632594616 -1.4312611908863933 -1.6977737234626111 -1.614491942522617 -1.7448212180953406 -1.863987935440221 -1.9535328483320031 -1.9607586140656663 0.7239888384991792 -1.2902910831470422 0.5810066648914444 -1.7186872765927197 0.3793516883858906 0.27800643192240926 0.18393826777902383 0.06706111714080054 -0.010293079626633506 -0.2743877427616948 -0.22924620016461264 -0.2519992482788264 -0.43937404614208314 1.602531743025563 -0.5952353996514896 -0.7271793468207616 -1.9611646018946347 1.8835655628947077 -0.8761796026119228 1.3663235924662906 1.9178313928120845 
0.40134049871603206 -1.7256212451712591 -1.9139794516246593 -1.692329411737608 -1.614491942522617 0.13340269790330408 -1.863018078877475 -1.9535328483320031 -1.9607586140656663 0.7201181286323921 0.6883693976483882 -1.4780961606658578 -1.7186872765927197 -1.954682519650866 0.27800643192240926 0.1853741808879877 0.06423468444722705 -0.02068529888020829 -1.3042940357435056 -0.2518265388429808 -0.2519906894011198 -0.43937404614208314 1.5998346967218005 -0.6085949040995001 -0.6564459294387484 -1.9611646018946347 1.8835655628947077 -0.8741314500028663 1.3663235924662906 -1.8291638956831486 
0.40134049871603206 -1.7353021580012304 -1.9173704921563126 -1.6977737234626111 -1.4578493003999125 -1.7464347905321669 -1.863987935440221 -1.9535328483320031 -1.9612880043008707 -0.3567799362351245 0.6966618052593395 0.5810066648914444 -1.7143297054952922 -1.954682519650866 0.27800643192240926 0.18807423844567014 0.06706111714080054 -1.9559533236770439 -0.2743877427616948 -0.22924620016461264 -0.2519992482788264 -1.53522979600202 1.602531743025563 -0.5952353996514896 -0.7188205725060463 -1.753840406320016 1.8835655628947077 -0.8761796026119228 1.3663235924662906 -1.832459635674966 
0.30717801166397113 1.9778024597611528 -1.92161359989953 1.7364781694691915 -1.45963945629464 0.13709552075074888 -1.8481004492553976 0.3354950641844522 -0.8404033846199802 -1.7931971888407332 0.6956587730564463 -1.4780961606658578 1.6629392783079457 -1.9589129179624343 -1.7522504627948163 -1.7951640775895532 -1.4358291485114911 -1.934220205556056 -1.5666342108721052 -1.594537214805407 1.0890349280202385 -1.5348908697091272 -1.6446415623923045 -1.8608343732844606 -1.5520451075174246 -1.747787708803843 -1.2905666359304684 0.6658828175764875 -1.6996605776453981 -1.8226174400645287 
0.30717801166397113 1.976262330699964 -1.92161359989953 -1.7210278474814702 -1.4630192097303745 0.13664096247002866 -1.8515518136414086 0.35003259835085165 -0.843136566088165 -1.7931971888407332 0.6966618052593395 -1.4768713062111718 1.6607931384571966 -1.954682519650866 -1.7484582592221625 -1.7873449611928678 -1.4372261845504968 -1.951494440568602 -1.5666342108721052 -1.609385291471095 -1.8394402673677561 -1.5348908697091272 -1.637172273470225 -1.8608343732844606 -0.7242798189260162 -1.753840406320016 1.4420198401130375 0.6694853525611967 -1.6947504663887538 -1.832459635674966 
0.30717801166397113 1.9778024597611528 -1.92161359989953 1.7364781694691915 -1.45963945629464 0.13709552075074888 -1.8481004492553976 0.3354950641844522 -0.8404033846199802 -1.7931971888407332 0.6956587730564463 -1.4780961606658578 1.6629392783079457 -1.9589129179624343 -1.7522504627948163 -1.7951640775895532 -1.4358291485114911 -1.934220205556056 -1.5666342108721052 -1.594537214805407 1.0890349280202385 -1.5348908697091272 -1.6446415623923045 -1.8608343732844606 -1.5520451075174246 -1.747787708803843 -1.2905666359304684 0.6658828175764875 -1.6996605776453981 -1.8226174400645287 
0.30717801166397113 1.9721340236751181 -1.92161359989953 -1.7095534927651905 -1.448984079843737 0.13340269790330408 -1.8481004492553976 0.3391990399562297 -1.965960309155215 -1.7931971888407332 0.6956587730564463 -1.4780961606658578 -1.1513127121361035 -1.954682519650866 -1.7521349911238455 -1.785802772838625 -1.4372261845504968 -1.934220205556056 -1.5666342108721052 -1.6004348068897452 1.0890349280202385 -1.5416415746197736 -1.6305466534192945 -1.8608343732844606 -0.7250539497737796 -1.7465173881000116 -1.2905666359304684 0.6784475074115779 -1.699044804961185 -1.8418252177789798 
0.3067469091466547 1.981950768789863 -0.27528739024902293 -1.7210278474814702 -1.6031478383258566 0.12924010218107732 -1.8515518136414086 0.3405470415052706 -1.9639468112401677 -1.793260245929944 0.6966618052593395 -1.4762466510047136 -1.7114022032728622 -1.9439862350172263 -1.7522504627948163 -1.7792091011710347 -1.4375359211027852 -1.9382909349018993 -1.580501647393406 -1.6050821286535084 -1.8394402673677561 -1.5348908697091272 -1.6446415623923045 -1.8608343732844606 -1.5397647871346338 -1.7538445589683755 -0.7269661336238319 0.6873850661804148 -1.7030130625168414 -1.831996121109326 
0.3067469091466547 1.9704015809478177 -1.9159940721575999 -1.714685982796926 0.03911711405865259 0.12924010218107732 -1.8412942663701082 0.34515173664698584 -1.9639468112401677 1.4544618924972332 0.7000082710314891 -1.4768713062111718 -1.7126084658420824 -1.954682519650866 -1.7522504627948163 -1.7833500718527062 -1.4372261845504968 -1.934220205556056 -1.576383926286699 -1.6064237564017012 -1.8394402673677561 -1.5378526546153695 -1.636921050119471 -1.8608343732844606 -1.5321198640796578 -1.7538445589683755 -0.7269661336238319 0.6776518295755795 -1.7034574187085407 -1.831996121109326 
0.06795411915277952 0.9959517582663461 1.6809634437895753 -1.7424951895955425 -1.5539276239515516 0.9403008439110949 -1.5686081529673133 -1.952281536328506 -0.04079767200644735 0.7248512586099375 -0.5682532265557316 0.5729098492880061 1.1084943192181786 0.3815864266134718 0.27587365097167366 0.18104565390936164 0.06793694803473642 -0.02338496334017728 -0.3730619688532333 -0.2329384299217604 -0.38728458210029665 -0.4259832866660814 -0.2991654436739882 -0.605512321592279 -0.7810719688992842 -0.7600156018713458 0.18542721704633794 -0.8773695802015754 1.3621996758769774 1.9237334913053057 
0.06795411915277952 0.9959517582663461 1.6809634437895753 -1.7424951895955425 -1.5415237334187677 -1.7528129654013571 -1.4472586614211624 -1.9406268503886623 -0.047035176148668804 0.7248512586099375 0.7164429234240037 0.570085284237665 1.1136124045747586 0.3862250191372835 -1.1952287066685638 0.18393826777902383 0.06793694803473642 -0.02338496334017728 -0.3730619688532333 -0.2329384299217604 -0.38728458210029665 -0.4259832866660814 -0.30305325932886557 -0.605512321592279 -0.7810719688992842 -0.7600156018713458 0.19818606289438398 -0.8779836058780116 1.360098684807565 1.9226221170733986 
0.06795411915277952 0.996751272877865 -1.5981032211133959 -1.730845962110576 -1.7970415511555426 -1.7577386308688672 -1.5652998418762325 -1.9406268503886623 -1.9353580732712108 0.7248512586099375 -1.2999231325493863 0.570085284237665 -1.7184235810886952 0.38537290487158005 0.2787003246537337 0.18393826777902383 0.058645017275262244 -0.025879103501422855 -0.49894351241513046 -0.2329384299217604 -0.39578864404156444 -0.4285879834580686 -0.49274712548013366 -0.605512321592279 -0.7974652939455852 -0.759534042127767 0.1885838946974587 -0.877602701412358 -0.08830529934511674 1.9133857484448864 
0.06795411915277952 0.9959517582663461 1.6809634437895753 -1.7118771487180902 -0.05734275522655436 -1.7528129654013571 -1.4408183362498637 -1.952281536328506 -0.04079767200644735 0.7248512586099375 -0.5682532265557316 0.5678548964522467 1.105599997085595 0.3815864266134718 0.2793052255387029 0.18393826777902383 0.5476805237741068 -0.024669959714383977 -0.3730619688532333 -0.2329384299217604 -0.38728458210029665 -0.4285879834580686 -0.3015244203826164 -0.605512321592279 1.9259413866232427 -0.7600156018713458 0.18167977762810963 -0.8779836058780116 1.360098684807565 1.9226221170733986 
0.06795411915277952 0.996751272877865 0.43621108492899974 -1.7247710147524096 0.828828188443057 -1.7499240066113186 -1.5652998418762325 -1.9406268503886623 -1.944911284070136 0.7248512586099375 0.7042468019101424 0.5671288317739233 -1.7119249933703735 0.3868061008640737 0.28277068565335084 0.1845100122252302 0.07097997376591504 -0.022900573582220682 0.1088672088640581 -0.2329384299217604 -0.2580306984740389 -0.42659766029645646 -0.8814837668051814 -0.605512321592279 -0.7798892443294119 -0.7600156018713458 0.1885838946974587 -0.877602701412358 -0.08830529934511674 1.9133857484448864 
0.06795411915277952 0.996751272877865 -1.5981032211133959 -1.730845962110576 -1.7970415511555426 -1.7577386308688672 -1.5652998418762325 -1.9406268503886623 -1.9353580732712108 0.7248512586099375 -1.2999231325493863 0.570085284237665 -1.7184235810886952 0.38537290487158005 0.2787003246537337 0.18393826777902383 0.058645017275262244 -0.025879103501422855 -0.49894351241513046 -0.2329384299217604 -0.39578864404156444 -0.4285879834580686 -0.49274712548013366 -0.605512321592279 -0.7974652939455852 -0.759534042127767 0.1885838946974587 -0.877602701412358 -0.08830529934511674 1.9133857484448864 
0.06795411915277952 0.9959517582663461 1.6791988798969668 -1.6951926171111278 -0.06716227959420884 -1.7563849770467375 -1.443820233650629 -1.952281536328506 -1.9355913791862112 0.7262938576239437 -0.569248298242977 0.5678548964522467 1.105599997085595 0.3815864266134718 0.27567643225319094 0.18393826777902383 0.5384842099035337 -0.024669959714383977 -0.3617397362970586 -0.2343258686232438 -0.39277308426749924 -0.4285879834580686 -0.3121083702573036 -0.6093692950278932 -0.7895126370333156 -0.7618122880447339 0.18167977762810963 -0.8780655167229676 1.3605919456237643 1.9224461944791718 
0.06795411915277952 0.996751272877865 -1.6029746825157067 -1.7200637534762178 -1.7928822599396408 -1.7529233720853612 -1.6617241239180518 -1.9535328483320031 -1.9196106897590006 0.7267532496111321 -1.314577846172268 0.5671288317739233 -1.705258627659386 0.3868061008640737 -1.1916089179250497 0.1845100122252302 0.07377371368909565 -0.024669959714383977 -0.2777442341905202 -0.2297270033274297 -0.2580306984740389 -0.42659766029645646 -0.49062325241530924 -0.6091832815060324 1.3893777739700868 -0.7590204371457934 1.879484384714054 -0.8793545323012772 1.3574887094546724 1.9275370265746237 
0.06795411915277952 0.9967123224327566 -1.5925334462090976 -1.7432104967312632 -1.7970415511555426 -1.7524627340728098 -1.4472285791557793 -1.9426876568049891 -0.032266010638873494 0.7267532496111321 -0.8631106645454796 0.570085284237665 -1.7184235810886952 0.3815864266134718 0.27548383109576935 0.18337191843553047 0.07553952876858804 -0.024669959714383977 -0.3730619688532333 -0.23117892804819112 -0.38728458210029665 -0.4285879834580686 0.43145518451427334 -0.605512321592279 -0.7974652939455852 -0.7600156018713458 0.1774665948716487 -0.8746931655414101 1.3574887094546724 1.9226221170733986 
0.06795411915277952 0.996751272877865 0.43621108492899974 -1.7247710147524096 0.828828188443057 -1.7499240066113186 -1.5652998418762325 -1.9406268503886623 -1.944911284070136 0.7248512586099375 0.7042468019101424 0.5671288317739233 -1.7119249933703735 0.3868061008640737 0.28277068565335084 0.1845100122252302 0.07097997376591504 -0.022900573582220682 0.1088672088640581 -0.2329384299217604 -0.2580306984740389 -0.42659766029645646 -0.8814837668051814 -0.605512321592279 -0.7798892443294119 -0.7600156018713458 0.1885838946974587 -0.877602701412358 -0.08830529934511674 1.9133857484448864 
0.06795411915277952 0.9959517582663461 1.6809634437895753 -1.7424951895955425 -1.5539276239515516 0.9403008439110949 -1.5686081529673133 -1.952281536328506 -0.04079767200644735 0.7248512586099375 -0.5682532265557316 0.5729098492880061 1.1084943192181786 0.3815864266134718 0.27587365097167366 0.18104565390936164 0.06793694803473642 -0.02338496334017728 -0.3730619688532333 -0.2329384299217604 -0.38728458210029665 -0.4259832866660814 -0.2991654436739882 -0.605512321592279 -0.7810719688992842 -0.7600156018713458 0.18542721704633794 -0.8773695802015754 1.3621996758769774 1.9237334913053057 
0.06795411915277952 0.996751272877865 0.5918029494656607 -1.7404975836711905 -1.5507682991754401 -1.7499240066113186 -1.4472285791557793 -1.952281536328506 -1.944911284070136 0.7267532496111321 -1.3039947753668166 0.5671288317739233 -1.7184235810886952 0.38739021904584414 -1.1802281876869385 0.18393826777902383 0.06259424794703196 -0.02265015446147035 -0.2777442341905202 -0.23117892804819112 -0.388526934375986 -0.4285879834580686 -0.4876546911135522 -0.605512321592279 -0.9998694736727485 -0.7600156018713458 0.1885838946974587 -0.8826114308078014 1.3476624974089693 1.9242918356615184 
0.06795411915277952 0.996751272877865 -1.5547143926044624 -1.7341105835551744 -1.5415237334187677 -1.7444612209761128 -1.4457663934100948 -1.950098113284608 -1.7695997351561936 0.7267532496111321 -1.3039947753668166 0.5671288317739233 -1.7184235810886952 0.3862250191372835 -1.1859653048411232 0.18393826777902383 0.06259424794703196 -0.024669959714383977 -0.2777442341905202 -0.23117892804819112 -0.3914511752634509 -0.42659766029645646 -0.49219849288108 -0.605512321592279 -0.78718503136984 -0.7600156018713458 0.18167977762810963 -0.8826114308078014 1.3574887094546724 1.9178313928120845 
0.06795411915277952 0.9959517582663461 -1.5810906581501833 -1.7039199572360404 -1.7970415511555426 -1.7438941484594097 -1.4457663934100948 -1.961435551938454 -1.9496215222447462 0.7248512586099375 -1.3039947753668166 0.5671288317739233 -1.7084930257614537 0.3862250191372835 -1.2033359974381228 0.18393826777902383 0.19912952116981053 -0.023311560680180754 -0.2777442341905202 -0.23117892804819112 -0.39277308426749924 -0.4285879834580686 -0.4717912080716597 -0.6095684175627811 -0.8050872879083221 -0.759534042127767 -1.1979824878989649 -0.8789949033011619 1.3574887094546724 1.9248243337797204 
0.06795411915277952 0.9979499027736213 0.5918029494656607 -1.7376637316240258 -1.5389888647916876 -1.7532318128120985 -1.4472285791557793 -1.9490051058627351 -1.7695997351561936 0.7267532496111321 -0.8631106645454796 0.5671288317739233 -1.7184235810886952 0.3862250191372835 -1.1859653048411232 0.18337191843553047 0.07504155015933342 -0.024669959714383977 -0.2777442341905202 -0.23117892804819112 -0.38342794488475684 -0.4285879834580686 -0.4840019248117406 -0.605512321592279 -0.78718503136984 -0.7657411216803622 0.18167977762810963 -0.8789949033011619 1.3574887094546724 1.9256145907713313 
0.06795411915277952 0.996751272877865 -1.6029746825157067 -1.7200637534762178 -1.7928822599396408 -1.7529233720853612 -1.6617241239180518 -1.9535328483320031 -1.9196106897590006 0.7267532496111321 -1.314577846172268 0.5671288317739233 -1.705258627659386 0.3868061008640737 -1.1916089179250497 0.1845100122252302 0.07377371368909565 -0.024669959714383977 -0.2777442341905202 -0.2297270033274297 -0.2580306984740389 -0.42659766029645646 -0.49062325241530924 -0.6091832815060324 1.3893777739700868 -0.7590204371457934 1.879484384714054 -0.8793545323012772 1.3574887094546724 1.9275370265746237 
0.06795411915277952 0.9940329873751759 -1.9971837854015204 -1.7292683223204222 -0.06839897556229063 -1.7499240066113186 -1.443820233650629 -1.961435551938454 -1.9496215222447462 0.7267532496111321 -0.569248298242977 0.5663550158612976 -1.721678117399897 0.3815864266134718 0.28014110274836046 0.18393826777902383 0.07285473399432889 -0.024669959714383977 -0.27245666873064395 -0.23117892804819112 -0.39277308426749924 -0.4267463969215365 -0.4687031841467106 -0.6137149466572064 -0.7895126370333156 -0.7600156018713458 0.18167977762810963 -0.877602701412358 1.3594528030180537 1.9248243337797204 
0.06795411915277952 0.996751272877865 -1.5810906581501833 -1.7269392372653807 -1.805229132730605 -1.7529167490694593 -1.5652998418762325 -1.9528663755844948 0.8137664450561348 0.7248512586099375 -1.3120053027697716 0.5671288317739233 -1.7228613080182307 0.3774558432866392 0.29201566438566334 0.18315799160795648 0.19912952116981053 -0.024669959714383977 0.1088672088640581 -0.23117892804819112 -0.39277308426749924 -0.4285879834580686 -0.4824835738124563 -0.605512321592279 -0.7798892443294119 -0.7597397582224698 0.18349521771128424 -0.8789949033011619 1.3574887094546724 1.9248243337797204 
0.06795411915277952 0.996751272877865 -1.6029746825157067 -1.729908098945224 -1.7928822599396408 -1.7444612209761128 -1.6617241239180518 -1.9535328483320031 -1.9196106897590006 0.7267532496111321 -1.3101540382645396 0.5671288317739233 -1.727291827489217 0.3862250191372835 -1.1859653048411232 0.19303898624914276 0.06941147180793608 -0.024669959714383977 -0.2777442341905202 -0.2297270033274297 -0.3937908210545596 -0.4273836178564298 -0.49274712548013366 -0.605512321592279 -0.78718503136984 -0.7590204371457934 1.879484384714054 -0.8777421222557147 1.3574887094546724 1.9241678276065908 
0.06795411915277952 0.996751272877865 -1.6029746825157067 -1.729908098945224 -1.7928822599396408 -1.7444612209761128 -1.6617241239180518 -1.9535328483320031 -1.9196106897590006 0.7267532496111321 -1.3101540382645396 0.5671288317739233 -1.727291827489217 0.3862250191372835 -1.1859653048411232 0.19303898624914276 0.06941147180793608 -0.024669959714383977 -0.2777442341905202 -0.2297270033274297 -0.3937908210545596 -0.4273836178564298 -0.49274712548013366 -0.605512321592279 -0.78718503136984 -0.7590204371457934 1.879484384714054 -0.8777421222557147 1.3574887094546724 1.9241678276065908 
0.06795411915277952 0.9935327475414584 -1.5553969127825165 -1.730577127266333 -1.7876889366431608 -1.7473909852839302 -1.4449886233227427 -1.9452394056742035 -1.767758889584596 0.7248512586099375 0.6959217016210625 0.5671288317739233 -1.7184235810886952 0.3815864266134718 0.28528781979667905 0.18459103724640952 0.053921769248958064 -0.023399092012863647 1.695948275807268 -0.22409171003854192 -0.26304901209959125 -0.43262721741818705 1.4383572817584889 1.914161124390132 1.939083124536407 -0.759534042127767 -0.9223930455327861 -0.8742972174842243 1.3574887094546724 1.928453499883624 
0.06795411915277952 -1.8393490906613073 -1.603645545326424 -1.730577127266333 -1.7899208643789353 -1.7493109667075002 -1.5689007853263055 -1.952694158069256 -1.9196419549465151 0.7248512586099375 -1.300256067900528 0.5637076087383375 -1.727291827489217 0.3815864266134718 0.28195137224292927 0.18393826777902383 0.053921769248958064 0.3573564871196521 1.695948275807268 -0.22980846854383677 -0.2681503741520581 -0.43262721741818705 -0.49274712548013366 1.9091072363875954 1.939083124536407 -0.7600156018713458 1.879484384714054 -0.8752062937500766 1.3663235924662906 1.9178313928120845 
