2.3535299117003543 0.39615855987923454 
2.3747251157149325 0.397151422509275 
2.3712646024303163 0.3747213970307299 
1.0946410194100114 0.37079241705976285 
2.343594152293182 0.41943672893188183 
1.110257694499601 0.37698681898919295 
1.0978969292934337 0.4313221723099888 
1.080883595912111 0.3720397960477615 
1.1209853280690965 0.4750393596077033 
1.0724859452106748 0.34270303258806417 
1.0919981076791956 0.4300183025857148 
1.0225298116246195 0.4028898632532257 
1.0320272549307234 0.40956316601083376 
1.0960291364622514 0.43214699176643023 
1.0919981076791956 0.4300183025857148 
1.097026531384097 0.44916922986945657 
1.0225298116246195 0.4028898632532257 
1.0506140544145077 0.44353482330605504 
1.0148512544301889 0.38855505320970934 
1.0943195129204284 0.46782741327597427 
1.097026531384097 0.44916922986945657 
1.0875917628884986 0.4588641221663181 
1.0266453648623353 0.40101973939438584 
1.086965572766673 0.46726187187301815 
1.0960291364622514 0.43214699176643023 
1.0148512544301889 0.38855505320970934 
1.0628558915358735 0.5454198824016545 
1.0320272549307234 0.40956316601083376 
1.0628558915358735 0.5454198824016545 
1.0589290128484667 0.5535508970358165 
1.0853445162107729 0.44604867869234593 
1.0527180319272413 0.5824974026615326 
1.0527180319272413 0.5824974026615326 
1.0589290128484667 0.5535508970358165 
1.0506140544145077 0.44353482330605504 
0.9307200785544871 0.6242079319726015 
0.9784923118308013 0.6656802831044504 
1.071722985324333 0.5996074376981304 
0.9307200785544871 0.6242079319726015 
0.9712305534024939 0.6886949054357298 
0.9784923118308013 0.6656802831044504 
0.9669401746375033 0.6817166747856607 
0.9485542469902648 0.7166691466053231 
0.9353668211835785 0.6314085016190844 
0.9485542469902648 0.7166691466053231 
0.9463436216010875 0.6757516413106062 
0.8421121222693505 0.6830197821934996 
0.9227628876713405 0.7525641626032409 
0.9353668211835785 0.6314085016190844 
0.8943240336272266 0.7811307350806529 
0.9042809384835414 0.7715438760248865 
0.9046210966224535 0.7702619328268825 
0.8986608739573999 0.7752799744132245 
0.9066222310173542 0.7772024864209502 
0.8832102283909244 0.7923096508657709 
0.9380291205201547 0.6935696514618244 
0.930946983639242 0.7682782478286768 
0.8832102283909244 0.7923096508657709 
0.8943240336272266 0.7811307350806529 
0.8986608739573999 0.7752799744132245 
0.9046210966224535 0.7702619328268825 
0.8421121222693505 0.6830197821934996 
0.9042809384835414 0.7715438760248865 
0.8855227323454868 0.6604202077107648 
0.892409652659314 1.1211315887587001 
0.8421060545705986 0.7098051158216343 
0.8350431135842081 0.9277961481994866 
0.9066222310173542 0.7772024864209502 
0.9056249371894596 1.0718925161086696 
0.8781913808809467 0.6864376547571147 
0.8421060545705986 0.7098051158216343 
0.8224410033428643 0.9408493150525772 
0.8426740956642987 0.999539827180563 
0.8781913808809467 0.6864376547571147 
0.8224410033428643 0.9408493150525772 
0.892409652659314 1.1211315887587001 
0.8426740956642987 0.999539827180563 
0.8087247893617581 1.716010330341141 
0.8350431135842081 0.9277961481994866 
0.8087247893617581 1.716010330341141 
0.8423947418745754 1.0404939089399763 
0.8412829017515855 1.007366529195655 
0.6873497358060606 1.7598996152311406 
0.6873497358060606 1.7598996152311406 
0.7417226415547881 1.7317300041486217 
0.6468135904194948 1.9362746465453515 
0.7587496992225174 1.6910565394309045 
0.7609585209273023 2.1703627131070746 
0.6468135904194948 1.9362746465453515 
0.6581210879325188 2.042232718204346 
0.7400876859193878 1.7328269156740697 
0.5286079693085817 1.9799747382086523 
0.6106728514148899 1.9359080573159488 
0.6782435463852851 1.7139532885784057 
0.45588543445415386 1.9101353231124627 
0.6382887031851839 1.8210488603385107 
0.6566163584796161 1.7808513372113044 
0.6435911838712076 1.8108208463130886 
0.6382887031851839 1.8210488603385107 
0.6106728514148899 1.9359080573159488 
