0.7832532797331008 0.7567739907230894 0.15540034968840546 0.6712300861471368 0.5422792120789728 -0.11932781675823581 -0.28532522477043504 -0.07427714165721415 0.42469461213481896 -0.13873426916774548 0.8699210163792748 -0.6030426867957539 -0.26419268138852803 0.14811927907979985 0.03377714670785539 -0.4792034847730856 -0.42068075021756857 -0.7095767955944764 -0.07897984800742508 -0.8633159126579099 0.1081894353921318 -0.8982795609550478 -0.22611939200299763 0.1605810614474793 -0.04801316380917148 -0.392619662537843 0.7313263280519612 -0.6129847225763516 0.33921680659904163 -0.6756676185180962 
0.782236508428154 0.7567739907230894 0.15540034968840546 0.6712300861471368 0.6773106152162258 -0.11932781675823581 -0.28532522477043504 -0.07427714165721415 0.42469461213481896 -0.13873426916774548 0.8492131002285467 -0.6030426867957539 -0.26419268138852803 0.14811927907979985 0.03377714670785539 -0.4792034847730856 -0.34921047999519433 -0.7095767955944764 -0.07897984800742508 -0.8633159126579099 0.1081894353921318 -0.9393181342150848 -0.22611939200299763 0.1605810614474793 0.023386090615188496 -0.392619662537843 0.7313263280519612 -0.6129847225763516 0.33921680659904163 -0.6756676185180962 
0.7825317926317463 0.7567739907230894 0.1609655491368608 0.6593483503110178 0.6438352754231992 -0.14270675899820937 -0.28532522477043504 -0.07427714165721415 0.42469461213481896 -0.13873426916774548 0.8492131002285467 -0.6030426867957539 -0.26419268138852803 0.19809874851573372 0.02762059025754693 -0.4792034847730856 -0.3104261895985873 -0.7025136669415788 -0.07897984800742508 -0.9640329900640678 0.1081894353921318 -0.9393181342150848 -0.22611939200299763 0.06557564394927445 -0.11174064025088602 -0.3693098686568311 0.7938050358359714 -0.7048786871390601 0.33921680659904163 -0.8510394826148686 
0.5441155390074708 -1.0 -0.7575916737867698 -0.95884613398084 -0.9330493204139467 -0.9532421155200529 -1.0 -1.0 -1.0 -1.0 -1.0 -0.20838988930514407 -1.0 -0.2517164764076712 -0.15287678424583456 -0.504077964106577 -0.6859289092669625 0.10923894178576937 -0.5347544733671785 0.4741268661084215 0.06454534808794614 0.045309493956665954 -0.371371722581225 -0.11464170246132488 1.0 0.16165767308378698 -0.0026736112235486165 0.09819056674700799 0.9097653957218819 1.0 
0.7832532797331008 0.7567739907230894 0.15540034968840546 0.6712300861471368 0.5422792120789728 -0.11932781675823581 -0.10845488370230305 -0.07427714165721415 0.42469461213481896 0.0213179189758895 0.8699210163792748 -0.6715796954616 -0.26419268138852803 0.22825182812019676 -0.020043499134662385 -0.4792034847730856 -0.42068075021756857 -0.7095767955944764 -0.07897984800742508 -1.0 0.14848368375346135 -0.8982795609550478 -0.22611939200299763 0.1605810614474793 -0.2732972353142662 -0.392619662537843 0.9155856619266305 -0.6129847225763516 0.2410084219398161 -0.6756676185180962 
0.5441155390074708 -1.0 -0.7974655086819185 -0.95884613398084 -0.9330493204139467 -0.9532421155200529 -1.0 -1.0 -1.0 -1.0 -1.0 -0.17412138497222102 -1.0 -0.2517164764076712 -0.15287678424583456 -0.504077964106577 -0.6859289092669625 0.10923894178576937 -0.5347544733671785 0.4741268661084215 0.04439822390728136 0.045309493956665954 -0.371371722581225 -0.11464170246132488 1.0 0.16165767308378698 -0.09480327816088327 0.09819056674700799 0.9588695880514946 1.0 
0.5449029635503839 -1.0 -0.7863351097850078 -0.7832133528825931 -0.959159683771781 -0.8723573489733305 -0.9948402555244694 -0.9564807000504875 -0.5026824036262397 -0.8894715108711427 -1.0 -0.20781844801735738 -0.9464235872379385 -0.2120636967447295 -0.03879744316800082 -0.306715930400741 -0.6735078984742833 0.41513878795937365 -0.2878656643638667 0.20585104833891085 -0.0734379549931654 0.16355947041879262 -0.371371722581225 -0.29571890894014596 0.9100612195458914 0.25489684860783457 0.06556863348395586 0.019145803674226844 0.7818171838491226 1.0 
0.5441155390074708 -1.0 -0.5850249977264006 -1.0 -0.9621729329806676 -0.9532421155200529 -0.646259317863736 -1.0 -1.0 -0.67989562371273 -0.1685304056746083 -0.2701510483225633 -1.0 -0.09145137832687739 -0.2762555428141793 -0.438290619537965 -0.5587390219640627 -0.16840838977624428 -0.4298359515856891 0.026039148300345927 0.058845162088905195 0.08162707902360661 -0.371371722581225 -0.013967152640801506 0.5494318569898106 0.16165767308378698 0.2737153895884554 -0.1903405284310447 0.7624528187330435 0.29851254361291035 
0.5447061074146556 -1.0 -0.7863351097850078 -0.9826096056530778 -1.0 -1.0 -1.0 -0.9782403500252437 -0.9404603274847116 -0.42658888527770367 -0.0929824255095576 -0.18806234035986347 -0.9720378876877159 -0.15175753753580346 -0.5613367016828716 -0.372503274969353 -0.45007811895578453 -0.39309974050096114 -0.15759159974259007 -0.09458429858979245 -0.015050373835379702 0.13005052577952747 -0.44702377238607127 -0.06378544362911204 -0.10510374392242094 -0.17790742699460815 0.030154137407137127 -0.4596680336836381 0.24814928616218745 0.6492562718064552 
0.544213967075335 -1.0 -0.5850249977264006 -0.9003018736147577 -0.9417527748665582 -0.9532421155200529 -0.646259317863736 -0.989120175012622 -0.781111038070764 -0.9113369365094496 -0.6220391929198295 -0.2701510483225633 -0.9871928497751112 -0.09145137832687739 -0.01498591355674389 -0.438290619537965 -0.5587390219640627 -0.16840838977624428 -0.4298359515856891 0.1762568217646976 0.058845162088905195 0.09838155134323918 -0.371371722581225 -0.013967152640801506 0.5494318569898106 0.37805981088500834 0.2737153895884554 -0.1903405284310447 1.0 0.6455474778789058 
0.5444108232110632 -1.0 -0.8422278372481149 -0.7672656584868276 -0.959159683771781 -0.848978406733357 -0.9948402555244694 -0.9755203937783992 -0.5026824036262397 -0.8894715108711427 -1.0 -0.19755735952201992 -0.9464235872379385 -0.23189008657620036 -0.07951158458584244 -0.3806334420889006 -0.6735078984742833 0.41513878795937365 -0.4035848614812305 0.2616151507354276 -0.053577882009710545 0.15983084488962868 -0.371371722581225 -0.2733848376461744 0.9100612195458914 0.25489684860783457 0.055126614726070555 0.04533159518738579 0.7818171838491226 1.0 
0.5447061074146556 -1.0 -0.7863351097850078 -0.9826096056530778 -1.0 -1.0 -1.0 -0.9782403500252437 -0.9404603274847116 -0.8952120564207937 -1.0 -0.18806234035986347 -0.9720378876877159 -0.15175753753580346 -0.1651898971464515 -0.372503274969353 -0.6083603284737484 0.12336519909156468 -0.2909840516336214 0.2726927112961055 -0.0734379549931654 0.13005052577952747 -0.371371722581225 -0.3046525374577346 0.729746538267851 0.20827726084581077 0.030154137407137127 -0.08559736237840894 0.7818171838491226 0.6492562718064552 
0.5447061074146556 -1.0 -0.7304423823219006 -0.9739144084796166 -1.0 -1.0 -1.0 -0.9782403500252437 -1.0 -0.9533465737600478 -1.0 -0.15888516650035475 -0.9848450379126046 -0.11169126301560503 -0.07439715466580232 -0.372503274969353 -0.5750102302989386 -0.018990031015890974 -0.2909840516336214 0.3089631518702625 -0.12243411873271348 0.09217233490191593 -0.47865041516840157 -0.2912520946813516 0.5121312146325467 0.07687855842763422 0.04808670983406382 -0.08559736237840894 0.6932909817479366 0.6102307605816412 
0.5449029635503839 -1.0 -0.7863351097850078 -0.8078562444518197 -0.959159683771781 -0.8723573489733305 -1.0 -0.9564807000504875 -0.5026824036262397 -0.8894715108711427 -1.0 -0.18806234035986347 -0.9162294188054141 -0.2120636967447295 -0.04646084732336225 -0.306715930400741 -0.6672973930779437 0.41513878795937365 -0.21999890802271022 0.19045317097821218 -0.0734379549931654 0.16355947041879262 -0.371371722581225 -0.29571890894014596 0.9100612195458914 0.25489684860783457 0.06556863348395586 0.019145803674226844 0.7818171838491226 1.0 
0.5444108232110632 -1.0 -0.8422278372481149 -0.7672656584868276 -0.959159683771781 -0.848978406733357 -0.9948402555244694 -0.9755203937783992 -0.5026824036262397 -0.8894715108711427 -1.0 -0.19755735952201992 -0.9464235872379385 -0.23189008657620036 -0.07951158458584244 -0.3806334420889006 -0.6735078984742833 0.41513878795937365 -0.4035848614812305 0.2616151507354276 -0.053577882009710545 0.15983084488962868 -0.371371722581225 -0.2733848376461744 0.9100612195458914 0.25489684860783457 0.055126614726070555 0.04533159518738579 0.7818171838491226 1.0 
0.5450998196861122 -1.0 -0.7863351097850078 -0.9826096056530778 -1.0 -1.0 -1.0 -0.9564807000504875 -0.6918015292978315 -1.0 -1.0 -0.18806234035986347 -0.9452496813066852 -0.2120636967447295 -0.04646084732336225 -0.306715930400741 -0.6657447667288587 0.41513878795937365 -0.21999890802271022 0.362598661315388 -0.0734379549931654 0.1710167214771205 -0.371371722581225 -0.3046525374577346 0.9100612195458914 0.25489684860783457 -0.07391924064511265 0.019145803674226844 0.7818171838491226 1.0 
0.5447061074146556 -1.0 -0.7863351097850078 -0.9826096056530778 -1.0 -1.0 -1.0 -0.9782403500252437 -0.9404603274847116 -0.8952120564207937 -1.0 -0.18806234035986347 -0.9720378876877159 -0.15175753753580346 -0.1651898971464515 -0.372503274969353 -0.6083603284737484 0.12336519909156468 -0.2909840516336214 0.2726927112961055 -0.0734379549931654 0.13005052577952747 -0.371371722581225 -0.3046525374577346 0.729746538267851 0.20827726084581077 0.030154137407137127 -0.08559736237840894 0.7818171838491226 0.6492562718064552 
0.5448045354825197 -0.9589264791438741 -0.7583887460534542 -0.9739144084796166 -1.0 -0.9779603997951019 -1.0 -0.9619206125441766 -0.781111038070764 -1.0 -1.0 -0.057211553068264046 -0.9848450379126046 -0.11169126301560503 -0.030325639215235824 -0.372503274969353 -0.5687601158527056 0.1945428141452925 -0.2554914798281658 0.3089631518702625 -0.10951046364286061 0.09217233490191593 -0.4126880494021531 -0.29967028249356015 0.7295082061349167 0.1425537744286939 0.06579395787247319 -0.03322577935209105 0.7170597703838991 0.6102307605816412 
0.5447061074146556 -1.0 -0.7304423823219006 -0.9739144084796166 -1.0 -1.0 -1.0 -0.9891201750126217 -0.9404603274847116 -0.8428180846311906 -1.0 -0.22930132238660775 -0.9720378876877159 -0.13193114770433262 -0.08836530833702236 -0.40539694725365893 -0.6083603284737484 -0.011926902362993319 -0.2909840516336214 0.21692860889958876 -0.09928526517287113 0.10956742793073096 -0.371371722581225 -0.3046525374577346 0.4836621659652048 0.12354641660571519 0.030154137407137127 -0.08559736237840894 0.6208874684111024 0.47388440770968276 
0.5433281144645576 -1.0 -1.0 -1.0 -1.0 -0.8604210878921007 -0.992806589042963 -1.0 -1.0 -0.8894715108711427 -0.9417345336670238 -0.18152595158169382 -0.992301792852352 -0.2517164764076712 -0.016549036048529253 -0.3263192586122472 -0.6889020004112059 0.41513878795937365 -0.3681201311476973 0.4416390413000365 -0.05580555683481922 0.16355947041879262 -0.37442902476324524 -0.2599843948697914 0.8992193523326322 0.25489684860783457 -0.11201089825172444 0.019145803674226844 0.7423285404819118 1.0 
0.5450998196861122 -1.0 -0.7863351097850078 -0.9826096056530778 -1.0 -1.0 -1.0 -0.9564807000504875 -0.6918015292978315 -1.0 -1.0 -0.18806234035986347 -0.9452496813066852 -0.2120636967447295 -0.04646084732336225 -0.306715930400741 -0.6657447667288587 0.41513878795937365 -0.21999890802271022 0.362598661315388 -0.0734379549931654 0.1710167214771205 -0.371371722581225 -0.3046525374577346 0.9100612195458914 0.25489684860783457 -0.07391924064511265 0.019145803674226844 0.7818171838491226 1.0 
0.5449029635503839 -0.9178529582877482 -0.7863351097850078 -0.759273296078274 -0.8623693983127194 -0.6374485715260049 -1.0 -0.9564807000504875 -0.5026824036262397 -0.9447357554355713 -1.0 -0.025954095522426335 -0.9162294188054141 -0.43623199823085723 -2.2227743588935922E-4 -0.18749093748459594 -0.5958600995812825 0.41513878795937365 -0.21999890802271022 0.10438042580962428 -0.0734379549931654 0.08950741581317873 -0.23944699104872808 -0.32148891308215166 0.9184161489699447 0.25489684860783457 0.06556863348395586 0.019145803674226844 0.6684250456830275 1.0 
0.5447061074146556 -1.0 -0.7304423823219006 -0.9739144084796166 -1.0 -1.0 -1.0 -0.9782403500252437 -0.9404603274847116 -0.8952120564207937 -1.0 -0.21555499504435965 -0.9720378876877159 -0.13193114770433262 -0.07439715466580232 -0.372503274969353 -0.6083603284737484 0.13042832774446234 -0.2909840516336214 0.21692860889958876 -0.09928526517287113 0.13005052577952747 -0.371371722581225 -0.3046525374577346 0.6257951838254336 0.12354641660571519 0.030154137407137127 -0.08559736237840894 0.6932909817479366 0.6492562718064552 
0.5449029635503839 -0.9178529582877482 -0.7863351097850078 -0.759273296078274 -0.882789556426829 -0.6374485715260049 -1.0 -0.9564807000504875 -0.5026824036262397 -1.0 -1.0 -0.025954095522426335 -0.9162294188054141 -0.43623199823085723 -2.2227743588935922E-4 -0.18749093748459594 -0.5958600995812825 0.41513878795937365 -0.21999890802271022 0.19045317097821218 -0.0734379549931654 0.09323604134234266 -0.23944699104872808 -0.32148891308215166 0.9184161489699447 0.25489684860783457 0.06556863348395586 0.019145803674226844 0.6684250456830275 1.0 
0.5449029635503839 -1.0 -0.7863351097850078 -0.8078562444518197 -0.959159683771781 -0.8723573489733305 -1.0 -0.9564807000504875 -0.5026824036262397 -0.8894715108711427 -1.0 -0.18806234035986347 -0.9162294188054141 -0.2120636967447295 -0.04646084732336225 -0.306715930400741 -0.6672973930779437 0.41513878795937365 -0.21999890802271022 0.19045317097821218 -0.0734379549931654 0.16355947041879262 -0.371371722581225 -0.29571890894014596 0.9100612195458914 0.25489684860783457 0.06556863348395586 0.019145803674226844 0.7818171838491226 1.0 
0.5447061074146556 -1.0 -0.7304423823219006 -0.9739144084796166 -1.0 -1.0 -1.0 -0.9891201750126217 -0.9404603274847116 -0.8428180846311906 -1.0 -0.22930132238660775 -0.9720378876877159 -0.13193114770433262 -0.08836530833702236 -0.40539694725365893 -0.6083603284737484 -0.011926902362993319 -0.2909840516336214 0.21692860889958876 -0.09928526517287113 0.10956742793073096 -0.371371722581225 -0.3046525374577346 0.4836621659652048 0.12354641660571519 0.030154137407137127 -0.08559736237840894 0.6208874684111024 0.47388440770968276 
0.5450998196861122 -0.9867764143784943 -0.9211139186240574 -0.9022814994246073 -0.9897899209429453 -1.0 -1.0 -0.9480288304535194 -0.6918015292978315 -0.9723678777177857 -0.7012654350091089 -0.18806234035986347 -0.9452496813066852 -0.1196681770059837 -0.3329734730791003 -0.4009266436572627 -0.6657447667288587 0.7465833610914999 -0.1186726072562356 0.46369428128655854 -0.09687385975021767 0.06738063875282552 -0.3587642233921148 -0.21443165854469404 0.9100612195458914 0.25489684860783457 -0.07391924064511265 0.019145803674226844 0.7818171838491226 1.0 
0.5447061074146556 -1.0 -0.7304423823219006 -0.9739144084796166 -1.0 -1.0 -1.0 -0.9782403500252437 -1.0 -0.9533465737600478 -1.0 -0.15888516650035475 -0.9848450379126046 -0.11169126301560503 -0.07439715466580232 -0.372503274969353 -0.5750102302989386 -0.018990031015890974 -0.2909840516336214 0.3089631518702625 -0.12243411873271348 0.09217233490191593 -0.47865041516840157 -0.2912520946813516 0.5121312146325467 0.07687855842763422 0.04808670983406382 -0.08559736237840894 0.6932909817479366 0.6102307605816412 
0.5450998196861122 -0.9867764143784943 -0.9211139186240574 -0.9022814994246073 -0.9897899209429453 -1.0 -1.0 -0.9480288304535194 -0.6918015292978315 -0.9723678777177857 -0.7012654350091089 -0.18806234035986347 -0.9452496813066852 -0.1196681770059837 -0.3329734730791003 -0.4009266436572627 -0.6657447667288587 0.7465833610914999 -0.1186726072562356 0.46369428128655854 -0.09687385975021767 0.06738063875282552 -0.3587642233921148 -0.21443165854469404 0.9100612195458914 0.25489684860783457 -0.07391924064511265 0.019145803674226844 0.7818171838491226 1.0 
0.5450998196861122 -0.9867764143784943 -0.9211139186240574 -0.9022814994246073 -1.0 -1.0 -1.0 -0.9480288304535194 -0.6918015292978315 -1.0 -0.7012654350091089 -0.18806234035986347 -0.9452496813066852 -0.1196681770059837 -0.3329734730791003 -0.4009266436572627 -0.6657447667288587 0.7465833610914999 -0.1186726072562356 0.5067306538708525 -0.09687385975021767 0.06924495151740748 -0.32860148471268424 -0.21443165854469404 0.9100612195458914 0.25489684860783457 -0.07391924064511265 0.019145803674226844 0.7818171838491226 1.0 
0.5441155390074708 -1.0 -0.8941346084496729 -1.0 -1.0 -1.0 -0.992806589042963 -0.97075857388524 -1.0 -1.0 -0.9274570877149755 -0.18806234035986347 -1.0 -0.2517164764076712 -0.17908094084425802 -0.4050239434475434 -0.6735078984742833 0.41513878795937365 -0.42918863231054477 0.4416390413000365 -0.03371780902625569 0.17350247182989648 -0.4560494326276926 -0.2753657341900988 0.8527530631704296 0.25489684860783457 -0.11201089825172444 0.07996221999637018 0.9706063430558696 1.0 
0.5395603129788126 -0.9968210215374678 -1.0 -0.9196718937715296 -1.0 -1.0 -0.992806589042963 -1.0 -1.0 -1.0 -1.0 -0.24285680784750396 -0.7416725284049615 -0.31505996073174 -0.08285908280897714 -0.4285005549485915 -0.6889020004112059 0.49997563557138014 -0.44218074271019087 0.8701354749793628 -0.1283390381367492 0.27548014666730014 -0.30534085062011784 -0.11050534172315063 0.6874090307263532 0.2215653373173045 -0.2008006641195646 0.08872877419388553 0.6039235465649713 0.8068754336070997 
0.5395603129788126 -0.9968210215374678 -1.0 -0.9196718937715296 -1.0 -1.0 -0.992806589042963 -1.0 -1.0 -1.0 -1.0 -0.24285680784750396 -0.7416725284049615 -0.31505996073174 -0.08285908280897714 -0.4285005549485915 -0.6889020004112059 0.49997563557138014 -0.44218074271019087 0.8701354749793628 -0.1283390381367492 0.27548014666730014 -0.30534085062011784 -0.11050534172315063 0.6874090307263532 0.2215653373173045 -0.2008006641195646 0.08872877419388553 0.6039235465649713 0.8068754336070997 
0.5450998196861122 -0.9867764143784943 -0.9211139186240574 -0.9022814994246073 -1.0 -1.0 -1.0 -0.9480288304535194 -0.6918015292978315 -1.0 -0.7012654350091089 -0.18806234035986347 -0.9452496813066852 -0.1196681770059837 -0.3329734730791003 -0.4009266436572627 -0.6657447667288587 0.7465833610914999 -0.1186726072562356 0.5067306538708525 -0.09687385975021767 0.06924495151740748 -0.32860148471268424 -0.21443165854469404 0.9100612195458914 0.25489684860783457 -0.07391924064511265 0.019145803674226844 0.7818171838491226 1.0 
0.5448045354825197 -0.9589264791438741 -0.7583887460534542 -0.9739144084796166 -1.0 -0.9779603997951019 -1.0 -0.9619206125441766 -0.781111038070764 -1.0 -1.0 -0.057211553068264046 -0.9848450379126046 -0.11169126301560503 -0.030325639215235824 -0.372503274969353 -0.5687601158527056 0.1945428141452925 -0.2554914798281658 0.3089631518702625 -0.10951046364286061 0.09217233490191593 -0.4126880494021531 -0.29967028249356015 0.7295082061349167 0.1425537744286939 0.06579395787247319 -0.03322577935209105 0.7170597703838991 0.6102307605816412 
0.2112223190630163 -0.9525685222188097 -1.0 -0.8132581960226759 -0.7455397275439319 -1.0 -0.4853664063859946 -0.8960576609070386 -1.0 -0.5893265082920951 -0.40253087001821775 -0.16299693771799742 -0.46819009472252743 0.15240533578776994 -0.2192817352550938 -0.5609247014823964 -0.840011432418384 0.3662517836863479 -0.08833145010067217 0.020167862131874964 -0.30252977364263156 -0.1113712050175101 -0.2745117011158983 -0.03644669027063312 0.30588756292235875 0.09229588829380733 0.13810760971228878 0.23262522903372246 0.6798001139319231 0.22398162779584055 
0.2146140054476637 -0.8607408336380911 -1.0 -0.7160922992755844 -0.592799472854028 -0.5301824451053487 -0.6331649833291455 -0.9961955829625413 -1.0 -1.0 -0.29992906217761944 0.15680392317155006 -0.7437602151661544 -0.17149476172871148 -0.12680459548014802 -0.3224747156501062 -0.9820047985182356 0.1785774838193501 0.10950917186555162 -0.2023355730668054 -0.3619369824490374 -0.25201806317041003 -0.015077049811614014 -0.02627332369306748 0.07781434478214239 0.16161593517173825 0.20761659406203123 0.12548094586470937 0.4725854449230288 0.016074320384620366 
0.5496825806216781 -0.6627029428436692 -0.7962703949302494 -0.4980335253601797 -0.8654289137880932 -0.12978828539263537 -0.8808371531808354 -0.9112753290568736 -0.5590520390336766 -0.2441710143746938 -0.6943236593663638 -0.1541656801473439 -0.9624350101998913 -0.18450867725394612 0.12878962781222236 -0.26941868550976217 -0.6078827039202053 0.41717406227641607 -0.027563275739372742 -0.038575020575879596 -0.044177685280365635 0.20314228600597045 -0.1423579082381193 -0.30351289861145997 0.6963454450875629 0.27130198505400815 0.13193056107825155 0.01773071339278221 0.791885634225169 0.6316373094816643 
0.2112223190630163 -0.9525685222188097 -1.0 -0.8132581960226759 -0.7455397275439319 -1.0 -0.4853664063859946 -0.8960576609070386 -1.0 -0.5893265082920951 -0.40253087001821775 -0.16299693771799742 -0.46819009472252743 0.15240533578776994 -0.2192817352550938 -0.5609247014823964 -0.840011432418384 0.3662517836863479 -0.08833145010067217 0.020167862131874964 -0.30252977364263156 -0.1113712050175101 -0.2745117011158983 -0.03644669027063312 0.30588756292235875 0.09229588829380733 0.13810760971228878 0.23262522903372246 0.6798001139319231 0.22398162779584055 
0.2112223190630163 -1.0 -1.0 -1.0 -0.7381406953881917 -0.8544371913019935 -0.4845848868874886 -1.0 -1.0 -1.0 -0.65909481616381 -0.16299693771799742 -0.6551429523972503 0.1907041281348248 -0.059857591090441975 -0.8334901320762063 -0.840011432418384 0.3930662119404036 0.3002289605838329 0.15290469180458377 -0.30775971176968653 -0.1862974922038248 -0.08720164826470525 -0.10459444214609356 0.10767101929947444 0.006844248078627657 0.0030838040280478096 0.2147399456575375 0.5099224403222204 0.042070915933047626 
0.2146140054476637 -0.8607408336380911 -1.0 -0.7160922992755844 -0.592799472854028 -0.5301824451053487 -0.6331649833291455 -0.9961955829625413 -1.0 -1.0 -0.29992906217761944 0.15680392317155006 -0.7437602151661544 -0.17149476172871148 -0.12680459548014802 -0.3224747156501062 -0.9820047985182356 0.1785774838193501 0.10950917186555162 -0.2023355730668054 -0.3619369824490374 -0.25201806317041003 -0.015077049811614014 -0.02627332369306748 0.07781434478214239 0.16161593517173825 0.20761659406203123 0.12548094586470937 0.4725854449230288 0.016074320384620366 
0.2045150544940056 -0.9762842611094049 -1.0 -0.9261559847537644 -0.7321017809650824 -1.0 -0.39898214813071076 -0.9480288304535194 -0.9992625542258752 -0.6810125155567146 -0.3992968650440928 -0.16299693771799742 -0.8361663798668391 0.30765413707166284 -0.14684311399426442 -0.6972074167793012 -0.8690636549310573 0.29011207868652156 0.16389503668429156 0.03874679819002912 -0.3036320001506867 -0.19391124248192193 -0.08720164826470525 -0.08062692065562277 0.2067792911109166 0.049570068186217495 0.03352592525670135 0.27128972381422567 0.7020388277611802 0.23214056093245716 
0.22463684820103777 -0.6107169546582306 -1.0 -0.5874626185604991 -0.7724156207016311 -0.38018006926479575 -0.5389720760773977 -0.8082762272475925 -1.0 -0.4059544937628562 -0.4089988799664676 0.020531985083804542 -0.1437082295834587 -0.007676773947450546 -0.0586455392817571 -0.24185003977465386 -0.7459156329076583 0.32836601705683766 -0.008712156257593834 -0.016990009984433355 -0.19846473941250686 0.12469686501047585 0.021073540589787026 -0.056659399165151975 0.39783736118067 0.06192379646747036 0.3472709786234636 0.11952567272034614 0.6117808682944444 0.20766376152260735 
0.2146140054476637 -0.7882744387943059 -1.0 -0.7160922992755844 -0.592799472854028 -0.5301824451053487 -0.6331649833291455 -1.0 -1.0 -1.0 -0.4474424593387549 0.16121955195687684 -0.8068945303326805 -0.2959312671844856 -0.12680459548014802 -0.3224747156501062 -0.9820047985182356 0.23608151303029423 0.09572807473452088 0.03346908930999057 -0.23220982501387688 -0.25201806317041003 -0.010662238050904486 -0.08798669855464447 0.3225974217704655 0.20636745936178846 0.20761659406203123 0.12548094586470937 0.4530158375997329 0.21582269465922393 
0.22463684820103777 -0.6107169546582306 -1.0 -0.5874626185604991 -0.7724156207016311 -0.38018006926479575 -0.5389720760773977 -0.8082762272475925 -1.0 -0.4059544937628562 -0.4089988799664676 0.020531985083804542 -0.1437082295834587 -0.007676773947450546 -0.0586455392817571 -0.24185003977465386 -0.7459156329076583 0.32836601705683766 -0.008712156257593834 -0.016990009984433355 -0.19846473941250686 0.12469686501047585 0.021073540589787026 -0.056659399165151975 0.39783736118067 0.06192379646747036 0.3472709786234636 0.11952567272034614 0.6117808682944444 0.20766376152260735 
0.2112223190630163 -0.868244257929727 -1.0 -0.8132581960226759 -0.7455397275439319 -0.8544371913019935 -0.4257849829764123 -0.8960576609070386 -0.9992625542258752 -0.5893265082920951 -0.40253087001821775 -0.16299693771799742 -0.6739254472973046 0.30765413707166284 -0.14684311399426442 -0.5609247014823964 -0.840011432418384 0.34664523918065343 0.16389503668429156 0.020167862131874964 -0.30775971176968653 -0.19391124248192193 -0.08720164826470525 -0.08062692065562277 0.25275419024007223 0.03438402227304901 0.13810760971228878 0.2147399456575375 0.6798001139319231 0.22398162779584055 
0.21035385522438166 -0.6325405584022353 -1.0 -0.8240602417814179 -0.9416881524081215 -0.35944604382464884 -0.7557523551685863 -0.9555639304297381 -0.9650259207270215 -1.0 -0.7906571809931462 0.06841884974845056 -0.7019782709955257 0.04965861042619244 -0.345284705038565 -0.4888942767973004 -1.0 0.13868606055716226 -0.0194291236069581 0.18806982273599265 -0.1388400960615708 -0.15183339513669689 0.06986498052204981 -0.019869668865079973 -0.016670500608630942 0.006844248078627657 0.22486107555030052 0.28906567413707485 0.4100283740159509 0.16454677963493158 
0.21100466092333792 -0.5945200920867111 -0.7287018314291591 -0.472526696884358 -0.7295868652554053 -0.7391852212885992 -0.43391870755261647 -0.8244371326811077 -1.0 -0.42377639921869575 -0.671748298101112 0.0754915733179321 -0.46678453313799767 -0.11475524745644605 0.001787047154297984 -0.21675758336647463 -0.6008777721187978 0.17741392943906362 -0.1863100443342531 -0.02855324063523293 -0.08614428194438249 0.12180069716104647 -0.15947180070769354 -0.1357386334584931 0.3132992728518105 0.008515685009288405 0.06789985918973857 0.050993610207160756 0.58823905031548 -0.02544414992382049 
0.2146140054476637 -0.7882744387943059 -1.0 -0.7160922992755844 -0.592799472854028 -0.5301824451053487 -0.6331649833291455 -1.0 -1.0 -1.0 -0.4474424593387549 0.16121955195687684 -0.8068945303326805 -0.2959312671844856 -0.12680459548014802 -0.3224747156501062 -0.9820047985182356 0.23608151303029423 0.09572807473452088 0.03346908930999057 -0.23220982501387688 -0.25201806317041003 -0.010662238050904486 -0.08798669855464447 0.3225974217704655 0.20636745936178846 0.20761659406203123 0.12548094586470937 0.4530158375997329 0.21582269465922393 
0.2112223190630163 -0.678699740164602 -1.0 -0.6713043456604681 -0.646615207156747 -0.29820339187724 -0.6373424111746274 -0.8960576609070386 -0.9992625542258752 -0.7029772468814282 -0.5620501190564837 0.11835556263740447 -0.6370970530394027 -0.17548814345200248 -0.093331093285295 -0.3054169932693464 -0.8819558929556366 0.28126150987287285 0.061644593759635546 -0.07541109542452552 -0.1506089680361779 0.040254043024123984 0.04826741292525938 -0.07232304885989822 0.09379359426941047 0.1698191515685517 0.2774437863427474 0.12435751404409587 0.5552846537197471 -0.24300703312595995 
0.2112223190630163 -0.5691250415348981 -1.0 -0.6010546502154022 -0.700430941459466 -0.29820339187724 -0.652003459810401 -1.0 -1.0 -1.0 -0.6766577787742124 0.0754915733179321 -0.6370970530394027 -0.05504501971951935 -0.059857591090441975 -0.25201257372053143 -1.0 0.08731301602208322 0.01757972251520247 -0.038253223308217205 -0.1506089680361779 -0.10077695254184839 0.07546128526073173 -0.04020542045968911 0.09379359426941047 0.006844248078627657 0.19440760155757994 0.2221567646638099 0.4752466211660854 -0.24300703312595995 
0.2112223190630163 -0.5691250415348981 -0.8643509157145796 -0.5862543560770372 -0.700430941459466 -0.29820339187724 -0.5805074442173124 -0.930563002780523 -0.9956128248275988 -0.8681935970846884 -0.6920253710583144 0.11823767200107313 -0.69749144774952 0.08740483031414852 -0.059857591090441975 -0.266646753825295 -1.0 0.12408884147694971 0.020075070082589404 -0.04468615339766762 -0.1506089680361779 -0.10077695254184839 0.15983066961560283 -0.08067306560760851 0.12508251201473078 0.015336524581635536 0.2221302702023954 0.21466700135233097 0.47044869810194 -0.031337565826655034 
0.2112223190630163 -0.5691250415348981 -0.9321754578572898 -0.6010546502154022 -0.700430941459466 -0.29820339187724 -0.724630250410383 -1.0 -1.0 -1.0 -0.6843415749162634 0.09686462265950262 -0.6370970530394027 -0.05504501971951935 -0.059857591090441975 -0.24658444445470853 -1.0 0.04591880607617441 0.01757972251520247 -0.038253223308217205 -0.1506089680361779 -0.10077695254184839 0.13124291360590346 -0.04020542045968911 0.10161582370574054 -0.020516262594040227 0.1631224244523129 0.2221567646638099 0.4752466211660854 -0.24300703312595995 
0.2112223190630163 -0.5691250415348981 -0.8643509157145796 -0.5936545031462197 -0.700430941459466 -0.29820339187724 -0.5805074442173124 -0.9652815013902615 -0.9956128248275988 -0.9340967985423442 -0.6920253710583144 0.11823767200107313 -0.69749144774952 0.016179905297314584 -0.059857591090441975 -0.2593296637729132 -1.0 0.12408884147694971 0.020075070082589404 -0.04468615339766762 -0.1506089680361779 -0.10077695254184839 0.15983066961560283 -0.08067306560760851 0.10943805314207063 0.015336524581635536 0.20826893587998768 0.21466700135233097 0.47044869810194 -0.1371722994763075 
0.2112223190630163 -0.5691250415348981 -1.0 -0.6137855211303771 -0.700430941459466 -0.29820339187724 -0.6373424111746274 -0.8960576609070386 -0.9992625542258752 -0.7029772468814282 -0.6766577787742124 0.0754915733179321 -0.6370970530394027 -0.05504501971951935 -0.059857591090441975 -0.270185922304559 -0.8909534936965188 0.20687726136876733 0.02257041764997634 -0.07541109542452552 -0.1506089680361779 0.040254043024123984 0.04826741292525938 -0.04843240981242054 0.09379359426941047 0.0700575459269713 0.27083929009052177 0.17269542344364613 0.5552846537197471 -0.24300703312595995 
0.22463684820103777 -0.7364885158594541 -1.0 -0.6265163920453519 -0.7535607437372682 -0.38018006926479575 -0.6226813625388539 -0.7921153218140773 -0.9985251084517504 -0.4059544937628562 -0.4177803612716688 0.020531985083804542 -0.1437082295834587 -0.07428522240486143 -0.15255162791266522 -0.2883592708885866 -0.7819069873930375 0.32644150671545147 0.027561112784750208 -0.11256896754083384 -0.23220982501387688 0.18128503859009637 0.021073540589787026 -0.056659399165151975 0.39783736118067 0.06192379646747036 0.3472709786234636 0.12323408222348234 0.6353226862734089 0.20766376152260735 
0.21100466092333792 -0.5945200920867111 -0.7287018314291591 -0.5535823096255816 -0.700430941459466 -0.4886976992548733 -0.43391870755261647 -0.8244371326811077 -0.9897507581069481 -0.4790406437831244 -0.671748298101112 0.0754915733179321 -0.3177736686357605 0.045845490876221195 0.001787047154297984 -0.27346808919730065 -0.6008777721187978 0.17741392943906362 0.025065765217363273 -0.02855324063523293 -0.1375915880494857 -0.07979976363073044 0.06267520193495399 -0.1357386334584931 0.3132992728518105 0.008515685009288405 0.2807307290246711 0.18595354543858475 0.49129146404096974 -0.02544414992382049 
0.2112223190630163 -0.5691250415348981 -1.0 -0.6137855211303771 -0.700430941459466 -0.29820339187724 -0.6373424111746274 -0.8960576609070386 -0.9992625542258752 -0.7029772468814282 -0.6766577787742124 0.0754915733179321 -0.6370970530394027 -0.05504501971951935 -0.059857591090441975 -0.270185922304559 -0.8909534936965188 0.20687726136876733 0.02257041764997634 -0.07541109542452552 -0.1506089680361779 0.040254043024123984 0.04826741292525938 -0.04843240981242054 0.09379359426941047 0.0700575459269713 0.27083929009052177 0.17269542344364613 0.5552846537197471 -0.24300703312595995 
0.2112223190630163 -0.678699740164602 -1.0 -0.6713043456604681 -0.646615207156747 -0.29820339187724 -0.6373424111746274 -0.8960576609070386 -0.9992625542258752 -0.7029772468814282 -0.5620501190564837 0.11835556263740447 -0.6370970530394027 -0.17548814345200248 -0.093331093285295 -0.3054169932693464 -0.8819558929556366 0.28126150987287285 0.061644593759635546 -0.07541109542452552 -0.1506089680361779 0.040254043024123984 0.04826741292525938 -0.07232304885989822 0.09379359426941047 0.1698191515685517 0.2774437863427474 0.12435751404409587 0.5552846537197471 -0.24300703312595995 
0.2112223190630163 -0.5691250415348981 -0.9321754578572898 -0.6010546502154022 -0.700430941459466 -0.29820339187724 -0.724630250410383 -1.0 -1.0 -1.0 -0.6843415749162634 0.09686462265950262 -0.6370970530394027 -0.05504501971951935 -0.059857591090441975 -0.24658444445470853 -1.0 0.04591880607617441 0.01757972251520247 -0.038253223308217205 -0.1506089680361779 -0.10077695254184839 0.13124291360590346 -0.04020542045968911 0.10161582370574054 -0.020516262594040227 0.1631224244523129 0.2221567646638099 0.4752466211660854 -0.24300703312595995 
0.2112223190630163 -0.5691250415348981 -0.8643509157145796 -0.5862543560770372 -0.700430941459466 -0.29820339187724 -0.5805074442173124 -0.930563002780523 -0.9956128248275988 -0.8681935970846884 -0.6920253710583144 0.11823767200107313 -0.69749144774952 0.08740483031414852 -0.059857591090441975 -0.266646753825295 -1.0 0.12408884147694971 0.020075070082589404 -0.04468615339766762 -0.1506089680361779 -0.10077695254184839 0.15983066961560283 -0.08067306560760851 0.12508251201473078 0.015336524581635536 0.2221302702023954 0.21466700135233097 0.47044869810194 -0.031337565826655034 
0.21035385522438166 -0.6325405584022353 -1.0 -0.8240602417814179 -0.9416881524081215 -0.35944604382464884 -0.7557523551685863 -0.9555639304297381 -0.9650259207270215 -1.0 -0.7906571809931462 0.06841884974845056 -0.7019782709955257 0.04965861042619244 -0.345284705038565 -0.4888942767973004 -1.0 0.13868606055716226 -0.0194291236069581 0.18806982273599265 -0.1388400960615708 -0.15183339513669689 0.06986498052204981 -0.019869668865079973 -0.016670500608630942 0.006844248078627657 0.22486107555030052 0.28906567413707485 0.4100283740159509 0.16454677963493158 
0.2112223190630163 -0.5691250415348981 -1.0 -0.6010546502154022 -0.700430941459466 -0.29820339187724 -0.652003459810401 -1.0 -1.0 -1.0 -0.6766577787742124 0.0754915733179321 -0.6370970530394027 -0.05504501971951935 -0.059857591090441975 -0.25201257372053143 -1.0 0.08731301602208322 0.01757972251520247 -0.038253223308217205 -0.1506089680361779 -0.10077695254184839 0.07546128526073173 -0.04020542045968911 0.09379359426941047 0.006844248078627657 0.19440760155757994 0.2221567646638099 0.4752466211660854 -0.24300703312595995 
0.21035385522438166 -0.6495668552091335 -1.0 -0.831408820635036 -1.0 -0.5773295087325072 -0.7557523551685863 -1.0 -0.9650259207270215 -1.0 -0.6766577787742124 0.0754915733179321 -0.9438241391859417 0.04965861042619244 -0.059857591090441975 -0.5400599220235609 -1.0 0.12408884147694971 0.16156589364612883 -0.04687213518163922 -0.15870016904502565 -0.39539439940973453 -0.02787124883360366 -0.019869668865079973 0.3067265800041742 -0.10425898746142095 0.36434894967936904 0.2996327332724533 0.45209234552530475 0.16454677963493158 
0.2129592467402856 -0.7431875446763692 -0.9075839077506039 -1.0 -0.9819538474554224 -0.4238016675357905 -0.839614206036797 -0.9772384719841313 -0.8896838458275936 -0.49065673526403963 -1.0 0.07669606014856423 -0.7060214400853922 -0.08425621008931898 -1.0 -0.12427416234408545 -1.0 0.37996127743800573 0.13368518041055416 0.07652702817696025 -0.2878395161014966 0.10214765022329696 0.08665389473809557 -0.18677739681264277 0.28131774007532284 -0.14907930665586638 -0.10803298143105178 0.25640281521187924 0.5446309641913376 -1.0 
0.2106792580738598 -0.6135303252444733 -0.9787199977939546 -0.6888212757034997 -0.9416881524081215 -0.42407187153976106 -0.5948355313606014 -0.9997355103098304 -0.9650259207270215 -1.0 -0.7906571809931462 0.07195521153319133 -0.7024813796127328 0.047752050651206815 -0.1717488289421335 -0.3811811829973005 -0.800438886059399 0.2340163564923004 -0.0194291236069581 0.07975829105037986 -0.1388400960615708 -0.23753974142626463 0.06986498052204981 -0.019869668865079973 0.14831438612158976 0.007679966543958031 0.22486107555030052 0.28906567413707485 0.4506599190284603 0.06955131485555555 
0.20736990196565594 -0.6266387770061597 -1.0 -0.9175832365855621 -0.7216300026972509 -0.4874537733107879 -0.7976832806026917 -0.9848256479894208 -0.7793676916551873 -0.6604378235093598 -1.0 -0.017663948473390298 -0.7286180965051791 -0.039617936584148514 -0.6135181884596765 -0.28047130426422384 -0.903460345664707 0.25517635621445334 0.13368518041055416 0.036816034468304594 -0.20550118726230537 0.03617670551179269 0.12226157229330648 -0.006224540887189767 0.15005518650426333 -0.04936676946758892 0.05704864438567181 0.23898662668110382 0.5099387926787115 -0.7845854868112287 
0.2112223190630163 -0.5691250415348981 -0.8643509157145796 -0.5936545031462197 -0.700430941459466 -0.29820339187724 -0.5805074442173124 -0.9652815013902615 -0.9956128248275988 -0.9340967985423442 -0.6920253710583144 0.11823767200107313 -0.69749144774952 0.016179905297314584 -0.059857591090441975 -0.2593296637729132 -1.0 0.12408884147694971 0.020075070082589404 -0.04468615339766762 -0.1506089680361779 -0.10077695254184839 0.15983066961560283 -0.08067306560760851 0.10943805314207063 0.015336524581635536 0.20826893587998768 0.21466700135233097 0.47044869810194 -0.1371722994763075 
0.21039560785675332 -0.7439474516908671 -0.7831874507259502 -0.7170327172390885 -0.6643386363703107 -0.21487791035375411 -0.8120701025167655 -0.9924128239947104 -0.6865385771192701 -0.6042811293518661 -1.0 -0.060705347584310725 -0.4641755718949762 -0.04807662828768597 -0.7913518314053576 -0.21914037478682002 -0.8045851125568464 0.1713226660176612 0.21024233241931028 -0.03570688900904771 -0.20550118726230537 0.27229829985593645 0.03778578006026883 -0.07387717955877243 0.016862526949252887 -0.048851451026333016 -0.10721685542548272 0.13336732259015346 0.5025669926819837 -1.0 
0.21035385522438166 -0.6412795262433596 -1.0 -0.6493068805801598 -0.9998827864785564 -0.4495084023607886 -0.7557523551685863 -1.0 -1.0 -1.0 -0.6766577787742124 0.051600449454785445 -0.7019782709955257 0.04965861042619244 -0.059857591090441975 -0.28099392322520517 -1.0 0.12408884147694971 0.01757972251520247 -0.002894959240351061 -0.15870016904502565 -0.1337624248976005 0.06986498052204981 -0.019869668865079973 -0.0480154549671372 0.006844248078627657 0.36434894967936904 0.22157043815032837 0.5674302859645242 0.07985106187272645 
0.2106792580738598 -0.6135303252444733 -0.9787199977939546 -0.6888212757034997 -0.9416881524081215 -0.42407187153976106 -0.5948355313606014 -0.9997355103098304 -0.9650259207270215 -1.0 -0.7906571809931462 0.07195521153319133 -0.7024813796127328 0.047752050651206815 -0.1717488289421335 -0.3811811829973005 -0.800438886059399 0.2340163564923004 -0.0194291236069581 0.07975829105037986 -0.1388400960615708 -0.23753974142626463 0.06986498052204981 -0.019869668865079973 0.14831438612158976 0.007679966543958031 0.22486107555030052 0.28906567413707485 0.4506599190284603 0.06955131485555555 
0.20606720620770397 -0.6266387770061597 -1.0 -0.9175832365855621 -0.7306530789695397 -0.4874537733107879 -0.7557523551685863 -0.6919163037197782 -0.7793676916551873 -0.6604378235093598 -0.8383288893871061 -0.017663948473390298 -0.7286180965051791 -0.039617936584148514 -0.6135181884596765 -0.28047130426422384 -0.903460345664707 0.25517635621445334 0.13368518041055416 0.036816034468304594 -0.1409315137340699 -0.21259431930472306 0.12226157229330648 0.07722932308659164 0.162759606468689 -0.04936676946758892 0.2932396099408822 0.23898662668110382 0.463669483345695 -0.7845854868112287 
0.21038169031262943 -0.7069577203890394 -1.0 -1.0 -0.907565443817395 -0.39388185261736963 -0.839614206036797 -0.9848256479894208 -1.0 -0.6604378235093598 -1.0 0.12327382104422542 -0.7306396810501123 -0.07351290121630792 -0.6372468172057288 -0.21875788852664757 -1.0 0.3213658219144633 0.13368518041055416 0.07652702817696025 -0.235239224988469 0.06684314555043425 0.08665389473809557 -0.1128951043105727 0.35286172224980494 -0.12732854683483594 -8.872691259315391E-4 0.25640281521187924 0.5294504332196848 -0.7845854868112287 
0.21035385522438166 -0.6412795262433596 -1.0 -0.6493068805801598 -0.9998827864785564 -0.4495084023607886 -0.7557523551685863 -1.0 -1.0 -1.0 -0.6766577787742124 0.051600449454785445 -0.7019782709955257 0.04965861042619244 -0.059857591090441975 -0.28099392322520517 -1.0 0.12408884147694971 0.01757972251520247 -0.002894959240351061 -0.15870016904502565 -0.1337624248976005 0.06986498052204981 -0.019869668865079973 -0.0480154549671372 0.006844248078627657 0.36434894967936904 0.22157043815032837 0.5674302859645242 0.07985106187272645 
0.20606720620770397 -0.6266387770061597 -1.0 -0.9175832365855621 -0.7306530789695397 -0.4874537733107879 -0.7557523551685863 -0.6919163037197782 -0.7793676916551873 -0.6604378235093598 -0.8383288893871061 -0.017663948473390298 -0.7286180965051791 -0.039617936584148514 -0.6135181884596765 -0.28047130426422384 -0.903460345664707 0.25517635621445334 0.13368518041055416 0.036816034468304594 -0.1409315137340699 -0.21259431930472306 0.12226157229330648 0.07722932308659164 0.162759606468689 -0.04936676946758892 0.2932396099408822 0.23898662668110382 0.463669483345695 -0.7845854868112287 
0.2129592467402856 -0.7431875446763692 -0.9075839077506039 -1.0 -0.9819538474554224 -0.4238016675357905 -0.839614206036797 -0.9772384719841313 -0.8896838458275936 -0.49065673526403963 -1.0 0.07669606014856423 -0.7060214400853922 -0.08425621008931898 -1.0 -0.12427416234408545 -1.0 0.37996127743800573 0.13368518041055416 0.07652702817696025 -0.2878395161014966 0.10214765022329696 0.08665389473809557 -0.18677739681264277 0.28131774007532284 -0.14907930665586638 -0.10803298143105178 0.25640281521187924 0.5446309641913376 -1.0 
0.21038169031262943 -0.7069577203890394 -1.0 -1.0 -0.907565443817395 -0.39388185261736963 -0.839614206036797 -0.9848256479894208 -1.0 -0.6604378235093598 -1.0 0.12327382104422542 -0.7306396810501123 -0.07351290121630792 -0.6372468172057288 -0.21875788852664757 -1.0 0.3213658219144633 0.13368518041055416 0.07652702817696025 -0.235239224988469 0.06684314555043425 0.08665389473809557 -0.1128951043105727 0.35286172224980494 -0.12732854683483594 -8.872691259315391E-4 0.25640281521187924 0.5294504332196848 -0.7845854868112287 
0.0 0.20313127785791152 0.6914234277905602 -0.0062023337733762285 -0.18183372039502865 0.0850230391934621 -0.5259322567683081 0.5070814316238895 0.9776665152491261 0.2722305791243107 0.9973020471629759 0.41146529505273044 0.16422723303926445 0.01687948741212325 1.0 0.9674780485259493 0.7018785326166892 0.03274747099358569 -0.2072647626084946 -0.13625097231842473 0.28933739488940097 0.3491832115200191 0.46766425043351145 -0.437031333710147 -0.5156652428403276 0.13034005266216228 0.6615278861870034 0.06735738717316431 0.457808300118133 -0.3759234203799899 
0.20736990196565594 -0.6266387770061597 -1.0 -0.9175832365855621 -0.7216300026972509 -0.4874537733107879 -0.7976832806026917 -0.9848256479894208 -0.7793676916551873 -0.6604378235093598 -1.0 -0.017663948473390298 -0.7286180965051791 -0.039617936584148514 -0.6135181884596765 -0.28047130426422384 -0.903460345664707 0.25517635621445334 0.13368518041055416 0.036816034468304594 -0.20550118726230537 0.03617670551179269 0.12226157229330648 -0.006224540887189767 0.15005518650426333 -0.04936676946758892 0.05704864438567181 0.23898662668110382 0.5099387926787115 -0.7845854868112287 
0.0 0.20313127785791152 0.6914234277905602 -0.0062023337733762285 -0.18183372039502865 0.0850230391934621 -0.5259322567683081 0.5070814316238895 0.9776665152491261 0.2722305791243107 0.9973020471629759 0.41146529505273044 0.16422723303926445 0.01687948741212325 1.0 0.9674780485259493 0.7018785326166892 0.03274747099358569 -0.2072647626084946 -0.13625097231842473 0.28933739488940097 0.3491832115200191 0.46766425043351145 -0.437031333710147 -0.5156652428403276 0.13034005266216228 0.6615278861870034 0.06735738717316431 0.457808300118133 -0.3759234203799899 
0.21038169031262943 -0.6031776351486944 -1.0 -0.9652585303251544 -1.0 -0.39388185261736963 -0.839614206036797 -0.9848256479894208 -0.9835199684992348 -0.4757284587057753 -1.0 0.12327382104422542 -0.8643235382595309 -0.07351290121630792 -0.6372468172057288 -0.21875788852664757 -0.9921643055769469 0.3328393021594219 0.1250389222617144 0.07652702817696025 -0.32973733905571345 0.06684314555043425 0.08665389473809557 -0.29446666689412093 0.34086472848633365 -0.12732854683483594 -8.872691259315391E-4 0.25640281521187924 0.5593745641847931 -0.7722172103370055 
0.21038169031262943 -0.6601865359085173 -1.0 -1.0 -0.907565443817395 -0.39388185261736963 -0.839614206036797 -0.9848256479894208 -1.0 -0.6604378235093598 -1.0 0.12327382104422542 -0.7306396810501123 -0.07351290121630792 -0.6372468172057288 -0.21875788852664757 -1.0 0.3328393021594219 0.13368518041055416 0.07652702817696025 -0.235239224988469 0.06684314555043425 0.08665389473809557 -0.15140928641096468 0.31472178402549333 -0.12732854683483594 -8.872691259315391E-4 0.25640281521187924 0.5593745641847931 -0.7845854868112287 
0.0 0.10958890889686729 0.5885645703874136 -0.07568527312306737 0.019894411840634507 0.2209366386199959 -0.5442378870438231 0.4482561270911948 0.9556931399147726 -0.077954171047462 0.9964027295506345 0.41146529505273044 0.31638851874571927 -0.2059830389932435 1.0 0.9674780485259493 0.6680612318139951 0.18338708416610927 -0.18997224631081508 -0.07639704031550562 0.5239273036350016 0.3491832115200191 0.47641486293548585 -0.27516075311846944 -0.4916712553133849 0.13121734665725548 0.532619025324425 0.0793631919308097 0.4183793984808377 -0.3759234203799899 
0.0 0.10958890889686729 0.5885645703874136 -0.07568527312306737 0.019894411840634507 0.2209366386199959 -0.5442378870438231 0.4482561270911948 0.9556931399147726 -0.077954171047462 0.9964027295506345 0.41146529505273044 0.31638851874571927 -0.2059830389932435 1.0 0.9674780485259493 0.6680612318139951 0.18338708416610927 -0.18997224631081508 -0.07639704031550562 0.5239273036350016 0.3491832115200191 0.47641486293548585 -0.27516075311846944 -0.4916712553133849 0.13121734665725548 0.532619025324425 0.0793631919308097 0.4183793984808377 -0.3759234203799899 
0.0 0.6352567984722705 0.5885645703874136 0.2357042583193022 0.20024912186831756 0.417812377177222 -0.4849952114472721 1.0 1.0 0.6658897338512884 0.9964027295506345 0.5718389916849225 0.4315949474581017 -0.09732165062340874 1.0 0.9674780485259493 0.7256635045616767 -0.04339484039237913 -0.3371418953349009 -0.4291749882252269 0.6581267742786215 0.3491832115200191 0.41197976178896956 -0.27516075311846944 -0.739056503698134 0.13941008076983402 0.5506372116077416 -3.309896901995957E-4 0.3032548449577427 -0.3511868674315435 
0.0 0.234497992564976 0.746147354742636 -0.07568527312306737 0.137579617173736 0.6294420077890533 -0.41543118610912194 0.586664068469761 0.9303418708365396 -0.077954171047462 0.9964027295506345 0.41146529505273044 0.4315949474581017 -0.11309122639056732 1.0 0.9837390242629747 0.686207143770583 -0.6276305075680895 -0.23259098918819618 -0.11051925196062307 0.5016150852891235 0.3491832115200191 0.7283875969313076 -0.15532045285898188 -0.5679511317620081 0.22612049320527983 0.5506372116077416 0.0793631919308097 0.21819134392049314 -0.38829169685421305 
0.0 0.10958890889686729 0.5885645703874136 -0.0062023337733762285 -0.16304289161990487 0.2094314551663107 -0.4849952114472721 0.4641799891294961 0.9776665152491261 0.2722305791243107 0.9964027295506345 0.41146529505273044 0.1473924211871525 0.01687948741212325 1.0 0.9674780485259493 0.7018785326166892 0.00980051050366837 -0.2072647626084946 -0.13625097231842473 0.28933739488940097 0.3491832115200191 0.46766425043351145 -0.36000296950936306 -0.43938536639170434 0.13034005266216228 0.6615278861870034 0.06735738717316431 0.39796003818791625 -0.3759234203799899 
0.0 0.6979902278863994 1.0 0.4494881176327167 0.4294889552366544 1.0 -0.3458671607709718 1.0 0.9640231830192852 0.7889395465286764 1.0 0.6855685781410621 1.0 0.010330399096662127 1.0 1.0 1.0 -1.0 -0.15917040400112592 -0.7784204207100663 0.5988747618619581 0.7880265304937171 0.905787632224202 -0.12356691433045944 -1.0 0.44789078797957416 0.8263994519745781 -0.08089126155330308 -0.009634856436290584 -0.38829169685421305 
0.0 0.234497992564976 0.746147354742636 -0.07568527312306737 0.137579617173736 0.6294420077890533 -0.41543118610912194 0.586664068469761 0.9303418708365396 -0.077954171047462 0.9964027295506345 0.41146529505273044 0.4315949474581017 -0.11309122639056732 1.0 0.9837390242629747 0.686207143770583 -0.6276305075680895 -0.23259098918819618 -0.11051925196062307 0.5016150852891235 0.3491832115200191 0.7283875969313076 -0.15532045285898188 -0.5679511317620081 0.22612049320527983 0.5506372116077416 0.0793631919308097 0.21819134392049314 -0.38829169685421305 
0.0 0.6979902278863994 1.0 0.4494881176327167 0.4294889552366544 1.0 -0.3458671607709718 1.0 0.9280463660385705 0.7889395465286764 1.0 0.6498453813458993 1.0 0.010330399096662127 1.0 1.0 1.0 -0.8339980021394079 -0.2753192249488924 -0.6620052765484532 0.5988747618619581 0.6468564975089247 0.6962447790114025 -0.13871954517749102 -0.7445048721861972 0.2591743524106614 0.5506372116077416 -0.02021273596562756 0.18284523544478987 -0.3759234203799899 
0.0 0.10958890889686729 0.5885645703874136 -0.04953582791641667 -0.22526334700073697 0.41263104004732853 -0.6289348603860158 0.6427866594196641 1.0 0.2722305791243107 0.9507841211902958 0.2944186493982614 0.41458081496207067 0.01687948741212325 1.0 1.0 0.7131566525934885 0.00980051050366837 -0.17842907795141089 -0.3475834183497472 0.30498364187828664 0.3491832115200191 0.4956020036072835 -0.27516075311846944 -0.43938536639170434 0.12699717880084077 0.5146008390411082 0.06735738717316431 0.35853113655062097 -0.3759234203799899 
0.0 0.32382075204222255 1.0 -0.0062023337733762285 0.1788410828614515 1.0 -0.3458671607709718 0.4361186936545446 0.9280463660385705 0.7889395465286764 1.0 0.43528075958283896 1.0 -0.017918312901473755 1.0 1.0 1.0 -0.6724786063115311 -0.10484425343936797 -0.6620052765484532 0.5988747618619581 0.4903532445048115 0.5057396011636945 -0.03442270362829182 -0.43938536639170434 0.2591743524106614 0.5506372116077416 0.06735738717316431 0.23883461269018746 -0.3759234203799899 
0.0 0.14095562360393177 0.746147354742636 -0.07568527312306737 0.137579617173736 0.6294420077890533 -0.41543118610912194 0.586664068469761 0.9303418708365396 -0.077954171047462 0.9964027295506345 0.41146529505273044 0.4315949474581017 -0.11309122639056732 1.0 0.9837390242629747 0.686207143770583 -0.6276305075680895 -0.18997224631081508 -0.11051925196062307 0.5016150852891235 0.3491832115200191 0.7283875969313076 -0.15091657274383452 -0.4916712553133849 0.22612049320527983 0.5506372116077416 0.0793631919308097 0.21819134392049314 -0.38829169685421305 
0.0 0.10958890889686729 0.5885645703874136 -0.0062023337733762285 -0.16304289161990487 0.3838738844442761 -0.4849952114472721 0.6427866594196641 0.9556931399147726 0.2722305791243107 0.9964027295506345 0.41146529505273044 0.4315949474581017 0.01687948741212325 1.0 0.9674780485259493 0.7256635045616767 0.00980051050366837 -0.17842907795141089 -0.3584057401015423 0.28933739488940097 0.3491832115200191 0.4709876512013337 -0.27516075311846944 -0.43938536639170434 0.13034005266216228 0.5506372116077416 0.06735738717316431 0.35853113655062097 -0.3759234203799899 
0.0 0.13673601412013411 0.7942822851937068 -0.23404755947642267 0.1788410828614515 1.0 -0.42815833498194267 0.4361186936545446 0.9280463660385705 0.7889395465286764 0.9982013647753172 0.43528075958283896 1.0 -0.017918312901473755 1.0 1.0 1.0 -0.4241659236524339 -0.019606767684605772 -0.6620052765484532 0.5988747618619581 0.4903532445048115 0.7948049812442786 -0.025614943397997074 -0.2868256134944579 0.2591743524106614 0.5506372116077416 0.06735738717316431 0.23883461269018746 -0.3759234203799899 
0.0 0.32382075204222255 0.5885645703874136 -0.0062023337733762285 -0.21410594475903233 0.738505531695889 -0.5104495091929135 0.4361186936545446 0.9280463660385705 0.3673835447838591 0.9964027295506345 0.3312784467366344 0.6449936723868355 -0.017918312901473755 1.0 0.9674780485259493 0.7256635045616767 -0.33737263682121343 -0.10484425343936797 -0.4158278416399821 0.28933739488940097 0.3491832115200191 0.5057396011636945 -0.12110402471690153 -0.43938536639170434 0.13034005266216228 0.5506372116077416 0.06735738717316431 0.23883461269018746 -0.3759234203799899 
0.0 0.10958890889686729 0.746147354742636 -0.07568527312306737 0.022959700489567567 0.6294420077890533 -0.4849952114472721 0.586664068469761 0.9447064522475959 -0.077954171047462 0.9964027295506345 0.41146529505273044 0.4315949474581017 -0.16691725125060275 1.0 0.9674780485259493 0.686207143770583 -0.149327927764279 -0.18997224631081508 -0.11051925196062307 0.5312410914974552 0.3491832115200191 0.48148366171369134 -0.15091657274383452 -0.4916712553133849 0.22612049320527983 0.5506372116077416 0.0793631919308097 0.35853113655062097 -0.3759234203799899 
0.0 0.10958890889686729 0.5885645703874136 -0.07568527312306737 0.019894411840634507 0.3838738844442761 -0.4849952114472721 0.34492214420863504 0.9556931399147726 -0.077954171047462 0.9964027295506345 0.41146529505273044 0.4315949474581017 -0.223381939150042 1.0 0.9674780485259493 0.6743146577980893 0.00980051050366837 -0.18997224631081508 -0.11051925196062307 0.5161041801405588 0.3491832115200191 0.48148366171369134 -0.27516075311846944 -0.4916712553133849 0.13288878358791623 0.5506372116077416 0.0793631919308097 0.35853113655062097 -0.3759234203799899 
0.0 0.32382075204222255 0.5885645703874136 -0.0062023337733762285 -0.21410594475903233 0.738505531695889 -0.5104495091929135 0.4361186936545446 0.9280463660385705 0.3673835447838591 0.9964027295506345 0.3312784467366344 0.6449936723868355 -0.017918312901473755 1.0 0.9674780485259493 0.7256635045616767 -0.33737263682121343 -0.10484425343936797 -0.4158278416399821 0.28933739488940097 0.3491832115200191 0.5057396011636945 -0.12110402471690153 -0.43938536639170434 0.13034005266216228 0.5506372116077416 0.06735738717316431 0.23883461269018746 -0.3759234203799899 
0.0 0.14095562360393177 0.746147354742636 -0.07568527312306737 0.137579617173736 0.6294420077890533 -0.41543118610912194 0.586664068469761 0.9303418708365396 -0.077954171047462 0.9964027295506345 0.41146529505273044 0.4315949474581017 -0.11309122639056732 1.0 0.9837390242629747 0.686207143770583 -0.6276305075680895 -0.18997224631081508 -0.11051925196062307 0.5016150852891235 0.3491832115200191 0.7283875969313076 -0.15091657274383452 -0.4916712553133849 0.22612049320527983 0.5506372116077416 0.0793631919308097 0.21819134392049314 -0.38829169685421305 
