0.559340616744346 0.9028306079589173 1.823874109986462 
0.58370551252637 0.8817687945718953 1.7911480556086876 
0.5841228577126479 0.9010230530436955 1.8399027857117867 
0.5881051294517762 0.8819113807182588 1.7297485315813013 
0.5841228577126479 0.9010230530436955 1.8399027857117867 
0.58370551252637 0.8817687945718953 1.7911480556086876 
0.5456866337744879 0.9022998667146277 1.823874109986462 
0.5833197079194546 0.9014059484378387 1.8399027857117867 
0.5813730888524855 0.9010391625713083 1.8399029161403537 
0.5833197079194546 0.9014059484378387 1.8399027857117867 
0.559340616744346 0.9028306079589173 1.823874109986462 
0.5813730888524855 0.9010391625713083 1.8399029161403537 
0.5456866337744879 0.9022998667146277 1.823874109986462 
0.5863770884759273 0.9009574822871218 1.8399022165775225 
0.5881051136971572 0.8817687945718953 1.6782828777070036 
0.5881051136971572 0.8817687945718953 1.6782828777070036 
0.5426806193148858 0.9022998667146277 1.8238741218432835 
0.5881051294517762 0.8819113807182588 1.7297485315813013 
0.5800511909056071 0.9015722111348243 1.8399030465696542 
0.5863770884759273 0.9009574822871218 1.8399022165775225 
1.244013339736118 1.2727733767521594 1.9716761507397442 
1.2064140234895129 1.070441070257164 2.147758281847438 
1.204514647652267 1.2089770455159243 2.0912437920663067 
0.9993499309926371 1.1800127972283339 2.248455654512716 
1.1606082517247327 1.0269410059080215 2.2698394713988046 
0.5790781496834319 1.5812677903375427 2.24806012572521 
0.9702075022632758 1.6231223469626683 1.6562107992617094 
1.335366483927958 1.148568565339554 2.4193564086593473 
0.5543873928205405 1.3063440480135344 2.544589167677872 
1.1174600545453548 1.3229645089056945 1.9567178821341296 
1.2174086440543255 1.454439175628588 2.1417741391265945 
0.421331976004919 1.5912165866691959 1.7303756445647105 
1.2028845295949857 1.5823483642303997 2.312843463296813 
0.8007102613604644 1.5581305672401007 2.1548522883073544 
0.5790781496834319 1.5812677903375427 2.24806012572521 
1.1398386199437869 1.0216876862214344 1.8807445347088767 
0.7210054682797157 1.5447631228888774 1.7523988096295642 
1.2463423401519034 1.541717110623258 2.21232362829533 
1.2574310306071228 0.9414405282437707 2.0462094362076813 
1.187005089288287 1.0181956846817872 2.446172935988587 
1.1654179364064468 1.1415940688637722 2.0305530374948884 
1.071533617699005 1.0751895724137042 2.130441166218091 
1.1601266472389713 1.2984149283006299 2.3247687325738045 
0.5543873928205405 1.3063440480135344 2.544589167677872 
1.2707796043171569 1.2283641759229735 2.4341484751467677 
1.1121018136522245 1.2825031382368461 2.470935764157805 
0.9379409959631693 1.2522574410439324 2.1462686004111933 
1.1713964559568382 1.4317030422948467 2.0570530223556114 
1.263109099195584 1.5317575074562717 2.437606466780431 
1.141881233094288 1.5741435083786983 2.321779443273111 
0.5106262337155816 1.586696534219978 2.1483362435879467 
1.0639935093655062 1.337105371232868 2.196411320958374 
0.48834367442403087 1.4507875137726247 2.3910748900926557 
1.3121935906308955 1.5020641576664264 2.153269265643503 
1.2017864940943455 1.566223505827273 2.565597597466901 
0.7210054682797157 1.5447631228888774 1.7523988096295642 
1.3121935906308955 1.5020641576664264 2.153269265643503 
0.7733023655694489 1.2098591507820349 1.7888998974063783 
1.2171230099319186 1.5000716359117259 2.2027270955779272 
1.2087708325689108 1.3838022329551807 2.325759394236509 
1.2451498778714916 1.0556285236462477 2.4968302157901774 
1.29215950606884 1.4462598165500216 2.2630603177265467 
1.2812779126522222 1.5787992731285152 2.491838273599211 
0.7901952752171808 1.3469648153003306 1.8231272319129725 
1.1398386199437869 1.0216876862214344 1.8807445347088767 
1.0002527452835632 1.0326359306648725 1.902254017204532 
1.1121018136522245 1.2825031382368461 2.470935764157805 
0.785557692958978 0.873969445176187 2.2119059955745852 
1.1131319880750195 1.289006772718582 2.5196870938174554 
1.0248465459413747 1.4863746270171319 2.2681859705243794 
1.1428128170269911 1.532237120811047 2.4933673855876526 
1.2903274930938282 1.524271241564508 2.3412586482680586 
0.9993499309926371 1.1800127972283339 2.248455654512716 
0.9819961959285951 1.6513636433178374 1.7128541141195446 
0.8294943093674836 0.9472313022723599 1.8443822290707486 
1.286271356910742 1.2688040801036227 1.9162074720077744 
1.286271356910742 1.2688040801036227 1.9162074720077744 
1.0248465459413747 1.4863746270171319 2.2681859705243794 
1.3332342897893954 0.9419511355413288 2.196416767699776 
1.2634164456838306 1.536591740367519 2.491532173094343 
1.217527547950944 1.566455410794405 2.1975578787085635 
1.071533617699005 1.0751895724137042 2.130441166218091 
1.2901018691970385 1.1201884332866212 2.3118843844645696 
1.1938537327333512 1.5331660382775836 2.263439821528841 
1.2214028938273114 1.3686258628438146 2.2750022587376195 
0.7476764265335184 1.3580987399888795 2.127954106421674 
1.1838335442983017 1.0370416557108322 1.9371484878925243 
0.5106262337155816 1.586696534219978 2.1483362435879467 
0.7091687838165737 1.3930512616624078 2.115931836655668 
1.1159107305302765 1.1671120485316675 1.9453921506534466 
0.7476764265335184 1.3580987399888795 2.127954106421674 
1.191413342456251 1.4938428333586977 2.399122315148945 
1.284386264875665 1.051913427304336 2.1478234917842247 
0.9021532489290576 1.2043009847481965 2.0629974707487695 
1.3148805989239525 1.2758886405469532 1.9198997252732584 
1.1850981482625056 1.0089539687123175 2.0341122525245208 
1.1606082517247327 1.0269410059080215 2.2698394713988046 
0.8114726952043947 1.3004266130573965 2.121006330890129 
1.034855780283686 0.9420430453725487 2.2827430391394694 
1.1579249855885805 1.4477294052962166 2.2947770945905837 
1.0971502192953286 1.1843160717302963 2.4572168836686465 
1.1595929159229004 1.3400621673865605 2.3374997976188903 
1.3322401191212514 1.476001423333979 1.9615687582481307 
1.2433837103740544 1.6208693172315083 2.3068932181806554 
1.287534827751604 1.2936148705403752 1.7768678585670086 
1.1654179364064468 1.1415940688637722 2.0305530374948884 
1.1838335442983017 1.0370416557108322 1.9371484878925243 
1.217527547950944 1.566455410794405 2.1975578787085635 
1.25891930980143 1.453954276227068 2.232775532145812 
1.217527547950944 1.566455410794405 2.1975578787085635 
1.1174600545453548 1.3229645089056945 1.9567178821341296 
0.8429486438228333 1.507290499640451 1.9533540003258827 
1.174694199118604 1.434236138094643 2.19285205777311 
1.1428128170269911 1.532237120811047 2.4933673855876526 
1.3325405425781314 0.8814270003883766 2.1078454647670446 
1.2217894064647787 1.191809267118185 1.9845359711622792 
1.2997855698343512 1.5966293274346428 2.278588749674795 
1.252137996523462 1.4852303783711056 2.252574445417973 
0.7733023655694489 1.2098591507820349 1.7888998974063783 
1.2567186730593232 1.305038714006379 2.396363413801288 
0.421331976004919 1.5912165866691959 1.7303756445647105 
0.6861900790703117 1.5767387686307852 2.0365251477333257 
1.1198956791885093 1.3304561066911034 1.8297812077984288 
0.6558974080620369 1.2056494628089305 1.9445030575127062 
0.5247838969168923 1.6601028916169196 2.1961907721846696 
1.2056962104514122 1.313022456274166 1.9802060169590647 
0.9702075022632758 1.6231223469626683 1.6562107992617094 
1.1448962822130466 1.3902652915753333 1.8405166042392636 
1.2064140234895129 1.070441070257164 2.147758281847438 
1.3148805989239525 1.2758886405469532 1.9198997252732584 
1.1298810585509063 1.390183854966492 2.2581960240944277 
0.9887433715829389 1.279253335350378 2.3058428972961864 
1.2171230099319186 1.5000716359117259 2.2027270955779272 
0.785557692958978 0.873969445176187 2.2119059955745852 
1.246669482261788 1.2658590713427973 2.0813278332466014 
1.1440900440799715 0.7511679344557142 2.2998388957981417 
0.7900855923520714 1.3047652984531903 2.2619813078687034 
1.244013339736118 1.2727733767521594 1.9716761507397442 
1.1595929159229004 1.3400621673865605 2.3374997976188903 
1.2028845295949857 1.5823483642303997 2.312843463296813 
1.3322401191212514 1.476001423333979 1.9615687582481307 
1.1188100036535207 1.5626717207954552 2.386798825502268 
1.2574310306071228 0.9414405282437707 2.0462094362076813 
1.3070760055101014 1.3398117822151252 2.498021604131455 
1.0960994104359374 1.4780154442027869 2.575458876953218 
1.1198956791885093 1.3304561066911034 1.8297812077984288 
1.0002527452835632 1.0326463577704936 1.902254017204532 
1.2440444048167782 1.2074928767818438 2.238102574111803 
1.204514647652267 1.2089770455159243 2.0912437920663067 
1.2424061302252256 1.6178115086119422 2.4643819888380847 
0.9252158845131446 1.4199856572515546 2.507267387698552 
1.0002527452835632 1.0326463577704936 1.902254017204532 
0.7407503212379355 1.3632342347868995 2.565522085205488 
1.2174086440543255 1.454439175628588 2.1417741391265945 
1.124531661535156 1.5297173238681496 1.8634461064290018 
1.2458074925577884 1.1591303613251132 2.0650721591127326 
0.6972287564733308 1.6001886760925077 2.21815564286769 
1.2707796043171569 1.2283641759229735 2.4341484751467677 
0.9358019184280784 1.0580739438032094 2.0513674568085967 
1.2671513828247298 1.1580787260409724 1.979782674650754 
1.174694199118604 1.434236138094643 2.19285205777311 
1.2671513828247298 1.1580787260409724 1.979782674650754 
0.9021532489290576 1.2043009847481965 2.0629974707487695 
1.2421697008968673 1.3188031594966 1.8500584352128024 
1.0960994104359374 1.4780154442027869 2.575458876953218 
0.9860316291433374 1.518258899771395 1.7894327725142847 
0.9379409959631693 1.2522574410439324 2.1462686004111933 
1.23917118994962 1.42009232959562 1.8852850463723505 
1.1298810585509063 1.390183854966492 2.2581960240944277 
1.0300799656927229 1.1521083845858298 2.2205134981773593 
1.2960347691648593 1.2849327550517393 2.212134024501803 
1.3165045701392002 1.635404765219763 2.3113690475187356 
0.8294943093674836 0.9472313022723599 1.8443822290707486 
1.0971502192953286 1.1843160717302963 2.4572168836686465 
1.2440444048167782 1.2074928767818438 2.238102574111803 
1.140606324133453 1.5320652780273836 2.446392601973224 
1.2903274930938282 1.524271241564508 2.3412586482680586 
0.7124130645114949 1.4942112512948913 1.8457323421586374 
1.140606324133453 1.5320652780273836 2.446392601973224 
1.3098433556595808 0.9308530886095656 2.1905027806866655 
0.9706337725467461 1.1649695815974779 2.212175632759408 
0.8114726952043947 1.3004266130573965 2.121006330890129 
1.2997855698343512 1.5966293274346428 2.278588749674795 
1.2573304300978665 1.5328566812116182 1.8573742833585816 
0.7900855923520714 1.3047652984531903 2.2619813078687034 
1.331957130152394 1.6150758813265227 2.09498211141715 
0.6861900790703117 1.5767387686307852 2.0365251477333257 
1.0002527452835632 1.0326359306648725 1.902254017204532 
1.3165045701392002 1.635404765219763 2.3113690475187356 
0.9887433715829389 1.279253335350378 2.3058428972961864 
1.2544027537569509 1.4225723128915462 2.4481544935264554 
1.034855780283686 0.9420430453725487 2.2827430391394694 
1.2846797233930753 1.2496065614572978 1.791323719777799 
1.1448962822130466 1.3902652915753333 1.8405166042392636 
1.2544027537569509 1.4225723128915462 2.4481544935264554 
1.3481120477624906 1.344272113029417 2.3697384969373543 
1.178969380023346 1.3927547794314878 2.138079486420405 
1.0503441739705448 1.4145428800067958 1.903584562466347 
0.7407503212379355 1.3632342347868995 2.565522085205488 
1.287534827751604 1.2936148705403752 1.7768678585670086 
1.23917118994962 1.42009232959562 1.8852850463723505 
1.2960347691648593 1.2849327550517393 2.212134024501803 
1.25891930980143 1.453954276227068 2.232775532145812 
1.1401274199992966 1.441351823199881 2.2895289923652364 
1.2567186730593232 1.305038714006379 2.396363413801288 
0.8429486438228333 1.507290499640451 1.9533540003258827 
0.7124130645114949 1.4942112512948913 1.8457323421586374 
1.2424061302252256 1.6178115086119422 2.4643819888380847 
0.9358019184280784 1.0580739438032094 2.0513674568085967 
0.6558974080620369 1.2056494628089305 1.9445030575127062 
