1.8021784138743397 0.6518377585195692 
1.6513739263034688 0.6522575334600081 
1.619803586563431 0.6572193286965089 
1.619803586563431 0.6572193286965089 
1.6126717757362403 0.6809180935360551 
1.5104664353192676 0.6933949468548 
1.4513607982916237 0.6969959039399851 
1.3314981620070427 0.6981499311576969 
1.329490407241782 0.7045692623477879 
1.329490407241782 0.7045692623477879 
1.3293481772020357 0.7216349647928706 
1.3296524205135114 0.7166224628967015 
1.329490407241782 0.7045692623477879 
1.329227042168119 0.7453394005547502 
1.257814787728867 0.7582042597766825 
1.2573403779441519 0.7522028035038542 
1.2578864216558807 0.7719955173626086 
1.2585561925127267 0.7801466111175719 
1.2578864216558807 0.7719955173626086 
1.2585561925127267 0.7801466111175719 
1.257368585204495 0.7525387746195031 
1.2573403779441519 0.7522028035038542 
1.257814787728867 0.7582042597766825 
1.257368585204495 0.7525387746195031 
1.2580181310808278 0.8297578390668477 
1.257932834150045 0.817305378807 
1.2574671661637233 0.8186146581833353 
1.2574448641725962 0.8732444388356416 
1.2569994266200772 0.887978033113132 
1.257301861611699 0.8933649119087986 
1.2570024047065198 0.918674357139821 
1.2570024047065198 0.918674357139821 
1.2567341426829821 0.9437896863623336 
1.256330595942172 0.9231848968253216 
1.2564821478306434 0.9588253403983675 
1.2563958493660863 0.9829869465978116 
1.256380729359179 0.9956164733010796 
1.2563608008735387 1.0091682170830787 
1.256330595942172 0.9231848968253216 
1.2563440425447328 1.0319492266860075 
1.2563201176458634 1.0554137622057072 
1.256277865162091 1.059728347380582 
1.2562522057487164 1.0787411796571986 
1.2562993139838432 1.0812056918368218 
1.2562325774064937 1.1204076104068164 
1.2562850443071252 1.1006001712249436 
1.2562325774064937 1.1204076104068164 
1.2561876671954382 1.18311644114317 
1.2562650273854543 1.2166035663543 
1.2562522057487164 1.0787411796571986 
1.2561180777069556 1.2733254922838686 
1.2560669405536073 1.303953015281638 
1.2561337851258794 1.2492301684515454 
1.2561337851258794 1.2492301684515454 
1.2560723345533802 1.3031457312005108 
1.2560669405536073 1.303953015281638 
1.2560865546055018 1.3552152562276414 
1.2560723345533802 1.3031457312005108 
1.25611740086713 1.2333528261028863 
1.2561766162415609 1.2998837229018534 
1.2561155148589012 1.4198523814692245 
1.2561627029899982 1.3573055766793258 
1.2559604427832605 1.622436211121105 
1.2560050712423994 1.724256060601131 
1.2560784742796849 1.6606133752593146 
1.2559604427832605 1.622436211121105 
1.25611740086713 1.2333528261028863 
1.2560805644172022 1.3998994974924814 
1.2560784742796849 1.6606133752593146 
1.256064414221 1.455935746390337 
1.2561532324831137 1.9883066963080185 
1.2561707800627435 1.3124038662137127 
1.2560805644172022 1.3998994974924814 
1.2561406954654517 1.934930241450953 
1.2560651416839168 1.6609994632857645 
1.2561665565742142 2.0502151191882514 
1.256064414221 1.455935746390337 
1.2561532324831137 1.9883066963080185 
1.2561406954654517 1.8574033767263833 
0.9719478949019879 2.9885878816428586 
1.0581567073938263 2.9911455360612775 
0.9863311966856114 2.9892875980063107 
1.0581567073938263 2.9911455360612775 
0.9937140066717007 2.992084153653769 
0.9658319693448355 2.990719993363909 
0.9719478949019879 2.9885878816428586 
0.9676421309456521 2.992387075461539 
0.9382670895845825 2.99268895878392 
0.9192730969561644 3.053181054479426 
0.8781358042939378 3.0672107212469166 
0.8736578095529295 3.0850864036656067 
0.8276260397520196 3.1795149555459687 
0.7370769258933437 3.257391248666593 
0.7547611684222053 3.258137494900866 
0.7370769258933437 3.257391248666593 
0.7139693205378843 3.272043483283113 
0.7126400256354187 3.3480718419364517 
0.683090286510958 3.486694606986818 
0.6604138589560921 3.849185959300969 
0.6268916203539481 5.106826106203726 
