0.9600824720285998 -0.5105577928153875 -0.5722585638941511 0.14108249783694743 -0.22441854743488926 -0.1411949681940815 -0.011714054310828517 0.016809847630448294 0.18260097605992748 -0.20540694974660953 -0.09787469740814973 0.4876207199794622 0.5862136393747797 0.6556198032788024 0.24769073709166417 0.29569286637941705 0.8636870701179855 0.41107643226150153 0.9539096162232297 0.9918931276676808 0.7006717442848892 0.5058143530909978 0.9943298832735117 0.47930993476597245 0.9124722122100721 0.9250208484492816 0.8785125005890189 0.31909454983285457 0.32684630438958984 0.6922476959102487 
0.9600904226977092 -0.503014396818709 -0.5722585638941511 0.1433712694861797 -0.2212942288148834 -0.1347669836453883 -0.01337289647874721 0.033844201209563385 0.18277242209538402 -0.21602908981911345 -0.0976638619113025 0.48511361424481836 0.595691402007966 0.6640491241054914 0.24808314377588425 0.29065544255439785 0.8621239938436409 0.4116912449361958 0.9526392841159204 0.9918931276676808 0.6006758354902637 0.4879412225814098 0.993789318298701 0.47641056309141394 0.954489461746943 0.9411557203689935 0.8786516581974514 0.3463983545383149 0.32789921912712805 0.7058871120395338 
0.9600904226977092 -0.5007490357411093 -0.5722585638941511 0.1433712694861797 -0.2212942288148834 -0.12006171914823519 -0.01337289647874721 0.033844201209563385 0.18277242209538402 -0.2035995425731843 -0.09742831245678527 0.4850605311434085 0.5823175404672749 0.6640491241054914 0.24808314377588425 0.2968374903278287 0.8621239938436409 0.3881818119807517 0.9526392841159204 0.9918931276676808 0.6006758354902637 0.4879412225814098 0.993789318298701 0.47953441511486905 0.954489461746943 0.9411557203689935 0.8786516581974514 0.34646336942530465 0.2996758021699843 0.7114936592511742 
0.9600904226977092 -0.5007490357411093 -0.5722585638941511 0.1433712694861797 -0.2212942288148834 -0.12006171914823519 -0.01337289647874721 0.033844201209563385 0.18277242209538402 -0.2035995425731843 -0.09742831245678527 0.4850605311434085 0.5823175404672749 0.6640491241054914 0.24808314377588425 0.2968374903278287 0.8621239938436409 0.3881818119807517 0.9526392841159204 0.9918931276676808 0.6006758354902637 0.4879412225814098 0.993789318298701 0.47953441511486905 0.954489461746943 0.9411557203689935 0.8786516581974514 0.34646336942530465 0.2996758021699843 0.7114936592511742 
0.9600779547660805 -0.5349076061505831 -0.4888599918149832 0.1715881080966779 -0.22199047318300322 -0.14380224448638193 0.0024071267195931987 0.10180900681486779 0.17748757246889352 -0.2126785138996442 -0.10232741074321917 0.9705732430103411 0.5426985416894581 0.6408472763123301 0.26163430484235306 0.30457858049395264 0.840397513939839 0.4100587041326374 0.9351380705556954 0.9967053876577971 0.410690898451973 0.5238758638819738 0.8960198763178298 0.4705944898631328 0.4620767394382042 0.9302487981811033 0.8745682301334969 0.3354791508109907 0.7186542739801627 0.688775852755164 
0.9600918780088681 -0.49358625757690805 -0.42418317265553285 0.1441475094388272 -0.1497663602119867 -0.1244134970931897 -0.009741083737129277 -0.4323689413831907 0.18220338202984007 -0.18168527418701239 -0.0974027782593973 0.48666034416673254 0.4640250172914695 0.6472156993655797 0.24934887693300803 0.28565913671108123 0.8617934960519944 0.42073968493233266 0.9419413508678167 1.0 0.5083068127362841 0.5289400045103019 0.9986153476507805 0.4930139691850055 0.9522049516980274 0.91909457844802 0.8747059209547088 0.3350534224249567 0.27395024643844884 0.7076125799485362 
0.9600918780088681 -0.49358625757690805 -0.42443504615073757 0.14186843246993824 -0.1497663602119867 -0.12911558487289934 -0.012731068672233333 -0.4323689413831907 0.1828451226006162 -0.18168527418701239 -0.09724547187647985 0.48666034416673254 0.49899790450317427 0.6472156993655797 0.24915999922430343 0.2922090198067484 0.8615446587682978 0.40190251016520084 0.9419413508678167 1.0 0.5083068127362841 0.5297473016978409 0.9978221461346414 0.4885633127564666 0.9522049516980274 0.9353346333753145 0.8746766163774891 0.3350534224249567 0.27395024643844884 0.7076125799485362 
0.9600918461755302 -0.488496217162977 -0.4233626563827898 0.141686013074812 -0.22496733641454197 -0.13011490858290709 -0.01303762094469682 -0.4289562182204846 0.1827765559241527 -0.18718960720646366 -0.09745466689389118 0.48810090788582705 0.5606133249601868 0.6495071984379934 0.24891366700752596 0.2891018653020473 0.8619308821518599 0.40143642202489305 0.9418416929811839 1.0 0.5081296841984135 0.5286522847432156 0.9982213435915575 0.48845701048744117 0.9520533734953975 0.9342680188342849 0.8745246315425804 0.3353860121410778 0.2696794852483176 0.7097000118085194 
0.9600920222415654 -0.5109203398213711 -0.42443504615073757 0.13086439952149007 -0.22435788556373934 -0.1455487703384313 -0.013948337766303446 -0.4403108731307352 0.18441496762216125 -0.18673330909949146 -0.0985190535283921 0.4873806260262798 0.5709609117495578 0.6472156993655797 0.2485359115901168 0.29139111319887057 0.8569740961704451 0.4009922036305227 0.9422801876823681 0.9945711962435635 0.5069016735319165 0.5302668791182938 0.9968675621376294 0.48546074324850574 0.9524047544979427 0.931095257545297 0.8772956430822326 0.33551270450605153 0.27435944542264457 0.7086562958785279 
0.9600920222415654 -0.5109203398213711 -0.42443504615073757 0.13086439952149007 -0.22435788556373934 -0.1455487703384313 -0.013948337766303446 -0.4403108731307352 0.18441496762216125 -0.18673330909949146 -0.0985190535283921 0.4873806260262798 0.5709609117495578 0.6472156993655797 0.2485359115901168 0.29139111319887057 0.8569740961704451 0.4009922036305227 0.9422801876823681 0.9945711962435635 0.5069016735319165 0.5302668791182938 0.9968675621376294 0.48546074324850574 0.9524047544979427 0.931095257545297 0.8772956430822326 0.33551270450605153 0.27435944542264457 0.7086562958785279 
0.9600920222415654 -0.5109203398213711 -0.42443504615073757 0.1319653048242368 -0.2237484347129367 -0.1489232597017456 -0.013334172053106552 -0.4516655280409858 0.18605337932016977 -0.19357490294963542 -0.0985190535283921 0.48666034416673254 0.5709609117495578 0.6472156993655797 0.2481581561727076 0.2936803610956938 0.8569740961704451 0.4005479852361523 0.9422801876823681 0.9921569087167819 0.5073888103302452 0.531881473493372 0.9961766920488166 0.4824644760095704 0.9524047544979427 0.9494331131346652 0.8767971038176752 0.3356393968710253 0.27384461928279447 0.7076125799485362 
0.960091903971034 -0.508471132164042 -0.42491657740639344 0.1407736423285867 -0.22433051175021215 -0.10623177716013567 -0.01321785389705969 -0.4282736735879434 0.18469892096645132 -0.19515038344804664 -0.09693085911064492 0.48500744804199875 0.5689436789265838 0.6608681792759936 0.24912634376031895 0.3030195381012596 0.8607722120011736 0.41196909660130016 0.9418743233726978 1.0 0.50784046999173 0.5321742906687595 0.9974067320966611 0.48265826713832416 0.9536392382332961 0.9594372469263284 0.8746180072230497 0.3465283843122944 0.27145238521284054 0.7275315259302688 
0.9600920222415654 -0.5109203398213711 -0.42443504615073757 0.13086439952149007 -0.22435788556373934 -0.1455487703384313 -0.013948337766303446 -0.4403108731307352 0.18441496762216125 -0.18673330909949146 -0.0985190535283921 0.4873806260262798 0.5709609117495578 0.6472156993655797 0.2485359115901168 0.29139111319887057 0.8569740961704451 0.4009922036305227 0.9422801876823681 0.9945711962435635 0.5069016735319165 0.5302668791182938 0.9968675621376294 0.48546074324850574 0.9524047544979427 0.931095257545297 0.8772956430822326 0.33551270450605153 0.27435944542264457 0.7086562958785279 
0.9600751567693184 -0.508471132164042 -0.424938793141147 0.1448286618578472 -0.22433051175021215 -0.11206414011266314 -0.018711038542441445 -0.38393616271100806 0.18412860374216844 -0.20741393247899328 -0.09693085911064492 0.48500744804199875 0.5689436789265838 0.6727830548615904 0.24922829503856309 0.30586849183161285 0.8610469842009044 0.3646723790253076 0.942426165023158 0.9994562016052445 0.5077030248571153 0.5389847082667296 0.9972580688737334 0.48186196323501634 0.9528940996676009 0.9602321960797133 0.8746180072230497 0.3465283843122944 0.27129129396161 0.7260159635236894 
0.959982666289604 -0.4967414779033916 -0.42328736782146 -0.31365537358940054 -0.22666866465675387 -0.10022472602134619 -0.01793822893646394 -0.46230553372286165 0.18653870447676005 -0.18806548003106105 0.3853393558045871 0.9940791634775481 0.5705301499666807 0.6356633137895658 0.24447786849719386 0.2900866228012291 0.8556735364207255 0.4235246791291165 0.9433670334777579 0.9795218866558455 0.5057504393695467 0.5522635964725233 0.9952391838352286 0.4648981349352958 0.9616265274073119 0.9517307263289125 0.8740218258294234 0.3155125862499761 0.2718335042839111 0.7063962596279524 
0.9599415128575162 -0.49990835363749536 -0.42371848721092487 -0.31922327805931056 -0.23161291889475538 -0.10693241148292726 -0.016153890874896694 -0.44952697999882163 0.18669346599170844 -0.21432152100750307 0.38558375157822544 0.9998467359650482 0.5703705498597555 0.6420805285597847 0.24008755396623244 0.3105886262352116 0.8543720992145655 0.39377710100895064 0.9439436180021568 0.9749827048784885 0.5059251134544148 0.5625793504335096 0.9961646924752845 0.4719552285191519 0.959885256381529 0.9490947641536083 0.8762749122891824 0.3196766546154113 0.2714252093098476 0.720310736761276 
0.960006195934159 -0.5238691970284282 -0.42392234348401603 -0.31949603751733097 -0.229697470953169 -0.11364009694450833 -0.016153890874896694 -0.4509716063114855 0.18668624463165026 -0.21259257809295437 0.38509465352120215 0.9946393118963841 0.5700993881838037 0.624110928213552 0.24041982540427093 0.2957845302619356 0.8532015211527811 0.3924504982740267 0.9444538792731476 0.9754321491321982 0.5058019550768458 0.5710381406952905 0.9964579906585025 0.4711589246158441 0.9601362502759214 0.9490947641536083 0.8782745039443801 0.3099958834805572 0.2715113217814501 0.7240809111951076 
0.9600713774230203 -0.5173947684248996 -0.4234102252330579 -0.30573851812944924 -0.22666866465675387 -0.10022472602134619 -0.01793822893646394 -0.463244891296785 0.18653870447676005 -0.18979442294560978 0.38509465352120215 0.9940791634775481 0.5705301499666807 0.6356633137895658 0.24447786849719386 0.30773967250485834 0.8553439325024689 0.3773230281976523 0.9433670334777579 0.9795218866558455 0.5057340240222594 0.5522635964725233 0.9952391838352286 0.4727515324224597 0.9616265274073119 0.9517307263289125 0.8742753206339848 0.3099958834805572 0.2718335042839111 0.7226415035997552 
0.960006195934159 -0.5238691970284282 -0.42392234348401603 -0.31949603751733097 -0.229697470953169 -0.11364009694450833 -0.016153890874896694 -0.4509716063114855 0.18668624463165026 -0.21259257809295437 0.38509465352120215 0.9946393118963841 0.5700993881838037 0.624110928213552 0.24041982540427093 0.2957845302619356 0.8532015211527811 0.3924504982740267 0.9444538792731476 0.9754321491321982 0.5058019550768458 0.5710381406952905 0.9964579906585025 0.4711589246158441 0.9601362502759214 0.9490947641536083 0.8782745039443801 0.3099958834805572 0.2715113217814501 0.7240809111951076 
0.9600713774230203 -0.5173947684248996 -0.4234102252330579 -0.30573851812944924 -0.22666866465675387 -0.10022472602134619 -0.01793822893646394 -0.463244891296785 0.18653870447676005 -0.18979442294560978 0.38509465352120215 0.9940791634775481 0.5705301499666807 0.6356633137895658 0.24447786849719386 0.30773967250485834 0.8553439325024689 0.3773230281976523 0.9433670334777579 0.9795218866558455 0.5057340240222594 0.5522635964725233 0.9952391838352286 0.4727515324224597 0.9616265274073119 0.9517307263289125 0.8742753206339848 0.3099958834805572 0.2718335042839111 0.7226415035997552 
0.9599415128575162 -0.4824219388500911 -0.4240267491887919 -0.31922327805931056 -0.23161291889475538 -0.11364009694450833 -0.016153890874896694 -0.43580906870085834 0.18669346599170844 -0.21432152100750307 0.38558375157822544 0.9998467359650482 0.5702109497528305 0.6484977433300037 0.24008755396623244 0.31343757996556487 0.8534002659266621 0.410231173820249 0.9445202025265556 0.9749827048784885 0.5061162028865702 0.5728951043944959 0.9961646924752845 0.4711589246158441 0.959885256381529 0.9490947641536083 0.8782745039443801 0.3196766546154113 0.2714252093098476 0.7179799699227969 
0.9599415128575162 -0.49990835363749536 -0.42371848721092487 -0.31922327805931056 -0.23161291889475538 -0.10693241148292726 -0.016153890874896694 -0.44952697999882163 0.18669346599170844 -0.21432152100750307 0.38558375157822544 0.9998467359650482 0.5703705498597555 0.6420805285597847 0.24008755396623244 0.3105886262352116 0.8543720992145655 0.39377710100895064 0.9439436180021568 0.9749827048784885 0.5059251134544148 0.5625793504335096 0.9961646924752845 0.4719552285191519 0.959885256381529 0.9490947641536083 0.8762749122891824 0.3196766546154113 0.2714252093098476 0.720310736761276 
0.959982666289604 -0.4967414779033916 -0.42328736782146 -0.31365537358940054 -0.22666866465675387 -0.10022472602134619 -0.01793822893646394 -0.46230553372286165 0.18653870447676005 -0.18806548003106105 0.3853393558045871 0.9940791634775481 0.5705301499666807 0.6356633137895658 0.24447786849719386 0.2900866228012291 0.8556735364207255 0.4235246791291165 0.9433670334777579 0.9795218866558455 0.5057504393695467 0.5522635964725233 0.9952391838352286 0.4648981349352958 0.9616265274073119 0.9517307263289125 0.8740218258294234 0.3155125862499761 0.2718335042839111 0.7063962596279524 
0.9599415128575162 -0.4824219388500911 -0.4240267491887919 -0.31922327805931056 -0.23161291889475538 -0.11364009694450833 -0.016153890874896694 -0.43580906870085834 0.18669346599170844 -0.21432152100750307 0.38558375157822544 0.9998467359650482 0.5702109497528305 0.6484977433300037 0.24008755396623244 0.31343757996556487 0.8534002659266621 0.410231173820249 0.9445202025265556 0.9749827048784885 0.5061162028865702 0.5728951043944959 0.9961646924752845 0.4711589246158441 0.959885256381529 0.9490947641536083 0.8782745039443801 0.3196766546154113 0.2714252093098476 0.7179799699227969 
0.9600387866785897 -0.5240098077013893 -0.4234102252330579 -0.3117937919434023 -0.2292046851616316 -0.10329341317586116 -0.01793822893646394 -0.46360186160944217 0.18661969591426333 -0.1814564592180558 0.38509465352120215 0.9932569442477055 0.57024753389408 0.6100897830261435 0.24281521990636296 0.30002538126756745 0.8552829320374145 0.3383255914553376 0.9436178528534767 0.9764555467539483 0.5045663745126023 0.5185836280630802 0.9947635305787852 0.4879970438492325 0.9605874120362683 0.9386764528179566 0.8750182458696201 0.30836874289761124 0.2711547067095673 0.7366267113209826 
0.960006195934159 -0.5238691970284282 -0.4240452008956139 -0.31922327805931056 -0.23085900845900467 -0.11364009694450833 -0.016153890874896694 -0.4509716063114855 0.18669346599170844 -0.21432152100750307 0.38500864650274724 0.9998467359650482 0.5700993881838037 0.6484977433300037 0.24041982540427093 0.31343757996556487 0.8534002659266621 0.33868511230437526 0.9444538792731476 0.9784342898663345 0.5058019550768458 0.5658844316684635 0.9961646924752845 0.4711589246158441 0.9601362502759214 0.9490947641536083 0.8782745039443801 0.3099958834805572 0.2715113217814501 0.7240809111951076 
0.959933887508251 -0.5238691970284282 -0.4241680583072118 -0.27889571242557526 -0.22546315774831993 -0.10889338720129607 -0.016153890874896694 -0.4502576656861711 0.18653870447676005 -0.21259257809295437 0.38509465352120215 0.9892394775190935 0.5699649178214792 0.6071471244602239 0.24051750337225486 0.2681899486587189 0.85332352208289 0.40685892665232587 0.9443981198299525 0.9728895958232892 0.5058019550768458 0.5611402739090062 0.9961296937446645 0.4727515324224597 0.9598170765444267 0.9410851684576973 0.878781493553503 0.3067416023146653 0.2715672964406766 0.7397079281015878 
0.959957997316531 -0.5171135470789775 -0.42367662866082023 -0.3073854898894248 -0.2250953154770322 -0.1295867547385904 -0.018760855371341742 -0.4532641873053783 0.18652426175664366 -0.20913469226385695 0.3852666675581119 0.9836643153402198 0.5702338585461283 0.5753372979806486 0.24041982540427093 0.26047843085467703 0.8528040316050193 0.4848538001369552 0.9444874209565967 0.9735176051875728 0.5058347857714203 0.5625710145261774 0.9967162901111004 0.45545212964151627 0.9601362502759214 0.9440866696147319 0.8782745039443801 0.3099958834805572 0.2722586096922713 0.7140098991133471 
0.9598287736673267 -0.48256261598541217 -0.42367662866082023 -0.33532974843723357 -0.2250953154770322 -0.1295867547385904 -0.018760855371341742 -0.4490928911636388 0.1866229084015365 -0.20913469226385695 0.38558405808797214 0.9836643153402198 0.5702338585461283 0.5753372979806486 0.240322147436287 0.26047843085467703 0.8538607289892943 0.4848538001369552 0.9446006741360918 0.966677617462439 0.5058347857714203 0.5796361710587009 0.9967162901111004 0.45545212964151627 0.9597303988821878 0.9578613991765459 0.8777675143352572 0.321029289019395 0.2715941240102038 0.691590423251502 
0.959933887508251 -0.5238691970284282 -0.42392234348401603 -0.27889571242557526 -0.22527923661267607 -0.10889338720129607 -0.017457373123119218 -0.4502576656861711 0.18653870447676005 -0.21259257809295437 0.3853393558045871 0.9892394775190935 0.5699649178214792 0.6071471244602239 0.24051750337225486 0.264334189756698 0.8535921255360921 0.4458563633946405 0.9443981198299525 0.969783606642864 0.5058019550768458 0.6203284295305046 0.9964229919278824 0.464101831031988 0.9597737377133073 0.9494732838171216 0.8782745039443801 0.3067416023146653 0.27158071022544017 0.7156491756765448 
0.9599420112697346 -0.4409746806717541 -0.4233733218194138 -0.2951268990343111 -0.22817648552825526 -0.11250921245784809 -0.0220727081090642 -0.43291981607553076 0.18662054993010882 -0.21278767986025432 0.38624486367215854 0.9834704391838087 0.5703225113218573 0.6325653130002148 0.23975528252819395 0.264814384196275 0.85499180839477 0.5204151512293997 0.9445865257799634 0.9726187166801534 0.5051948701320511 0.5662849419245881 0.9960662258339457 0.45960235146718487 0.9611245396185272 0.9468235349213496 0.8761005634864145 0.3293574257502654 0.27166127934070616 0.724424828776361 
0.9599420112697346 -0.4409746806717541 -0.4233733218194138 -0.2951268990343111 -0.22817648552825526 -0.11250921245784809 -0.0220727081090642 -0.43291981607553076 0.18662054993010882 -0.21278767986025432 0.38624486367215854 0.9834704391838087 0.5703225113218573 0.6325653130002148 0.23975528252819395 0.264814384196275 0.85499180839477 0.5204151512293997 0.9445865257799634 0.9726187166801534 0.5051948701320511 0.5662849419245881 0.9960662258339457 0.45960235146718487 0.9611245396185272 0.9468235349213496 0.8761005634864145 0.3293574257502654 0.27166127934070616 0.724424828776361 
0.9597349614036534 -0.4446582553970968 -0.42350652353329493 -0.3458727483179932 -0.22581745662375152 -0.14755134596287373 -0.025396563850854422 -0.4548424233442811 0.18673824270222722 -0.20913469226385695 0.38625031387941366 0.9756437420735617 0.5704317900082467 0.644690311590651 0.24074446141050856 0.25045958519931266 0.8537221633558982 0.47498842571374333 0.9443126173153484 0.9607992812604912 0.5061888865079334 0.615893856543793 0.9972142925257076 0.44917701319261444 0.9584065206033523 0.9683163753573866 0.878745530492213 0.3370047406819155 0.2715941240102038 0.6753451792796992 
0.9598236725370696 -0.4446582553970968 -0.42350652353329493 -0.3458727483179932 -0.22869930311473774 -0.13957801706583267 -0.024093081602631898 -0.4557817809182044 0.1867735214973132 -0.20913469226385695 0.38625031387941366 0.983734952385976 0.5703645548270844 0.644690311590651 0.24079330039450053 0.25045958519931266 0.8537221633558982 0.47498842571374333 0.9442392198838763 0.966677617462439 0.5061724711606461 0.6090179868486743 0.9972142925257076 0.45703041067977834 0.9584065206033523 0.9639330578459178 0.878745530492213 0.3314880379124966 0.2715941240102038 0.691590423251502 
0.9598262231021981 -0.4617686483285831 -0.42350652353329493 -0.3406012483776134 -0.22688558108646653 -0.1295867547385904 -0.024093081602631898 -0.43939472091840187 0.18668635185764038 -0.20913469226385695 0.3859010132722213 0.9836996338630979 0.5702992066866064 0.5638617722836499 0.24079330039450053 0.25546900802699485 0.8545022203972739 0.5029733732635745 0.9442022289375347 0.966677617462439 0.5058347857714203 0.587483832360796 0.9968892603871302 0.4518921966520328 0.9598270292655555 0.9578613991765459 0.8776495525060745 0.3247162765523208 0.2715941240102038 0.691590423251502 
0.9598314041470516 -0.4409746806717541 -0.42349525662845094 -0.33411681224794226 -0.22817648552825526 -0.128000007539969 -0.025289713718406038 -0.43291981607553076 0.18669900809857426 -0.21278767986025432 0.38624486367215854 0.9779188843623419 0.5703225113218573 0.5968273251736876 0.24022116048865605 0.2435379755340382 0.85499180839477 0.5204151512293997 0.9443843208229716 0.9665492728032816 0.5058292401751932 0.5895196386371477 0.9967162901111004 0.45028891656898984 0.9595979826369831 0.9575297632514816 0.8776197384517676 0.3299691381476905 0.27181003016057476 0.7073232663863195 
0.9598287736673267 -0.4409746806717541 -0.42350652353329493 -0.33532974843723357 -0.22822339836592906 -0.1295867547385904 -0.024093081602631898 -0.4445461406836563 0.18671433368637114 -0.20913469226385695 0.3862179684564705 0.9836643153402198 0.5703645548270844 0.5753372979806486 0.24082076014268478 0.24542312814143175 0.8545022203972739 0.5085613675319183 0.9443549885159054 0.966677617462439 0.5058347857714203 0.5931516480164398 0.9967162901111004 0.45545212964151627 0.9597303988821878 0.9578613991765459 0.8777675143352572 0.32840326408524667 0.2715941240102038 0.691590423251502 
0.9598326794296159 -0.4305776968433396 -0.42349525662845094 -0.33411681224794226 -0.22884539416798652 -0.128000007539969 -0.025289713718406038 -0.43291981607553076 0.18669900809857426 -0.21278767986025432 0.3864033412642831 0.9779012251009028 0.5703225113218573 0.5968273251736876 0.24023489036274817 0.23851503559125664 0.85499180839477 0.5204151512293997 0.9443843208229716 0.9665492728032816 0.5058292401751932 0.5923535464649696 0.9966298049730855 0.45028891656898984 0.9595979826369831 0.9575297632514816 0.8776787193663589 0.3299691381476905 0.27181003016057476 0.7073232663863195 
0.9598236725370696 -0.4446582553970968 -0.42350652353329493 -0.3458727483179932 -0.22869930311473774 -0.13957801706583267 -0.024093081602631898 -0.4557817809182044 0.1867735214973132 -0.20913469226385695 0.38625031387941366 0.983734952385976 0.5703645548270844 0.644690311590651 0.24079330039450053 0.25045958519931266 0.8537221633558982 0.47498842571374333 0.9442392198838763 0.966677617462439 0.5061724711606461 0.6090179868486743 0.9972142925257076 0.45703041067977834 0.9584065206033523 0.9639330578459178 0.878745530492213 0.3314880379124966 0.2715941240102038 0.691590423251502 
0.9598236725370696 -0.4409746806717541 -0.42350652353329493 -0.3458727483179932 -0.22867584669590085 -0.1295867547385904 -0.024093081602631898 -0.43939472091840187 0.18674979531374425 -0.20913469226385695 0.3862179684564705 0.983734952385976 0.5703645548270844 0.5638617722836499 0.24079330039450053 0.25045958519931266 0.8545022203972739 0.5210929463901938 0.9442022289375347 0.966677617462439 0.5058347857714203 0.5953314936628911 0.9968892603871302 0.4483322636625493 0.9599236596489233 0.9578613991765459 0.8776495525060745 0.32840326408524667 0.2715941240102038 0.691590423251502 
0.9598194003337392 -0.4409746806717541 -0.42365409485113226 -0.35829610166129466 -0.22912829502587265 -0.134275003340103 -0.023118262833548918 -0.44481719884888726 0.18673892555199292 -0.20913469226385695 0.38603476825314004 0.9847846121778918 0.5703938705656242 0.558372715408997 0.2411161339471461 0.24522079263510538 0.8554998903663106 0.5118350539108112 0.9443549885159054 0.9653381301402784 0.5058370699386656 0.5969276967658312 0.9970622306631601 0.4533283587227618 0.958476783060856 0.9552083117760322 0.8780565958003261 0.3092183806645538 0.2716142446873492 0.7168801740821811 
0.9598253991223418 -0.4230417992858182 -0.4243692581322249 -0.3349538624385471 -0.22985777326882512 -0.1366526916437969 -0.02297371658228695 -0.4445461406836563 0.1866941976467949 -0.216484510119823 0.3828224483288251 0.9831605996948454 0.5704851823235706 0.547343402834003 0.24131874034574527 0.23570155983670632 0.8558202625107583 0.48295315746357975 0.9445077480942761 0.9835221907623559 0.5058215668292513 0.596889015633933 0.9980082747425832 0.46435079290794834 0.9587416155512654 0.9559821289345154 0.8786463774923594 0.30041170968762954 0.2715842280991857 0.6771338357102205 
0.9598253991223418 -0.4230417992858182 -0.4243692581322249 -0.3349538624385471 -0.22997088535131804 -0.13767614827519417 -0.023229239227972688 -0.44023302718251534 0.1866941976467949 -0.216484510119823 0.3828224483288251 0.9831605996948454 0.5704988775975216 0.547343402834003 0.24131874034574527 0.23570155983670632 0.8554753039865394 0.48295315746357975 0.9445077480942761 0.9837123083582595 0.5058215668292513 0.5989775010293854 0.9980126856521387 0.47209506057821676 0.9587899307429493 0.9567559460929986 0.8786316322637115 0.29321131452413196 0.2715842280991857 0.6453670581787896 
0.9598175724332239 -0.44400451504948313 -0.42365409485113226 -0.37635221551872755 -0.22912829502587265 -0.134275003340103 -0.02437224015514762 -0.45281538666199983 0.1867766122511942 -0.20913469226385695 0.3858762906610155 0.9857636349240513 0.570337682622082 0.5526349525604977 0.24135158132519513 0.2592092840589233 0.8554998903663106 0.5270200034693293 0.9440494693591641 0.9653381301402784 0.5058351145988864 0.5980176195890569 0.997148715801175 0.4533283587227618 0.9585734134442239 0.9547661305426132 0.8780565958003261 0.30959216769246145 0.27162425804662055 0.7024235865408995 
0.9598346055744527 -0.46835899499143574 -0.4265209090881896 -0.2882695527273799 -0.22799717420094318 -0.07536832467984353 -0.021585126959434497 -0.5038231273059481 0.18662830840194272 -0.2555330056253625 0.38630955451804483 0.986250672323524 0.5704115825736908 0.549321826166222 0.24109664854056656 0.22749202517935907 0.8541216113604564 0.4415561103294976 0.9447368874618319 0.9660986005238925 0.5058692632406131 0.587687142554487 0.9960504487023596 0.4745166390512947 0.9579936311440171 0.956977036709708 0.8783220099159874 0.287045572720848 0.2715541645317209 0.6865358820402719 
0.9598315367570823 -0.45570897957312506 -0.4254966067811915 -0.30383098929776897 -0.22799717420094318 -0.1313028929604857 -0.021585126959434497 -0.5038231273059481 0.18665027148356012 -0.2555330056253625 0.38630955451804483 0.986250672323524 0.5704115825736908 0.549321826166222 0.2411706791422928 0.22749202517935907 0.8541216113604564 0.4415561103294976 0.9446605076726466 0.9660986005238925 0.5058566233364579 0.5914780826497031 0.9967074682919895 0.47112802367017925 0.9579936311440171 0.956977036709708 0.8783220099159874 0.287045572720848 0.2715541645317209 0.6865358820402719 
0.9598346055744527 -0.46835899499143574 -0.4265209090881896 -0.2882695527273799 -0.22799717420094318 -0.07536832467984353 -0.021585126959434497 -0.5038231273059481 0.18662830840194272 -0.2555330056253625 0.38630955451804483 0.986250672323524 0.5704115825736908 0.549321826166222 0.24109664854056656 0.22749202517935907 0.8541216113604564 0.4415561103294976 0.9447368874618319 0.9660986005238925 0.5058692632406131 0.587687142554487 0.9960504487023596 0.4745166390512947 0.9579936311440171 0.956977036709708 0.8783220099159874 0.287045572720848 0.2715541645317209 0.6865358820402719 
0.9598315367570823 -0.44834183012243956 -0.4264178627462211 -0.30383098929776897 -0.22856273461340793 -0.024783555082512565 -0.021585126959434497 -0.5038231273059481 0.18665027148356012 -0.23233384894460973 0.38621795441637957 0.9860059166369841 0.5704115825736908 0.549321826166222 0.2411706791422928 0.22749202517935907 0.8536822781225438 0.40839217620474355 0.9446605076726466 0.9561765541326751 0.5058468466375617 0.5893071354435008 0.9966942355633233 0.47112802367017925 0.957504859352867 0.9560926742428701 0.878454716973818 0.287045572720848 0.2715541645317209 0.6901500289255923 
0.9598321234676495 -0.44834183012243956 -0.42551155531699053 -0.3372101018997754 -0.22822339836592906 -0.13334980622328024 -0.02209617225080597 -0.4951969003036663 0.18666800229724667 -0.2931383640560262 0.38630955451804483 0.986653124376212 0.5704389731215929 0.5532786728306605 0.24162246279303312 0.21239617112081574 0.8534316943120186 0.3974974784094604 0.9446605076726466 0.9664788357156996 0.5058811596930215 0.595655053440608 0.9967162901111004 0.4866165590107161 0.958090261527385 0.9585246710266744 0.8782925194586917 0.2726447823938528 0.27151411109463536 0.6230023269774101 
0.9598253991223418 -0.4230417992858182 -0.4243692581322249 -0.3349538624385471 -0.22997088535131804 -0.13767614827519417 -0.023229239227972688 -0.44023302718251534 0.1866941976467949 -0.216484510119823 0.3828224483288251 0.9831605996948454 0.5704988775975216 0.547343402834003 0.24131874034574527 0.23570155983670632 0.8554753039865394 0.48295315746357975 0.9445077480942761 0.9837123083582595 0.5058215668292513 0.5989775010293854 0.9980126856521387 0.47209506057821676 0.9587899307429493 0.9567559460929986 0.8786316322637115 0.29321131452413196 0.2715842280991857 0.6453670581787896 
0.9597914055825525 -0.3990838154734916 -0.42497244252274097 -0.37635221551872755 -0.22903366704837738 -0.134275003340103 -0.023744872203851214 -0.44799312848386286 0.18663290053485876 -0.20913469226385695 0.383035987734329 0.9779472622031444 0.5703267738065563 0.565162294627918 0.24141863899338006 0.2592092840589233 0.8551487242887044 0.5281610146821565 0.9437952023359361 0.9684063965238521 0.5058351145988864 0.5523130190866138 0.9987290247518239 0.4704320595122196 0.958479353581753 0.9547661305426132 0.8780565958003261 0.1752125210503468 0.27164128693014833 0.690416838922328 
0.9597914055825525 -0.3990838154734916 -0.42497244252274097 -0.3766812312012169 -0.22912829502587265 -0.134275003340103 -0.023744872203851214 -0.4619653360996064 0.18663290053485876 -0.20913469226385695 0.383035987734329 0.9789290875201686 0.570337682622082 0.5526349525604977 0.2413310656681726 0.2592092840589233 0.8551487242887044 0.5270200034693293 0.9437952023359361 0.9684063965238521 0.5058351145988864 0.5523130190866138 0.9963359438117827 0.4704320595122196 0.9583640316807129 0.9547661305426132 0.8780565958003261 0.1765933260355136 0.27164128693014833 0.6966552224157647 
0.9597939873380419 -0.40157934318377664 -0.4272793195692648 -0.30383098929776897 -0.22856273461340793 -0.054408772253448506 -0.020969576961553084 -0.5038231273059481 0.18665027148356012 -0.23233384894460973 0.38621795441637957 0.9767535257488515 0.5703645926134645 0.549321826166222 0.2411706791422928 0.2168666724128955 0.8530115174460007 0.44558363920506394 0.9443298608602333 0.95015279020521 0.5058468466375617 0.5893071354435008 0.9966942355633233 0.482579513938536 0.957504859352867 0.9466853071175264 0.878454716973818 0.2689285978063847 0.2715541645317209 0.6980164504930011 
0.9597939873380419 -0.40157934318377664 -0.4272793195692648 -0.30383098929776897 -0.22856273461340793 -0.054408772253448506 -0.020969576961553084 -0.5038231273059481 0.18665027148356012 -0.23233384894460973 0.38621795441637957 0.9767535257488515 0.5703645926134645 0.549321826166222 0.2411706791422928 0.2168666724128955 0.8530115174460007 0.44558363920506394 0.9443298608602333 0.95015279020521 0.5058468466375617 0.5893071354435008 0.9966942355633233 0.482579513938536 0.957504859352867 0.9466853071175264 0.878454716973818 0.2689285978063847 0.2715541645317209 0.6980164504930011 
0.9597914055825525 -0.3990838154734916 -0.42497244252274097 -0.37635221551872755 -0.22912829502587265 -0.134275003340103 -0.023744872203851214 -0.4619653360996064 0.18663290053485876 -0.20913469226385695 0.383035987734329 0.9791738432067085 0.570337682622082 0.5526349525604977 0.24141863899338006 0.2592092840589233 0.8551487242887044 0.5270200034693293 0.9437952023359361 0.9684063965238521 0.5058351145988864 0.5523130190866138 0.9963359438117827 0.4704320595122196 0.9583640316807129 0.9547661305426132 0.8780565958003261 0.1765933260355136 0.27164128693014833 0.6930410755304444 
0.9597914055825525 -0.3990838154734916 -0.42497244252274097 -0.3766812312012169 -0.22912829502587265 -0.134275003340103 -0.023744872203851214 -0.4619653360996064 0.18663290053485876 -0.20913469226385695 0.383035987734329 0.9789290875201686 0.570337682622082 0.5526349525604977 0.2413310656681726 0.2592092840589233 0.8551487242887044 0.5270200034693293 0.9437952023359361 0.9684063965238521 0.5058351145988864 0.5523130190866138 0.9963359438117827 0.4704320595122196 0.9583640316807129 0.9547661305426132 0.8780565958003261 0.1765933260355136 0.27164128693014833 0.6966552224157647 
0.9597670666323965 -0.351133281519771 -0.4262907901943497 -0.3214258044707011 -0.23016735648678766 -0.19590312598566878 -0.021863526930956105 -0.46311709772410037 0.186451502119322 -0.1694878279573231 0.38035416239976716 0.9716050287432063 0.5704117479033943 0.5187788182764899 0.241250249283516 0.21745526677687857 0.8547975582110983 0.5437583286580878 0.9438464544694493 0.9714746629074257 0.5057720844079592 0.5055184957609451 0.9954366866843756 0.48753576030167745 0.9580580195338342 0.9371673946838279 0.8800274191213513 0.27234546684881356 0.27164830245440474 0.6981151520612708 
0.9597914055825525 -0.3990838154734916 -0.42497244252274097 -0.37635221551872755 -0.22912829502587265 -0.134275003340103 -0.023744872203851214 -0.4619653360996064 0.18663290053485876 -0.20913469226385695 0.383035987734329 0.9791738432067085 0.570337682622082 0.5526349525604977 0.24141863899338006 0.2592092840589233 0.8551487242887044 0.5270200034693293 0.9437952023359361 0.9684063965238521 0.5058351145988864 0.5523130190866138 0.9963359438117827 0.4704320595122196 0.9583640316807129 0.9547661305426132 0.8780565958003261 0.1765933260355136 0.27164128693014833 0.6930410755304444 
0.9597424408632153 -0.42414323376374163 -0.4262907901943497 -0.3214258044707011 -0.22997810053179712 -0.19590312598566878 -0.021863526930956105 -0.4351726824926133 0.18640180977826246 -0.17553269691679235 0.38056698167754777 0.9691518667360782 0.5703899302723431 0.5081182878020638 0.241250249283516 0.2144508543037792 0.8541599241042456 0.5460403510837423 0.9438464544694493 0.9714746629074257 0.5057739142985312 0.5008678520302955 0.9938304672244751 0.4883177514971766 0.9582886633359142 0.9326571654107768 0.8803653168000707 0.26958385687847997 0.27167895861972197 0.6928666788450379 
0.9597610203995252 -0.3943661937423282 -0.42695429641856464 -0.3309161612814879 -0.22997810053179712 -0.19590312598566878 -0.022105347619820075 -0.4670166197106661 0.186451502119322 -0.2450204976505272 0.38723678871663225 0.9681322859268127 0.5703183012886015 0.524610388595596 0.24164198369845663 0.3056072781978058 0.8541599241042456 0.5211668638971313 0.9438799016731965 0.97154756532544 0.505681117131487 0.5676923814112071 0.9935093112490858 0.474255988452176 0.9578750020151408 0.9371673946838279 0.8794518998750647 0.2993101812969746 0.2716485762392666 0.8057133673711403 
0.9597687344376282 -0.35514372641892056 -0.4272793195692648 -0.30383098929776897 -0.22908226534386544 -0.054408772253448506 -0.020969576961553084 -0.5247729454203431 0.18665027148356012 -0.18301672049916934 0.38621795441637957 0.9767535257488515 0.5704016252541206 0.5323937590242181 0.2411200131214532 0.2168666724128955 0.8530115174460007 0.4539528017994432 0.9443298608602333 0.9532210565887838 0.5058468466375617 0.5893071354435008 0.9958382210049235 0.4996832147279938 0.9572471623976722 0.9466853071175264 0.878454716973818 0.2503052473845607 0.27156618673561295 0.6958622332531867 
0.9597550393278158 -0.351133281519771 -0.4262907901943497 -0.3214258044707011 -0.22997810053179712 -0.19590312598566878 -0.021863526930956105 -0.4351726824926133 0.186451502119322 -0.18103403069349105 0.38035416239976716 0.9666987047289501 0.5703681126412918 0.5081182878020638 0.241250249283516 0.2144508543037792 0.8541599241042456 0.5460403510837423 0.9438464544694493 0.9714746629074257 0.5057739142985312 0.5055184957609451 0.9935093112490858 0.48753576030167745 0.9585193071379943 0.9371673946838279 0.8802046230281669 0.26682224690814643 0.27164830245440474 0.6928666788450379 
0.9597550393278158 -0.351133281519771 -0.4266836946380139 -0.18970325421321899 -0.23112651793923955 -0.19590312598566878 -0.021863526930956105 -0.438228393942925 0.186451502119322 -0.22955837835451448 0.38174594235154724 0.9666987047289501 0.5703681126412918 0.5081182878020638 0.24059324921578612 0.18300857130905832 0.8541599241042456 0.5640943991482595 0.9426504245676357 0.9702431050930009 0.5057205781644327 0.5055184957609451 0.9935085408733086 0.5259675871793883 0.957493552601309 0.9371673946838279 0.8802046230281669 0.26682224690814643 0.2716535150701612 0.6928666788450379 
0.95974059509446 -0.30394653105015756 -0.42602979064332736 -0.3109854672746105 -0.23052911381402774 -0.3475013879811233 -0.022871536266380228 -0.47903906633312676 0.18635211743720292 -0.19891027981212822 0.384221114113761 0.9761010775607043 0.5704104757726195 0.5100580860205337 0.2414461164909863 0.2585019446653175 0.8547975582110983 0.5313215850647823 0.9433476129263434 0.9773528257086741 0.5056862044383864 0.5439382170154842 0.9941516231998645 0.4890997426926758 0.9571841708397444 0.9281469361377257 0.8805260105719745 0.2777515638685907 0.2717096147850392 0.8123201655470961 
0.9597236940850415 -0.3176989983340416 -0.4266836946380139 -0.18970325421321899 -0.23112651793923955 -0.19590312598566878 -0.021863526930956105 -0.438228393942925 0.18668419214367762 -0.22955837835451448 0.3792260690102669 0.9666987047289501 0.5703568000289656 0.5081182878020638 0.24059324921578612 0.19357384566275682 0.8544682317753598 0.5745889446653254 0.9426504245676357 0.9768515488974037 0.5057205781644327 0.5055184957609451 0.9935085408733086 0.5259675871793883 0.9583663010645549 0.925532551683101 0.8802046230281669 0.26682224690814643 0.2716824663818501 0.6652853867787474 
0.9597550393278158 -0.351133281519771 -0.4266836946380139 -0.18970325421321899 -0.23112651793923955 -0.19590312598566878 -0.021863526930956105 -0.438228393942925 0.186451502119322 -0.22955837835451448 0.38174594235154724 0.9666987047289501 0.5703681126412918 0.5081182878020638 0.24059324921578612 0.18300857130905832 0.8541599241042456 0.5640943991482595 0.9426504245676357 0.9702431050930009 0.5057205781644327 0.5055184957609451 0.9935085408733086 0.5259675871793883 0.957493552601309 0.9371673946838279 0.8802046230281669 0.26682224690814643 0.2716535150701612 0.6928666788450379 
0.9597424408632153 -0.42414323376374163 -0.4262907901943497 -0.3214258044707011 -0.22997810053179712 -0.19590312598566878 -0.021863526930956105 -0.4351726824926133 0.18640180977826246 -0.17553269691679235 0.38056698167754777 0.9691518667360782 0.5703899302723431 0.5081182878020638 0.241250249283516 0.2144508543037792 0.8541599241042456 0.5460403510837423 0.9438464544694493 0.9714746629074257 0.5057739142985312 0.5008678520302955 0.9938304672244751 0.4883177514971766 0.9582886633359142 0.9326571654107768 0.8803653168000707 0.26958385687847997 0.27167895861972197 0.6928666788450379 
0.9597424408632153 -0.3709211160488916 -0.4264872424161818 -0.24420551578265015 -0.22997810053179712 -0.19590312598566878 -0.021863526930956105 -0.4351726824926133 0.18654300096097004 -0.17553269691679235 0.38094672558948317 0.9691518667360782 0.5703899302723431 0.5081182878020638 0.241250249283516 0.2144508543037792 0.854066877893688 0.5460403510837423 0.9432484395185425 0.9652193973421244 0.5057739142985312 0.5031931738956203 0.9938304672244751 0.4883177514971766 0.9581763943085815 0.929094858546939 0.8803653168000707 0.26958385687847997 0.27167895861972197 0.6928666788450379 
0.9597236940850415 -0.3176989983340416 -0.4266836946380139 -0.18970325421321899 -0.23112651793923955 -0.19590312598566878 -0.021863526930956105 -0.438228393942925 0.18668419214367762 -0.22955837835451448 0.3792260690102669 0.9666987047289501 0.5703568000289656 0.5081182878020638 0.24059324921578612 0.19357384566275682 0.8544682317753598 0.5745889446653254 0.9426504245676357 0.9768515488974037 0.5057205781644327 0.5055184957609451 0.9935085408733086 0.5259675871793883 0.9583663010645549 0.925532551683101 0.8802046230281669 0.26682224690814643 0.2716824663818501 0.6652853867787474 
0.959767772453699 -0.3735507121853632 -0.4260245208022096 -0.35815854436349615 -0.23060698720878206 -0.19590312598566878 -0.021863526930956105 -0.4351726824926133 0.18616911975390682 -0.18103403069349105 0.38035416239976716 0.9666987047289501 0.5703794252536181 0.5081182878020638 0.24072732656388351 0.20388557995008066 0.8541599241042456 0.5355458055666764 0.9438464544694493 0.9687089719012142 0.5057520932598963 0.4573588649184406 0.9939581694370122 0.5334519677041086 0.9585193071379943 0.9442920084115038 0.87946696704575 0.2423848965885389 0.27164830245440474 0.7493388055227155 
0.9597925328841631 -0.3818017928635168 -0.4257582514100695 -0.39489128425629116 -0.23142512984075753 -0.3046470312065996 -0.019805658119234508 -0.4680767590002298 0.18581173762189201 -0.1429688165030517 0.38581954763788917 0.9818157376032172 0.5704343731280468 0.5125158311848306 0.24001706553271288 0.19632471806948154 0.8541798799499993 0.5631280995983639 0.9414031425323088 0.9659432808950027 0.5057284423306894 0.409199234075936 0.9963344030602284 0.5472957132676414 0.9563125226073423 0.9514166221391797 0.8785521071565173 0.21899557028449246 0.27165171216166134 0.811059405416626 
0.9597424408632153 -0.3709211160488916 -0.4262907901943497 -0.3100667909113912 -0.2294038918280759 -0.19590312598566878 -0.021863526930956105 -0.43364482676745747 0.18651815479044026 -0.17553269691679235 0.38094672558948317 0.9703784477396422 0.5704008390878688 0.5081182878020638 0.24157874931738094 0.2144508543037792 0.854066877893688 0.5370133270514836 0.9432484395185425 0.9658351762493367 0.5058005823655805 0.5031931738956203 0.9938304672244751 0.4883177514971766 0.9581763943085815 0.929094858546939 0.8804456636860225 0.27096466186364676 0.2716916803945023 0.6928666788450379 
0.9597424408632153 -0.3709211160488916 -0.4264872424161818 -0.24420551578265015 -0.22997810053179712 -0.19590312598566878 -0.021863526930956105 -0.4351726824926133 0.18654300096097004 -0.17553269691679235 0.38094672558948317 0.9691518667360782 0.5703899302723431 0.5081182878020638 0.241250249283516 0.2144508543037792 0.854066877893688 0.5460403510837423 0.9432484395185425 0.9652193973421244 0.5057739142985312 0.5031931738956203 0.9938304672244751 0.4883177514971766 0.9581763943085815 0.929094858546939 0.8803653168000707 0.26958385687847997 0.27167895861972197 0.6928666788450379 
0.9597925328841631 -0.34919864131033784 -0.4257582514100695 -0.39489128425629116 -0.23142512984075753 -0.2602703484046618 -0.02000373744293497 -0.47403189460028494 0.18588673738849165 -0.15601674659506382 0.38581954763788917 0.9818157376032172 0.5704343731280468 0.5125158311848306 0.24020440384425104 0.19632471806948154 0.8541809428688697 0.5227692376239561 0.9414031425323088 0.9659432808950027 0.5057284423306894 0.409199234075936 0.9963344030602284 0.5793681751065398 0.9563125226073423 0.9514166221391797 0.8785521071565173 0.22347076620959846 0.27165171216166134 0.811059405416626 
0.9597298423986147 -0.282330074938879 -0.4258311722272899 -0.3214258044707011 -0.23016735648678766 -0.30766371135126636 -0.022750625921948243 -0.46311709772410037 0.18635211743720292 -0.17003136314009362 0.38077980095532843 0.9716050287432063 0.5704117479033943 0.5100580860205337 0.241250249283516 0.21745526677687857 0.8547975582110983 0.5437583286580878 0.9438464544694493 0.979160168503808 0.5056862044383864 0.4962172082996459 0.9941516231998645 0.4890997426926758 0.9580580195338342 0.9281469361377257 0.8805260105719745 0.27234546684881356 0.2717096147850392 0.7558968212840449 
0.9597925328841631 -0.4144049444166958 -0.4257582514100695 -0.39489128425629116 -0.23142512984075753 -0.3490237140085374 -0.019805658119234508 -0.34042324245237066 0.18581173762189201 -0.1299208864110396 0.38581038852194527 0.9818157376032172 0.5704626468235732 0.5125158311848306 0.24001706553271288 0.19632471806948154 0.8541798799499993 0.510473781527129 0.9414463532150604 0.9659432808950027 0.5056899496583306 0.4066968318007729 0.9957459440010639 0.5472957132676414 0.9563125226073423 0.9527064619498145 0.8789040652474872 0.21452037435938648 0.27165171216166134 0.8814241016682707 
0.959767772453699 -0.3735507121853632 -0.4260245208022096 -0.35815854436349615 -0.23060698720878206 -0.19590312598566878 -0.021863526930956105 -0.4351726824926133 0.18616911975390682 -0.18103403069349105 0.38035416239976716 0.9666987047289501 0.5703794252536181 0.5081182878020638 0.24072732656388351 0.20388557995008066 0.8541599241042456 0.5355458055666764 0.9438464544694493 0.9687089719012142 0.5057520932598963 0.4573588649184406 0.9939581694370122 0.5334519677041086 0.9585193071379943 0.9442920084115038 0.87946696704575 0.2423848965885389 0.27164830245440474 0.7493388055227155 
0.9597925328841631 -0.3818017928635168 -0.4257582514100695 -0.39489128425629116 -0.23142512984075753 -0.3046470312065996 -0.019805658119234508 -0.4680767590002298 0.18581173762189201 -0.1429688165030517 0.38581954763788917 0.9818157376032172 0.5704343731280468 0.5125158311848306 0.24001706553271288 0.19632471806948154 0.8541798799499993 0.5631280995983639 0.9414031425323088 0.9659432808950027 0.5057284423306894 0.409199234075936 0.9963344030602284 0.5472957132676414 0.9563125226073423 0.9514166221391797 0.8785521071565173 0.21899557028449246 0.27165171216166134 0.811059405416626 
0.9597925328841631 -0.3959681428509554 -0.4257582514100695 -0.39489128425629116 -0.23142512984075753 -0.2602703484046618 -0.02000373744293497 -0.47403189460028494 0.18588673738849165 -0.15601674659506382 0.38581954763788917 0.9818157376032172 0.5704343731280468 0.5125158311848306 0.24020440384425104 0.19632471806948154 0.8541809428688697 0.5227692376239561 0.9414031425323088 0.9659432808950027 0.5057284423306894 0.409199234075936 0.9963344030602284 0.5793681751065398 0.9563125226073423 0.9514166221391797 0.8785521071565173 0.22347076620959846 0.27165171216166134 0.811059405416626 
0.09612917747285875 0.915695176093539 0.9483721826694647 0.7439129494171123 0.7616827655555453 0.16599921810050391 -0.4370211796442548 0.9771258629456074 0.3706908042020497 -0.20833214432963415 -0.3556127041284355 0.5527436073028362 -0.07403858435662283 -0.6276041459667281 -0.2871172944175845 0.14594095504342475 0.03233129748958355 -0.9999155629337182 -0.9941933362342366 0.28554533483587424 -0.732032619183539 -0.3455700269241113 -0.9153157014747206 0.5416718410371981 -0.9205632699997783 -0.49274598737086206 -0.9765573339398941 0.469766775647033 -0.9762758677765553 -0.9704747514280099 
0.09614451512728492 0.915695176093539 0.9483943960164318 0.7439129494171123 0.7616045269873897 0.16503918704716897 -0.4370211796442548 0.970418583118156 0.3706898475575173 -0.20833214432963415 -0.35368263221164126 0.5527436073028362 -0.07332741845277813 -0.6438249660331925 -0.33849492421832217 0.14847009191635108 0.0954621024233271 -0.9999155629337182 -0.993548151371374 0.28554533483587424 -0.7320311597323661 -0.3485492943688373 -0.9156293539643707 0.5406928179411259 -0.9205632699997783 -0.4923277906519776 -0.9837054218280328 0.469766775647033 -0.981704270555365 -0.9776393065746454 
0.0961459452314434 0.9192853409655682 0.9483499693224975 0.7464226559524845 0.7617454425035355 0.16695924915383886 -0.4370211796442548 0.9552416423393856 0.3706898475575173 -0.20272230301723104 -0.35754277604522966 0.551047921832471 -0.07475290173669463 -0.6113833259002636 -0.318903781949408 0.14594095504342475 0.034803033619249 -0.9999155629337182 -0.9948385210970992 0.28554533483587424 -0.7410776627286881 -0.35207028856748424 -0.915355867180084 0.5460305994370513 -0.9655560802064418 -0.49242707919827555 -0.9829073061724708 0.469766775647033 -0.9837234061603599 -0.9776393065746455 
0.09614451512728492 0.915695176093539 0.9483943960164318 0.7439129494171123 0.7616045269873897 0.16503918704716897 -0.4370211796442548 0.970418583118156 0.3706898475575173 -0.20833214432963415 -0.35368263221164126 0.5527436073028362 -0.07332741845277813 -0.6438249660331925 -0.33849492421832217 0.14847009191635108 0.0954621024233271 -0.9999155629337182 -0.993548151371374 0.28554533483587424 -0.7320311597323661 -0.3485492943688373 -0.9156293539643707 0.5406928179411259 -0.9205632699997783 -0.4923277906519776 -0.9837054218280328 0.469766775647033 -0.981704270555365 -0.9776393065746454 
0.0961459452314434 0.9188628671199337 0.9483499693224975 0.7464226559524845 0.7617454425035355 0.16695924915383886 -0.4370211796442548 0.9784427947704927 0.3706898475575173 -0.20440525541095197 -0.35754277604522966 0.5519221918821078 -0.07404016009473638 -0.6276041459667281 -0.318903781949408 0.14594095504342475 0.0335765542802329 -0.9999155629337182 -0.9948385210970992 0.28554533483587424 -0.7365551409561135 -0.35619679674168286 -0.915355867180084 0.5460305994370513 -0.9391642123311161 -0.49242707919827555 -0.9833063640002517 0.469766775647033 -0.9827793940931491 -0.9776393065746455 
0.09614451512728492 0.915695176093539 0.9483943960164318 0.7439129494171123 0.7616045269873897 0.16503918704716897 -0.4370211796442548 0.970418583118156 0.3706898475575173 -0.20833214432963415 -0.35368263221164126 0.5527436073028362 -0.07332584271466458 -0.6438249660331925 -0.2871172944175845 0.14594095504342475 0.03233129748958355 -0.9999155629337182 -0.993548151371374 0.28554533483587424 -0.732032619183539 -0.34771394179545045 -0.915452444866864 0.5390029502892354 -0.9205632699997783 -0.4922285021056797 -0.9837054218280328 0.469766775647033 -0.981704270555365 -0.9760649247843485 
0.09612917747285875 0.915695176093539 0.9483721826694647 0.7439129494171123 0.7616827655555453 0.16599921810050391 -0.4370211796442548 0.9771258629456074 0.3706908042020497 -0.20833214432963415 -0.3556127041284355 0.5527436073028362 -0.07403858435662283 -0.6276041459667281 -0.2871172944175845 0.14594095504342475 0.03233129748958355 -0.9999155629337182 -0.9941933362342366 0.28554533483587424 -0.732032619183539 -0.3455700269241113 -0.9153157014747206 0.5416718410371981 -0.9205632699997783 -0.49274598737086206 -0.9765573339398941 0.469766775647033 -0.9762758677765553 -0.9704747514280099 
0.09612917747285875 0.915695176093539 0.9483943960164318 0.7439129494171123 0.7616123077974724 0.16503918704716897 -0.4370211796442548 0.9771258629456074 0.3706908042020497 -0.20833214432963415 -0.35368263221164126 0.5527436073028362 -0.07332584271466458 -0.6438249660331925 -0.2871172944175845 0.14594095504342475 0.03233129748958355 -0.9999155629337182 -0.993548151371374 0.28554533483587424 -0.732032619183539 -0.3455700269241113 -0.915452444866864 0.5390029502892354 -0.9205632699997783 -0.4926963430977131 -0.9837054218280328 0.469766775647033 -0.9762758677765553 -0.9704747514280099 
0.09612917747285875 0.915695176093539 0.9346307751318159 0.7439129494171123 0.7616123077974724 0.16503918704716897 -0.4370211796442548 0.9771258629456074 0.3706908042020497 -0.20833214432963415 -0.35368263221164126 0.5527436073028362 -0.07332584271466458 -0.6440369500403322 -0.2871172944175845 0.14594095504342475 0.0336689213532782 -0.9996323531433446 -0.993548151371374 0.28554533483587424 -0.7409377290919659 -0.3455700269241113 -0.915452444866864 0.540462733786176 -0.9205632699997783 -0.4926963430977131 -0.9837054218280328 0.469766775647033 -0.9761775341736254 -0.9704747514280099 
0.09618641033688088 0.9177785463255586 0.9434529717531748 0.30068445025942486 0.761651211847886 0.17079937336717865 -0.4370211796442548 0.9739904446697947 0.3706898475575173 -0.20160033475475045 -0.3600887854063367 0.5515041216911394 -0.07368871345536213 -0.6518767008777898 -0.27614755401515834 0.1509992287892774 0.03441656867282142 -0.998824942305365 -0.9974192605485497 0.28072634188823287 -0.7498428390003928 -0.3596255305942262 -0.914487117983834 0.5302442493075918 -0.9763660969937917 -0.5055871522382718 -0.9878427451276086 0.4888370082381255 -0.9822942721729444 -0.9807880701552394 
0.09618641033688088 0.919861916557578 0.9159257299839428 0.30068445025942486 0.761651211847886 0.17079937336717865 -0.4370211796442548 0.9739904446697947 0.3706898475575173 -0.18716900026093364 -0.3626512466842149 0.5486405080343241 -0.07404212976737833 -0.6523006688920692 -0.28133527476293013 0.1509992287892774 0.037091816400210725 -0.9982585227246179 -0.9974192605485497 0.28072634188823287 -0.7676530588172467 -0.35989884121849186 -0.9148088936115106 0.533163816301473 -0.9577651546624539 -0.5181514940004803 -0.9878427451276086 0.4888370082381255 -0.9820976049670846 -0.9916997063442281 
0.09614963726466519 0.9165401237848081 0.8929612881487727 0.30068445025942486 0.7616200886075551 0.17128419813223253 -0.4370211796442548 0.9928861285804114 0.3706898475575173 -0.20160033475475045 -0.3600887854063367 0.5492465271042888 -0.0747505381295243 -0.6446729020617512 -0.30086247107006964 0.1509992287892774 0.033373933081202484 -0.9987827237722241 -0.9987096302742748 0.2744809342066253 -0.7410776627286881 -0.3394609254470532 -0.8791965860523876 0.5302442493075918 -0.9881830484968959 -0.5432801775248974 -0.9878427451276086 0.5014043002754125 -0.9829540660466535 -0.9775832871807396 
0.09631436974144598 0.9165401237848081 0.8846290394188964 0.26774032844563833 0.761651211847886 0.1717690228972864 -0.4304978243821239 0.9569978997019236 0.3706898475575173 -0.20160033475475045 -0.3600887854063367 0.5492465271042888 -0.07617680928249757 -0.5789416857673346 -0.27903856384248554 0.17975384088253632 0.037237214845647945 -0.998824942305365 -0.9974192605485497 0.2901986208269135 -0.7501227062738371 -0.3394609254470532 -0.8786511008239213 0.5248253526639006 -0.9733470057504297 -0.5943318529441152 -0.9821091905169088 0.5014043002754125 -0.9854803188242083 -0.9806760313674276 
0.09596799865785385 0.9168882083013472 0.8755625340151922 0.3095498308460862 0.7403469891788699 0.16539409317718823 -0.4229727189308033 0.9384975031815349 0.3373815629426007 -0.2096481433743556 -0.3323786661517084 0.5447450616664711 -0.07901989715976276 -0.6141755260072048 -0.2529391482921862 0.16101135217808188 0.06073382628737864 -0.5385815522965157 -0.6348667684817236 0.26454672928636375 -0.25397190263425684 -0.31471010261644494 -0.8447023700521064 0.5347117331184135 -1.0 -0.03702073841322116 -0.9938174335973908 0.4745346516239596 -0.9930659759464622 -0.5060006843870002 
0.09598894626265184 0.9168882083013472 0.8730918218835637 0.3095498308460862 0.7403469891788699 0.16539409317718823 -0.4229727189308033 0.9402834339573543 0.3373815629426007 -0.20628223858691377 -0.3355817427490561 0.5441253188606227 -0.07901989715976276 -0.6182013934295035 -0.2529391482921862 0.16227592061454504 0.09426424661949959 -0.5380362419823391 -0.6348667684817236 0.2730545194726591 -0.25397190263425684 -0.3202482207291394 -0.844131252061838 0.5347117331184135 -1.0 -0.04365041920636824 -0.9938174335973908 0.48406976791950584 -0.9930659759464622 -0.5060006843870002 
0.09596799865785385 0.9168882083013472 0.8755625340151922 0.3095498308460862 0.7403469891788699 0.16539409317718823 -0.4229727189308033 0.9384975031815349 0.3373815629426007 -0.2096481433743556 -0.3323786661517084 0.5447450616664711 -0.07901989715976276 -0.6141755260072048 -0.2529391482921862 0.16101135217808188 0.06073382628737864 -0.5385815522965157 -0.6348667684817236 0.26454672928636375 -0.25397190263425684 -0.31471010261644494 -0.8447023700521064 0.5347117331184135 -1.0 -0.03702073841322116 -0.9938174335973908 0.4745346516239596 -0.9930659759464622 -0.5060006843870002 
0.09610870369895337 0.9090427667584313 0.8709882380888491 0.3095498308460862 0.7395129873703568 0.16539409317718823 -0.42321459833628483 0.9527933802897824 0.337325188575314 -0.2096481433743556 -0.33368747455428044 0.5447450616664711 -0.07666725528224105 -0.5957915095743 -0.2529391482921862 0.16101135217808188 0.06073382628737864 -0.5416154552767114 -0.6348667684817236 0.25357444397047213 -0.26281936066074707 -0.31184657346808 -0.8447023700521064 0.5347117331184135 -0.9896277407509909 -0.029794400276369266 -0.9938174335973908 0.4745346516239596 -0.9930659759464622 -0.44302776996938475 
0.09685588798526346 0.9063528941035381 0.8995468155695358 0.3112731878620094 0.7388024698875532 0.16974373837428514 -0.43257805624400536 0.9938950808387057 0.3369248281371127 -0.18507489330283997 -0.34668430875768386 0.543449779978332 -0.078653574075326 -0.628266808922054 -0.24676011901309214 0.16395982201312198 0.04608198481554832 -0.5719766800884061 -0.6070507174169775 0.30648657162110204 -0.3044130613145746 -0.3013744303779642 -0.878105615595455 0.5654887844570253 -0.9698137893764118 -0.03713060843075034 -0.9599881824136157 0.49398572263879637 -0.9868183431258941 -0.4515151462110606 
0.09624940874005289 0.9011973252155154 0.8664139421625059 0.23479620663185186 0.7386789855618435 0.11380562343952379 -0.4234564777417663 0.96708925739803 0.3372688142080273 -0.19195171137921307 -0.33499628295685246 0.5433868860842566 -0.07431461340471933 -0.5774074931413952 -0.2503826628871541 0.20850845297579523 0.03424295044852554 -0.5446493582569072 -0.6208609265670164 0.30534305745627477 -0.2716668186872373 -0.308983044319715 -0.8611321083453329 0.5331460469260606 -0.9792554815019818 -0.022568062139517373 -0.9868407145209181 0.4931744224975444 -0.9862936494426253 -0.38005485555176927 
0.09655264836265817 0.9011973252155154 0.8664139421625059 0.23479620663185186 0.7386789855618435 0.08784715789392275 -0.42397446911999304 0.9497681690023065 0.3369248281371127 -0.18271189547099076 -0.3347035530607506 0.5433868860842566 -0.0696093296496759 -0.5219533395575721 -0.24857747261164417 0.20850845297579523 0.03901522542685554 -0.5583130191726566 -0.6208609265670164 0.3059163074472018 -0.28803994000090594 -0.3054943709863419 -0.878105615595455 0.5135673220324471 -0.9585109630039635 0.03489762326696815 -0.976375635906209 0.49398572263879637 -0.9862936494426253 -0.25410902671653834 
0.09742389016903966 0.846571105310403 0.8341469093319114 -0.05966005296214277 0.7251352083938436 0.005612510341064594 -0.41845235108422996 0.9322089784204247 0.3683485005744633 -0.16660759051996 -0.3254541037775198 0.9988100047789761 -0.06332550637848128 -0.5626075954330432 -0.26844888514665166 0.1545437111114106 0.023661013549391787 -0.571521773267187 -0.6402620241657945 0.4532096174299891 -0.30466137148132766 -0.14833089852266654 -0.8875459728770458 0.47174923924789286 -0.9658090789628531 0.11833564705314115 -0.9834010536683768 0.4938166902529292 -0.9856455567282287 -0.09910304648124812 
