0.8439899442874614 0.09289956833294724 
0.8407928663169699 0.09407425435860359 
0.8407928663169699 0.09407425435860359 
0.8401720018186418 0.09518772362470618 
0.8408038677128536 0.12562166986436465 
0.8398596396763149 0.11796487844551382 
0.8401720018186418 0.09518772362470618 
0.8398596396763149 0.11796487844551382 
0.8402036520527391 0.15945959653505937 
0.8398325187500619 0.11553496702573865 
0.8399367964904733 0.1413411039554323 
0.8396677765920924 0.11738190361700254 
0.8402036520527391 0.15945959653505937 
0.8398325187500619 0.11553496702573865 
0.8401470604312702 0.21121082928122542 
0.8398858375999811 0.21356955204583422 
0.8401222102021481 0.24453315264753 
0.8399576027686178 0.20908391581357635 
0.8396677765920924 0.11738190361700254 
0.840049392864583 0.1772495278869502 
0.8399367964904733 0.1413411039554323 
0.8400759430491237 0.2924984250413405 
0.8399717420656443 0.29727337667190834 
0.7569372417464784 0.3298614890691039 
0.7569372417464784 0.3298614890691039 
0.5471754119146123 0.329903011126781 
0.5263507082936139 0.32996211896235317 
0.5859156148327195 0.3300681452452518 
0.5537068092121086 0.3300665275590782 
0.5471754119146123 0.329903011126781 
0.532803162502583 0.33032586849233603 
0.5151389513418559 0.33000610938708913 
0.5151389513418559 0.33000610938708913 
0.5050375978941395 0.33041275455245994 
0.4856657945161763 0.3305536060026229 
0.4760666893487133 0.33431378719724314 
0.4709473697869515 0.3390077777002885 
0.45796681078579987 0.3460422786561284 
0.4456296555802989 0.3553716921459678 
0.44421559239645236 0.36284665941615724 
0.44300358072539275 0.36846615239253994 
0.4416797315164962 0.3756129267983096 
0.4421974577361947 0.37980857548215163 
0.4416797315164962 0.3756129267983096 
0.44229251637552297 0.4178885701462277 
0.4421974577361947 0.37980857548215163 
0.44168697501868326 0.37224110573526936 
0.441834082428063 0.4571945607136232 
0.44159624625875166 0.4103335142442749 
0.4416570430618506 0.4877968498609582 
0.4416570430618506 0.4877968498609582 
0.44154919917591356 0.4827524040885097 
0.44178090857695484 0.5145713229135248 
0.4416349424480104 0.5639841934678778 
0.44154919917591356 0.4827524040885097 
0.44168381593734435 0.5316841027225627 
0.4415874655980053 0.5025876272680019 
0.4415874655980053 0.5025876272680019 
0.4416349424480104 0.5639841934678778 
0.4417792429704253 0.5845137198494873 
0.44159624625875166 0.4103335142442749 
0.44165920883435705 0.6282615346960095 
0.42053989886656074 0.7715820589637503 
0.3331588350835045 0.7710390615413956 
0.28217481945038964 0.7717281301432515 
0.28217481945038964 0.7717281301432515 
0.16622603283159343 0.7718023934456993 
0.20894242054402656 0.7701873598397024 
0.3331588350835045 0.7710390615413956 
0.252809272483866 0.7720844987111742 
0.20894242054402656 0.7701873598397024 
0.2770327910470165 0.772562460809546 
0.26091105644023693 0.7718202905373429 
0.21420478442071772 0.7727916532183353 
0.22956606129527785 0.7713287911607595 
0.22956606129527785 0.7713287911607595 
0.13796186393985616 0.7719405624765271 
0.12654826851140383 0.7728131588931435 
0.13796186393985616 0.7719405624765271 
0.11053212254862632 0.7731862979948 
0.16622603283159343 0.7718023934456993 
0.12310093535967001 0.773254481503786 
0.12654826851140383 0.7728131588931435 
0.16214478910577323 0.7719041617416043 
0.12861698705342806 0.7719700553352093 
0.12861698705342806 0.7719700553352093 
0.12887349685837915 0.7735742120778857 
0.09956911900905163 0.7748040049272235 
0.09252631805131052 0.7743500744739591 
0.09956911900905163 0.7748040049272235 
0.09252631805131052 0.7743500744739591 
0.08367931363713618 0.7756074625640201 
0.08367931363713618 0.7756074625640201 
0.07584719989352863 0.7799266084146347 
0.05988777075538135 0.7875350339764531 
0.05988777075538135 0.7875350339764531 
0.054754903373981166 0.7894138654694042 
0.045608616772972774 0.9033147223537137 
0.037978464127354256 1.151511800043814 
0.03169623417033093 1.1538902869751995 
