1.8075019460554969 0.19399332633901972 
1.8075019460554969 0.19399332633901972 
1.7389698767221418 0.18868563955094858 
1.4799380334508667 0.1997804143112791 
1.4194890063344259 0.19539409941872735 
1.4767666889302182 0.2329437558280414 
1.4440216848015213 0.23643607387034987 
1.365190667700912 0.2105319007562141 
1.5208530506035403 0.25195204245561564 
1.4767666889302182 0.2329437558280414 
1.285378220896662 0.19917368102097077 
1.285378220896662 0.19917368102097077 
1.4142940599677276 0.2768907251490599 
1.1902917266169466 0.24586354565915444 
1.2667869774337965 0.25733924215487747 
1.2667869774337965 0.25733924215487747 
1.172244313511098 0.22112197365734107 
1.2330668255733739 0.2360966327230324 
1.1211688931745043 0.2903568534520822 
1.3087592731981024 0.29370440724488167 
1.1902917266169466 0.24586354565915444 
1.340872893792993 0.3263722934753018 
1.214383014656399 0.23633382257409608 
1.172244313511098 0.22112197365734107 
1.2501235609152794 0.3362427160036375 
1.1148542891825723 0.2811732350597093 
1.214383014656399 0.23633382257409608 
1.2501235609152794 0.3362427160036375 
1.1340646864244914 0.2860724043416417 
1.2114068692820164 0.332955680380835 
1.2449436086095944 0.39798199209187035 
1.2114068692820164 0.332955680380835 
1.0781711456947527 0.3769575893087077 
1.2111187808274155 0.4058970757184076 
1.2031361021323672 0.39200820044307055 
1.1148542891825723 0.2811732350597093 
1.2034486609369306 0.45799731076458233 
1.2449436086095944 0.39798199209187035 
1.2111187808274155 0.4058970757184076 
1.3038580446631454 0.49675405612238127 
1.2546629031556291 0.4309405636364936 
1.186042273516633 0.35299723719301346 
1.1250693107008427 0.4917197166439938 
1.2136791584396145 0.4866266349682152 
1.183737265602451 0.35772053065570975 
1.183737265602451 0.35772053065570975 
1.2145129477367158 0.4183650587942753 
1.2043814271847493 0.45621770812547235 
1.1250693107008427 0.4917197166439938 
1.186042273516633 0.35299723719301346 
1.1622203975197478 0.36270266262077505 
1.1191540689380437 0.5450121578676235 
1.1361631738376787 0.5138113216714567 
1.1883278098574355 0.4825567041544054 
1.1286711087931696 0.4323692947133568 
1.1178025935571279 0.6249036749465322 
1.1191540689380437 0.5450121578676235 
1.1637607031502932 0.6917553998573766 
1.1637607031502932 0.6917553998573766 
1.1331684454882607 0.6094040663977941 
1.0584968911536072 0.6789565214208549 
1.1622203975197478 0.36270266262077505 
1.0869927941483764 0.7466807227264687 
1.0433196081015816 0.7959713491559647 
1.0973385660222652 0.4931148572468131 
1.0584968911536072 0.6789565214208549 
1.141328433626962 0.8586313168454643 
1.0433196081015816 0.7959713491559647 
1.0781711456947527 0.3769575893087077 
1.0973385660222652 0.4931148572468131 
1.0586836973657168 0.7375266597055391 
1.0772801254392848 0.9133420387296087 
1.034174836031501 0.9409176636064008 
1.0475551323605499 0.9746637105401005 
1.034227795822311 0.8632724580477801 
1.0504581538014222 0.9924200304218711 
1.0504581538014222 0.9924200304218711 
1.034227795822311 0.8632724580477801 
0.9771781331199428 1.1217802143067828 
0.9771781331199428 1.1217802143067828 
1.0679028719478465 1.042392069605509 
1.0558947405180055 1.2379703722868793 
1.088886082455809 1.658442382056121 
1.0957327934685008 1.6890012713717564 
0.9471137725239991 1.788173429037579 
0.9448914682633565 1.6044960342947223 
0.9132944919292421 1.40268720481827 
0.8312698788436665 1.6067812951631297 
0.9347241044124719 1.361722495251926 
0.9347241044124719 1.361722495251926 
0.8628626731612665 1.706366316069664 
0.8628626731612665 1.706366316069664 
0.9098402588400928 1.109780131012798 
0.9132944919292421 1.40268720481827 
0.7925520831514714 1.7883607428493462 
0.7925520831514714 1.7883607428493462 
0.8312698788436665 1.6067812951631297 
0.8520732979480561 1.8884985448079967 
0.8520732979480561 1.8884985448079967 
0.9098402588400928 1.109780131012798 
