0.9545157259898776 -0.6391705686780369 -0.4467776330564956 -0.6467139752944407 -0.24412237215919724 -0.34660261233593315 0.046894837583646126 -0.15246820802482275 0.29411666887243837 0.20666286335781026 0.24872278550183874 0.445243883061508 0.6355810305178884 0.3702201523900858 0.7687391276388658 0.5209275899970915 0.8047973960059075 0.7888969746966944 0.8234100481338558 0.7555744257097594 0.9668389936718724 0.8540368439167262 0.8502023186593314 0.743997348009676 0.9220266139308184 0.871784856938177 0.8804660755837653 0.8214182775439954 0.841997086860683 0.7352457231827311 
0.9579038204186177 -0.7742871129570258 -0.443918922416408 -0.5722667181252277 -0.2461516502033951 -0.0418111045257281 0.021566945072108806 -0.1556104274249794 0.027771028542089807 0.22969597884427911 0.2777239664459067 0.4515954383055488 0.6431267442579462 0.3805182868468076 0.7575847469681228 0.5246751198788167 0.7855362357351316 0.8141512968081555 0.8298370166178808 0.7545520168931578 0.9621220910621212 0.8489970689660965 0.8408575892913137 0.7438811088450665 0.9217672960535397 0.8523659091468039 0.8946424804149635 0.8141157921813655 -0.577373877265005 0.7538750679550874 
0.9544149630767442 -0.776171799022809 -0.443918922416408 -0.5820814073253779 -0.25204559217280803 -0.03428686410685329 0.021566945072108806 0.07732822918644494 0.027771028542089807 0.23502499751970554 0.28359227469225656 0.6195870855968661 0.6477754415581674 0.3805182868468076 0.7575847469681228 0.9545706857053833 0.7924456427888594 0.8129955808644259 0.7596810051869878 0.644234615042317 0.9752701807030151 0.8540368439167262 0.8368718942413066 0.7502452270632448 0.9217672960535397 0.8660296716009102 0.8994676666465543 0.8141157921813655 0.8364597188401474 0.7538750679550874 
0.9545157259898776 -0.6391705686780369 -0.4467776330564956 -0.6467139752944407 -0.24412237215919724 -0.34660261233593315 0.046894837583646126 -0.15246820802482275 0.29411666887243837 0.20666286335781026 0.24872278550183874 0.445243883061508 0.6355810305178884 0.3702201523900858 0.7687391276388658 0.5209275899970915 0.8047973960059075 0.7888969746966944 0.8234100481338558 0.7555744257097594 0.9668389936718724 0.8540368439167262 0.8502023186593314 0.743997348009676 0.9220266139308184 0.871784856938177 0.8804660755837653 0.8214182775439954 0.841997086860683 0.7352457231827311 
0.9575215087076203 -0.776171799022809 -0.443918922416408 -0.5820814073253779 -0.254624322477257 -0.03865412463534214 0.021566945072108806 -0.1556104274249794 0.027771028542089807 0.23624866638393222 0.24418424263763355 0.4515954383055488 0.6431267442579462 0.20860069500263467 0.7575847469681228 0.5246751198788167 0.7855362357351316 0.8141512968081555 0.8298370166178808 0.7545520168931578 0.9678104291546719 0.8540368439167262 0.8408575892913137 0.7502452270632448 0.9217672960535397 0.8523659091468039 0.8994676666465543 0.8171929785553746 0.8326893522862804 0.7538750679550874 
0.9575215087076203 -0.6294840393735806 -0.4469114501961041 -0.6506845956519698 -0.24412237215919724 -0.6060936317994083 0.039203765937824694 -0.15906734690754099 0.13183124998352666 0.23502499751970554 0.24418424263763355 0.520932432854594 0.6367122242315377 0.7076765444826788 0.7597799872951957 0.5168975668729267 0.8047973960059075 0.8100648430919127 0.8157913322279396 0.7634080767007807 0.976716874575492 0.8540368439167262 0.8477312476726346 0.723586539620533 0.9194872462179565 0.8598571968635106 0.8793438519471246 0.8132974648182432 0.841997086860683 0.729974707870396 
0.9575215087076203 -0.6294840393735806 -0.4469114501961041 -0.6506845956519698 -0.24412237215919724 -0.6060936317994083 0.039203765937824694 -0.15906734690754099 0.13183124998352666 0.23502499751970554 0.24418424263763355 0.520932432854594 0.6367122242315377 0.7076765444826788 0.7597799872951957 0.5168975668729267 0.8047973960059075 0.8100648430919127 0.8157913322279396 0.7634080767007807 0.976716874575492 0.8540368439167262 0.8477312476726346 0.723586539620533 0.9194872462179565 0.8598571968635106 0.8793438519471246 0.8132974648182432 0.841997086860683 0.729974707870396 
0.9575215087076203 -0.776171799022809 -0.45147176715309073 -0.6525519608874495 -0.2454590619331707 -0.6060936317994083 0.040405293111697486 -0.16159605115671805 0.13350349893115107 0.23502499751970554 0.24418424263763355 0.520932432854594 0.6431267442579462 0.7066604349430483 0.7532285203592939 0.5246751198788167 0.7954224885924055 0.811263445348872 0.8206157840239479 0.7634080767007807 0.976716874575492 0.8540368439167262 0.8477312476726346 0.7328938497231449 0.9194872462179565 0.8660296716009102 0.8899489794798978 0.8171929785553746 0.841997086860683 0.7598499262579964 
0.6218548535136239 -0.7729139616010025 -0.4343601760731572 -0.6562379877702215 -0.23591294424470957 -0.029748113105025804 0.04521491585503456 0.07136167159254878 0.13466974693008762 0.2021168118652413 -0.20816028332214076 0.445243883061508 0.24024033454766835 0.5470219658813402 0.7710992686404848 0.5246751198788167 0.8047973960059075 0.8066156421093849 0.8234100481338558 0.7507846840328852 0.9725331341241782 0.8558192232023083 0.8413644055865631 0.7336921915978095 0.9267173669400367 0.8622850081133746 0.8971511149085737 0.8234013551390209 0.841997086860683 0.7273806121043703 
0.6218548535136239 -0.7729139616010025 -0.4343601760731572 -0.6562379877702215 -0.23591294424470957 -0.029748113105025804 0.04521491585503456 0.07136167159254878 0.13466974693008762 0.2021168118652413 -0.20816028332214076 0.445243883061508 0.24024033454766835 0.5470219658813402 0.7710992686404848 0.5246751198788167 0.8047973960059075 0.8066156421093849 0.8234100481338558 0.7507846840328852 0.9725331341241782 0.8558192232023083 0.8413644055865631 0.7336921915978095 0.9267173669400367 0.8622850081133746 0.8971511149085737 0.8234013551390209 0.841997086860683 0.7273806121043703 
0.6218548535136239 -0.7706980947225011 -0.44462528789459915 -0.6472157786628997 -0.24125862936494158 -0.34660261233593315 0.03954386583429311 -0.15246820802482275 0.13742793170301096 0.20666286335781026 0.24418424263763355 0.5219698063762477 0.3260209380488545 0.38122821657845407 0.7594210987758219 0.5183363752748494 0.7907293308607866 0.7888969746966944 0.8117992742825294 0.7509677626566772 0.9848992752823171 0.85036276224618 0.8477312476726346 0.743997348009676 0.9217672960535397 0.871784856938177 0.8914445180334151 0.8117866028339306 0.8416168530750822 0.7281917839076035 
0.6218548535136239 -0.6392152052139055 -0.45147176715309073 -0.649287667189229 -0.23945866650495626 -0.030914419549418964 0.05306262027039715 -0.1520034713697371 0.13350349893115107 0.20241348860793654 0.2831582907739516 0.7563719396143254 0.6477754415581674 0.5373208824564712 0.7769450273327472 0.5102867947292249 0.8047973960059075 0.811263445348872 0.8157913322279396 0.7545520168931578 0.976716874575492 0.8559479719258034 0.8518904958817098 0.7435455259758597 0.908482188886701 0.8668518056938899 0.9157532296403725 0.8291764044766677 0.8328284534746768 0.7598499262579964 
0.6218548535136239 -0.6294840393735806 -0.4432032252323241 -0.6506845956519698 -0.23945866650495626 -0.6060936317994083 0.02527620503194261 -0.15906734690754099 0.13950015100675434 0.213418629264881 0.2831582907739516 0.5121409875485682 0.6367122242315377 0.7076765444826788 0.7597799872951957 0.5168975668729267 0.7817037459966066 0.8100648430919127 0.8117992742825294 0.7507846840328852 0.976716874575492 0.8474959112563245 0.852875005665823 0.7277918435854659 0.9194872462179565 0.6730157074775917 0.9157532296403725 0.8291764044766677 0.841997086860683 0.7598499262579964 
0.6218548535136239 -0.7706980947225011 -0.4436382829902972 -0.6467139752944407 -0.253026623650733 -0.029748113105025804 0.029552838176026375 -0.1520034713697371 0.13466974693008762 0.20748531845321705 0.28912412158106693 0.445243883061508 0.3260209380488545 0.3697422087213818 0.7765519070823365 0.9527339782469344 0.7817037459966066 0.8100648430919127 0.8117992742825294 0.7507846840328852 0.9907205125594626 0.8474959112563245 0.9334930183165535 0.7336921915978095 0.9261893688536941 0.6726716072690868 0.9028729192233751 0.8153035877792852 0.8421091951591334 0.7244241952991384 
0.6218548535136239 -0.6392152052139055 -0.4436382829902972 -0.6467139752944407 -0.23591294424470957 -0.029748113105025804 0.02233587687038654 -0.1520034713697371 0.13466974693008762 0.20748531845321705 0.2801084827014581 0.445243883061508 0.6355810305178884 0.3702201523900858 0.7710992686404848 0.5202227614226101 0.8047973960059075 0.8100648430919127 0.8234100481338558 0.7507846840328852 0.976716874575492 0.8658671603118778 0.9334930183165535 0.7319983213760427 0.908482188886701 0.668957532380957 0.8804660755837653 0.8214182775439954 0.8421091951591334 0.7273806121043703 
0.6218548535136239 -0.6392152052139055 -0.4469114501961041 -0.6506845956519698 -0.24412237215919724 -0.029748113105025804 0.010045925496877304 -0.1520034713697371 0.13350349893115107 0.20241348860793654 0.2801084827014581 0.445243883061508 0.6355810305178884 0.37634838701365275 0.7710992686404848 0.5168975668729267 0.8047973960059075 0.8100648430919127 0.8157913322279396 0.7507846840328852 0.9731600371064366 0.27990803393129715 0.8518904958817098 0.7435455259758597 0.908482188886701 0.6775807930284965 0.8804660755837653 0.8132974648182432 0.8410721640317104 0.7598499262579964 
0.6218548535136239 -0.6392152052139055 -0.4469114501961041 -0.6506845956519698 -0.24412237215919724 -0.029748113105025804 0.010045925496877304 -0.1520034713697371 0.13350349893115107 0.20241348860793654 0.2801084827014581 0.445243883061508 0.6355810305178884 0.37634838701365275 0.7710992686404848 0.5168975668729267 0.8047973960059075 0.8100648430919127 0.8157913322279396 0.7507846840328852 0.9731600371064366 0.27990803393129715 0.8518904958817098 0.7435455259758597 0.908482188886701 0.6775807930284965 0.8804660755837653 0.8132974648182432 0.8410721640317104 0.7598499262579964 
0.6218548535136239 -0.6294840393735806 -0.4432032252323241 -0.6506845956519698 -0.23945866650495626 -0.6060936317994083 0.02527620503194261 -0.15906734690754099 0.13950015100675434 0.213418629264881 0.2831582907739516 0.5121409875485682 0.6367122242315377 0.7076765444826788 0.7597799872951957 0.5168975668729267 0.7817037459966066 0.8100648430919127 0.8117992742825294 0.7507846840328852 0.976716874575492 0.8474959112563245 0.852875005665823 0.7277918435854659 0.9194872462179565 0.6730157074775917 0.9157532296403725 0.8291764044766677 0.841997086860683 0.7598499262579964 
0.32017528227937386 0.1637121130607446 0.1342690857505321 0.19477384419329272 0.2761776907914888 0.27621480876769805 0.5546013210902586 0.5300251851869703 0.5918857950121501 0.738734390122384 0.37437811293680046 0.753004125142237 0.8959806829594518 0.9620343244465014 0.8803045126757393 0.9847027328673813 0.9606898828363223 0.8386176506701281 0.9563738604637974 0.7537717815087087 0.9773567221312853 0.7924048465964999 0.8516264124283817 0.919940598366789 0.7692916118375922 0.8898299128893531 0.48890495594046224 0.20403308669226916 0.18661928964026092 0.15941220870178485 
0.32017528227937386 0.1742463701536399 0.13564240957935603 0.18759179340095114 0.28449504493622707 0.3231098359069384 0.5546013210902586 0.5450688467374244 0.5993709562019822 0.7495734802206496 0.6875404495134447 0.753004125142237 0.9105486557437119 0.9620343244465014 0.8942024248072251 0.9789367038332862 0.9606898828363223 0.856956336900673 0.9620488163519952 0.7537717815087087 0.9773567221312853 0.7199658096105395 0.8516264124283817 0.9133376661359697 0.7463783499009873 0.8801594348081179 0.4889223223453909 0.20995695291402094 0.18661928964026092 0.4847006146353635 
0.32017528227937386 0.17368975003820933 0.13564240957935603 0.20109382248444857 0.28066276802415235 0.32068740860973893 0.524037949832793 0.5361776605701718 0.5918857950121501 0.747139165251172 0.6921494775453367 0.753004125142237 0.9019437711205396 0.9649411572332245 0.8871827380700079 0.8884397913571581 0.9392322519129782 0.8367733040455514 0.9469147375410867 0.7537717815087087 0.9773567221312853 0.7987573386655453 0.8439379136085858 0.9206841148104329 0.7727681975898829 0.8802016094140062 0.490663681073464 0.20995695291402094 0.18661928964026092 -0.03789053990233504 
0.32017528227937386 0.18150355973597906 0.11410814194005885 0.20109382248444857 0.2826296637642145 0.6057191993375122 0.5673480904874071 0.6399468256054511 0.598175018912948 0.7541655698851468 0.697997102151198 0.7614633316046467 0.9140435642701932 0.9834911557006802 0.8967275351079217 0.9888654152295526 0.9392322519129782 0.8294393126094303 0.9412067035926367 0.7399744223086743 0.9773567221312853 0.7924689189366287 0.8223883359304021 0.917180697892663 0.7774134689884118 0.8707301573079913 0.48419769736180074 0.21047506696655593 0.22149589843740722 0.4762442137899425 
0.32017528227937386 -0.19368464574308983 0.12100738078358617 0.20109382248444857 0.2619586085703694 0.611324568585013 0.5164813541555409 0.436339900192257 0.5838301077319266 0.7347905068424482 0.6921494775453367 0.7370537565806373 0.9095466013461411 0.9716991793803422 0.8871827380700079 0.9888654152295526 0.9392322519129782 0.8367733040455514 0.9492384154730978 0.7512810254361848 0.9773567221312853 0.7857346913415606 0.8212711399201689 0.5925788508353749 0.7388664371189315 0.8758365174675434 0.48419769736180074 0.2140563092900985 0.20984455585557926 0.4847006146353635 
0.32017528227937386 0.1637121130607446 0.14461904697405023 0.20109382248444857 0.2826296637642145 0.6057191993375122 0.5673480904874071 0.436339900192257 0.5896298519544421 0.7467197358727676 0.7022918851415283 0.7370537565806373 0.9023649624006217 0.9804196203152289 0.8967275351079217 0.9888654152295526 0.9464313929005141 0.8250377673490409 0.9455436728770845 0.7512810254361848 0.9790689994193362 0.7891671638570614 0.8126881239703941 0.919940598366789 0.7787779153609117 0.8660027563700727 0.48419769736180074 0.21047506696655593 0.21908747914828003 0.48610588072997024 
0.32017528227937386 -0.19368464574308983 0.12100738078358617 0.20109382248444857 0.2619586085703694 0.611324568585013 0.5164813541555409 0.436339900192257 0.5838301077319266 0.7347905068424482 0.6921494775453367 0.7370537565806373 0.9095466013461411 0.9716991793803422 0.8871827380700079 0.9888654152295526 0.9392322519129782 0.8367733040455514 0.9492384154730978 0.7512810254361848 0.9773567221312853 0.7857346913415606 0.8212711399201689 0.5925788508353749 0.7388664371189315 0.8758365174675434 0.48419769736180074 0.2140563092900985 0.20984455585557926 0.4847006146353635 
0.32017528227937386 -0.1979327905469188 0.13358420868527737 0.416476929274055 0.2713449455911916 0.01209491364165988 0.5164813541555409 0.5346813563088846 0.5918857950121501 0.7272881761708015 0.7000486196109783 0.7370537565806373 0.8964565691579696 0.9754033063437826 0.8873338772117232 0.5200743030242857 0.9623958624985534 0.8367733040455514 0.9525249011721708 0.7584799112654821 0.9801800468377674 0.7924048465964999 0.8266223707700517 0.7610047542393823 0.7562582120046023 0.8644134513129501 0.4804842405411704 0.20995695291402094 0.22963773918007846 0.4847006146353635 
0.32017528227937386 0.7024607635229856 0.11211959930583222 0.20109382248444857 0.28394151066353807 0.611324568585013 0.5164813541555409 0.5300251851869703 0.5790479945454506 0.7347905068424482 0.69781491244918 0.7326492464425753 0.9178188347302707 0.9620343244465014 0.8871827380700079 0.9847027328673813 0.9421859768913429 0.8285922569169748 0.9527288053779812 0.7512810254361848 0.9773567221312853 0.7924048465964999 0.8212711399201689 0.5925788508353749 0.7692916118375922 0.8758365174675434 0.49147180259521533 0.20403308669226916 0.21239237736910174 0.15941220870178485 
0.32017528227937386 -0.1979327905469188 0.12406897269184329 0.2079891624124996 0.27142142979371114 0.31191305789224893 0.5164813541555409 0.5450688467374244 0.5918857950121501 0.7526340868250687 0.6921494775453367 0.7446881681260499 0.9028187137988584 0.9685642657055685 0.884370178544194 0.5200743030242857 0.9623958624985534 0.8367733040455514 0.9506676548592746 0.7537717815087087 0.9773567221312853 0.8048973149026126 0.8324121681913202 0.5935047484516398 0.7472686241708567 0.8644134513129501 0.4938645843472465 0.20995695291402094 0.20984455585557926 -0.028267684573597143 
0.32017528227937386 0.7024607635229856 0.11211959930583222 0.20109382248444857 0.28394151066353807 0.611324568585013 0.5164813541555409 0.5300251851869703 0.5790479945454506 0.7347905068424482 0.69781491244918 0.7326492464425753 0.9178188347302707 0.9620343244465014 0.8871827380700079 0.9847027328673813 0.9421859768913429 0.8285922569169748 0.9527288053779812 0.7512810254361848 0.9773567221312853 0.7924048465964999 0.8212711399201689 0.5925788508353749 0.7692916118375922 0.8758365174675434 0.49147180259521533 0.20403308669226916 0.21239237736910174 0.15941220870178485 
0.32017528227937386 -0.1979327905469188 0.13358420868527737 0.19477384419329272 0.27142142979371114 0.3142537041487445 0.5627867774193105 0.6363682064545656 0.5918857950121501 0.7526340868250687 0.7000486196109783 0.7446881681260499 0.8959806829594518 0.9685642657055685 0.8873338772117232 0.9757585878940229 0.9570685653428798 0.8386176506701281 0.9449642276933308 0.0699910367521106 0.9773567221312853 0.7924048465964999 0.8516264124283817 0.919940598366789 0.7692916118375922 0.8898299128893531 0.48419769736180074 0.20995695291402094 0.22963773918007846 0.15941220870178485 
0.32017528227937386 0.18020514026857298 0.14461904697405023 0.20109382248444857 0.2826296637642145 0.604170842388991 0.5673480904874071 0.6399468256054511 0.5917941296968849 0.7541655698851468 0.707492281225441 0.7635911089823006 0.9140435642701932 0.9834911557006802 0.8967275351079217 0.9888654152295526 0.9392322519129782 0.8294393126094303 0.9449642276933308 0.7436886360630384 0.9703497401500083 0.7924048465964999 0.8337762019033412 0.917180697892663 0.7715597891843954 0.8898299128893531 0.48419769736180074 0.04141948908544957 0.22963773918007846 0.48610588072997024 
0.32017528227937386 -0.1979327905469188 0.13358420868527737 0.416476929274055 0.2713449455911916 0.01209491364165988 0.5164813541555409 0.5346813563088846 0.5918857950121501 0.7272881761708015 0.7000486196109783 0.7370537565806373 0.8964565691579696 0.9754033063437826 0.8873338772117232 0.5200743030242857 0.9623958624985534 0.8367733040455514 0.9525249011721708 0.7584799112654821 0.9801800468377674 0.7924048465964999 0.8266223707700517 0.7610047542393823 0.7562582120046023 0.8644134513129501 0.4804842405411704 0.20995695291402094 0.22963773918007846 0.4847006146353635 
0.32017528227937386 -0.1979327905469188 0.12406897269184329 0.2079891624124996 0.27142142979371114 0.31191305789224893 0.5164813541555409 0.5450688467374244 0.5918857950121501 0.7526340868250687 0.6921494775453367 0.7446881681260499 0.9028187137988584 0.9685642657055685 0.884370178544194 0.5200743030242857 0.9623958624985534 0.8367733040455514 0.9506676548592746 0.7537717815087087 0.9773567221312853 0.8048973149026126 0.8324121681913202 0.5935047484516398 0.7472686241708567 0.8644134513129501 0.4938645843472465 0.20995695291402094 0.20984455585557926 -0.028267684573597143 
0.32017528227937386 0.17368975003820933 0.12100738078358617 0.9179555586580366 0.28346654379062125 5.575722637400872E-4 0.5498991706129124 0.5388938942530018 0.601477290580974 0.7272881761708015 0.6921494775453367 0.7370537565806373 0.9078335766903393 0.9716991793803422 0.8871827380700079 0.9885855698462727 0.948105384807352 0.925019868506191 0.9492384154730978 0.7390155421185229 0.9773567221312853 0.7849662732941544 0.8212711399201689 0.5925788508353749 0.7727681975898829 0.8837722010899621 0.48419769736180074 0.20177696601730397 0.21626845033701173 0.4847006146353635 
0.32017528227937386 0.7518413185217674 0.12406897269184329 0.9179555586580366 0.2754531645562316 0.31191305789224893 0.5164813541555409 0.5344085496907617 0.601477290580974 0.7282724423570701 0.700356373080752 0.7446881681260499 0.9078335766903393 0.9754033063437826 0.8873338772117232 0.5200743030242857 0.9623958624985534 0.8314285783727666 0.9525249011721708 0.753371161928803 0.9773567221312853 0.8048973149026126 0.833530442726457 0.7550813920101059 0.7490856537331506 0.8837722010899621 0.4958167456119203 0.20995695291402094 0.20984455585557926 -0.028267684573597143 
0.32017528227937386 0.7518413185217674 0.12406897269184329 0.9179555586580366 0.2754531645562316 0.31191305789224893 0.5164813541555409 0.5344085496907617 0.601477290580974 0.7282724423570701 0.700356373080752 0.7446881681260499 0.9078335766903393 0.9754033063437826 0.8873338772117232 0.5200743030242857 0.9623958624985534 0.8314285783727666 0.9525249011721708 0.753371161928803 0.9773567221312853 0.8048973149026126 0.833530442726457 0.7550813920101059 0.7490856537331506 0.8837722010899621 0.4958167456119203 0.20995695291402094 0.20984455585557926 -0.028267684573597143 
0.32017528227937386 0.17576273392348493 0.14389224353613195 0.19233505770362813 0.26738040936784024 -0.008893480173839011 0.521247044075406 0.6399468256054511 0.598175018912948 0.7541655698851468 0.697997102151198 0.7384942825697259 0.9078335766903393 -0.2890639029025057 0.8871827380700079 0.5771267894787018 0.9392322519129782 0.825432104655959 0.9364429831223607 0.9264749709789806 0.9773567221312853 0.7938674307188953 0.8224458984319943 0.9042954449256809 0.7774134689884118 0.8756108735775355 0.49136831252010116 0.20403308669226916 0.211140631188069 0.4772653348640884 
0.32017528227937386 0.16752303933319204 0.12100738078358617 0.9179555586580366 0.26876657147274946 -0.004097774613372759 0.5498991706129124 0.5465199415883377 0.601477290580974 0.7354147707916241 0.6921494775453367 0.7370537565806373 0.9078335766903393 0.9834911557006802 0.8871827380700079 1.0 0.9513654180759764 0.7080353465307475 0.9399620947783273 0.7383338886798754 0.9773567221312853 0.8058839469760232 0.8461702061008218 0.9392187017669624 0.7774134689884118 0.8837722010899621 0.48419769736180074 0.20403308669226916 0.22411196485679186 -0.884266777186177 
0.02704961720362219 0.49777622585158343 0.6000604736453559 0.7018507428225506 0.5072560190712393 0.7134158464402957 0.6691339169810462 0.8363382236657948 0.8058236211464647 0.9587263742984707 0.9945037989946206 0.8139939912673947 0.7246867874695531 0.9241678787992081 0.8716931860156674 0.7909190029060963 0.9202810176900432 0.7119331559211377 0.9476108239754617 0.6253452903291536 0.644918795539104 0.3084340848031501 0.3373905112333646 0.24936074071635192 -0.18486584639193837 0.10107925989579376 -0.27794367379545265 -0.1683037043852827 -0.06797974390782331 -0.4953129433444147 
0.023874100050400672 0.49547109232884523 0.5850762083844828 0.7018507428225506 0.5081445882532263 0.7065678700772722 0.6691339169810462 0.8381051746963238 0.8515713864260964 0.9664590912556174 0.9825128148802518 0.9046056107433247 0.7279064106109322 0.9065035359532855 0.6429252664038365 0.8006782538730077 0.93103076770975 0.7300025655726493 0.9617690151173146 0.7321544763456012 0.18829447822234013 0.3084340848031501 0.3452324601651364 0.22558404673601928 -0.8876153306341756 0.11250472945912933 -0.27004705197672607 -0.16205151663493916 -0.06240198795705529 -0.4933077763948472 
0.02704961720362219 0.49777622585158343 0.5917437318420016 0.703495786320912 0.5072560190712393 0.7006410668110193 0.3882995310803772 0.8363382236657948 0.8111703970540988 0.9587263742984707 0.9945037989946206 0.8293368588054111 0.7246867874695531 0.9241678787992081 0.8716931860156674 0.7909190029060963 0.9202810176900432 0.7100381063929084 0.9461148965597268 0.6253452903291536 0.6505051866631695 0.3084340848031501 0.3330782548202884 0.24936074071635192 0.04966785903383523 0.09770605975970859 -0.27794367379545265 -0.14310295177881854 -0.07435275965003017 -0.48723235822011907 
0.02704961720362219 0.49777622585158343 0.5917437318420016 0.703495786320912 0.5072560190712393 0.7006410668110193 0.3882995310803772 0.8363382236657948 0.8111703970540988 0.9587263742984707 0.9945037989946206 0.8293368588054111 0.7246867874695531 0.9241678787992081 0.8716931860156674 0.7909190029060963 0.9202810176900432 0.7100381063929084 0.9461148965597268 0.6253452903291536 0.6505051866631695 0.3084340848031501 0.3330782548202884 0.24936074071635192 0.04966785903383523 0.09770605975970859 -0.27794367379545265 -0.14310295177881854 -0.07435275965003017 -0.48723235822011907 
0.023011049037592414 0.505523276811646 0.6068888053068124 0.7097094261183479 0.5072560190712393 0.711512823104711 0.8329166865032342 0.8290332407907901 0.8058236211464647 0.956701403977066 0.9847376149796799 0.8136129289771612 0.7246867874695531 0.9261761412264415 0.22227658911540615 0.8835133471506436 0.9275413331618554 0.7119331559211377 0.9476108239754617 0.6253452903291536 0.5547647684260302 0.3084340848031501 0.3373905112333646 0.24936074071635192 -0.1872674792565896 0.10790768683682145 -0.27794367379545265 -0.1683037043852827 -0.07308026952837605 -0.4847433454676044 
0.023011049037592414 0.505523276811646 0.6068888053068124 0.7005198304065514 0.5072560190712393 0.7134158464402957 0.78320420783263 0.8363382236657948 0.8001713463325607 0.960562336877754 0.9897654963073989 0.8139939912673947 0.7246867874695531 0.9261761412264415 0.8851609152716688 0.8835133471506436 0.9202810176900432 0.7119331559211377 0.9420298955447856 0.6158476777155656 0.5547647684260302 0.3084340848031501 0.34755153192478094 0.24936074071635192 -0.18237702516400067 0.10107925989579376 -0.28286470766182925 -0.1683037043852827 -0.07300785200644566 -0.4847433454676044 
0.02704961720362219 0.49777622585158343 0.6000604736453559 0.7018507428225506 0.5072560190712393 0.7134158464402957 0.6691339169810462 0.8363382236657948 0.8058236211464647 0.9587263742984707 0.9945037989946206 0.8139939912673947 0.7246867874695531 0.9241678787992081 0.8716931860156674 0.7909190029060963 0.9202810176900432 0.7119331559211377 0.9476108239754617 0.6253452903291536 0.644918795539104 0.3084340848031501 0.3373905112333646 0.24936074071635192 -0.18486584639193837 0.10107925989579376 -0.27794367379545265 -0.1683037043852827 -0.06797974390782331 -0.4953129433444147 
0.023011049037592414 0.505523276811646 0.6068888053068124 0.7005198304065514 0.5072560190712393 0.7134158464402957 0.78320420783263 0.8363382236657948 0.8001713463325607 0.960562336877754 0.9897654963073989 0.8139939912673947 0.7246867874695531 0.9261761412264415 0.8851609152716688 0.8835133471506436 0.9202810176900432 0.7119331559211377 0.9420298955447856 0.6158476777155656 0.5547647684260302 0.3084340848031501 0.34755153192478094 0.24936074071635192 -0.18237702516400067 0.10107925989579376 -0.28286470766182925 -0.1683037043852827 -0.07300785200644566 -0.4847433454676044 
0.023874100050400672 0.49777622585158343 0.5922575845295803 0.7018507428225506 0.5072560190712393 0.7006410668110193 0.6617964307580997 0.8363382236657948 0.8219759769893801 0.9632546086250142 0.9841195711986083 0.8209593387658946 0.7246867874695531 0.9241678787992081 0.8976378804003409 0.8006782538730077 0.8338709652579667 0.7216324268256151 0.9547533046920756 0.7454812418424678 0.6392159188876807 0.3084340848031501 0.3452324601651364 0.22558404673601928 0.23168956978357375 0.10790768683682145 -0.27004705197672607 -0.1686762930604326 -0.06240198795705529 -0.4915362742882512 
0.023011049037592414 0.490483340669185 0.5917437318420016 0.6982659700374039 0.3777888973272969 0.7006410668110193 0.8091365564342223 0.8296108776206864 0.7885960925775195 0.9603595858072907 0.9847376149796799 0.8243354658994394 0.7240163086491873 0.9083953246235714 0.8976378804003409 0.7909190029060963 0.839024926274834 0.7141024680155392 0.9390463312229377 0.6215012381314097 0.6521968529912626 0.24324861732982206 0.3299782172693826 0.23028850251863958 0.05649800765915079 0.11479434122298433 -0.2734988523415397 -0.14310295177881854 -0.07308026952837605 -0.4915362742882512 
0.023011049037592414 0.490483340669185 0.5917437318420016 0.6982659700374039 0.5139693844559947 0.7006410668110193 0.8091365564342223 0.8363382236657948 0.7885960925775195 0.9632546086250142 0.9879601479051784 0.8209593387658946 0.7240163086491873 0.9083953246235714 0.8976378804003409 0.7909190029060963 0.839024926274834 0.7141024680155392 0.9390463312229377 0.7456141989595713 0.6392159188876807 0.33591479235589206 0.3393374718764439 0.2299178364998639 0.05227728256304834 0.10790768683682145 -0.2661738571533002 -0.15006448407477935 -0.07743259846825432 -0.4915362742882512 
0.018422837691580967 0.4974234503507743 0.5356533083765578 0.7097094261183479 0.5026085070848348 0.715717483981508 0.6617964307580997 0.8118128556485209 0.8058236211464647 0.956701403977066 0.9840092576499235 0.896503248248104 0.7184169818691502 0.9083953246235714 0.8906499565082775 0.8835133471506436 0.9275413331618554 0.7119331559211377 0.9630007193129616 0.6253452903291536 0.5547647684260302 0.593435710721256 0.34755153192478094 0.24936074071635192 0.20363715291185228 0.10790768683682145 -0.2783153186108935 -0.17698156132909035 -0.06240198795705529 -0.4847433454676044 
0.018422837691580967 0.4974234503507743 0.5356533083765578 0.7097094261183479 0.5026085070848348 0.715717483981508 0.6617964307580997 0.8118128556485209 0.8058236211464647 0.956701403977066 0.9840092576499235 0.896503248248104 0.7184169818691502 0.9083953246235714 0.8906499565082775 0.8835133471506436 0.9275413331618554 0.7119331559211377 0.9630007193129616 0.6253452903291536 0.5547647684260302 0.593435710721256 0.34755153192478094 0.24936074071635192 0.20363715291185228 0.10790768683682145 -0.2783153186108935 -0.17698156132909035 -0.06240198795705529 -0.4847433454676044 
0.018422837691580967 0.48970115599655006 0.5970040937110693 0.6747378661087002 0.5072560190712393 0.7138194609956676 0.6617964307580997 0.8363382236657948 0.8439865673475676 0.954258338277159 0.9841195711986083 0.9021767267720693 0.7171362905378406 0.9083953246235714 0.8976378804003409 0.6786256251811682 0.9348722617565917 0.7216324268256151 0.9717486977773139 0.7549880648834052 0.6392159188876807 0.593435710721256 0.34037017981669637 0.2924588861903301 0.23168956978357375 0.09710292827881756 -0.27004705197672607 -0.1600035436809833 -0.06240198795705529 -0.20293153216250348 
0.01582149820262553 0.4985082314827732 0.5941287474301424 0.5245752619353308 0.5020832752376205 0.7004072702197838 0.8242402893803356 0.8609137871602426 0.6446846097172833 0.9596529532072297 0.9819908187083077 0.8209593387658946 0.7280658640625789 0.9802795060021715 0.8777613349887409 0.8236115511046627 0.8338709652579667 0.7216082238150664 0.9547533046920756 0.7504229701697174 0.6766970747328993 0.6541440247841299 0.46396247899666526 0.17080042654379302 0.19916781915501156 0.10808153318875556 -0.2688978738299288 0.12038023582526315 -0.06548201666739994 -0.22321226834586416 
0.018422837691580967 0.4966235264742384 0.6961536292362929 0.6747378661087002 0.5050120284171215 0.6931518727338895 0.8329166865032342 0.8118128556485209 0.896688846524745 0.954258338277159 0.9841195711986083 0.8266771804290581 0.7280658640625789 0.9083953246235714 0.8973029772144437 0.8721980695567664 0.9560219313231101 0.7181083838461734 0.835246751080977 0.7456141989595713 0.5547647684260302 0.593435710721256 0.34437603303317615 0.24936074071635192 0.20363715291185228 0.09710292827881756 0.039325886822600076 -0.1600035436809833 -0.0662943337328848 -0.20293153216250348 
0.01719647804256955 0.25598669316749234 0.4555866666660703 0.5273911630769885 0.5746022172392345 0.7004181137389953 0.8329166865032342 0.8118128556485209 0.8643570631503751 0.7149303540168406 0.9791140306017505 0.8845747920097022 0.8569811402963899 0.9768430343907023 0.8752191198112688 0.8812817744847463 0.9299956501787783 0.7186182705356857 0.7069965656199457 0.7303145244633653 0.5533816059955414 0.7167414339323265 0.3392494950343144 0.24911549521895698 0.20262546605200624 0.11997019112804806 0.11706888911407835 0.12613776931977094 -0.2837693410541857 -0.19782098216411284 
0.011499511041048632 0.4966235264742384 0.4555866666660703 0.6653737731918629 0.5781888999368111 0.68480273362476 0.8166125648728233 0.8118128556485209 0.9084697184679392 0.954258338277159 0.9757530833844584 0.9157697262054346 0.7242515845567651 0.9819220129848673 0.8851392164482005 0.8721980695567664 0.9560219313231101 0.936291571147814 0.8421590579958562 0.7518699466513898 0.5547647684260302 0.6470099151188309 0.34437603303317615 0.24936074071635192 0.4789352250397292 0.09589677634688203 0.05875560618933014 -0.14955102961052844 -0.006398557841034188 -0.19893565691753134 
0.011499511041048632 0.4966235264742384 0.4555866666660703 0.6653737731918629 0.5781888999368111 0.68480273362476 0.8166125648728233 0.8118128556485209 0.9084697184679392 0.954258338277159 0.9757530833844584 0.9157697262054346 0.7242515845567651 0.9819220129848673 0.8851392164482005 0.8721980695567664 0.9560219313231101 0.936291571147814 0.8421590579958562 0.7518699466513898 0.5547647684260302 0.6470099151188309 0.34437603303317615 0.24936074071635192 0.4789352250397292 0.09589677634688203 0.05875560618933014 -0.14955102961052844 -0.006398557841034188 -0.19893565691753134 
0.011499511041048632 0.2573705602964779 0.4555866666660703 0.5273911630769885 0.5002538993444269 0.6982600575189326 0.8329166865032342 0.8118128556485209 0.8943440218380094 0.9246496634691305 0.968739854187522 0.8266771804290581 0.8569811402963899 0.99506951044676 0.8801661635236991 0.8812817744847463 0.9454424476653931 0.9438381574495386 0.8372712724193774 0.7278528407684298 0.5547647684260302 0.7167414339323265 0.3452324601651364 0.3007645291636899 0.20363715291185228 0.3213974665181328 0.12140502806532161 0.12543898615429738 -0.006398557841034188 -0.20078963184802343 
0.010140562743625472 0.22521309484927912 0.45429754211015483 0.6789634789718181 0.5072560190712393 0.7127865623356908 0.8242402893803356 0.7895354228530773 0.8534541858652649 0.9630756191394052 0.9791140306017505 0.8273005803697565 0.7603827692105789 0.9851407462385888 0.8718898634081813 0.8335745272889513 0.9350768526066426 0.7194913394012291 0.7069965656199457 0.7549880648834052 0.6392159188876807 0.6220191395708842 0.4723047795600439 0.24911549521895698 0.23168956978357375 0.13246389633353656 0.0687781346183587 -0.1600035436809833 -0.06240198795705529 -0.20239274038878738 
0.00855906350587708 0.4191125644922553 0.4478794256236767 0.5273911630769885 0.5781888999368111 0.6987863394284245 0.8188607110068056 0.8118128556485209 0.8943440218380094 0.954258338277159 0.9757530833844584 0.8845747920097022 0.8569811402963899 0.9819220129848673 0.8650572228711522 0.8227600545633958 0.9299956501787783 0.7216082238150664 0.8390071660170544 0.7349031822403908 0.665843128503014 0.7167414339323265 0.34437603303317615 0.24911549521895698 0.20262546605200624 0.114456983372022 0.05875560618933014 0.12304266421425751 -0.07501896737436715 -0.19893565691753134 
0.00855906350587708 0.4191125644922553 0.4478794256236767 0.5273911630769885 0.5781888999368111 0.6987863394284245 0.8188607110068056 0.8118128556485209 0.8943440218380094 0.954258338277159 0.9757530833844584 0.8845747920097022 0.8569811402963899 0.9819220129848673 0.8650572228711522 0.8227600545633958 0.9299956501787783 0.7216082238150664 0.8390071660170544 0.7349031822403908 0.665843128503014 0.7167414339323265 0.34437603303317615 0.24911549521895698 0.20262546605200624 0.114456983372022 0.05875560618933014 0.12304266421425751 -0.07501896737436715 -0.19893565691753134 
0.0059526789623092855 0.2222541205406867 0.18107138853874946 0.36224435615379064 0.5657544437703093 0.7026876732911682 0.8217396824511842 0.848560572485958 0.9218904379811207 0.9233786764487503 0.9749866556369606 0.9271408517966839 0.843167028365545 0.9881612883697882 0.8574851322841968 0.913967634219536 0.9299956501787783 0.9259284139533906 0.6649564590828155 0.7356102327906822 0.633651076986318 0.8245167507523232 0.46297103642057774 0.5680404791916931 0.48636320256142485 0.393066805739043 0.2760611983832593 0.12709344376250728 0.012016282739384938 -0.19782098216411284 
0.0044816015280624245 0.23887886087549062 0.4495627796842113 0.5273911630769885 0.4927579927999193 0.7004181137389953 0.5850815752766596 0.8079100947280716 0.8943440218380094 0.9363803748138959 0.9737136020769855 0.8919712740323112 0.8284661829575863 0.9867033077229815 0.8426126327166945 0.8307966360789479 0.9230120823228366 0.9289544755276409 0.7410888267447351 0.7278528407684298 0.6538154082770913 0.7340651967361356 0.6707944076175861 0.5761539992330529 0.4847152435386222 0.393066805739043 0.0687781346183587 0.12696286792846798 -0.015537106215928008 -0.20078963184802343 
0.0044816015280624245 0.22299453825626248 0.4101211494098627 0.37219365447191854 0.4936355080189426 0.5777092277510909 0.577933475302159 0.8162892806559837 0.7508304539765428 0.8494157903104804 0.7701218869509592 0.9220149695777975 0.828734985364159 0.8444690804650621 0.8228546681343382 0.8314955521294141 0.8967193617822833 0.9367449638992229 0.9442919479310523 0.7356102327906822 0.6698621650034889 0.8307505301654623 0.6618556975907679 0.5761539992330529 0.48636320256142485 0.42633113870981787 0.0687781346183587 0.11399589453616313 -0.020707689055219695 0.05372921031211177 
0.0044816015280624245 0.23887886087549062 0.4495627796842113 0.5273911630769885 0.4927579927999193 0.7004181137389953 0.5850815752766596 0.8079100947280716 0.8943440218380094 0.9363803748138959 0.9737136020769855 0.8919712740323112 0.8284661829575863 0.9867033077229815 0.8426126327166945 0.8307966360789479 0.9230120823228366 0.9289544755276409 0.7410888267447351 0.7278528407684298 0.6538154082770913 0.7340651967361356 0.6707944076175861 0.5761539992330529 0.4847152435386222 0.393066805739043 0.0687781346183587 0.12696286792846798 -0.015537106215928008 -0.20078963184802343 
0.0032115746852276316 0.2103434172474578 0.34802560954821277 0.3544885355689226 0.4993265251000153 0.5787046865800437 0.8140848322578503 0.8488262377658731 0.9218904379811207 0.9233786764487503 0.9819872215280481 0.9196476403495739 0.843167028365545 0.9102273230241401 0.8205543155222282 0.9478893144217749 0.9038249585341288 0.9461829419038243 0.6649564590828155 0.7266857574873447 0.633651076986318 0.7962257081526354 0.6675056145393852 0.6173489050780251 0.4888559862778085 0.4228563592845248 0.4531384277950783 0.12709344376250728 -0.014302150601235804 -0.2162190134960096 
0.0032115746852276316 0.2103434172474578 0.34247965222115123 0.3544885355689226 0.4993265251000153 0.5787046865800437 0.5798682326350928 0.8488262377658731 0.7453650484970923 0.70809775287702 0.9819872215280481 0.9196476403495739 0.7600744408496803 0.9102273230241401 0.8287830128263766 0.9478893144217749 0.9038249585341288 0.936291571147814 0.9442919479310523 0.7279064000863262 0.6698621650034889 0.7962257081526354 0.6632847047252176 0.6079678840212074 0.4888559862778085 0.41682872279474165 0.286932175524663 0.24324164648408209 -0.015537106215928008 -0.2186311281007396 
0.0020558616708064026 0.23887886087549062 0.45440750741351255 0.37710054321400355 0.48877441963405727 0.5777092277510909 0.5892234525235136 0.7911967623798305 0.7704623008469019 0.9378032132101455 0.984627839536611 0.9196476403495739 0.7502098040785573 0.9102273230241401 0.8144511853633881 0.823840744426418 0.9192298804958472 0.9270506654552033 0.5997051391210217 0.732678220418356 0.6895101067855538 0.7340651967361356 0.5653002651392613 0.5774708745201403 0.4992698643742028 0.3973418235365009 0.2846978211057934 0.1790510714839883 -0.0643093890144714 0.033034010054969566 
0.0020558616708064026 0.23887886087549062 0.45440750741351255 0.38125864363190975 0.4936355080189426 0.5777092277510909 0.5707098660595108 0.8768693318272462 0.9163815946342815 0.8494157903104804 0.984627839536611 0.9196476403495739 0.7389751978659639 0.8444690804650621 0.8228546681343382 0.8248100754689032 0.9230120823228366 0.936291571147814 0.9914333981549499 0.7278528407684298 0.6698621650034889 0.7340651967361356 0.6707944076175861 0.5774708745201403 0.4892395994436868 0.393066805739043 0.28384040280052136 0.11399589453616313 -0.022743770657707038 0.058808533225645596 
0.0013910235401823922 0.2292809880638648 0.34247965222115123 0.3544885355689226 0.4925701757525023 0.5777092277510909 0.577933475302159 0.7911967623798305 0.7453650484970923 0.706745266992273 0.9585947312595567 0.9220149695777975 0.7519776305091364 0.9102273230241401 0.8228546681343382 0.9478893144217749 0.9109837139471738 0.9367449638992229 0.9442919479310523 0.7356102327906822 0.6895101067855538 0.8307505301654623 0.28265516270667357 0.6079678840212074 0.4881012758899691 0.42633113870981787 0.3419102360760662 0.18561580941925027 -0.017776800014952233 0.048808386818418016 
0.0013910235401823922 0.2292809880638648 0.33560514487614 0.37219365447191854 0.48010008716817454 0.5753400000709141 0.5848307205398456 0.7911967623798305 0.9115875212858603 0.706745266992273 0.948957712586515 0.9818548327949532 0.7587498431048827 0.8465288229018049 0.83353300767208 0.9478893144217749 0.9044672101377991 0.9367449638992229 0.9426783257351052 0.9623839763170958 0.6895101067855538 0.8238632941162187 0.6591185243622951 0.6079678840212074 0.4992698643742028 0.42633113870981787 0.33297435818645293 0.24796125564354782 -0.030721784134195924 0.048808386818418016 
0.0013910235401823922 0.2292809880638648 0.33560514487614 0.37219365447191854 0.48010008716817454 0.5753400000709141 0.5848307205398456 0.7911967623798305 0.9115875212858603 0.706745266992273 0.948957712586515 0.9818548327949532 0.7587498431048827 0.8465288229018049 0.83353300767208 0.9478893144217749 0.9044672101377991 0.9367449638992229 0.9426783257351052 0.9623839763170958 0.6895101067855538 0.8238632941162187 0.6591185243622951 0.6079678840212074 0.4992698643742028 0.42633113870981787 0.33297435818645293 0.24796125564354782 -0.030721784134195924 0.048808386818418016 
9.266798766640052E-4 0.22412054560567002 0.34930791757073676 0.37102982850193755 0.48210208258532233 0.5753400000709141 0.577933475302159 0.7645909918073968 0.7453650484970923 0.7149303540168406 0.9022448066704469 0.9251851331015719 0.843167028365545 0.9272668629628917 0.8326839369007921 0.9547364695945537 0.8307678120155059 0.9367449638992229 0.9442919479310523 0.7356102327906822 0.6690420505406949 0.8318769350151962 0.6728500488749618 0.572817567352762 0.6900612037860309 0.393066805739043 0.3262922785945965 0.22912048854476771 -0.012324472006589416 0.023890892054332223 
9.266798766640052E-4 0.2103434172474578 0.3461538994522631 0.37710054321400355 0.48805223732100933 0.5787046865800437 0.6033759394766951 0.8558200918798116 0.9149818414323394 0.7149303540168406 0.9755890114147309 0.9196476403495739 0.843167028365545 0.9102273230241401 0.8357738375731953 0.825497087133824 0.9140797997795299 0.936291571147814 0.9308272725137942 0.7628078420146787 0.6698621650034889 0.7962257081526354 0.660872952877587 0.5898932739012879 0.4888559862778085 0.3966437371336723 0.2828516561479023 0.24324164648408209 -0.005721694260193302 0.04390074719358342 
6.360125615110322E-4 0.21954475941461252 0.33560514487614 0.3718371393410231 0.49063460360955735 0.5753400000709141 0.5892234525235136 0.8523799674405255 0.9107690532443681 0.9231957741888557 0.9791140306017505 0.9170070133200361 0.8352383643700393 0.9102273230241401 0.8455256555328047 0.825497087133824 0.9230120823228366 0.9154446401718583 0.6602617396905905 0.9623839763170958 0.6608033731424815 0.8318769350151962 0.6632847047252176 0.5951331019139007 0.48181816642260406 0.402892100226038 0.28384040280052136 0.24523637334594237 -8.17888322616118E-4 0.04356261065011978 
6.360125615110322E-4 0.22410010133695224 0.41123230737601824 0.37710054321400355 0.48805223732100933 0.35316083346996646 0.5892234525235136 0.8523799674405255 0.9128035731431013 0.7149303540168406 0.9755890114147309 0.9170070133200361 0.7464306138883268 0.9102273230241401 0.8357738375731953 0.8218908762457193 0.9047306415989227 0.936291571147814 0.9296633232777083 0.7766414918875015 0.6690420505406949 0.8164931211853071 0.6591185243622951 0.5898932739012879 0.4992698643742028 0.3966437371336723 0.28384040280052136 0.20292108120532026 -0.007505481375546021 0.03711666936907749 
6.360125615110322E-4 0.22224088398564246 0.4101211494098627 0.5382814251413599 0.5983336173891083 0.5753400000709141 0.5976243958255099 0.8318242521094878 0.9128035731431013 0.9185451825054818 0.9755890114147309 0.9158900114553631 0.8376031885737621 0.8362766348022013 0.8286692436913877 0.9787415799176862 0.9018378480814381 0.936291571147814 0.905975721103814 0.7391480731397756 0.6690420505406949 0.32727368164196613 0.769093210030327 0.5858753947524088 0.4992698643742028 0.3561335798236955 0.27797835420817574 0.19843345578923377 0.0052117980595314094 0.02304733056571475 
9.550623062040797E-5 0.2292809880638648 0.1553036220395535 0.37710054321400355 0.4893034153878768 0.5777092277510909 0.5892234525235136 0.7911967623798305 0.7704623008469019 0.9378032132101455 0.9570661198361392 0.9220149695777975 0.7502098040785573 0.9102273230241401 0.8409662433821639 0.9478893144217749 0.9109837139471738 0.9270506654552033 0.9419388783090867 0.7343067854944308 0.6895101067855538 0.6996099687994385 0.5653002651392613 0.6139337158591045 0.4992698643742028 0.4047128156871108 0.2846978211057934 0.18561580941925027 -0.06666894240746135 0.033034010054969566 
9.550623062040797E-5 0.2139999977135275 -0.1416321226472227 0.37102982850193755 0.4740240279214652 0.5904201361854865 0.577933475302159 0.7645909918073968 0.7453650484970923 0.9378032132101455 0.899257369019888 0.9278666669238594 0.7573001467644593 0.9301307450436309 0.8326839369007921 0.9601288423851263 0.7504082516909698 0.9367449638992229 0.937911464235166 0.7356102327906822 0.689022692924228 0.8310467980444766 0.6728500488749618 0.5637620500769777 0.49236860937054006 0.41218953330529695 0.27085583352372805 0.17374480041145765 -7.677626518066971E-5 0.02304733056571475 
9.550623062040797E-5 0.2139999977135275 -0.1416321226472227 0.37102982850193755 0.4740240279214652 0.5904201361854865 0.577933475302159 0.7645909918073968 0.7453650484970923 0.9378032132101455 0.899257369019888 0.9278666669238594 0.7573001467644593 0.9301307450436309 0.8326839369007921 0.9601288423851263 0.7504082516909698 0.9367449638992229 0.937911464235166 0.7356102327906822 0.689022692924228 0.8310467980444766 0.6728500488749618 0.5637620500769777 0.49236860937054006 0.41218953330529695 0.27085583352372805 0.17374480041145765 -7.677626518066971E-5 0.02304733056571475 
1.402233704266931E-4 0.2106530762405256 0.16622222743771853 0.5497226792655268 0.4867503635501379 0.5820791550108778 0.6104417963275162 0.7680311675050506 0.8827474207759692 0.9269572866429968 0.890311340695785 0.924489944687734 0.8526921501029899 0.9319225882183823 0.8629256046642569 0.9704992686929504 0.9088893959101797 0.9390171908989061 0.9307295628055632 0.7989264999106357 0.681636203607009 0.7307205282146245 0.6785784128035698 0.5900704730426579 0.6891239230364076 0.34290822719410363 0.32717583301600917 0.16119866194926233 -0.010123398163369641 0.023006341318914096 
9.550623062040797E-5 0.2292809880638648 0.1553036220395535 0.37710054321400355 0.4893034153878768 0.5777092277510909 0.5892234525235136 0.7911967623798305 0.7704623008469019 0.9378032132101455 0.9570661198361392 0.9220149695777975 0.7502098040785573 0.9102273230241401 0.8409662433821639 0.9478893144217749 0.9109837139471738 0.9270506654552033 0.9419388783090867 0.7343067854944308 0.6895101067855538 0.6996099687994385 0.5653002651392613 0.6139337158591045 0.4992698643742028 0.4047128156871108 0.2846978211057934 0.18561580941925027 -0.06666894240746135 0.033034010054969566 
9.550623062040797E-5 0.2500278489289847 0.2547618637031508 0.35874593515043746 0.4740240279214652 0.5946580967354577 0.5848307205398456 0.7645909918073968 0.7424717525639125 0.928178534123366 0.9755890114147309 0.9278666669238594 0.8423500174411919 0.9267509867246094 0.8629256046642569 0.9796648392294737 0.9242768072610764 0.9367449638992229 0.937911464235166 0.7356102327906822 0.6725512657918998 0.8310467980444766 0.6728500488749618 0.5940329566391085 0.48636320256142485 0.3817190178196049 0.530243448024341 0.16860373462492595 -7.677626518066971E-5 0.02304733056571475 
9.550623062040797E-5 0.22224088398564246 0.32491688437720667 0.3561159622317001 0.4927579927999193 0.37216883202466977 0.5913791931813218 0.7694988424511356 0.7593804617102374 0.9171396776788726 0.9490999349022836 0.9149990187584846 0.7532065699451966 0.8399968072081478 0.8557831219069915 0.9787415799176862 0.9047306415989227 0.9270626642420681 0.9046886531472272 0.7329108974303836 0.6788486068485552 0.32727368164196613 0.6741756712880799 0.6074306963947368 0.4992698643742028 0.3854664602873888 0.28550044258010693 0.5373442994696054 -0.025237073709507014 0.02304733056571475 
9.550623062040797E-5 0.22224088398564246 0.32491688437720667 0.3561159622317001 0.4927579927999193 0.37216883202466977 0.5913791931813218 0.7694988424511356 0.7593804617102374 0.9171396776788726 0.9490999349022836 0.9149990187584846 0.7532065699451966 0.8399968072081478 0.8557831219069915 0.9787415799176862 0.9047306415989227 0.9270626642420681 0.9046886531472272 0.7329108974303836 0.6788486068485552 0.32727368164196613 0.6741756712880799 0.6074306963947368 0.4992698643742028 0.3854664602873888 0.28550044258010693 0.5373442994696054 -0.025237073709507014 0.02304733056571475 
0.0 0.2030980765843989 -0.15062565552874355 0.37102982850193755 0.473710845315482 0.588623959474958 0.5758388142669143 0.7715360667127665 0.9240860469999892 0.8893442058499297 0.899257369019888 0.9278666669238594 0.7573001467644593 0.9305199520216839 0.8326839369007921 0.9629804673423509 0.7586210861584257 0.9367449638992229 0.9378812450771629 0.7894510683412301 0.6885825230807525 0.7281165608895742 0.6709315437014208 0.5637620500769777 -0.3439462668341371 0.3134022305462665 0.27085583352372805 0.17374480041145765 -7.677626518066971E-5 0.051236860910949436 
0.0 0.23376110153696775 -0.14943533215946592 0.37102982850193755 0.4740240279214652 0.588623959474958 0.6110378875167244 0.7645909918073968 0.9319018745649379 0.894494636974998 0.9060208019277686 0.9278666669238594 0.7573001467644593 0.9353180471746748 0.23498923625259316 0.9653912729929013 0.9179451286403816 0.8408133206592576 0.937911464235166 0.7894510683412301 0.6928778444101097 0.7281165608895742 0.6709315437014208 0.5667785417894762 0.6926933587084185 0.41218953330529695 0.3135126352942832 0.17374480041145765 -0.013556636088050869 0.04124376992687211 
0.0 0.23376110153696775 -0.14943533215946592 0.36601132994935054 0.48210208258532233 0.6055388349004214 0.6104417963275162 0.7645909918073968 0.9319018745649379 0.8884426010091481 0.899257369019888 0.918285602858061 0.761062964370461 0.9228194154820006 0.8326839369007921 0.9547364695945537 0.8254244251768399 0.8443189423893883 0.9380474808289371 0.7967664394247377 0.6725512657918998 0.7281165608895742 0.6709315437014208 0.5857294800157542 0.6900612037860309 0.41218953330529695 0.32717583301600917 0.17374480041145765 -0.012324472006589416 0.023890892054332223 
0.0 0.23376110153696775 -0.15062565552874355 0.37102982850193755 0.473710845315482 0.588623959474958 0.6110378875167244 0.7715360667127665 0.9319018745649379 0.8893442058499297 0.899257369019888 0.9278666669238594 0.7573001467644593 0.9353180471746748 0.8326839369007921 0.9601288423851263 0.9179451286403816 0.9367449638992229 0.9201767023940923 0.7894510683412301 0.6885825230807525 0.7281165608895742 0.6709315437014208 0.5527153367880896 0.49236860937054006 0.3134022305462665 0.27085583352372805 0.17374480041145765 -0.022517095177371386 0.04124376992687211 
0.0 0.2030980765843989 0.7480678149032305 0.37102982850193755 0.473710845315482 0.5828103408228417 0.6110378875167244 0.7727549798430516 0.9319018745649379 0.894494636974998 0.899257369019888 0.9310895678104172 0.7523598061503541 0.9356269553735519 0.8352165313024148 0.9629804673423509 0.7672442049522322 0.8426635722335648 0.9378812450771629 0.8030548854901665 0.6895101067855538 0.7281165608895742 0.6796864728401196 0.6047251312003233 0.6823733734644863 0.4150691802461546 0.32717583301600917 0.17374480041145765 -0.011762933029421828 0.051236860910949436 
0.0 0.23376110153696775 -0.14943533215946592 0.37102982850193755 0.4740240279214652 0.588623959474958 0.6110378875167244 0.7645909918073968 0.9319018745649379 0.894494636974998 0.899257369019888 0.9278666669238594 0.7573001467644593 0.9356269553735519 0.8326839369007921 0.9601288423851263 0.9179451286403816 0.8408133206592576 0.937911464235166 0.7932770749167546 0.689022692924228 0.7281165608895742 0.6709315437014208 0.5667785417894762 0.6926933587084185 0.41218953330529695 0.32717583301600917 0.17374480041145765 -0.012324472006589416 0.03140761709482414 
0.0 0.2030980765843989 0.7480678149032305 0.37102982850193755 0.473710845315482 0.5828103408228417 0.6110378875167244 0.7727549798430516 0.9319018745649379 0.894494636974998 0.899257369019888 0.9310895678104172 0.7523598061503541 0.9356269553735519 0.8352165313024148 0.9629804673423509 0.7672442049522322 0.8426635722335648 0.9378812450771629 0.8030548854901665 0.6895101067855538 0.7281165608895742 0.6796864728401196 0.6047251312003233 0.6823733734644863 0.4150691802461546 0.32717583301600917 0.17374480041145765 -0.011762933029421828 0.051236860910949436 
0.0 0.23376110153696775 0.16622222743771853 0.3717770663156274 0.4867503635501379 0.5820791550108778 0.6104417963275162 0.7680311675050506 0.9319018745649379 0.9269572866429968 0.8335417354648362 0.924489944687734 0.7547986181249805 0.9317220456695214 0.8629256046642569 0.9704992686929504 0.9273717371553668 0.8426635722335648 0.937911464235166 0.8009093212593666 0.681636203607009 0.7307205282146245 0.6718463416586826 0.5900704730426579 0.6891239230364076 0.41019382341006166 0.32717583301600917 0.16627702371233447 -0.011762933029421828 0.030548158462515785 
0.0 0.23376110153696775 0.16622222743771853 0.36601132994935054 0.480559216760421 0.5849629181203813 0.6170196236317751 0.7645909918073968 0.9294189320955044 0.8884426010091481 0.8421202165727787 0.9302848874410526 0.7547986181249805 0.9228194154820006 0.8251082716831482 0.9547364695945537 0.9252971172050074 0.8443189423893883 0.9412264641607012 0.7967664394247377 0.6794624819898915 0.7334702445574451 0.9624180316956221 0.5863558177793726 0.6900612037860309 0.3817190178196049 0.32717583301600917 0.16627702371233447 -0.011762933029421828 0.02304733056571475 
0.0 0.23376110153696775 -0.14943533215946592 0.36601132994935054 0.48210208258532233 0.6055388349004214 0.6104417963275162 0.7645909918073968 0.9319018745649379 0.8884426010091481 0.899257369019888 0.918285602858061 0.761062964370461 0.9228194154820006 0.8326839369007921 0.9547364695945537 0.8254244251768399 0.8443189423893883 0.9380474808289371 0.7967664394247377 0.6725512657918998 0.7281165608895742 0.6709315437014208 0.5857294800157542 0.6900612037860309 0.41218953330529695 0.32717583301600917 0.17374480041145765 -0.012324472006589416 0.023890892054332223 
0.0 0.23376110153696775 -0.15062565552874355 0.37102982850193755 0.473710845315482 0.588623959474958 0.6110378875167244 0.7715360667127665 0.9319018745649379 0.8893442058499297 0.899257369019888 0.9278666669238594 0.7573001467644593 0.9353180471746748 0.8326839369007921 0.9601288423851263 0.9179451286403816 0.9367449638992229 0.9201767023940923 0.7894510683412301 0.6885825230807525 0.7281165608895742 0.6709315437014208 0.5527153367880896 0.49236860937054006 0.3134022305462665 0.27085583352372805 0.17374480041145765 -0.022517095177371386 0.04124376992687211 
0.0 0.23376110153696775 0.16622222743771853 0.36601132994935054 0.480559216760421 0.5849629181203813 0.6170196236317751 0.7645909918073968 0.9294189320955044 0.8884426010091481 0.8421202165727787 0.9302848874410526 0.7547986181249805 0.9228194154820006 0.8251082716831482 0.9547364695945537 0.9252971172050074 0.8443189423893883 0.9412264641607012 0.7967664394247377 0.6794624819898915 0.7334702445574451 0.9624180316956221 0.5863558177793726 0.6900612037860309 0.3817190178196049 0.32717583301600917 0.16627702371233447 -0.011762933029421828 0.02304733056571475 
0.0 0.22579489097255884 0.15795972833987026 0.37102982850193755 0.4867503635501379 0.588623959474958 0.6037009252121339 0.7680311675050506 0.9319018745649379 0.9269572866429968 0.8378963068588074 0.9278666669238594 0.7502098040785573 0.9317220456695214 0.8594560380576599 0.9643969800677581 0.9231769817701455 0.8426635722335648 0.937911464235166 0.7932770749167546 0.6895101067855538 0.7281165608895742 0.6528965733678321 0.6047251312003233 0.6891239230364076 0.41019382341006166 0.32717583301600917 0.19276094762444893 -0.011762933029421828 0.03048046684193939 
0.0 0.2106530762405256 0.16622222743771853 0.5497226792655268 0.49311099711851486 0.381437788794584 0.5888640808116188 0.7746587083557296 0.890873494286661 0.9269572866429968 0.9490999349022836 0.9149507496332452 0.8526921501029899 0.8399968072081478 0.8292452276440817 0.9787415799176862 0.9088893959101797 0.936291571147814 0.9018882878300588 0.7989264999106357 0.6911348713230168 0.7346016810929804 0.6816381408228241 0.5900704730426579 0.3800202321461328 0.34290822719410363 0.32276955105765354 0.16119866194926233 -0.010123398163369641 0.027775997374879027 
0.0 0.24606980949870544 0.25225353719797833 0.35874593515043746 0.473710845315482 0.5946580967354577 0.5888640808116188 0.7715360667127665 0.882492764891533 0.8893442058499297 0.9072525965275638 0.9149507496332452 0.8423500174411919 0.9353180471746748 0.8727505081656797 0.9787415799176862 0.910973627144086 0.93009493053413 0.937911464235166 -0.9636387571708336 0.6725512657918998 0.7444867365948957 0.6816381408228241 0.5940329566391085 0.482601864475458 0.3817190178196049 0.27085583352372805 0.17374480041145765 0.013577680848377294 0.04124376992687211 
