1.8387428680752294 0.014928026494012338 
1.1179493074161546 0.02204112878388507 
1.0476816397125348 0.029259527782800852 
1.0364488991721235 0.04047986290982511 
1.0274378341843613 0.04178551590646977 
1.0193548232914564 0.0558232161989687 
1.0090659824754236 0.06402907966278072 
1.0167963112984957 0.07669210737166889 
1.0090659824754236 0.06402907966278072 
1.0090447372842808 0.0852475412122394 
1.0082191160970781 0.10530560125172185 
1.0090447372842808 0.0852475412122394 
1.0065606984544693 0.12387154101021225 
1.0102364153054306 0.1277231079272098 
1.0065606984544693 0.12387154101021225 
1.0057361079770046 0.15547961980111408 
1.0033501115283714 0.1222033089140116 
1.0033916943523282 0.09781050089068744 
1.0033501115283714 0.1222033089140116 
1.003488821149239 0.1553091374010276 
1.0014600674444933 0.21751874065791424 
1.004022139915509 0.22119372532402207 
1.0014600674444933 0.21751874065791424 
1.003488821149239 0.1553091374010276 
1.003322658769024 0.2106119430359015 
1.0012257354840806 0.2860258314536217 
1.0033559853984815 0.29434425616207865 
1.0019018670805393 0.20833601625118686 
1.0023361724526474 0.307273847606806 
1.0012257354840806 0.2860258314536217 
1.002340184740483 0.3010045507179873 
1.0020949598583304 0.3876505777929815 
1.002340184740483 0.3010045507179873 
1.0019018670805393 0.20833601625118686 
1.001618511808408 0.4318827321306833 
1.001997969942384 0.4312989732747383 
1.0022344280879039 0.40763430777540266 
1.0022344280879039 0.40763430777540266 
1.0023361724526474 0.307273847606806 
1.0021857928643316 0.3155379737447334 
1.0020949598583304 0.3876505777929815 
1.001997969942384 0.4312989732747383 
1.001618511808408 0.4318827321306833 
0.9464450613766122 0.6269992035670188 
0.9464450613766122 0.6269992035670188 
0.7762489398425855 0.6269315592074842 
0.8174147986392613 0.6255265287485706 
0.8174147986392613 0.6255265287485706 
0.7444767545241235 0.626421287297274 
0.6491081613245516 0.6250702519164527 
0.736078821175409 0.6279729223900591 
0.7140489210539116 0.6272166717412099 
0.6936939939197189 0.6271297739661569 
0.6491081613245516 0.6250702519164527 
0.6836051049884297 0.6283723651075158 
0.6511794691357695 0.6287040552803332 
0.6511794691357695 0.6287040552803332 
0.6340179529551754 0.6297360804462554 
0.6075938592541024 0.6304950285838741 
0.5824335964518491 0.6319060022449615 
0.5824335964518491 0.6319060022449615 
0.5588504880950371 0.631440906617264 
0.5349047562459831 0.6341415916364685 
0.5301217935338147 0.6354056986159438 
0.505076611927888 0.635575107089476 
0.47963949470443135 0.6413118335035629 
0.47963949470443135 0.6413118335035629 
0.4643792377504855 0.6426540261814992 
0.4643792377504855 0.6426540261814992 
0.45655658220041206 0.6470272142107164 
0.44391702729839805 0.6517121722263375 
0.43547068757797813 0.6729341282792224 
0.43684381293029045 0.6953337518378542 
0.43684381293029045 0.6953337518378542 
0.43340770746625346 0.7494597045643416 
0.43248885500971956 0.7542704258259686 
0.4323210991833114 0.825506730998599 
0.4307669111481463 0.8115622413371236 
0.4308604208365839 0.7642285543035529 
0.4307669111481463 0.8115622413371236 
0.4308604208365839 0.7642285543035529 
0.3841879794486277 1.0815326401719225 
0.27334091922994164 1.0842668963487863 
0.3841879794486277 1.0815326401719225 
0.2990342230791031 1.0871591411931099 
0.34801842311043285 1.086680932142164 
0.33685661960899843 1.0862299038087735 
0.27334091922994164 1.0842668963487863 
0.31319130545169227 1.0862649831542166 
0.3023500809232447 1.082881918262893 
0.2709136306524987 1.0896084884091193 
0.2709136306524987 1.0896084884091193 
0.23189143067627657 1.0927668827987669 
0.2276765621987346 1.0972284514271222 
0.2276765621987346 1.0972284514271222 
0.22777621691956104 1.1212320350081573 
0.21661494274751047 1.1700438801568758 
0.21484787794664623 1.481185468517268 
0.21504393785696113 1.2618025156377097 
0.21458646587190225 2.3677104971868945 
