1.0 0.2107664837077562 0.32897085511753993 0.4066233583797029 0.5121089738969478 0.5937498545413388 0.6605603411455534 0.758442576180683 0.8015257101742026 0.8652180053201423 0.9083279606918195 0.9518032556230728 -0.6141325106662576 0.9877439776096475 1.0 0.980794416637227 0.9421602370857888 0.965657607551664 0.9186969384967846 0.8732343502291824 0.8065299395538552 0.7491710478984542 0.6742327171256446 0.5917384208069908 0.5055785375414873 0.4217573852608705 0.2970842285398227 0.1937480986588481 0.12091896169801856 -0.011379664138231832 
1.0 0.21860645851513444 0.32897085511753993 0.41257529811241334 0.5820269185740985 0.5875593174148606 0.6765159919022432 0.734496955525711 0.8163032611808304 0.8568387363046678 0.9191606493451949 0.9531339102407892 0.9433797644581775 0.9826346733183821 0.9958989905457992 0.9814932403500077 0.942450768671348 0.959261119286145 0.9273782215805654 0.8780657055187167 0.8178267891952679 0.7609566324055511 0.6934459072763732 0.6038652533840937 0.48860768689774053 0.4261229111860242 0.3108248570061624 0.19982896313268586 0.09765244852794701 0.0139784344706614 
0.9998258643224965 0.2107664837077562 0.33754294382126776 0.4066233583797029 0.5160707297753924 0.5958989763962493 0.6637525650200785 0.758442576180683 0.8015257101742026 0.8652180053201423 0.9083279606918195 0.9560557348810975 0.9806130304472448 0.9576629046252666 1.0 0.982345936149652 0.9776542056870802 0.9557786584784118 0.9166121037073114 0.8722961631828233 0.8066251217148045 0.7402911470549383 0.6883663894473021 0.6038652533840937 0.5487824097137584 0.4217573852608705 0.2970842285398227 0.2185281475121375 0.10632845643194669 0.014834220576471624 
0.9998258643224965 0.21860645851513444 0.3298943165619644 0.4066233583797029 0.516768102704316 0.613975775273152 0.6824531290204819 0.7338563508132505 0.8147734024012069 0.8568387363046678 0.9236327712958574 0.9368572328439758 0.978719069490057 0.9576629046252666 1.0 0.9922482959992606 0.9776542056870802 0.9429721012653652 0.9166121037073114 0.8722961631828233 0.7855698715349533 0.7609566324055511 0.6934459072763732 0.6038652533840937 0.48860768689774053 0.4253953668530949 0.29769429557509264 0.2185281475121375 0.09765244852794701 0.014834220576471624 
1.0 0.2107664837077562 0.31185317628069464 0.4066233583797029 0.4903180335315142 0.5958989763962493 0.6605603411455534 0.758442576180683 0.8100344270077322 0.8652180053201423 0.9062424420912616 0.9623071446372292 0.986846670485988 0.9640567993804416 0.9915706253370755 0.9976119693348664 0.9866272339942245 0.9453777122875581 0.9166121037073114 0.8699981937831114 0.7689066259372876 0.7328893744522561 0.6653787298136222 0.6315537098115835 0.5112622950453398 0.420542450481393 0.2970842285398227 0.216774915506779 0.09701035626409112 0.014834220576471624 
1.0 0.2131631077649434 0.32897085511753993 0.40214555838535787 0.5160707297753924 0.5958989763962493 0.6637525650200785 0.734496955525711 0.8134947004996435 0.8250660626835624 0.9097294347942408 0.9653966249248933 0.9806130304472448 0.9576629046252666 0.9988390227755684 0.982345936149652 0.9837703160590825 0.959261119286145 0.9221403341234904 0.8722961631828233 0.8066251217148045 0.7670223477361124 0.6934459072763732 0.6038652533840937 0.48860768689774053 0.427156561377869 0.29812964086898147 0.2185281475121375 0.10632845643194669 0.0139784344706614 
1.0 0.20547583137482153 0.31205480257944085 0.3979416929522892 0.5036025048270154 0.5814890271680252 0.67334648943317 0.7262343791240774 0.8006711756808716 0.8583560635235534 0.9183058697392815 0.9516601426929276 0.9668026970933754 0.9517137610380452 0.990844262846753 0.9935152961380342 0.9807026213332828 0.9408598107928005 0.9148389933249761 0.8811926461608314 0.7986372209216718 0.7827584047061862 0.684681637145777 0.5768002743959263 0.5034029840998542 0.36916624284818145 0.3166568212297005 0.20344524795274666 0.10808818762525439 -0.016653745983072933 
1.0 0.22937272844347584 0.32096680717044684 0.3979416929522892 0.5036025048270154 0.6093341138307137 0.67334648943317 0.734496955525711 0.8112598366692287 0.8942564135320292 0.9183058697392815 0.945819744176302 0.9668026970933754 0.9580505532438164 0.990844262846753 0.9935152961380342 0.955682052605961 0.9408598107928005 0.9198277113181267 0.8732343502291824 0.7986372209216718 0.7911952981990139 0.67324643238059 0.5768002743959263 0.5141209525214117 0.4439267923476059 0.29769429557509264 0.20344524795274666 0.11137229496702367 -0.0035177194035387327 
1.0 0.20547583137482153 0.31205480257944085 0.3979416929522892 0.5036025048270154 0.5814890271680252 0.67334648943317 0.7262343791240774 0.8006711756808716 0.8583560635235534 0.9183058697392815 0.9516601426929276 0.9668026970933754 0.9517137610380452 0.990844262846753 0.9935152961380342 0.9807026213332828 0.9408598107928005 0.9148389933249761 0.8811926461608314 0.7986372209216718 0.7827584047061862 0.684681637145777 0.5768002743959263 0.5034029840998542 0.36916624284818145 0.3166568212297005 0.20344524795274666 0.10808818762525439 -0.016653745983072933 
1.0 0.16234451749887757 0.31185317628069464 0.40214555838535787 0.4776654919122829 0.610088692599063 0.6677389697866261 0.7516244227479343 0.8066756452570091 0.838317537540746 0.9106223560976744 0.9516601426929276 0.9733972234977153 0.9640567993804416 1.0 0.9936879308157148 0.9727441576585332 0.9566352212786915 0.9186969384967846 0.8746258842675988 0.8077641603944675 0.7016387538366323 0.6653787298136222 0.5946583484178842 0.503388850607751 0.4408010014262314 0.32033002308126135 0.22609881487231215 0.09912045205012995 -0.017368740591893424 
1.0 0.21208882381148025 0.3008225337173536 0.4201944467058516 0.5085835982792076 0.5365633277140467 0.6605603411455534 0.7385525938715483 0.8142729805416429 0.8467472898068081 0.9104606924078699 0.9535761702346045 0.9890669354649224 0.9688882995593011 0.988149149492765 0.9842639780829154 0.9746445989000174 0.9366313001257274 0.9151081071348796 0.8681249856088986 0.8096568925390228 0.7962611456105708 0.6592931462016621 0.5671146830896108 0.5038969277277254 0.36218343942990827 0.3006656842536239 0.21046375750892482 0.10263572835618882 -0.023921867268151355 
1.0 0.16234451749887757 0.31185317628069464 0.40214555838535787 0.4776654919122829 0.610088692599063 0.6677389697866261 0.7516244227479343 0.8066756452570091 0.838317537540746 0.9106223560976744 0.9516601426929276 0.9733972234977153 0.9640567993804416 1.0 0.9936879308157148 0.9727441576585332 0.9566352212786915 0.9186969384967846 0.8746258842675988 0.8077641603944675 0.7016387538366323 0.6653787298136222 0.5946583484178842 0.503388850607751 0.4408010014262314 0.32033002308126135 0.22609881487231215 0.09912045205012995 -0.017368740591893424 
1.0 0.20878090007582317 0.30786179308860484 0.40214555838535787 0.49983915268262963 0.5817664460393513 0.6661998259669174 0.7461189076298754 0.8142729805416429 0.8250660626835624 0.9006585989285899 0.9590376558853264 0.9693042211283697 0.9459844493702068 0.9979440202894116 1.0 0.9727441576585332 0.9087843426185184 0.9216895771925875 0.8746258842675988 0.8049773837274584 0.782045264298436 0.6680879471062529 0.6264803429571806 0.5022154792167564 0.4487400721448207 0.3166568212297005 0.2358684217434007 0.09424770752404633 -0.010788705022950706 
0.9999356486028121 0.16234451749887757 0.31205480257944085 0.4121689183286998 0.5010296629806021 0.5903841304960055 0.6699834719963172 0.7399175823842011 0.8096083440322904 0.8583560635235534 0.9106223560976744 0.9465224070679767 0.9668026970933754 0.9443641522192079 0.990844262846753 1.0 0.9763730875636413 0.9408598107928005 0.9186969384967846 0.9078429929457403 0.8015952702819245 0.7016387538366323 0.684681637145777 0.6264803429571806 0.5022154792167564 0.4408010014262314 0.318777458306519 0.23188015506079981 0.09095697347952961 0.028966281663054566 
1.0 0.20878090007582317 0.30786179308860484 0.40214555838535787 0.49983915268262963 0.5817664460393513 0.6661998259669174 0.7461189076298754 0.8142729805416429 0.8250660626835624 0.9006585989285899 0.9590376558853264 0.9693042211283697 0.9459844493702068 0.9979440202894116 1.0 0.9727441576585332 0.9087843426185184 0.9216895771925875 0.8746258842675988 0.8049773837274584 0.782045264298436 0.6680879471062529 0.6264803429571806 0.5022154792167564 0.4487400721448207 0.3166568212297005 0.2358684217434007 0.09424770752404633 -0.010788705022950706 
1.0 0.20491004075556082 0.31185317628069464 0.42082862850340685 0.4900968716956664 0.610088692599063 0.674826931726572 0.735606357812046 0.8163032611808304 0.838317537540746 0.9166353582198924 0.9492781183546959 0.986846670485988 0.9640567993804416 0.996131691142037 0.9976119693348664 0.9786723485955425 0.9497202241670839 0.9186969384967846 0.8732343502291824 0.8077641603944675 0.7092725792281365 0.6653787298136222 0.6315537098115835 0.5055785375414873 0.3655154289561047 0.32033002308126135 0.23335764269971437 0.1062778054413926 0.5116173698016653 
1.0 0.2009896653828376 0.30786179308860484 0.4121689183286998 0.5010296629806021 0.5817664460393513 0.6661998259669174 0.7461189076298754 0.8137665907513393 0.866710284525144 0.9067229513368869 0.9465224070679767 0.9732386999684813 0.9459844493702068 0.995579739717718 1.0 0.9763730875636413 0.9142380281619792 0.9151081071348796 0.8746258842675988 0.8082055329128287 0.7125127497972906 0.6680879471062529 0.6264803429571806 0.5022154792167564 0.44958042941737003 0.3166568212297005 0.25692730460163526 0.11430302542188626 0.030815932886531838 
1.0 0.20567377768986048 0.30786179308860484 0.43048331293401926 0.5065083444570202 0.6089774090447395 0.6661998259669174 0.7502491328705431 0.8142729805416429 0.8605881032402045 0.9136046856630451 0.9514623000766023 0.9697906686745329 0.9867920482745955 0.9981983901438427 1.0 0.9837212092405226 0.9087843426185184 0.9151081071348796 0.8730828355806577 0.8045533273878578 0.7699991919823284 0.6744040440042697 0.6338775220862719 0.503388850607751 0.36253164226865997 0.31569805282304236 0.22890329098311332 0.1062778054413926 -0.03115423698616604 
1.0 0.2009896653828376 0.30786179308860484 0.4121689183286998 0.5010296629806021 0.5817664460393513 0.6661998259669174 0.7461189076298754 0.8137665907513393 0.866710284525144 0.9067229513368869 0.9465224070679767 0.9732386999684813 0.9459844493702068 0.995579739717718 1.0 0.9763730875636413 0.9142380281619792 0.9151081071348796 0.8746258842675988 0.8082055329128287 0.7125127497972906 0.6680879471062529 0.6264803429571806 0.5022154792167564 0.44958042941737003 0.3166568212297005 0.25692730460163526 0.11430302542188626 0.030815932886531838 
1.0 0.17311825687394325 0.30171870438575454 0.4115313343241109 0.49718543881936045 0.5936047106120116 0.6598516151192463 0.731308782120735 0.8137665907513393 0.8268532017411826 0.9166353582198924 0.9561376393012925 0.9732386999684813 0.951243821713222 1.0 0.9933700387040879 0.9793325862739839 0.9317127122631104 0.9124384355635383 0.8673565806164482 0.8082055329128287 0.7294991036961029 0.6686706888809372 0.6627522327234112 0.4934954094848456 0.44666263811546714 0.31605307006402633 0.25244966363456245 0.1062778054413926 -0.018957848816010158 
1.0 0.21366207988822145 0.30786179308860484 0.29926120807591805 0.5037260840454965 0.5936047106120116 0.6661998259669174 0.7502491328705431 0.8142729805416429 0.8268532017411826 0.9166353582198924 0.9518911149708866 0.9732386999684813 0.9611788990237863 1.0 0.9919446958521658 0.9793325862739839 0.8987736396423415 0.9151081071348796 0.875732949333085 0.8047814710227654 0.7564799821276075 0.6697150504594369 0.6190009432707998 0.5036983685650608 0.44666263811546714 0.3074901175433966 0.24953812331011008 0.1062778054413926 -0.018957848816010158 
1.0 0.21208882381148025 0.30786179308860484 0.4121689183286998 0.5022612683559481 0.5995442994533592 0.6646150354576482 0.7419814741761898 0.8100914047854202 0.8268532017411826 0.9097294347942408 0.9537751777395223 0.9732386999684813 0.9449744910764676 0.9987991397019848 1.0 0.9678523042868173 0.9087843426185184 0.9077178791173991 0.8739192674096065 0.8081929472492013 0.7125127497972906 0.6635430418697119 0.6280802041076862 0.503388850607751 0.44932284989535 0.316533645067431 0.24953812331011008 0.11086062238836336 -0.43476477816430936 
1.0 0.21366207988822145 0.30786179308860484 0.29926120807591805 0.5037260840454965 0.5936047106120116 0.6661998259669174 0.7502491328705431 0.8142729805416429 0.8268532017411826 0.9166353582198924 0.9518911149708866 0.9732386999684813 0.9611788990237863 1.0 0.9919446958521658 0.9793325862739839 0.8987736396423415 0.9151081071348796 0.875732949333085 0.8047814710227654 0.7564799821276075 0.6697150504594369 0.6190009432707998 0.5036983685650608 0.44666263811546714 0.3074901175433966 0.24953812331011008 0.1062778054413926 -0.018957848816010158 
1.0 0.17311825687394325 0.30171870438575454 0.4115313343241109 0.49718543881936045 0.5936047106120116 0.6598516151192463 0.731308782120735 0.8137665907513393 0.8268532017411826 0.9166353582198924 0.9561376393012925 0.9732386999684813 0.951243821713222 1.0 0.9933700387040879 0.9793325862739839 0.9317127122631104 0.9124384355635383 0.8673565806164482 0.8082055329128287 0.7294991036961029 0.6686706888809372 0.6627522327234112 0.4934954094848456 0.44666263811546714 0.31605307006402633 0.25244966363456245 0.1062778054413926 -0.018957848816010158 
1.0 0.2052933598108862 0.3154568834736891 0.4121689183286998 0.5022612683559481 0.5909178662471157 0.6646150354576482 0.735606357812046 0.8137665907513393 0.8268532017411826 0.9166353582198924 0.9465224070679767 0.9732386999684813 0.9611788990237863 0.9987991397019848 0.9919446958521658 0.9763730875636413 0.4512095490530732 0.9033698607404478 0.8739192674096065 0.8082055329128287 0.7125127497972906 0.6719093630322406 0.635559488752469 0.5036983685650608 0.44932284989535 0.31155910053396246 0.24953812331011008 0.10978748148639285 0.0644444810089646 
1.0 0.20822214392121777 0.30786179308860484 0.42242948748803527 0.5027639188161808 0.602373416294254 0.6661998259669174 0.7419814741761898 0.8142729805416429 0.8583560635235534 0.9136046856630451 0.9518911149708866 0.9765719538810045 0.9449744910764676 0.9981983901438427 0.9268060057539194 0.9793325862739839 0.9029350013730748 0.9151081071348796 0.875732949333085 0.8045533273878578 0.7641810165069491 0.6653307510530931 0.6264803429571806 0.503388850607751 0.9160190719033807 0.3074901175433966 0.6498785124024187 0.1062778054413926 -0.023949357318662826 
1.0 0.17610613647056628 0.3099091591036669 0.4115313343241109 0.5013679514297376 0.5909178662471157 0.6598516151192463 0.7298194308274216 0.8137665907513393 0.8268532017411826 0.9166353582198924 0.9465224070679767 0.975685797472049 0.9658605287249544 0.9987991397019848 0.9960311536527562 0.9763730875636413 0.9087843426185184 0.9124384355635383 0.8715494626899897 0.8082055329128287 0.7294991036961029 0.6754896942887656 0.9736114720376263 0.5062732423883768 0.44932284989535 0.31605307006402633 0.24953812331011008 0.10978748148639285 0.0644444810089646 
1.0 0.20878090007582317 0.30786179308860484 0.42242948748803527 0.49765251009375827 0.5947757038937143 0.6661998259669174 0.7502491328705431 0.8142729805416429 0.8583560635235534 0.9136046856630451 0.9601728737629105 0.9765719538810045 0.9449744910764676 1.0 1.0 0.9837212092405226 0.8987736396423415 0.9188435045608354 0.8802140171782354 0.8105381557164519 0.7774771787998025 0.6653307510530931 0.6264803429571806 0.503388850607751 0.5147159583888528 0.3074901175433966 0.22890329098311332 0.09912045205012995 -0.021946530934470146 
1.0 0.21337734833693725 0.3099091591036669 0.4115313343241109 0.5013679514297376 0.602373416294254 0.6661998259669174 0.740439510466427 0.8137665907513393 0.8268532017411826 0.9176487519436204 0.951030821659925 0.9726438770793059 0.8527847654894625 0.9981983901438427 1.0 0.9793325862739839 0.9087843426185184 0.9151081071348796 0.875732949333085 0.8142468432221711 0.7559825964996294 0.6754896942887656 0.6325991589701602 0.503388850607751 0.3658129503162472 0.3064681423387518 0.24953812331011008 0.10984445933858211 0.0644444810089646 
1.0 0.20822214392121777 0.30786179308860484 0.42242948748803527 0.5027639188161808 0.602373416294254 0.6661998259669174 0.7419814741761898 0.8142729805416429 0.8583560635235534 0.9136046856630451 0.9518911149708866 0.9765719538810045 0.9449744910764676 0.9981983901438427 0.9268060057539194 0.9793325862739839 0.9029350013730748 0.9151081071348796 0.875732949333085 0.8045533273878578 0.7641810165069491 0.6653307510530931 0.6264803429571806 0.503388850607751 0.9160190719033807 0.3074901175433966 0.6498785124024187 0.1062778054413926 -0.023949357318662826 
1.0 0.2030511892418594 0.30410563625963144 0.4115313343241109 0.5024940184574898 0.5967338275267835 0.6738195068866004 0.7362476078540646 0.8056079013410449 0.8291495822188746 0.9097294347942408 0.9537751777395223 0.9732386999684813 0.8527847654894625 0.9981983901438427 0.9918179651193223 0.9727441576585332 0.9087843426185184 0.9151081071348796 0.8790922808783633 0.8144748619810166 0.7559825964996294 0.6653787298136222 0.6325991589701602 0.503388850607751 0.44535519458850037 0.3064681423387518 0.23430714348694195 0.1062778054413926 0.07114391522360752 
1.0 0.20567377768986048 0.31063557670610087 0.4021564150602848 0.5024940184574898 0.602373416294254 0.6711266495722417 -0.2527727771198247 0.8055032405552468 0.8214817506862959 0.9176487519436204 0.9422780375070674 0.9693042211283697 0.9492787245064851 0.9987991397019848 0.9953990597737046 0.9729668460015287 0.9087843426185184 0.9151081071348796 0.8730828355806577 0.8077641603944675 0.7115149693661386 0.6653787298136222 0.6280802041076862 0.5028859119606766 0.3658129503162472 0.3108248570061624 0.23740234472877997 0.1062778054413926 -0.016653745983072933 
1.0 0.2030511892418594 0.30410563625963144 0.4115313343241109 0.5024940184574898 0.5967338275267835 0.6738195068866004 0.7362476078540646 0.8056079013410449 0.8291495822188746 0.9097294347942408 0.9537751777395223 0.9732386999684813 0.8527847654894625 0.9981983901438427 0.9918179651193223 0.9727441576585332 0.9087843426185184 0.9151081071348796 0.8790922808783633 0.8144748619810166 0.7559825964996294 0.6653787298136222 0.6325991589701602 0.503388850607751 0.44535519458850037 0.3064681423387518 0.23430714348694195 0.1062778054413926 0.07114391522360752 
1.0 0.20878090007582317 0.30786179308860484 0.42242948748803527 0.49765251009375827 0.5947757038937143 0.6661998259669174 0.7502491328705431 0.8142729805416429 0.8583560635235534 0.9136046856630451 0.9601728737629105 0.9765719538810045 0.9449744910764676 1.0 1.0 0.9837212092405226 0.8987736396423415 0.9188435045608354 0.8802140171782354 0.8105381557164519 0.7774771787998025 0.6653307510530931 0.6264803429571806 0.503388850607751 0.5147159583888528 0.3074901175433966 0.22890329098311332 0.09912045205012995 -0.021946530934470146 
1.0 0.2052933598108862 0.31063557670610087 0.40214555838535787 0.4951905465198823 0.587770440715143 0.6671789168757261 0.731308782120735 0.8072061414238526 0.8250660626835624 0.9166353582198924 0.9469215148942867 0.9724545342012723 0.951243821713222 0.9987991397019848 0.9958232393567618 0.9763730875636413 0.9317127122631104 0.9151081071348796 0.8685792832029409 0.8082055329128287 -0.1903701976558421 0.6686706888809372 0.6480578298358589 0.5021755860858672 0.36633990149305695 0.31605307006402633 0.24538028041814725 0.1062778054413926 0.0644444810089646 
1.0 0.20491004075556082 0.3154568834736891 0.42082862850340685 0.5022612683559481 0.5817664460393513 0.6711266495722417 0.9599085921451598 0.8055032405552468 0.8165878579103106 0.9127192260429846 0.9492781183546959 0.9774875501473934 0.9663298913688149 0.9972234658199998 0.9919446958521658 0.9845672293595565 0.4512095490530732 0.9186969384967846 0.8811813965018962 0.8077641603944675 0.7165909483892035 0.6653787298136222 0.6315537098115835 0.5036983685650608 0.3658129503162472 0.3080474114720678 0.23740234472877997 0.1062778054413926 -0.016653745983072933 
1.0 0.21281547004394624 0.30410563625963144 0.4121689183286998 0.5024940184574898 0.5995442994533592 0.6689863278400522 0.740439510466427 0.8055032405552468 0.8251004828271558 0.9105704256827838 0.9537751777395223 0.9732386999684813 0.9449744910764676 1.0 1.0 0.9747957953065561 0.9087843426185184 0.9151081071348796 0.875732949333085 0.8142468432221711 0.7559825964996294 0.6653787298136222 0.6325991589701602 0.5072768365440463 0.62279996919103 0.3064681423387518 0.23740234472877997 0.1062778054413926 0.0644444810089646 
1.0 0.21281547004394624 0.30410563625963144 0.4121689183286998 0.5024940184574898 0.5995442994533592 0.6689863278400522 0.740439510466427 0.8055032405552468 0.8251004828271558 0.9105704256827838 0.9537751777395223 0.9732386999684813 0.9449744910764676 1.0 1.0 0.9747957953065561 0.9087843426185184 0.9151081071348796 0.875732949333085 0.8142468432221711 0.7559825964996294 0.6653787298136222 0.6325991589701602 0.5072768365440463 0.62279996919103 0.3064681423387518 0.23740234472877997 0.1062778054413926 0.0644444810089646 
1.0 0.21337734833693725 0.3099091591036669 0.4115313343241109 0.5013679514297376 0.602373416294254 0.6661998259669174 0.740439510466427 0.8137665907513393 0.8268532017411826 0.9176487519436204 0.951030821659925 0.9726438770793059 0.8527847654894625 0.9981983901438427 1.0 0.9793325862739839 0.9087843426185184 0.9151081071348796 0.875732949333085 0.8142468432221711 0.7559825964996294 0.6754896942887656 0.6325991589701602 0.503388850607751 0.3658129503162472 0.3064681423387518 0.24953812331011008 0.10984445933858211 0.0644444810089646 
1.0 0.8204377649613737 0.30786179308860484 0.42242948748803527 0.49407559737206597 0.5946626393687175 0.663196806979225 0.7375950994946542 0.8044891677978333 0.8250660626835624 0.9086540792687253 0.95104242427446 0.9765719538810045 0.952800883391418 1.0 0.986501381355336 0.9793325862739839 0.9527459003715214 0.9165187870842728 0.8679651644302101 0.8099129391743592 0.7641810165069491 0.662113862615313 0.635559488752469 0.5019774281977899 0.44932284989535 0.3108248570061624 0.2364040917144474 0.1062778054413926 -0.023949357318662826 
1.0 0.20567377768986048 0.31063557670610087 0.4021564150602848 0.5024940184574898 0.602373416294254 0.6711266495722417 -0.2527727771198247 0.8055032405552468 0.8214817506862959 0.9176487519436204 0.9422780375070674 0.9693042211283697 0.9492787245064851 0.9987991397019848 0.9953990597737046 0.9729668460015287 0.9087843426185184 0.9151081071348796 0.8730828355806577 0.8077641603944675 0.7115149693661386 0.6653787298136222 0.6280802041076862 0.5028859119606766 0.3658129503162472 0.3108248570061624 0.23740234472877997 0.1062778054413926 -0.016653745983072933 
1.0 0.20491004075556082 0.3154568834736891 0.42082862850340685 0.5022612683559481 0.5817664460393513 0.6711266495722417 0.9599085921451598 0.8055032405552468 0.8165878579103106 0.9127192260429846 0.9492781183546959 0.9774875501473934 0.9663298913688149 0.9972234658199998 0.9919446958521658 0.9845672293595565 0.4512095490530732 0.9186969384967846 0.8811813965018962 0.8077641603944675 0.7165909483892035 0.6653787298136222 0.6315537098115835 0.5036983685650608 0.3658129503162472 0.3080474114720678 0.23740234472877997 0.1062778054413926 -0.016653745983072933 
1.0 0.2052933598108862 0.31063557670610087 0.40214555838535787 0.4951905465198823 0.587770440715143 0.6671789168757261 0.731308782120735 0.8072061414238526 0.8250660626835624 0.9166353582198924 0.9469215148942867 0.9724545342012723 0.951243821713222 0.9987991397019848 0.9958232393567618 0.9763730875636413 0.9317127122631104 0.9151081071348796 0.8685792832029409 0.8082055329128287 -0.1903701976558421 0.6686706888809372 0.6480578298358589 0.5021755860858672 0.36633990149305695 0.31605307006402633 0.24538028041814725 0.1062778054413926 0.0644444810089646 
0.40274922653161155 0.9961271687197684 0.959143854197886 0.9847476535724455 0.9956502430933992 0.9270176907174934 0.9829211721922813 0.8337258659552941 0.7370609629032576 0.7062874831417515 0.6043280142716839 0.5391246153929086 0.45854968380699146 0.36470482555740547 0.24048777636705437 0.1569775316254284 0.6228540595937089 -0.047643592744636795 -0.15524031547855538 -0.2562590565416147 -0.36921937300541074 -0.4404908775960936 -0.5458025651432203 -0.6305814134788992 -0.711404619154186 -0.7782297510382336 -0.8482473763725189 -0.8872358621324745 -0.5856241150599326 -0.966286077079058 
0.40274922653161155 0.9961271687197684 0.959143854197886 0.9847476535724455 0.9956502430933992 0.9270176907174934 0.9829211721922813 0.8337258659552941 0.7370609629032576 0.7062874831417515 0.6043280142716839 0.5391246153929086 0.45854968380699146 0.36470482555740547 0.24048777636705437 0.1569775316254284 0.6228540595937089 -0.047643592744636795 -0.15524031547855538 -0.2562590565416147 -0.36921937300541074 -0.4404908775960936 -0.5458025651432203 -0.6305814134788992 -0.711404619154186 -0.7782297510382336 -0.8482473763725189 -0.8872358621324745 -0.5856241150599326 -0.966286077079058 
0.40274922653161155 0.9943619282384257 0.5189102888181739 0.993241333028631 0.9956502430933992 0.9341469913844637 0.8449394166889995 0.8365234738723467 0.8894130433925751 0.7071468711914113 0.6608719441725573 0.5446845244235862 0.4546144367490702 0.35570020586140333 0.2069734345203741 0.14795361694790457 0.034241766751037336 -0.05791720573572267 -0.15652246257768623 -0.2647105733953889 -0.3007544162691713 -0.45143174782622475 -0.5883791583815283 -0.6321250938582228 -0.7128478972477277 -0.7857958911531666 -0.838564527358179 -0.8972113347322436 -0.9707125105112099 -0.966286077079058 
0.40274922653161155 0.9947795641774781 0.9771306035607746 0.9925859388342612 0.6738089512290928 0.933299276887525 0.8532674216564244 0.8426369387413525 0.7418481897825658 0.7046046064813477 0.5991723733276589 0.5416284840380615 0.4621660347506857 0.35795810914782766 0.2111476262509969 0.15783308350481737 0.06048364388186371 -0.047474188646686094 -0.16009439625363475 -0.2526543675839395 -0.36382984900164894 -0.4527001576600851 -0.585364483338193 -0.6273847050840273 -0.7004504021256462 -0.7720535386434002 -0.8428088425097415 -0.8997917218755898 -0.9513088845584659 -0.96545879016128 
0.40274922653161155 0.9947795641774781 0.9771306035607746 0.9925859388342612 0.6738089512290928 0.933299276887525 0.8532674216564244 0.8426369387413525 0.7418481897825658 0.7046046064813477 0.5991723733276589 0.5416284840380615 0.4621660347506857 0.35795810914782766 0.2111476262509969 0.15783308350481737 0.06048364388186371 -0.047474188646686094 -0.16009439625363475 -0.2526543675839395 -0.36382984900164894 -0.4527001576600851 -0.585364483338193 -0.6273847050840273 -0.7004504021256462 -0.7720535386434002 -0.8428088425097415 -0.8997917218755898 -0.9513088845584659 -0.96545879016128 
0.40274922653161155 0.9961271687197684 0.959143854197886 0.9820575775172041 0.9956502430933992 0.9270176907174934 0.8940287389452608 0.8337258659552941 0.7416505880492691 0.7029874411738298 0.6594575668952599 0.5391246153929086 0.46102160484669963 0.35960540542515845 0.2069734345203741 0.155382660416883 0.05722197550009174 -0.05551640562622619 -0.15713617623684747 -0.26249306310923554 -0.35407154775016325 -0.45105664674329604 -0.5659530447585883 -0.6239184190741314 -0.706952550799775 -0.7857958911531666 -0.8482473763725189 -0.8906239534158457 -0.5856241150599326 -0.966286077079058 
0.40274922653161155 0.9947795641774781 0.96582331471789 0.9856574493973062 0.97454502902367 0.9281211092414158 0.9032218169272785 0.8365234738723467 0.2870652713504034 0.7050864744763755 0.5991723733276589 0.5416284840380615 0.4542252771501304 0.35795810914782766 0.36300731420081855 0.15754875521798842 0.053267507524885335 -0.052193600170054144 -0.1620240769878317 -0.26249306310923554 -0.36382984900164894 -0.4527001576600851 -0.5684692840722623 -0.6289270273981482 -0.706952550799775 -0.7732433308631332 -0.8428088425097415 -0.8997952589565877 -0.9621004045036695 -0.966286077079058 
0.40274922653161155 0.9907901931755944 0.5182566066416819 0.993241333028631 0.9956502430933992 0.9316202603012935 0.854808980771397 0.8365234738723467 0.7416505880492691 0.7071468711914113 0.6813574766342467 0.5456096432405176 0.4546144367490702 0.3711482978319733 0.36300731420081855 0.14795361694790457 0.039717112398335835 -0.056805791608368225 -0.15524031547855538 -0.2550215491021711 -0.2988943082342872 -0.45143174782622475 -0.5732155631537805 -0.6317737393627512 -0.7223753650047181 -0.780749402549513 -0.838564527358179 -0.8972113347322436 -0.9577122834334673 -0.9701150844452873 
0.40274922653161155 0.9993733102653489 0.96582331471789 0.9952004716373294 0.999927149270763 0.9362664828961981 0.7460223797853192 0.8389728004710676 0.7416505880492691 0.7064203283204453 0.6077288488839698 0.5492035206757481 0.4606960106516442 0.3711482978319733 0.25388818917271827 0.15912882698793257 0.053267507524885335 -0.05063231965916776 -0.15349627454517065 -0.2550215491021711 -0.2988943082342872 -0.45105664674329604 -0.5732155631537805 -0.6239184190741314 -0.7195322700083188 -0.7838231654129043 -0.838564527358179 -0.8972113347322436 -0.9527620290291035 -0.9701150844452873 
0.40274922653161155 0.9993733102653489 0.9605484226174169 0.9856574493973062 0.9956502430933992 0.927394549029185 0.9032218169272785 0.8365934466303848 0.7426148526957838 0.7089967351552922 0.6111689221107297 0.5520321387883261 0.4542252771501304 0.3711482978319733 0.2493913728945952 0.1569775316254284 0.6228540595937089 -0.047643592744636795 -0.15524031547855538 -0.2610479691179903 -0.2900640261942083 -0.4490047268109255 -0.5684692840722623 -0.6289270273981482 -0.730302713502898 -0.7857958911531666 -0.8302207115319976 -0.8896611189046932 -0.9621004045036695 -0.966286077079058 
0.40274922653161155 0.9947795641774781 0.96582331471789 0.9856574493973062 0.97454502902367 0.9281211092414158 0.9032218169272785 0.8365234738723467 0.2870652713504034 0.7050864744763755 0.5991723733276589 0.5416284840380615 0.4542252771501304 0.35795810914782766 0.36300731420081855 0.15754875521798842 0.053267507524885335 -0.052193600170054144 -0.1620240769878317 -0.26249306310923554 -0.36382984900164894 -0.4527001576600851 -0.5684692840722623 -0.6289270273981482 -0.706952550799775 -0.7732433308631332 -0.8428088425097415 -0.8997952589565877 -0.9621004045036695 -0.966286077079058 
0.40274922653161155 0.9943619282384257 0.96582331471789 0.993241333028631 0.97454502902367 0.9316202603012935 0.8924422066068362 0.833921165993681 0.2870652713504034 0.7071468711914113 0.6096716146804871 0.5460954178561384 0.4478996404667196 0.3711482978319733 0.36300731420081855 0.15754875521798842 0.05542300727494428 -0.042161131904111505 -0.15524031547855538 -0.26173302249744157 -0.2924900000581685 -0.4461118021992251 -0.5645729599035626 -0.6317737393627512 -0.7118033265859461 -0.780749402549513 -0.8428088425097415 -0.8997952589565877 -0.9577122834334673 -0.966286077079058 
0.40276534424173477 1.0 0.959143854197886 0.9830138421335552 0.999927149270763 0.933299276887525 0.8920470446276325 0.8360694939609254 0.7418481897825658 0.7071468711914113 0.6594575668952599 0.5409159094349741 0.46235898231014216 0.3711482978319733 0.2069734345203741 0.1569775316254284 0.06048364388186371 -0.05810456094660959 -0.15244753981923684 -0.2526543675839395 -0.371807840378734 -0.4453085323610306 -0.5789501117421424 -0.6321250938582228 -0.7115769784185018 -0.7857958911531666 -0.8490922915563609 -0.8997917218755898 -0.514437416807968 -0.966286077079058 
0.40276534424173477 1.0 0.959143854197886 0.9830138421335552 0.999927149270763 0.933299276887525 0.8920470446276325 0.8360694939609254 0.7418481897825658 0.7071468711914113 0.6594575668952599 0.5409159094349741 0.46235898231014216 0.3711482978319733 0.2069734345203741 0.1569775316254284 0.06048364388186371 -0.05810456094660959 -0.15244753981923684 -0.2526543675839395 -0.371807840378734 -0.4453085323610306 -0.5789501117421424 -0.6321250938582228 -0.7115769784185018 -0.7857958911531666 -0.8490922915563609 -0.8997917218755898 -0.514437416807968 -0.966286077079058 
0.40253261147801717 0.9961271687197684 0.954033260872482 0.993241333028631 0.9682693038181459 0.9247622990453161 0.8940287389452608 0.8385416995912158 0.7416505880492691 0.7029874411738298 0.6594575668952599 0.5456096432405176 0.4548364088006202 0.3711482978319733 0.36300731420081855 0.155382660416883 0.05542300727494428 -0.06244438713658812 -0.14549764522464553 -0.25017875130733513 -0.2988943082342872 -0.45105664674329604 -0.5732155631537805 -0.6317737393627512 -0.7183377102356896 -0.7857958911531666 -0.8482473763725189 -0.8972113347322436 -0.9592457090788442 -0.966286077079058 
0.40274922653161155 0.9907901931755944 0.9554787405638121 0.9820575775172041 0.9764044302213164 0.9316202603012935 0.8940287389452608 0.833921165993681 0.7434869525532344 0.6979263634522075 0.6681635674941546 0.5391246153929086 0.447158156201229 0.3711482978319733 0.36300731420081855 0.155382660416883 0.06708271843296568 -0.05551640562622619 -0.1648530273722888 -0.25785895754504706 -0.34558386569951655 -0.45105664674329604 -0.5659530447585883 -0.6409643647919785 -0.7243598380108055 -0.7857958911531666 -0.8482473763725189 -0.8972113347322436 -0.9492620431094773 -0.966286077079058 
0.40274922653161155 0.9911979478017575 0.96582331471789 0.9944522228900962 0.9609469930163151 0.9472261714452375 0.9003858864515965 0.8389728004710676 0.7382398674111784 0.7071468711914113 0.609393703366966 0.5356298364717063 0.4638320520054952 0.3732113805140379 0.2669419042618003 0.15912882698793257 0.05778950836066469 -0.043822864392940364 -0.15524031547855538 -0.25170446274100783 -0.36921937300541074 -0.4523181432733251 -0.5732155631537805 -0.6239184190741314 -0.27697063640660413 -0.7838231654129043 -0.8385991602040912 -0.8972113347322436 -0.936552406323856 -0.9701150844452873 
0.40274922653161155 0.9911979478017575 0.96582331471789 0.9944522228900962 0.9609469930163151 0.9472261714452375 0.9003858864515965 0.8389728004710676 0.7382398674111784 0.7071468711914113 0.609393703366966 0.5356298364717063 0.4638320520054952 0.3732113805140379 0.2669419042618003 0.15912882698793257 0.05778950836066469 -0.043822864392940364 -0.15524031547855538 -0.25170446274100783 -0.36921937300541074 -0.4523181432733251 -0.5732155631537805 -0.6239184190741314 -0.27697063640660413 -0.7838231654129043 -0.8385991602040912 -0.8972113347322436 -0.936552406323856 -0.9701150844452873 
0.40274922653161155 0.9993733102653489 0.9605484226174169 0.9957163718777371 0.9956502430933992 0.9378074963971812 0.8532674216564244 0.8350437900536938 0.7426148526957838 0.7071468711914113 0.6111689221107297 0.5289342323969055 0.44683892373073264 0.3711482978319733 0.23922895416052828 0.1569775316254284 0.04778702565159433 -0.047643592744636795 -0.15524031547855538 -0.25630813637342814 -0.2988943082342872 -0.4523181432733251 -0.5684692840722623 -0.6296540876016476 -0.730302713502898 -0.7890226829353 -0.8385991602040912 -0.8896611189046932 -0.9663510641611007 -0.9757711137017998 
0.40274922653161155 0.9993733102653489 0.9692334431026699 0.9952004716373294 0.9888026625504549 0.9316202603012935 0.9032218169272785 0.8458274396643705 0.7447604873491256 0.694704809597621 0.5972451785993168 0.5309866505392529 0.4647693912766461 0.3711482978319733 0.2493913728945952 0.15994573695336342 0.053771034356973293 -0.05063231965916776 -0.15524031547855538 -0.27277102650657215 -0.2900640261942083 -0.45105664674329604 -0.5684692840722623 -0.6239184190741314 -0.7115769784185018 -0.780892196679789 -0.8302207115319976 -0.8795009550476406 -0.9527620290291035 -0.9617227118646419 
0.40274922653161155 0.9943619282384257 0.9692334431026699 0.9925859388342612 0.9888026625504549 0.9362664828961981 0.887062230389592 0.8435778306781441 0.7447604873491256 0.694704809597621 0.5972451785993168 0.5460954178561384 0.4647693912766461 0.3795930900645827 0.2411774896032542 0.15263250611538387 0.048005999079582425 -0.053102298248555994 -0.14268637484034352 -0.27277102650657215 -0.29830439628664923 -0.45105664674329604 -0.5684692840722623 -0.6317737393627512 -0.7095520618909757 -0.780892196679789 -0.8482458743847539 -0.8795009550476406 -0.9577122834334673 -0.9757711137017998 
0.40276534424173477 0.9993733102653489 0.9703394642385554 0.9925859388342612 0.999927149270763 0.9362664828961981 0.8532674216564244 0.8350437900536938 0.7426148526957838 0.6938994299746382 0.6098509848040058 0.5369372935814405 0.4621660347506857 0.367358416778059 0.2674466622664559 0.15783308350481737 0.04899143851761077 -0.047643592744636795 -0.1507342653725889 -0.2526543675839395 -0.3620173576841062 -0.46057983324799073 -0.5789501117421424 -0.6273847050840273 -0.7115769784185018 -0.7890226829353 -0.8385991602040912 -0.8698927861890344 -0.9513088845584659 -0.9757711137017998 
0.40274922653161155 1.0 0.96582331471789 0.9847476535724455 0.9663606634583977 0.9346538885620275 0.9101434340471952 0.8154750699377571 0.7416364337151147 0.6938994299746382 0.6029011339017429 0.5309866505392529 0.46371476146023033 0.3699460728011554 0.2674466622664559 0.15994573695336342 0.05778950836066469 -0.03419286663024973 -0.1407642132254179 -0.26678703890974015 -0.3620173576841062 -0.44358692055440374 -0.5280398679920933 -0.6239184190741314 -0.6917231841773209 -0.780892196679789 -0.8472437941031772 -0.881665812981053 -0.9271405781554078 -0.9617227118646419 
0.40274922653161155 1.0 0.96582331471789 0.9847476535724455 0.9663606634583977 0.9346538885620275 0.9101434340471952 0.8154750699377571 0.7416364337151147 0.6938994299746382 0.6029011339017429 0.5309866505392529 0.46371476146023033 0.3699460728011554 0.2674466622664559 0.15994573695336342 0.05778950836066469 -0.03419286663024973 -0.1407642132254179 -0.26678703890974015 -0.3620173576841062 -0.44358692055440374 -0.5280398679920933 -0.6239184190741314 -0.6917231841773209 -0.780892196679789 -0.8472437941031772 -0.881665812981053 -0.9271405781554078 -0.9617227118646419 
0.40276534424173477 0.9993733102653489 0.96582331471789 0.9847476535724455 0.97454502902367 0.9414924632511255 0.9032218169272785 0.8350437900536938 0.7447604873491256 0.6938994299746382 0.6059754384188429 0.5329578790252134 0.45854968380699146 0.3732113805140379 0.2674466622664559 0.15976769403733507 0.05778950836066469 -0.04595526740750207 -0.1507342653725889 -0.25054263856688824 -0.3620173576841062 -0.42980513998146186 -0.5493631714499103 -0.6354097804010291 -0.7115769784185018 -0.7928602229394877 -0.8385991602040912 -0.8800668871465926 -0.9318892260966367 -0.9757711137017998 
0.40276534424173477 0.9993733102653489 0.96582331471789 0.9847476535724455 0.97454502902367 0.9414924632511255 0.9032218169272785 0.8350437900536938 0.7447604873491256 0.6938994299746382 0.6059754384188429 0.5329578790252134 0.45854968380699146 0.3732113805140379 0.2674466622664559 0.15976769403733507 0.05778950836066469 -0.04595526740750207 -0.1507342653725889 -0.25054263856688824 -0.3620173576841062 -0.42980513998146186 -0.5493631714499103 -0.6354097804010291 -0.7115769784185018 -0.7928602229394877 -0.8385991602040912 -0.8800668871465926 -0.9318892260966367 -0.9757711137017998 
0.40276534424173477 1.0 0.9778864635011116 0.9830900124938869 0.9675077064047146 0.9322921934806556 0.8532674216564244 0.8350437900536938 0.7785173457053597 0.6977830015258557 0.6124231128766858 0.5239717896618811 0.45854968380699146 0.37440147236235694 0.2702784038792716 0.16904451001032053 0.053771034356973293 -0.05246871933313204 -0.1507342653725889 -0.2540790903935417 -0.3600693280770113 -0.4631323619034623 -0.5513275402447219 -0.6184107338500096 -0.6997427284666489 -0.746793079940856 -0.8385991602040912 -0.8800668871465926 -0.9344038347579339 -0.9679698623737133 
0.40276534424173477 1.0 0.9842072151754537 0.9759074452430491 0.9678211671180652 0.9302627757606204 0.886547572593252 0.8390709761858581 0.7696860420887511 0.6810627232056311 0.6305591853937134 0.5416284840380615 0.4606960106516442 0.3495173247011041 0.25151590738821544 0.15054509883563094 0.030281321801393674 -0.042161131904111505 -0.15253650216466533 -0.2594776490764214 -0.36908182900707565 -0.458559847574676 -0.559278638032007 -0.6239184190741314 -0.7031637929768885 -0.7387737441300737 -0.8372092551386986 -0.8977988196456553 -0.9415166841801879 -0.9729183206653351 
0.40274922653161155 1.0 0.9944260610903802 0.9830900124938869 0.9678211671180652 0.9302627757606204 0.8931092774725639 0.8154750699377571 0.7785173457053597 0.6866115454905453 0.6305591853937134 0.5300622973404375 0.45727749367656634 0.33657676909586215 0.24418137432762613 0.1794298438502968 0.04467558653833909 -0.03419286663024973 -0.15288209508906983 -0.26678703890974015 -0.36369940871541134 -0.44358692055440374 -0.5340177679517268 -0.6477451208515637 -0.6997427284666489 -0.7740003883367289 -0.829798444006207 -0.9250507827420442 -0.9344038347579339 -0.9855002969767082 
0.40274922653161155 0.9774652815124116 0.9989439263720055 0.947575327068284 0.9723216840727443 0.940763250361217 0.8899313090329561 0.8231348515502329 0.7776479029782344 0.6868297957516698 0.6305591853937134 0.5283318669416733 0.46330726384778664 0.3760924912281088 0.2616132257808848 0.17008041080820052 0.04263676440747122 -0.030006884610294167 -0.15376641202179614 -0.26850475731618517 -0.3662167907007237 -0.41895014036387135 -0.534223300138617 -0.6515499373796181 -0.6997427284666489 -0.7986299715601726 -0.831746197364224 -0.9117648699624896 -0.9483473525590658 -0.9710480117804603 
0.40274922653161155 0.9774652815124116 0.9989439263720055 0.947575327068284 0.9723216840727443 0.940763250361217 0.8899313090329561 0.8231348515502329 0.7776479029782344 0.6868297957516698 0.6305591853937134 0.5283318669416733 0.46330726384778664 0.3760924912281088 0.2616132257808848 0.17008041080820052 0.04263676440747122 -0.030006884610294167 -0.15376641202179614 -0.26850475731618517 -0.3662167907007237 -0.41895014036387135 -0.534223300138617 -0.6515499373796181 -0.6997427284666489 -0.7986299715601726 -0.831746197364224 -0.9117648699624896 -0.9483473525590658 -0.9710480117804603 
0.40276534424173477 0.9706475635204748 1.0 0.9805491364178495 0.9773205110569545 0.9286318119599333 0.8931092774725639 0.8072334308661484 0.7785173457053597 0.6814271965403805 0.6305591853937134 0.5300622973404375 0.4616811106365526 0.3700100829508948 0.2625639279483086 0.1466347701847041 0.04961102738948172 -0.027840900720017246 -0.14563892580674737 -0.26678703890974015 -0.3633780158531409 -0.41895014036387135 -0.5435497581592053 -0.6584489487100588 -0.6997427284666489 -0.7754956296054413 -0.8398086467466599 -0.40307922585790656 -0.9327303260242289 -0.9716534601649287 
0.40274922653161155 0.9923008866681311 1.0 0.9830900124938869 0.9652211579740368 0.9322921934806556 0.8909166085673351 0.8231348515502329 0.7730507306653737 0.6913162155559692 0.6276400758194068 0.5186757064083818 0.46330726384778664 0.3858604851873186 0.26006225082594503 0.17008041080820052 0.054212548958233776 -0.036687278215477424 -0.14563892580674737 -0.7887741043136702 -0.35138434712013195 -0.45711632650709766 -0.5513275402447219 -0.6584489487100588 -0.7101275929735437 -0.8042604694444702 -0.8374938613826928 -0.9066378203030689 -0.9284185791959452 -0.9729183206653351 
0.40274922653161155 0.8602960039244452 1.0 0.9918615417063423 0.9659366173325756 0.9286318119599333 0.8931092774725639 0.8118553762057159 0.7785173457053597 0.6876949615541594 0.6276400758194068 0.5535606787723991 0.45727749367656634 0.36122875260704845 0.25363380377992056 0.14767223073332209 0.04484675521524792 -0.05136052812601146 -0.14563892580674737 -0.26678703890974015 -0.3633780158531409 -0.41895014036387135 -0.5513275402447219 -0.6584489487100588 -0.7063305877294833 -0.7754956296054413 -0.8374938613826928 -0.8983494475146595 -0.9284185791959452 -0.9461997342033495 
0.40276534424173477 1.0 1.0 0.8472639784700164 0.9678211671180652 0.9322921934806556 0.8909166085673351 0.8276136252754338 0.7785173457053597 0.6977830015258557 0.6305591853937134 0.5283318669416733 0.45028135989251145 0.37440147236235694 0.2608040370733107 0.14767223073332209 0.04961102738948172 -0.042690325633517996 -0.1507342653725889 -0.2615482062237448 -0.3633780158531409 -0.4631323619034623 -0.5521544057844986 -0.6584489487100588 -0.7063305877294833 -0.7947392473036886 -0.8374938613826928 -0.8942578842305966 -0.9284185791959452 -0.9729183206653351 
0.40274922653161155 0.9923008866681311 1.0 0.9830900124938869 0.9663152687728356 0.9286318119599333 0.8931092774725639 0.8411197363127693 0.778296505961055 0.6936676948556634 0.6276400758194068 0.5535606787723991 0.45727749367656634 0.36122875260704845 0.2625639279483086 0.1572384532200264 0.054212548958233776 -0.16663986096508698 -0.14563892580674737 -0.2585362547373888 -0.3566864498416183 -0.41895014036387135 -0.5513275402447219 -0.6107458004492593 -0.7101275929735437 -0.7754956296054413 -0.8374938613826928 -0.8983494475146595 -0.9344038347579339 -0.9729183206653351 
0.40276534424173477 1.0 1.0 0.8472639784700164 0.9678211671180652 0.9322921934806556 0.8909166085673351 0.8276136252754338 0.7785173457053597 0.6977830015258557 0.6305591853937134 0.5283318669416733 0.45028135989251145 0.37440147236235694 0.2608040370733107 0.14767223073332209 0.04961102738948172 -0.042690325633517996 -0.1507342653725889 -0.2615482062237448 -0.3633780158531409 -0.4631323619034623 -0.5521544057844986 -0.6584489487100588 -0.7063305877294833 -0.7947392473036886 -0.8374938613826928 -0.8942578842305966 -0.9284185791959452 -0.9729183206653351 
0.40274922653161155 0.9923008866681311 1.0 0.9830900124938869 0.9663152687728356 0.9286318119599333 0.8931092774725639 0.8411197363127693 0.778296505961055 0.6936676948556634 0.6276400758194068 0.5535606787723991 0.45727749367656634 0.36122875260704845 0.2625639279483086 0.1572384532200264 0.054212548958233776 -0.16663986096508698 -0.14563892580674737 -0.2585362547373888 -0.3566864498416183 -0.41895014036387135 -0.5513275402447219 -0.6107458004492593 -0.7101275929735437 -0.7754956296054413 -0.8374938613826928 -0.8983494475146595 -0.9344038347579339 -0.9729183206653351 
0.06946495762491027 0.9972162177232019 0.9875392508000159 0.9767195436624706 0.9815402666851435 0.9316936737255457 0.8929608985058036 0.8305058529751512 0.7870415420083272 0.7160358454855933 0.64708475863097 0.5423593460250024 0.029271791781322554 0.348469649221247 0.2567693802377524 0.15568862253938898 0.04846963962216347 -0.042357180480948206 -0.16394680569293316 -0.2671269931527556 -0.355153648698708 -0.450715786862428 -0.5542731196672083 -0.6430087354241809 -0.7056733866500929 -0.7813759038147094 -0.7704206395877008 -0.8827004287541762 -0.9381006565600716 -0.9764227319784308 
0.06946495762491027 0.9929716659417871 0.9760340101567277 0.9942076097738317 0.9740496371793607 0.9447439292449351 0.888436758408323 0.8305058529751512 0.7798087758389414 0.7094008867985435 0.6442598023768423 0.541302420911492 0.4660049027076909 0.3473410102576138 0.255707013245124 0.1466347701847041 0.04602982615439273 -0.05136052812601146 -0.15777658159714666 -0.2671269931527556 -0.355153648698708 -0.4626336218052477 -0.5554118957011217 -0.640788893684634 -0.7044704385803745 -0.7708704077324511 -0.771873774435983 -0.8918620871456701 -0.9265173874428034 -0.946162997635503 
0.06946495762491027 0.9972162177232019 0.9875392508000159 0.9767195436624706 0.9815402666851435 0.9316936737255457 0.8929608985058036 0.8305058529751512 0.7870415420083272 0.7160358454855933 0.64708475863097 0.5423593460250024 0.029271791781322554 0.348469649221247 0.2567693802377524 0.15568862253938898 0.04846963962216347 -0.042357180480948206 -0.16394680569293316 -0.2671269931527556 -0.355153648698708 -0.450715786862428 -0.5542731196672083 -0.6430087354241809 -0.7056733866500929 -0.7813759038147094 -0.7704206395877008 -0.8827004287541762 -0.9381006565600716 -0.9764227319784308 
0.06946495762491027 0.9951922025283666 0.9820016920030902 0.9856857367466874 0.9894728825173826 0.9447439292449351 0.8864568451520572 0.8349849664322291 0.7859196147498092 0.7160358454855933 0.6379625990498036 0.5423593460250024 0.45439561749865814 0.348469649221247 0.255707013245124 0.1466347701847041 0.04846963962216347 -0.0679507954716857 -0.15777658159714666 -0.2767484459130687 -0.35949683669779503 -0.4637219653176812 -0.5552414170848177 -0.640788893684634 -0.6965641450984169 -0.7872983981374567 -0.8404496394681104 -0.878587013562449 -0.850010132170536 -0.9621172434407218 
0.06946495762491027 1.0 0.9820016920030902 0.9856857367466874 0.9765670412206691 0.94450428283323 0.8896552988220774 0.8305058529751512 0.7842609889312186 0.7150009145263644 0.64708475863097 0.5361368022346061 0.45439561749865814 0.34673912424370873 0.255707013245124 0.1466347701847041 0.1353284449137062 -0.0679507954716857 -0.15777658159714666 -0.2767484459130687 -0.355153648698708 -0.4618637800897841 -0.5542731196672083 -0.6387290675925011 -0.7061815106171441 -0.7797595169720474 -0.7685661468431912 -0.8901116684593029 -0.9381006565600716 -0.9793446067826183 
0.06946495762491027 0.9966760094056445 0.989071615223381 0.9856857367466874 0.9863843329184263 0.9293225284559478 0.8802107221667169 0.8305058529751512 0.7749543365554418 0.7224938624340645 0.644301903989748 0.530059584082855 0.4451728219017141 0.3572745279965943 0.255707013245124 0.15818003195974675 0.05747224767606181 -0.0679507954716857 -0.15338325296034822 -0.2671269931527556 -0.35949683669779503 -0.4558309147887829 -0.5498914407320564 -0.6430087354241809 -0.6000340398018424 -0.7698218958528814 -0.8383084113508072 -0.8834600002715817 -0.9344852889275813 -0.9811293732653016 
0.06946495762491027 0.9929716659417871 0.9760340101567277 0.9942076097738317 0.9740496371793607 0.9447439292449351 0.888436758408323 0.8305058529751512 0.7798087758389414 0.7094008867985435 0.6442598023768423 0.541302420911492 0.4660049027076909 0.3473410102576138 0.255707013245124 0.1466347701847041 0.04602982615439273 -0.05136052812601146 -0.15777658159714666 -0.2671269931527556 -0.355153648698708 -0.4626336218052477 -0.5554118957011217 -0.640788893684634 -0.7044704385803745 -0.7708704077324511 -0.771873774435983 -0.8918620871456701 -0.9265173874428034 -0.946162997635503 
0.06946495762491027 1.0 1.0 0.9779187569735365 0.9894728825173826 0.9293225284559478 0.8867589389034085 0.8442063711818601 0.7951340436464367 0.7217260482445925 0.64708475863097 0.5361368022346061 0.45073157620289406 0.348469649221247 0.24635555971489476 0.15568862253938898 0.04846963962216347 -0.0679507954716857 -0.15777658159714666 -0.2671269931527556 -0.35949683669779503 -0.4585748806923317 -0.019439431762166892 -0.6430087354241809 -0.7064996586746201 -0.7872983981374567 -0.8383084113508072 -0.8827004287541762 -0.9283220201805898 -0.9793446067826183 
0.06946495762491027 0.9929716659417871 0.9875392508000159 0.9932662910269461 0.9765670412206691 0.9447439292449351 0.8864568451520572 0.8305058529751512 0.7870415420083272 0.7160358454855933 0.64708475863097 0.5423593460250024 0.45439561749865814 0.35344653345499394 0.255707013245124 0.1466347701847041 0.06914585167893027 -0.05136052812601146 -0.15122411614285147 -0.2671269931527556 -0.4005608653928123 -0.450715786862428 -0.5733719372500072 -0.640788893684634 -0.7056733866500929 -0.7708704077324511 -0.7704206395877008 -0.8901116684593029 -0.9344852889275813 -0.9847979032244032 
0.06946495762491027 1.0 0.995065993100234 0.9788278511591516 0.9894728825173826 0.9283811534531874 0.8896552988220774 0.8305058529751512 0.7951340436464367 0.7217260482445925 0.64708475863097 0.5361368022346061 0.5160951088497259 0.35023390013744415 0.24610774463514676 0.14733776667199108 0.04846963962216347 -0.0679507954716857 -0.15871168394390495 -0.2767484459130687 -0.35949683669779503 -0.4568124856156467 -0.5542731196672083 -0.6457639087180453 -0.7064996586746201 -0.7872983981374567 -0.8363101834461353 -0.8901116684593029 -0.9283220201805898 -0.9793446067826183 
0.06946495762491027 1.0 0.995065993100234 0.9788278511591516 0.9894728825173826 0.9283811534531874 0.8896552988220774 0.8305058529751512 0.7951340436464367 0.7217260482445925 0.64708475863097 0.5361368022346061 0.5160951088497259 0.35023390013744415 0.24610774463514676 0.14733776667199108 0.04846963962216347 -0.0679507954716857 -0.15871168394390495 -0.2767484459130687 -0.35949683669779503 -0.4568124856156467 -0.5542731196672083 -0.6457639087180453 -0.7064996586746201 -0.7872983981374567 -0.8363101834461353 -0.8901116684593029 -0.9283220201805898 -0.9793446067826183 
0.06946495762491027 1.0 0.9820016920030902 0.9856857367466874 0.9782590798868233 0.9447439292449351 0.8896552988220774 0.8360596938852087 0.7801062311255791 0.7224938624340645 0.64708475863097 0.5453003866176754 0.45439561749865814 0.35344653345499394 0.24926657730488896 0.14661331157188373 0.04846963962216347 -0.028676153079675082 -0.15817697345834755 -0.2594254462293517 -0.35866747423394923 -0.4740581543702844 -0.5733719372500072 -0.6425611321094056 -0.7061815106171441 -0.7796239069305374 -0.8252355123907763 -0.8901116684593029 -0.9344852889275813 -0.9844153638387398 
0.06946495762491027 1.0 1.0 0.9856857367466874 0.9877469918093827 0.9211226286666129 0.8915169101804901 0.8475488928602374 0.7801062311255791 0.7224938624340645 0.6442598023768423 0.540333510674225 0.4566870262328941 0.3290527259489262 0.2405867617766765 0.14661331157188373 0.04846963962216347 -0.05136052812601146 -0.15338325296034822 -0.26427129538458904 -0.355153648698708 -0.47348802492951614 -0.5469664304733743 -0.6477495255478348 -0.6928427067330518 -0.7698218958528814 -0.8252355123907763 -0.8954395075329595 -0.9344852889275813 -0.9788770834140751 
0.06946495762491027 1.0 1.0 0.9856857367466874 0.9877469918093827 0.9211226286666129 0.8915169101804901 0.8475488928602374 0.7801062311255791 0.7224938624340645 0.6442598023768423 0.540333510674225 0.4566870262328941 0.3290527259489262 0.2405867617766765 0.14661331157188373 0.04846963962216347 -0.05136052812601146 -0.15338325296034822 -0.26427129538458904 -0.355153648698708 -0.47348802492951614 -0.5469664304733743 -0.6477495255478348 -0.6928427067330518 -0.7698218958528814 -0.8252355123907763 -0.8954395075329595 -0.9344852889275813 -0.9788770834140751 
0.06946495762491027 0.9969416220730813 0.9954887211168862 0.9901607367233815 0.9765670412206691 0.9689271931785297 0.8853320791018375 0.8305058529751512 0.7801062311255791 0.7301987101887495 0.6002228287214559 0.5354310414552371 0.4451728219017141 0.37313384014237483 0.255707013245124 0.18021759215388947 0.060264552910953714 -0.04452855643864732 -0.15391581734371546 -0.2651447281929024 -0.3496414956780265 -0.47151525387535387 -0.5461256712694159 -0.6055411423803243 -0.6918370055401866 -0.7980203378887993 -0.8380462469731903 -0.9105075644450124 -0.9285116603843404 -0.9757711137017998 
0.06946495762491027 0.9966760094056445 0.9968501790830344 0.9893654464285445 0.9710092097787938 0.9447439292449351 0.8896552988220774 0.8403237635093997 0.7801062311255791 0.7224938624340645 0.6442598023768423 0.5209234182161008 0.4451728219017141 0.3572745279965943 0.24926657730488896 0.15818003195974675 0.05726335200849249 -0.05560453841455545 -0.16338080904419514 -0.2671269931527556 -0.3605711638131257 -0.4558309147887829 -0.5498914407320564 -0.10102849224518673 -0.7061815106171441 -0.7698218958528814 -0.8388396218579439 -0.8918620871456701 -0.9344852889275813 -0.9853285712461802 
0.06946495762491027 1.0 0.9927978677010659 0.9836279492405202 0.971857436293102 0.9223203781971522 0.8899548249563194 0.8397686674861462 0.7768789458178441 0.7212190247895732 0.6305591853937134 0.6281030015481768 0.444680603116578 0.37313384014237483 0.25151590738821544 0.8147666347772515 0.043974206387052725 -0.03152287916645129 -0.15391581734371546 -0.26941588861782123 -0.35569336682696406 -0.46108749489266854 -0.5542007466444309 -0.6515499373796181 -0.7044704385803745 -0.7904651234284533 -0.8381920401049637 -0.8652800796633744 -0.9331307920573777 -0.9358427750963777 
0.06946495762491027 1.0 0.9916458725542211 0.9836279492405202 0.9678211671180652 0.9223203781971522 0.8899548249563194 0.8390026671001755 0.7905528797739823 0.7212190247895732 0.6305591853937134 0.6281030015481768 0.45462718508470906 0.37763494317049723 0.25387769691101253 0.17222078025650095 0.04467558653833909 -0.03152287916645129 -0.1611852501361752 -0.267245334299332 -0.3630320763200758 -0.46453328448659215 -0.5461676382999947 -0.19917711295183427 -0.7044704385803745 -0.7965290625267794 -0.8381920401049637 -0.8756955917929918 -0.928235630119658 -0.9661453275282383 
0.06946495762491027 1.0 0.9934725860582969 0.9584256876586646 0.9676377822904725 0.935343677122351 0.8913448757163495 -0.15515844608745424 0.7680922666194887 0.7090485042971876 0.6178474247686121 0.556057165947866 0.4526760597887184 0.34065026360460515 0.26098125683791545 0.1451340424007663 0.057607417587272856 0.26875785834033494 -0.15764062356627861 0.7722276695540918 -0.36365558077618115 -0.12653940232904903 -0.5484057507916387 -0.6668851265636168 -0.7057210964520475 -0.6323527176360412 -0.8454895406564195 -0.8177024789169326 -0.9337373600236175 -0.9539849709270398 
