4.42911821098966 1.6985311351942425 
3.7638091701491123 1.6378861275518617 
3.949862805526622 1.4777920326304803 
4.05012704232722 1.7921603555238002 
4.18222593356159 1.2315451952509484 
4.18222593356159 1.2315451952509484 
3.7638091701491123 1.6378861275518617 
3.7012384201423703 1.3764644747523647 
3.2714826634552723 1.7790834351467024 
4.42911821098966 1.6985311351942425 
4.5255177398627575 1.7812889768910398 
4.067493334850839 1.101473055007812 
4.441673795850361 1.0231897189245263 
3.8566705879005636 1.7467564023958257 
4.441673795850361 1.0231897189245263 
3.8264459230225296 1.5107338774077286 
3.8970392470285793 1.3673852898828895 
3.625175134917229 1.1569096109142707 
3.625175134917229 1.1569096109142707 
3.1712851683230565 1.8255534809133127 
2.8429964851785736 1.7733294995670699 
3.6301922396966164 1.857149685198718 
3.3679854136010627 1.7557344214456037 
3.130585344934907 1.7348607724216958 
3.185777729809533 1.5725239559569981 
3.130585344934907 1.7348607724216958 
3.3034485036381214 1.8147371085970843 
3.3679854136010627 1.7557344214456037 
3.6002108011401597 2.1085812330830622 
2.9878073848921427 2.1151862458351602 
2.9878073848921427 2.1151862458351602 
2.671657272768813 2.07036242619006 
3.5419150856288817 2.096134873326735 
3.586298226761745 1.9395695315403587 
2.658433476871738 2.3032113677135766 
3.185777729809533 1.5725239559569981 
2.500489142615812 2.3243230269800814 
2.2935140870093447 2.266931887395747 
2.3910878412621352 2.360175896839812 
2.2935140870093447 2.266931887395747 
2.1499598982022867 2.177949014707082 
1.4244440476193028 1.9374484166702848 
2.334774568495862 2.2643524110232858 
1.3780803086262892 2.3753990986200586 
2.260930284734023 2.5998588726945533 
1.5080484821690985 2.084665230079124 
2.0663821547746464 2.7111765706471425 
1.5080484821690985 2.084665230079124 
2.214585491348825 2.576495638966887 
1.4244440476193028 1.9374484166702848 
2.1499598982022867 2.177949014707082 
1.5657690041240735 2.046873465860983 
1.7803399217925733 2.5888573681284885 
1.389775507376683 2.4772102059959136 
1.798966740690085 2.2142007590863964 
1.7572578784242912 2.3495173242373193 
1.7572578784242912 2.3495173242373193 
1.5562333868258866 2.2850515971998235 
1.3780803086262892 2.3753990986200586 
1.7836611770837663 2.735229729697442 
1.482544397640135 2.38971534830893 
1.5657690041240735 2.046873465860983 
1.7836611770837663 2.735229729697442 
1.603183979502619 2.7422872563846674 
1.482544397640135 2.38971534830893 
1.6980635381027693 2.8656166060627126 
1.5562333868258866 2.2850515971998235 
1.6980635381027693 2.8656166060627126 
1.1399340913388252 2.707427511890062 
1.630118842514901 2.6079042497921705 
1.389775507376683 2.4772102059959136 
1.1822662396205235 2.8570467448335415 
1.1822662396205235 2.8570467448335415 
1.4072685187699507 2.9181383321925596 
1.466607005732655 2.9844646576145006 
1.303255309397041 2.893813219563282 
1.4147079749089508 2.9585327201312173 
1.466607005732655 2.9844646576145006 
1.4072685187699507 2.9181383321925596 
1.4147079749089508 2.9585327201312173 
1.1626729496639756 3.139892450746627 
1.1399340913388252 2.707427511890062 
1.2252173531902804 3.3862742021156933 
1.1347632790181172 2.9868726902313503 
1.3555606291437154 3.4149668114653973 
1.1254175678610792 3.45577238937004 
1.1607535735888779 3.301288748125514 
1.0923536661831534 3.7416989784743224 
1.0966299601087697 3.2765179863956377 
1.1607535735888779 3.301288748125514 
1.1254175678610792 3.45577238937004 
1.1410009266568553 3.859124195675118 
1.1166317842875526 3.7738880065614184 
1.1001873689322825 2.790237792550758 
1.072427620916896 4.142780909678397 
1.0966299601087697 3.2765179863956377 
1.114171360047672 3.254651293274092 
1.068364337005144 4.721170771756873 
1.068364337005144 4.721170771756873 
1.1001873689322825 2.790237792550758 
