0.9104661226469432 -0.7540058122264892 -1.0 -0.9728780097087127 0.809429356101832 0.1705919627070887 0.31090070962910604 -0.13309954609240562 -0.965021426850109 -0.039119621289778736 -0.7767123738080997 -0.7118385413482377 0.29257703970159227 0.19345039821243987 0.004561239575834847 -0.6523360230148014 1.0 -0.3151255374207327 -0.27338589174645683 -0.23022262522256948 0.02518149197297634 0.34444283815578736 0.13735541998272247 0.712125195498766 -0.36172169429005024 0.49727851848058835 -0.21224066227460653 0.9890151856089322 0.6881789239796334 0.4801878214785965 
0.9021688751204057 -0.8285311112611615 -1.0 -1.0 0.9573021797655981 0.13852898843887806 0.30531242986546037 -0.14118625038429078 -0.7075134344976224 -0.043279102296540674 -0.8659582117674554 -0.7118385413482377 0.4365209929493816 0.21472674321400093 0.1468450981577945 -0.5860826849668442 1.0 -0.2689174886144872 -0.31712026245594116 -0.5584284414610318 0.01762015844008008 0.2898652842452938 0.1266529907437539 0.45321636245929686 -0.3819865255709497 0.3716044683709733 -0.5181366386257417 0.9009205914661678 0.36796417268704656 0.5590732504268471 
0.9065192404447591 -0.47163302560074044 -1.0 -0.9896871783879055 0.8208723450923273 0.1705919627070887 0.38471083925992233 -0.12821775011376668 -0.965021426850109 -0.039119621289778736 -0.7767123738080997 -0.6126492935786331 0.29257703970159227 0.19345039821243987 0.003495145026831556 -0.6523360230148014 1.0 -0.3151255374207327 -0.15899465379080943 -0.23022262522256948 -0.012139203948838967 0.3573008521418144 0.23253383177014136 0.6959841953113962 -0.4098762738031892 0.5454853830036397 -0.1987906068950785 1.0 0.6881789239796334 0.4801878214785965 
0.9104661226469432 -0.7540058122264892 -1.0 -0.9750427033163881 0.7523335968200756 0.1705919627070887 0.31090070962910604 -0.04977340550378115 -0.8668237677784809 -0.032801723454529454 -0.7767123738080997 -0.7118385413482377 0.29257703970159227 0.19912436499844666 0.004561239575834847 -0.705237163552872 1.0 -0.3500367258859583 -0.27338589174645683 0.11089877859158176 0.02518149197297634 0.3315848241697603 0.1266529907437539 0.712125195498766 -0.36172169429005024 0.47403004821566536 -0.21224066227460653 1.0 0.6881789239796334 0.4801878214785965 
0.9021688751204057 -1.0 -1.0 -0.6878877178370613 0.6994642525300678 0.29958869885445394 0.008295150871310275 -0.14118625038429078 -0.24123209820409575 -0.03051823216535896 -0.7399970369536095 -1.0 0.2902991211045208 -0.13448106012622613 0.09119552628287855 -0.528156284032697 -0.02880599992420227 -0.1587413189010663 -0.03978811150779207 -0.5025450871249311 -0.1567235369326479 0.3141246487402989 0.4397853220576474 0.8384173134913409 -0.1691705928458802 0.14060225067271448 -0.29282771687566544 0.9009205914661678 0.34296918526484343 0.7795528010184042 
0.9021688751204057 -1.0 -1.0 -0.6878877178370613 0.6994642525300678 0.29958869885445394 0.3257866349518952 -0.14118625038429078 -0.24123209820409575 -0.0336771810829836 -0.725008599252515 -1.0 0.2902991211045208 -0.13448106012622613 0.09119552628287855 -0.5017057137636616 -0.02880599992420227 -0.1587413189010663 -0.03978811150779207 -0.5025450871249311 -0.1567235369326479 0.3141246487402989 0.04766414355045001 0.7043139895947204 -0.1691705928458802 0.14060225067271448 -0.29282771687566544 0.9009205914661678 0.3502072526673745 0.7795528010184042 
0.9021688751204057 -1.0 -1.0 -0.6878877178370613 0.6994642525300678 0.29958869885445394 0.008295150871310275 -0.14118625038429078 -0.24123209820409575 -0.03051823216535896 -0.7399970369536095 -1.0 0.2902991211045208 -0.13448106012622613 0.09119552628287855 -0.528156284032697 -0.02880599992420227 -0.1587413189010663 -0.03978811150779207 -0.5025450871249311 -0.1567235369326479 0.3141246487402989 0.4397853220576474 0.8384173134913409 -0.1691705928458802 0.14060225067271448 -0.29282771687566544 0.9009205914661678 0.34296918526484343 0.7795528010184042 
0.9021688751204057 -1.0 -1.0 -0.59719749216177 0.6994642525300678 0.29958869885445394 0.3257866349518952 -0.14118625038429078 -1.0 -0.04429704419855828 -0.725008599252515 -1.0 0.2902991211045208 0.21472674321400093 0.09119552628287855 -0.43246393303532105 -0.02880599992420227 -0.1587413189010663 -0.03978811150779207 -0.5025450871249311 0.14473980550442406 0.3141246487402989 -0.017702849462207307 0.7043139895947204 -0.1691705928458802 0.14060225067271448 -0.36608154834129797 0.9009205914661678 0.4419516225780751 0.709085660015835 
0.9150114837962842 -0.7959302069685925 -1.0 -0.9750427033163881 0.7523335968200756 0.07730438219432131 0.15922329635510143 0.03111183709552387 -0.8668237677784809 -0.032801723454529454 -0.9725791353825086 -0.6712906757445172 0.20504301094129546 0.20479833178445345 0.004561239575834847 -0.7581383040909426 1.0 -0.3500367258859583 -0.23014405431301008 0.28456173768918064 0.02518149197297634 0.3187268101837333 0.1266529907437539 0.712125195498766 -0.36172169429005024 0.49898844247379365 -0.09302220879911202 1.0 0.6881789239796334 0.4798627495993868 
0.9025096041025815 -0.8230337334903919 -0.21188944890420958 -0.6978981191213275 0.44380012820512593 0.3581367101211338 0.07982557841128882 -0.07914076111891062 -1.0 -0.024886994956552135 -0.5465169233338035 -0.9861820582137043 0.024896215407783334 0.21472674321400093 0.041015909133890166 -0.5860826849668442 0.16160001609962 -0.37505195394324864 0.03158899533681647 -0.23772570938601356 0.08887063102024467 0.13974916222297468 -0.15375830625876707 0.670865138115128 -0.06664885521520703 -0.036512506530415934 -0.17501669492488514 0.9504602957330839 0.3354101024600429 0.6181704494322263 
0.47189830077091144 -0.10170781449979369 0.5624126451623359 0.6931385151280679 -0.020815359201049766 -0.20658845254331595 -0.3153106756065018 -0.27092357275515533 0.467385411360092 -0.1362062354105133 -0.5794703693720745 -0.657599234748935 -0.0749614470317258 -0.3583234255594388 -0.0531525997298776 -1.0 -0.468852161992075 -0.6903559849006825 0.10452686041542336 -0.46090929070484243 -0.6339506280159195 -0.4727317952732708 -0.21650028710176283 -0.09326564785036257 -0.8105555393074027 -0.42090468606442055 -0.23892117092379922 -0.6332888808611684 0.15192136263864175 0.057228625728965365 
0.9025096041025815 -0.7811093387482886 -0.21188944890420958 -0.6978981191213275 0.5008958874868823 0.4514242906339012 0.23150299168529342 -0.07914076111891062 -1.0 -0.031204892791801418 -0.5165400479316147 -0.8809888764994109 0.024896215407783334 0.21472674321400093 0.041015909133890166 -0.5331815444287735 0.16160001609962 -0.340140765478023 0.03158899533681647 -0.35318582348687555 0.08887063102024467 0.1526071762090017 -0.14305587701979852 0.40265849032188705 -0.05299360897881977 -0.036512506530415934 -0.17501669492488514 0.9504602957330839 0.34988623726510504 0.6181704494322263 
0.9021688751204057 -1.0 -1.0 -0.59719749216177 0.6994642525300678 0.29958869885445394 0.3257866349518952 -0.14118625038429078 -1.0 -0.04429704419855828 -0.725008599252515 -1.0 0.2902991211045208 0.21472674321400093 0.09119552628287855 -0.43246393303532105 -0.02880599992420227 -0.1587413189010663 -0.03978811150779207 -0.6850244337095408 0.14473980550442406 0.3141246487402989 -0.017702849462207307 0.7043139895947204 -0.1691705928458802 0.14060225067271448 -0.36608154834129797 0.9009205914661678 0.4419516225780751 0.709085660015835 
0.4628075784722294 0.06446649232098278 0.6242669265238308 0.6595201777696822 -0.37638707293207224 -0.015013611929935777 -0.011955849058492563 -0.43269405795376537 0.0983244479675685 -0.01628306439590134 -0.01137433548309684 -0.738694965956376 -0.386728562133815 -0.44672971363020086 -0.0734902719902937 -0.8941977189238587 -1.0 -0.6737419217730335 0.01804318554852985 -0.66397913355766 -0.32023379385473727 -0.4470157673012168 -0.026143463526925037 0.2079518291240655 -0.8569139403956394 -0.7559800118729996 -0.47735807787478823 -0.6022420791593801 0.15192136263864175 0.358040061231146 
0.4726773795229056 -0.019382297163223705 0.5153051256724216 0.6551907905543315 -0.4905785914955849 -0.20158877295547056 -0.3153106756065018 -0.2660417767765164 0.2947197661108248 -0.0036472687254027747 -0.07132808628747454 -0.9490813293849627 -0.5617966196544086 -0.4353817800581873 -0.08956356605469665 -1.0 -1.0 -0.7435642987034847 0.10452686041542336 -0.43305890535593605 -0.5593092361722889 -0.4727317952732708 -0.04754832200486214 0.21133142897130602 -0.8842244328684139 -0.8024769524028456 -0.12034762566484869 -0.57639724433085 0.15192136263864175 0.3573899174727265 
0.47189830077091144 -0.019382297163223705 0.5153051256724216 0.6831758752107717 -0.4676926135145942 -0.20158877295547056 -0.3153106756065018 -0.27092357275515533 0.2947197661108248 -8.837997660111757E-4 -0.4031078586319147 -0.657599234748935 -0.5617966196544086 -0.4353817800581873 -0.0531525997298776 -1.0 -1.0 -0.6903559849006825 0.10452686041542336 -0.31665321536246227 -0.6339506280159195 -0.4727317952732708 -0.04754832200486214 0.17904942859656658 -0.8842244328684139 -0.706063223356743 -0.23892117092379922 -0.57639724433085 0.15192136263864175 0.3573899174727265 
0.4640045363665433 0.06446649232098278 0.6242669265238308 0.6595201777696822 -0.3488198909479468 0.03749855710209281 -0.16769041634486914 -0.25627818481923853 0.0983244479675685 -0.0909300369565336 -0.07132808628747454 -0.7507028338457535 -0.35911722180903644 -0.44672971363020086 -0.09169575515270323 -0.875168335868681 -1.0 -0.7387710552416413 0.33330933632671816 -0.66397913355766 -0.6451258110114597 -0.4470157673012168 -0.026143463526925037 0.21681888357538914 -0.9068646983336806 -0.7891423152825249 -0.09344751490579259 -0.57639724433085 0.16378838517175465 0.358040061231146 
0.46124942096824106 0.4707176526601544 0.054593847227278 0.7434754317390029 -0.30772913898910004 -0.23618218799858984 -0.4139590817056308 -0.2660417767765164 0.39262951778777433 0.01838694491845865 -1.0 -0.3472090080456671 -0.5451075185212472 -0.42053364795460135 -6.683393406556049E-4 -0.823757787054609 -1.0 -0.6116606805675386 -0.18511126736772376 -0.43116775357071246 -0.8515011405071944 -0.6340912368921705 -0.04754832200486214 0.11110582799984715 -0.8902641815006876 -0.5963148571903198 -0.4048364662406736 -0.15248319299006463 0.09400329454149141 0.22485811376335335 
0.47189830077091144 -0.019382297163223705 0.5153051256724216 0.6831758752107717 -0.4676926135145942 -0.20158877295547056 -0.3153106756065018 -0.27092357275515533 0.2947197661108248 -8.837997660111757E-4 -0.4031078586319147 -0.657599234748935 -0.5617966196544086 -0.4353817800581873 -0.0531525997298776 -1.0 -1.0 -0.6903559849006825 0.10452686041542336 -0.31665321536246227 -0.6339506280159195 -0.4727317952732708 -0.04754832200486214 0.17904942859656658 -0.8842244328684139 -0.706063223356743 -0.23892117092379922 -0.57639724433085 0.15192136263864175 0.3573899174727265 
0.4628075784722294 0.06446649232098278 0.6242669265238308 0.6595201777696822 -0.37638707293207224 -0.015013611929935777 -0.16769041634486914 -0.25627818481923853 0.0983244479675685 0.0013033372282221234 -0.07132808628747454 -0.9301731973177224 -0.386728562133815 -0.44672971363020086 -0.0734902719902937 -0.8941977189238587 -1.0 -0.7387710552416413 0.33330933632671816 -0.66397913355766 -0.5251292412691142 -0.4470157673012168 -0.026143463526925037 0.2079518291240655 -0.8859883296884516 -0.7891423152825249 -0.19186324626747744 -0.57639724433085 0.15192136263864175 0.358040061231146 
0.4628075784722294 0.06446649232098278 0.6242669265238308 0.6595201777696822 -0.37638707293207224 -0.015013611929935777 -0.16769041634486914 -0.25627818481923853 0.0983244479675685 0.0013033372282221234 -0.07132808628747454 -0.9301731973177224 -0.386728562133815 -0.44672971363020086 -0.0734902719902937 -0.8941977189238587 -1.0 -0.7387710552416413 0.33330933632671816 -0.66397913355766 -0.5251292412691142 -0.4470157673012168 -0.026143463526925037 0.2079518291240655 -0.8859883296884516 -0.7891423152825249 -0.19186324626747744 -0.57639724433085 0.15192136263864175 0.358040061231146 
0.46124942096824106 0.3353005992137639 0.24448487365946225 0.7154903470825626 -0.33061511697009077 -0.23618218799858984 -0.4139590817056308 -0.2660417767765164 0.2945278278477057 0.006830275147005321 -0.7348876309763548 -0.3472090080456671 -0.5451075185212472 -0.42053364795460135 -6.683393406556049E-4 -0.823757787054609 -1.0 -0.6323544276360369 -0.18511126736772376 -0.43116775357071246 -0.6744120249563753 -0.5717327470285193 -0.04754832200486214 0.1433878283745866 -0.8791474344656716 -0.5963148571903198 -0.4290103367853785 -0.3024028217131698 0.11330931724054152 0.22485811376335335 
0.4640045363665433 0.06446649232098278 0.6242669265238308 0.6595201777696822 -0.3488198909479468 0.03749855710209281 -0.16769041634486914 -0.25627818481923853 0.0983244479675685 -0.0909300369565336 -0.07132808628747454 -0.7507028338457535 -0.35911722180903644 -0.44672971363020086 -0.09169575515270323 -0.875168335868681 -1.0 -0.7387710552416413 0.33330933632671816 -0.66397913355766 -0.6451258110114597 -0.4470157673012168 -0.026143463526925037 0.21681888357538914 -0.9068646983336806 -0.7891423152825249 -0.09344751490579259 -0.57639724433085 0.16378838517175465 0.358040061231146 
0.47189830077091144 -0.10170781449979369 0.5624126451623359 0.6931385151280679 -0.020815359201049766 -0.20658845254331595 -0.3153106756065018 -0.27092357275515533 0.467385411360092 -0.1362062354105133 -0.5794703693720745 -0.657599234748935 -0.0749614470317258 -0.3583234255594388 -0.0531525997298776 -1.0 -0.468852161992075 -0.6903559849006825 0.10452686041542336 -0.46090929070484243 -0.6339506280159195 -0.4727317952732708 -0.21650028710176283 -0.09326564785036257 -0.8105555393074027 -0.42090468606442055 -0.23892117092379922 -0.6332888808611684 0.15192136263864175 0.057228625728965365 
0.46124942096824106 0.3353005992137639 0.24448487365946225 0.7154903470825626 -0.2983667309828306 -0.23618218799858984 -0.6808032343260109 -0.30634738075391027 0.36801749285294716 0.006830275147005321 -0.36185324758562687 -0.3472090080456671 -0.5431564207832925 -0.3773958951720946 -6.683393406556049E-4 -0.8246151852154651 -1.0 -0.6323544276360369 -0.3120828004403823 -0.43116775357071246 -0.6744120249563753 -0.5717327470285193 -0.04754832200486214 0.1433878283745866 -0.9132038723325034 -0.5963148571903198 -0.3166924266951009 -0.2274430073516172 0.11330931724054152 0.22485811376335335 
0.46124942096824106 0.3353005992137639 0.089805414468767 0.7154903470825626 -0.2983667309828306 -0.23618218799858984 -0.6484647805175145 -0.2831280627017527 0.41706833782298147 0.006830275147005321 -0.6453108805685751 -0.2002838755404695 -0.5431564207832925 -0.3773958951720946 -6.683393406556049E-4 -0.8246151852154651 -1.0 -0.5231097750491704 -0.3120828004403823 -0.4065363202044194 -0.6290568470576604 -0.5984306311788242 -0.05877634756267986 0.1433878283745866 -0.9525795490057053 -0.5963148571903198 -0.44853564901990794 -0.20288551758510598 0.07365224361115819 0.15826714002945702 
0.46124942096824106 0.25106023210596884 0.27969644090095125 0.6875052624261224 -0.2983667309828306 -0.07308573093223422 -0.6484647805175145 -0.30634738075391027 0.36801749285294716 0.006830275147005321 -0.36185324758562687 -0.31229560670452833 -0.5431564207832925 -0.3773958951720946 -6.683393406556049E-4 -0.8246151852154651 -1.0 -0.5231097750491704 -0.3120828004403823 -0.4065363202044194 -0.6290568470576604 -0.5984306311788242 -0.04807391832371131 0.1433878283745866 -0.9525795490057053 -0.6927285862364223 -0.44853564901990794 -0.20288551758510598 0.10482528884332121 0.22485811376335335 
0.46124942096824106 0.3353005992137639 0.089805414468767 0.7154903470825626 -0.2983667309828306 -0.23618218799858984 -0.6484647805175145 -0.2831280627017527 0.41706833782298147 0.006830275147005321 -0.6453108805685751 -0.2002838755404695 -0.5431564207832925 -0.3773958951720946 -6.683393406556049E-4 -0.8246151852154651 -1.0 -0.5231097750491704 -0.3120828004403823 -0.4065363202044194 -0.6290568470576604 -0.5984306311788242 -0.05877634756267986 0.1433878283745866 -0.9525795490057053 -0.5963148571903198 -0.44853564901990794 -0.20288551758510598 0.07365224361115819 0.15826714002945702 
0.4575381474154079 0.23294722653657285 0.24448487365946225 0.7344877619035409 -0.3535010949510815 -0.4431220875250363 -0.21295746538206167 -0.20983954871492344 0.1964261379076371 0.19144110650780632 -0.638243352253371 -0.5429519870010215 -0.5983791014328497 -0.5217229077646848 0.035742626984163445 -0.8626739513258204 -1.0 -0.5769180247409298 -0.10840474232730365 -0.6288277655369661 -0.4344188854716844 -0.5093742571648681 -0.04965070728025879 0.10782291936094937 -0.8680306874306555 -0.5963148571903198 -0.5869499679668899 -0.45232245043627495 0.13261533993959163 0.22485811376335335 
0.46124942096824106 0.25106023210596884 0.27969644090095125 0.6875052624261224 -0.2983667309828306 -0.07308573093223422 -0.6484647805175145 -0.30634738075391027 0.36801749285294716 0.006830275147005321 -0.36185324758562687 -0.31229560670452833 -0.5431564207832925 -0.3773958951720946 -6.683393406556049E-4 -0.8246151852154651 -1.0 -0.5231097750491704 -0.3120828004403823 -0.4065363202044194 -0.6290568470576604 -0.5984306311788242 -0.04807391832371131 0.1433878283745866 -0.9525795490057053 -0.6927285862364223 -0.44853564901990794 -0.20288551758510598 0.10482528884332121 0.22485811376335335 
0.46124942096824106 0.2258671802328701 0.089805414468767 0.7154903470825626 -0.30304793498596533 -0.23618218799858984 -0.6543462637919535 -0.2794667157177735 0.41706833782298147 -0.0010743184460919892 -0.46796632085286266 -0.2084201832821623 -0.5174961781964686 -0.398964771563348 -0.04618204724667942 -0.8047284039994314 -1.0 -0.5231097750491704 -0.3120828004403823 -0.3191683633297957 -0.5621355821353387 -0.5984306311788242 -0.06333916770389039 0.17731128306877494 -0.9525795490057053 -0.5963148571903198 -0.5283594389109042 -0.15312686552107407 0.07365224361115819 0.15826714002945702 
0.46124942096824106 0.25106023210596884 0.3975007832866864 0.671348026490227 -0.2983667309828306 -0.07308573093223422 -0.4818877280620082 -0.28619457876521337 0.36801749285294716 0.0015915032108012733 -0.36185324758562687 -0.31229560670452833 -0.5524765202188506 -0.3773958951720946 -0.045115952697676126 -0.9159534695098092 -1.0 -0.6333370368763276 -0.3120828004403823 -0.4065363202044194 -0.5941830416149747 -0.5355812132260476 -0.04807391832371131 0.1773596286729463 -0.9184019909370595 -0.6927285862364223 -0.44853564901990794 -0.389641380957978 0.12837332574098148 0.22485811376335335 
0.4850896493213068 0.04597689336366223 0.47484051288203405 0.7803683379434492 -0.2983667309828306 -0.07308573093223422 -0.4818877280620082 -0.28619457876521337 0.36801749285294716 0.0015915032108012733 -0.36185324758562687 -0.769712968115495 -0.7443701556241729 -0.3773958951720946 -0.055830129969578215 -1.0 -1.0 -0.6985179133905453 -0.34831594292263435 -0.43459859391916744 -0.6168606305643322 -0.706945389524156 -0.27768098901743254 0.20626202920044523 -1.0 -0.7635031830982189 -0.44853564901990794 -0.34623907170235085 0.4681626946000205 0.5417399555848447 
0.42548907843864237 0.5834099324990869 0.3975007832866864 0.46243164765398453 0.27616948504001104 0.21002660016805622 0.3327063194048099 -0.2882197891373247 0.31459491062113965 0.22002964523207358 -0.36185324758562687 0.14512175470643834 -0.5524765202188506 -0.26753819186170197 -0.045115952697676126 -0.16058202495293583 -1.0 -0.6333370368763276 -0.3120828004403823 -0.4065363202044194 -0.5941830416149747 -0.5355812132260476 -0.04807391832371131 0.1773596286729463 -0.7605720371482567 -0.6927285862364223 -0.44853564901990794 -0.4532925373371502 0.12837332574098148 -0.23254243202342034 
0.46124942096824106 0.25106023210596884 0.3975007832866864 0.671348026490227 -0.2983667309828306 -0.07308573093223422 -0.4818877280620082 -0.28619457876521337 0.36801749285294716 0.0015915032108012733 -0.36185324758562687 -0.31229560670452833 -0.5524765202188506 -0.3773958951720946 -0.045115952697676126 -0.9159534695098092 -1.0 -0.6333370368763276 -0.3120828004403823 -0.4065363202044194 -0.5941830416149747 -0.5355812132260476 -0.04807391832371131 0.1773596286729463 -0.9184019909370595 -0.6927285862364223 -0.44853564901990794 -0.389641380957978 0.12837332574098148 0.22485811376335335 
0.42548907843864237 0.5834099324990869 0.3975007832866864 0.46243164765398453 0.27616948504001104 0.21002660016805622 0.3327063194048099 -0.2882197891373247 0.31459491062113965 0.22002964523207358 -0.36185324758562687 0.14512175470643834 -0.5524765202188506 -0.26753819186170197 -0.045115952697676126 -0.16058202495293583 -1.0 -0.6333370368763276 -0.3120828004403823 -0.4065363202044194 -0.5941830416149747 -0.5355812132260476 -0.04807391832371131 0.1773596286729463 -0.7605720371482567 -0.6927285862364223 -0.44853564901990794 -0.4532925373371502 0.12837332574098148 -0.23254243202342034 
0.4493293067917081 0.34129854287130446 0.09657224275748133 0.46243164765398453 -0.2983667309828306 -0.07308573093223422 0.3327063194048099 -0.28619457876521337 0.3706333837715573 0.02232256871499433 -0.5618850022612161 -0.31229560670452833 -0.5524765202188506 -0.33760558873468693 -0.045115952697676126 -0.9159534695098092 -1.0 -0.6333370368763276 -0.34831594292263435 -0.45345775985000425 -0.6585498340058642 -0.7126499190847029 -0.23874715512397768 0.1773596286729463 -0.7605720371482567 -0.6927285862364223 -0.3734877564206896 -0.4532925373371502 0.12837332574098148 -0.23254243202342034 
0.46124942096824106 0.3353005992137639 0.24448487365946225 0.6551907905543315 -0.4658024866180138 -0.23618218799858984 -0.4139590817056308 -0.2660417767765164 0.2945278278477057 0.006830275147005321 -0.8332356910358365 -0.41464876781495563 -0.5135947447484173 -0.39642232717575543 -0.022096693884459784 -0.826237479621997 -1.0 -0.6534715280776058 -0.18511126736772376 -0.46266086763391545 -0.6744120249563753 -0.5717327470285193 -0.04754832200486214 0.2011926294295845 -0.8791474344656716 -0.5963148571903198 -0.45889544060892357 -0.19998090257656886 -0.01981499971511083 0.22485811376335335 
0.4135689642621095 0.8195233784693288 0.6916624955271772 0.40667790086329997 0.8507057010628527 0.330042474201991 0.5534242960944126 -0.2871784834459754 0.30499139152214616 0.4022444281811638 -0.2452473712173966 0.7145508472814639 -0.12980747393777292 -0.23726110142612472 0.14783541275812703 0.6861277038982815 1.0 -0.5046329970436993 -0.23961651547587814 -0.3126934409132497 -0.5003232622758813 -0.2442932194615135 0.3225701260378529 0.2759693080463033 -0.7176622391072902 -0.45476566346672664 -0.5986314342183446 -0.2867855210878232 -0.6993937374331889 -0.43965210972259905 
0.4135689642621095 0.8195233784693288 0.6916624955271772 0.40667790086329997 0.8507057010628527 0.330042474201991 0.5534242960944126 -0.2871784834459754 0.30499139152214616 0.4022444281811638 -0.2452473712173966 0.7145508472814639 -0.12980747393777292 -0.23726110142612472 0.14783541275812703 0.6861277038982815 1.0 -0.5046329970436993 -0.23961651547587814 -0.3126934409132497 -0.5003232622758813 -0.2442932194615135 0.3225701260378529 0.2759693080463033 -0.7176622391072902 -0.45476566346672664 -0.5986314342183446 -0.2867855210878232 -0.6993937374331889 -0.43965210972259905 
0.46124942096824106 0.3353005992137639 0.24448487365946225 0.6551907905543315 -0.4658024866180138 -0.23618218799858984 -0.4139590817056308 -0.2660417767765164 0.2945278278477057 0.006830275147005321 -0.8332356910358365 -0.41464876781495563 -0.5135947447484173 -0.39642232717575543 -0.022096693884459784 -0.826237479621997 -1.0 -0.6534715280776058 -0.18511126736772376 -0.46266086763391545 -0.6744120249563753 -0.5717327470285193 -0.04754832200486214 0.2011926294295845 -0.8791474344656716 -0.5963148571903198 -0.45889544060892357 -0.19998090257656886 -0.01981499971511083 0.22485811376335335 
0.38972873590904367 1.0 0.6916624955271772 0.2976575894100778 0.8507057010628527 0.330042474201991 0.9807233144161216 -0.2871784834459754 0.3102231733593664 0.5999515046982431 0.04874678869182336 0.7145508472814639 0.06208616146754925 -0.15768048855130937 0.14783541275812703 0.6861277038982815 1.0 -0.5046329970436993 -0.23961651547587814 -0.3126934409132497 -0.4132788809356343 -0.07292904316340515 0.5521771967315742 0.31335764735466276 -0.6369196414280995 -0.38399106660493004 -0.6684994310230552 -0.33018783034345034 -1.0 -0.7565339515440903 
0.38972873590904367 1.0 0.6916624955271772 0.2976575894100778 0.8507057010628527 0.330042474201991 0.9807233144161216 -0.2871784834459754 0.3102231733593664 0.5999515046982431 0.04874678869182336 0.7145508472814639 0.06208616146754925 -0.15768048855130937 0.14783541275812703 0.6861277038982815 1.0 -0.5046329970436993 -0.23961651547587814 -0.3126934409132497 -0.4132788809356343 -0.07292904316340515 0.5521771967315742 0.31335764735466276 -0.6369196414280995 -0.38399106660493004 -0.6684994310230552 -0.33018783034345034 -1.0 -0.7565339515440903 
0.38972873590904367 1.0 0.9184210267523485 0.2976575894100778 0.8507057010628527 0.330042474201991 0.9807233144161216 -0.4304298207547529 0.6262144269328929 0.5999515046982431 0.04874678869182336 1.0 0.06208616146754925 -0.15768048855130937 0.3319444770472741 0.6861277038982815 1.0 -0.4342629527438304 -0.5466135398642072 -0.3126934409132497 -0.4132788809356343 -0.17301087910161717 0.5227237215391278 0.31335764735466276 -0.6369196414280995 -0.26723460024145523 -0.9442316065131012 -0.3724706320278436 -1.0 -0.6120460713020166 
0.38972873590904367 1.0 0.9184210267523485 0.2976575894100778 0.8507057010628527 0.330042474201991 0.9807233144161216 -0.4304298207547529 0.6262144269328929 0.5999515046982431 0.04874678869182336 1.0 0.06208616146754925 -0.15768048855130937 0.3319444770472741 0.6861277038982815 1.0 -0.4342629527438304 -0.5466135398642072 -0.3126934409132497 -0.4132788809356343 -0.17301087910161717 0.5227237215391278 0.31335764735466276 -0.6369196414280995 -0.26723460024145523 -0.9442316065131012 -0.3724706320278436 -1.0 -0.6120460713020166 
0.11647151334090097 0.19533258241609575 0.3386999126392909 0.6876958201959733 0.5953877776442582 -0.32876159865712407 -0.5475129922415152 -0.5270795628435666 0.7133487833514816 -0.24153508702710808 -0.7162579128884807 -0.006921526940430384 0.43051392446207315 -0.22327918617459763 0.1648841887846521 -0.5522054856185625 0.06229567601584998 -0.4187918803072943 -0.5249022877480367 -0.7196799042554728 -0.18272731616790266 -0.6229843974348075 -0.3854522521986635 -0.40124232451927166 -0.7658660852104808 -0.09482182964315328 -0.7881711788243002 -0.2941100919940415 -0.34174814395016506 -0.375464469724169 
0.11180529222713567 0.2101611936881171 0.9283575753323767 0.7526631668537496 0.10420178403460734 -0.28289504680183114 -0.14783513720225983 -0.5383443406974671 1.0 -0.19839204148882528 -0.6581993670834891 0.014412963868297698 0.2802100282653226 -0.22788510766237674 0.15772016833889885 -0.5203928607176479 0.2673683059975575 -0.4769949373189844 -0.9623099916992925 -1.0 -0.26462113012762145 -0.90710906140058 -0.27192440245576693 -0.09928348419576871 -0.8057200509462317 -0.5299902503712692 -0.8940855894121501 -0.4822995859514546 -0.26782544021371796 -0.340850845956208 
0.10713907111337037 0.38298774935005586 0.9283575753323767 0.7566859799423515 0.10420178403460734 -0.162775063878983 -0.14783513720225983 -0.5726972533827683 1.0 -0.19839204148882528 -0.5853015131893954 0.03574745467702578 0.08291987654713423 -0.22788510766237674 0.3123879986087159 -0.5203928607176479 0.554469987971948 -0.5577778247908074 -0.9623099916992925 -1.0 -0.26462113012762145 -0.90710906140058 -0.33658793940232534 -0.09928348419576871 -0.8701493774839176 -0.5299902503712692 -1.0 -0.4822995859514546 -0.4207192683195483 -0.340850845956208 
0.11180529222713567 0.19533258241609575 0.3386999126392909 0.6876958201959733 0.21124910506641098 -0.31453486759606764 -0.3250014696871964 -0.5729765429445683 0.8566743916757408 -0.13493880756417484 -0.7162579128884807 -0.006921526940430384 0.24830400926711438 -0.22327918617459763 0.23802671164962239 -0.5522054856185625 0.06229567601584998 -0.46054402050305776 -0.6702729283360686 -0.8598399521277365 -0.18272731616790266 -0.7391238694008191 -0.5415931044481367 -0.3193112724040248 -0.7658660852104808 -0.3124060400072113 -0.8940855894121501 -0.3241012916821357 -0.41667724462772654 -0.375464469724169 
0.10713907111337037 0.5310999528919591 0.9104469691654709 0.6355853253299575 -0.03341978743373958 -0.1572881691394419 0.019924582576045194 -0.6188735230455701 1.0 -0.2647685510620932 -0.5853015131893954 0.03574745467702578 0.08291987654713423 -0.14042296796188342 0.47421984932428624 -0.5203928607176479 0.554469987971948 -0.5526168232049472 -0.9625710442247697 -0.8532289265908696 -0.26462113012762145 -0.9376867114590018 -0.5147793260917803 -0.10471693807880625 -0.8701493774839176 -0.5299902503712692 -1.0 -0.44818723834893653 -0.6652575694082608 -0.4023439256421476 
0.10713907111337037 0.517668416636878 0.9641787876661884 0.7891696532712397 -0.06874928460550117 -0.14558342979697947 0.23782896760679817 -0.6144875444066464 1.0 -0.06563902234228952 -0.4241144684213916 0.03574745467702578 0.17886669424979532 -0.19401080697656556 0.27223472695335416 -0.4546421175934539 0.554469987971948 -0.5647130328023056 -1.0 -1.0 -0.26204584643735734 -0.9130639817660118 -0.20175358840614047 -0.06972240677551392 -0.8497050615121977 -0.49460295194037096 -1.0 -0.5613987330861141 -0.5320400358888194 -0.340850845956208 
0.10713907111337037 0.5310999528919591 0.9283575753323767 0.6957414463731773 -0.03341978743373958 -0.1572881691394419 0.07773554511099064 -0.6188735230455701 1.0 -0.19839204148882528 -0.5853015131893954 0.03574745467702578 0.08291987654713423 -0.22788510766237674 0.47421984932428624 -0.5203928607176479 0.554469987971948 -0.5526168232049472 -0.9623099916992925 -0.8532289265908696 -0.26462113012762145 -0.9376867114590018 -0.5147793260917803 -0.09928348419576871 -0.8701493774839176 -0.5299902503712692 -1.0 -0.44818723834893653 -0.6829793386546956 -0.4023439256421476 
0.10713907111337037 0.517668416636878 0.9641787876661884 0.7891696532712397 -0.06874928460550117 -0.14558342979697947 0.23782896760679817 -0.6144875444066464 1.0 -0.06563902234228952 -0.4241144684213916 0.03574745467702578 0.17886669424979532 -0.19401080697656556 0.27223472695335416 -0.4546421175934539 0.554469987971948 -0.5647130328023056 -1.0 -1.0 -0.26204584643735734 -0.9130639817660118 -0.20175358840614047 -0.06972240677551392 -0.8497050615121977 -0.49460295194037096 -1.0 -0.5613987330861141 -0.5320400358888194 -0.340850845956208 
0.10713907111337037 0.5310999528919591 0.9283575753323767 0.6957414463731773 -0.03341978743373958 -0.1572881691394419 0.07773554511099064 -0.6188735230455701 1.0 -0.19839204148882528 -0.5853015131893954 0.03574745467702578 0.08291987654713423 -0.22788510766237674 0.47421984932428624 -0.5203928607176479 0.554469987971948 -0.5526168232049472 -0.9623099916992925 -0.8532289265908696 -0.26462113012762145 -0.9376867114590018 -0.5147793260917803 -0.09928348419576871 -0.8701493774839176 -0.5299902503712692 -1.0 -0.44818723834893653 -0.6829793386546956 -0.4023439256421476 
0.10713907111337037 0.5102541110008674 0.9283575753323767 0.7566859799423515 0.06979639116752062 -0.16140334019409772 0.12220704253690728 -0.5726972533827683 1.0 -0.19839204148882528 -0.4383044332347854 0.03574745467702578 0.17886669424979532 -0.18809480122496908 0.3123879986087159 -0.5203928607176479 0.554469987971948 -0.5564875743943423 -0.9623099916992925 -1.0 -0.22109893945749795 -0.8290713857661313 -0.33658793940232534 -0.08058931454158899 -0.8297780786443223 -0.49460295194037096 -1.0 -0.4822995859514546 -0.5710223996029539 -0.340850845956208 
0.11180529222713567 0.19533258241609575 0.3386999126392909 0.6876958201959733 0.21124910506641098 -0.31453486759606764 -0.3250014696871964 -0.5729765429445683 0.8566743916757408 -0.13493880756417484 -0.7162579128884807 -0.006921526940430384 0.24830400926711438 -0.22327918617459763 0.23802671164962239 -0.5522054856185625 0.06229567601584998 -0.46054402050305776 -0.6702729283360686 -0.8598399521277365 -0.18272731616790266 -0.7391238694008191 -0.5415931044481367 -0.3193112724040248 -0.7658660852104808 -0.3124060400072113 -0.8940855894121501 -0.3241012916821357 -0.41667724462772654 -0.375464469724169 
0.10713907111337037 0.5102541110008674 0.9641787876661884 0.7566859799423515 -0.06874928460550117 -0.16140334019409772 0.23782896760679817 -0.6144875444066464 1.0 -0.06563902234228952 -0.4531437413238874 0.03574745467702578 0.17886669424979532 -0.19401080697656556 0.3123879986087159 -0.4705484300439112 0.554469987971948 -0.5564875743943423 -0.9617878866483383 -1.0 -0.22109893945749795 -0.8290713857661313 -0.33658793940232534 -0.06972240677551392 -0.8297780786443223 -0.49460295194037096 -1.0 -0.4822995859514546 -0.6064659380958237 -0.340850845956208 
0.10930175254779728 0.31385023190308375 1.0 0.7566859799423515 0.10235357542525758 -0.13514803356932426 -0.20585187413196968 -0.6767422009720931 1.0 -0.13214670633346157 -0.5928183254667994 0.38346027631152363 -0.029176381543854005 -0.2544852428897999 0.12707383813732548 -0.34478273615899824 0.226353780001216 -0.46997069534353864 -0.4754145966764314 -0.7262470251154818 -0.33975567879916974 -0.9058123308388231 -0.1776506804058633 -0.08158122126895294 -0.8734167333104627 -0.39234215629631275 -0.8817431134609094 -0.5164119335539727 -0.3198477177679447 -0.4023439256421476 
0.10713907111337037 0.3632162676540274 0.9218498453638688 0.6612463664999881 -0.17288956751143625 -0.30030813653501115 -0.1024899471328776 -0.6188735230455701 1.0 -0.028342528101241604 -0.6149801293675994 0.03574745467702578 0.1768923875900099 -0.2397171191655697 0.31116923451459266 -0.6501396644581122 0.390411883986582 -0.5022961606988212 -0.8156435689241004 -1.0 -0.26462113012762145 -0.8552633413668307 -0.6977339566976098 -0.23738022028877792 -0.8209986558800471 -0.5299902503712692 -1.0 -0.3540924913702299 -0.491606345305288 -0.36145690256068413 
0.10930175254779728 0.31385023190308375 1.0 0.7566859799423515 0.10235357542525758 -0.13514803356932426 -0.20585187413196968 -0.6767422009720931 1.0 -0.13214670633346157 -0.5928183254667994 0.38346027631152363 -0.029176381543854005 -0.2544852428897999 0.12707383813732548 -0.34478273615899824 0.226353780001216 -0.46997069534353864 -0.4754145966764314 -0.7262470251154818 -0.33975567879916974 -0.9058123308388231 -0.1776506804058633 -0.08158122126895294 -0.8734167333104627 -0.39234215629631275 -0.8817431134609094 -0.5164119335539727 -0.3198477177679447 -0.4023439256421476 
0.10287650082364998 0.2445204086349872 0.8522395465006561 0.47202499836648876 0.47088720141075907 0.10813129511137337 0.27410908096449316 -0.365948757406827 0.46808591267350536 -0.1805565899814235 -0.44084850413991433 0.30157410161418463 -0.15132861857117325 -0.25912468312826875 0.2307761239006747 -0.1224735255103972 0.23892694149480484 -0.5245217967644491 -0.11414964837025109 -0.7587310115114503 -0.637309668672559 -0.9468972908693642 0.0035252705641688267 -0.45371957190385603 -0.7783501770560629 0.038201591541520516 -0.6810172212116908 -0.3586969948290208 -0.19155136206886342 -0.4946280167476031 
0.10378772529268723 0.3188034833409707 0.878576471443993 0.47202499836648876 0.2926705992221052 -0.20292577001780399 -0.014109145219476815 -0.365948757406827 0.5472924071160701 -0.17632612048782462 -0.44084850413991433 0.30157410161418463 0.07404651152246305 -0.25912468312826875 0.2307761239006747 -0.1224735255103972 0.2310687155613118 -0.5245217967644491 -0.46489660864717575 -0.7587310115114503 -0.5119027401257783 -0.9468972908693642 0.0035252705641688267 -0.45371957190385603 -0.7783501770560629 0.038201591541520516 -0.823062800011997 -0.3586969948290208 -0.19155136206886342 -0.3741857427131608 
0.10409656149947291 0.33313995755675274 0.9209892251699896 0.43114215106732334 0.5317797474912196 0.7321270424777104 0.7543337568693755 -0.461583532870361 0.654836461894188 -0.1805565899814235 -0.3648635934764718 0.17280306002269774 -0.3235600941871723 -0.2744262407573618 0.13267877582025084 -0.011318920186096676 0.46616667424810715 -0.4710715053062231 -3.079992978785445E-4 -0.7587310115114503 -0.5610142978943528 -1.0 -0.1588356219247511 -0.45371957190385603 -0.6172584867910158 0.38336433704600026 -0.5566415179155494 -0.4410341278020775 -0.19155136206886342 -0.4850813866332456 
0.10378772529268723 0.3188034833409707 0.878576471443993 0.47202499836648876 0.2926705992221052 -0.20292577001780399 -0.014109145219476815 -0.365948757406827 0.5472924071160701 -0.17632612048782462 -0.44084850413991433 0.30157410161418463 0.07404651152246305 -0.25912468312826875 0.2307761239006747 -0.1224735255103972 0.2310687155613118 -0.5245217967644491 -0.46489660864717575 -0.7587310115114503 -0.5119027401257783 -0.9468972908693642 0.0035252705641688267 -0.45371957190385603 -0.7783501770560629 0.038201591541520516 -0.823062800011997 -0.3586969948290208 -0.19155136206886342 -0.3741857427131608 
0.10409656149947291 0.33313995755675274 0.9473261501133264 0.43114215106732334 0.33736417681839204 0.4898365136765472 0.4540652390839248 -0.461583532870361 0.654836461894188 -0.1805565899814235 -0.44084850413991433 0.17280306002269774 -0.15132861857117325 -0.2744262407573618 0.15435024447421886 -0.1224735255103972 0.32252763867418643 -0.5245217967644491 -0.11414964837025109 -0.7587310115114503 -0.5610142978943528 -0.9620694934781173 -0.1350669065640129 -0.45371957190385603 -0.7039280603633579 0.13826676179436428 -0.6777337479228489 -0.42659741468545287 -0.19155136206886342 -0.4850813866332456 
0.10409656149947291 0.33313995755675274 0.9473261501133264 0.43114215106732334 0.33736417681839204 0.4898365136765472 0.4540652390839248 -0.461583532870361 0.654836461894188 -0.1805565899814235 -0.44084850413991433 0.17280306002269774 -0.15132861857117325 -0.2744262407573618 0.15435024447421886 -0.1224735255103972 0.32252763867418643 -0.5245217967644491 -0.11414964837025109 -0.7587310115114503 -0.5610142978943528 -0.9620694934781173 -0.1350669065640129 -0.45371957190385603 -0.7039280603633579 0.13826676179436428 -0.6777337479228489 -0.42659741468545287 -0.19155136206886342 -0.4850813866332456 
0.10287650082364998 0.2445204086349872 0.8522395465006561 0.47202499836648876 0.47088720141075907 0.10813129511137337 0.27410908096449316 -0.365948757406827 0.46808591267350536 -0.1805565899814235 -0.44084850413991433 0.30157410161418463 -0.15132861857117325 -0.25912468312826875 0.2307761239006747 -0.1224735255103972 0.23892694149480484 -0.5245217967644491 -0.11414964837025109 -0.7587310115114503 -0.637309668672559 -0.9468972908693642 0.0035252705641688267 -0.45371957190385603 -0.7783501770560629 0.038201591541520516 -0.6810172212116908 -0.3586969948290208 -0.19155136206886342 -0.4946280167476031 
0.10287650082364998 0.33313995755675274 0.9473261501133264 0.43114215106732334 0.4911847167709126 0.3494330240330023 0.43418397293278727 -0.3833021673003423 0.46808591267350536 -0.1805565899814235 -0.44084850413991433 0.30157410161418463 -0.15132861857117325 -0.2642252023379664 0.15435024447421886 -0.1224735255103972 0.23892694149480484 -0.5245217967644491 -0.11414964837025109 -0.7587310115114503 -0.6065936085675228 -0.9620694934781173 0.0035252705641688267 -0.45371957190385603 -0.7246529469677139 0.15325584004301376 -0.6395586534463104 -0.42659741468545287 -0.19155136206886342 -0.4850813866332456 
0.10505877166725583 0.6230885376194624 1.0 0.6530891691728367 0.15679539038536422 -0.0425034515101301 0.017822412533141457 -0.48674503703213223 0.7625490306579226 -0.20251855352340048 -0.6664401031116886 0.29328953785999956 0.29942164161609935 -0.21931504232677904 0.29715016745514783 -0.22287909113262588 0.22321048962781878 -0.4200479765039257 -0.8156435689241004 -0.611264398574024 -0.30237606960759017 -0.7878311376191498 -0.5017300486857064 -0.24931294457739867 -0.7956726082859547 -0.384957845372477 -0.8798732240993677 -0.5164119335539727 -0.7273499313576919 -0.244196838564361 
0.1046989497617245 0.48170610696871974 1.0 0.6530891691728367 0.13475151239360483 -0.2726811062253524 -0.14225247943515268 -0.4623107919055326 0.6264989015586349 -0.17209565099422575 -0.6693574683023181 0.29328953785999956 0.29942164161609935 -0.21931504232677904 0.28848809329394953 -0.22287909113262588 0.22321048962781878 -0.4200479765039257 -0.8156435689241004 -0.438356746000038 -0.35577975147396146 -0.7878311376191498 -0.4205496024412464 -0.24931294457739867 -0.8624484290887591 -0.5000120938739703 -0.9236498110469228 -0.5164119335539727 -0.7273499313576919 -0.244196838564361 
0.10287650082364998 0.33313995755675274 0.9473261501133264 0.43114215106732334 0.4911847167709126 0.3494330240330023 0.43418397293278727 -0.3833021673003423 0.46808591267350536 -0.1805565899814235 -0.44084850413991433 0.30157410161418463 -0.15132861857117325 -0.2642252023379664 0.15435024447421886 -0.1224735255103972 0.23892694149480484 -0.5245217967644491 -0.11414964837025109 -0.7587310115114503 -0.6065936085675228 -0.9620694934781173 0.0035252705641688267 -0.45371957190385603 -0.7246529469677139 0.15325584004301376 -0.6395586534463104 -0.42659741468545287 -0.19155136206886342 -0.4850813866332456 
0.10838955790036028 0.15590085971322165 0.5718936047521053 0.7165626074023337 0.015573299481751623 -0.13404155167034443 0.33574780661777537 -0.6138721947616663 0.6913681018478062 -0.06876877420105104 -0.3819571813991781 0.1686607781456052 0.07886958568392125 -0.25595610981516737 0.318826585104249 -0.516673321866566 0.23892694149480484 -0.5680845877014246 -0.7092046110111581 -0.7666135764721562 -0.4975641496866622 -0.9848277973912469 -0.3471043430667205 -0.4401404163752308 -0.774993487626471 0.3781997300806871 -0.9595764723750169 -0.30054645940647406 -0.5001562863113069 -0.5423611673193904 
0.10287650082364998 0.15590085971322165 0.730816017944649 0.5129078456656542 0.4911847167709126 0.24952358463445257 0.43418397293278727 -0.42687671308333036 0.38273620369561245 -0.1567694000879025 -0.3753089697279244 0.30157410161418463 -0.15132861857117325 -0.2642252023379664 0.11535462749785426 -0.12123367922670321 0.23892694149480484 -0.6045388514135418 -0.1727592498580667 -0.5962133810707183 -0.6224464181044252 -0.9696555947824939 0.0035252705641688267 -0.45371957190385603 -0.7815268693196924 0.15325584004301376 -0.6395586534463104 -0.30523328808921335 -0.19155136206886342 -0.5041746468619606 
0.10287650082364998 0.15590085971322165 0.730816017944649 0.5129078456656542 0.4911847167709126 0.24952358463445257 0.43418397293278727 -0.42687671308333036 0.38273620369561245 -0.1567694000879025 -0.3753089697279244 0.30157410161418463 -0.15132861857117325 -0.2642252023379664 0.11535462749785426 -0.12123367922670321 0.23892694149480484 -0.6045388514135418 -0.1727592498580667 -0.5962133810707183 -0.6224464181044252 -0.9696555947824939 0.0035252705641688267 -0.45371957190385603 -0.7246529469677139 0.15325584004301376 -0.6395586534463104 -0.30523328808921335 -0.19155136206886342 -0.5041746468619606 
0.10729842247855736 0.15590085971322165 0.5718936047521053 0.7165626074023337 0.1827679626745258 0.01197196640194692 0.5439285868175983 -0.6138721947616663 0.6913681018478062 -0.04589419748330205 -0.23639161470729603 0.1686607781456052 0.07886958568392125 -0.2784111898207611 0.318826585104249 -0.516673321866566 0.23892694149480484 -0.6603300251562326 -0.3877624514781412 -0.7666135764721562 -0.6575993239350797 -0.9848277973912469 -0.3471043430667205 -0.5423437300384595 -0.774993487626471 0.6473065727884324 -0.8394191870484882 -0.19495713667409437 -0.23225700166689267 -0.5423611673193904 
0.10287650082364998 0.15590085971322165 0.730816017944649 0.5129078456656542 0.4911847167709126 0.24952358463445257 0.43418397293278727 -0.42687671308333036 0.38273620369561245 -0.1567694000879025 -0.3753089697279244 0.30157410161418463 -0.15132861857117325 -0.2642252023379664 0.11535462749785426 -0.12123367922670321 0.23892694149480484 -0.6045388514135418 -0.1727592498580667 -0.5962133810707183 -0.6224464181044252 -0.9696555947824939 0.0035252705641688267 -0.45371957190385603 -0.7815268693196924 0.15325584004301376 -0.6395586534463104 -0.30523328808921335 -0.19155136206886342 -0.5041746468619606 
0.10729842247855736 0.15590085971322165 0.5718936047521053 0.7165626074023337 0.1827679626745258 0.01197196640194692 0.5439285868175983 -0.6138721947616663 0.6913681018478062 -0.04589419748330205 -0.23639161470729603 0.1686607781456052 0.07886958568392125 -0.2784111898207611 0.318826585104249 -0.516673321866566 0.23892694149480484 -0.6603300251562326 -0.3877624514781412 -0.7666135764721562 -0.6575993239350797 -0.9848277973912469 -0.3471043430667205 -0.5423437300384595 -0.774993487626471 0.6473065727884324 -0.8394191870484882 -0.19495713667409437 -0.23225700166689267 -0.5423611673193904 
0.10287650082364998 0.15590085971322165 0.730816017944649 0.5129078456656542 0.4911847167709126 0.24952358463445257 0.43418397293278727 -0.42687671308333036 0.38273620369561245 -0.1567694000879025 -0.3753089697279244 0.30157410161418463 -0.15132861857117325 -0.2642252023379664 0.11535462749785426 -0.12123367922670321 0.23892694149480484 -0.6045388514135418 -0.1727592498580667 -0.5962133810707183 -0.6224464181044252 -0.9696555947824939 0.0035252705641688267 -0.45371957190385603 -0.7246529469677139 0.15325584004301376 -0.6395586534463104 -0.30523328808921335 -0.19155136206886342 -0.5041746468619606 
0.10795396514972708 -0.11169715977621461 0.18700607123376203 0.6293252820550915 0.6438238328657202 0.05657785687405607 0.5188193590136846 -0.5977382520348342 0.38273620369561245 -0.0634405895309601 -0.4530558030175488 0.22925073525570366 0.017412315732489275 -0.24371636583449757 0.1944630613352204 -0.16003600922537856 -0.05303139061291383 -0.6892991865299266 -0.29277313325072674 -0.21725438155832283 -0.4653138756871887 -0.9294237402142834 -0.05324693910483829 -0.38233561532023297 -0.8258193754609005 0.41334609879954554 -0.9545108175342735 0.1989746628431954 -0.19155136206886342 -0.1237279977177661 
0.10058134018348838 0.2064281900141437 1.0 0.5129078456656542 0.4911847167709126 0.3505198895583311 0.43418397293278727 -0.42687671308333036 0.38273620369561245 -0.1567694000879025 -0.35044668602144574 0.30157410161418463 -0.29698628691457063 -0.3308564316207055 0.08110337447113955 -0.031778146719376205 0.23892694149480484 -0.6045388514135418 -0.0667435821072822 -0.6491747558832652 -0.7494358548445418 -0.9696555947824939 -0.15742996687561545 -0.45371957190385603 -0.6688729722954161 0.15325584004301376 -0.5373605513499514 -0.5780208637860837 -0.3368894957632481 -0.5588492747934928 
0.10844110819548097 -0.222655013047326 0.26255605955538286 0.36735934819042093 0.48955566967741754 -0.05679305473211853 0.12393444744322407 -0.7374963558618456 0.19086437847300372 -0.0634405895309601 -0.416519198421534 0.03813345397113349 -0.105162086650643 -0.26561214277228584 0.22358218453638623 -0.6680362492139158 -0.05303139061291383 -0.6930993400333858 -0.3626817341840036 0.0557818683289788 -0.23146017546969538 -0.6859605413616688 -0.20582837465963932 -0.14119293597032023 -0.7933709481649278 -0.005426161811048269 -0.9545108175342735 0.1576074623818635 -0.4822276294576328 0.07808153634986956 
0.10844110819548097 -0.27824051866380684 0.3215980622614375 0.36735934819042093 0.6432348494339187 0.05657785687405607 0.5188193590136846 -0.6493005140628952 0.19007603856996447 -0.0634405895309601 -0.4810780688942159 0.03813345397113349 -0.105162086650643 -0.35646998789650686 0.2050689891191571 -0.16003600922537856 -0.05303139061291383 -0.6930993400333858 -0.20075568114181774 0.0557818683289788 -0.4653138756871887 -0.6670419257272283 -0.431929623653414 -0.2376492533686577 -0.8154258546094916 0.41334609879954554 -0.9545108175342735 0.1576074623818635 -0.4822276294576328 -0.1237279977177661 
0.11214194448833717 -0.5451506525090993 0.633543289406425 0.3422987368642919 0.590164156210395 -0.08030490795019432 -0.05316195883230099 -0.6933667179469272 -0.04424957082269787 -0.33053491565986653 -0.4382960077831858 0.1793451002882484 -0.15644622707619377 -0.33221722106669366 0.24169906096407237 -0.8884453666485064 -0.31189134671497354 -0.5004303817971865 -0.4341582781024187 0.07091709089989762 -0.2391345135841102 -0.4673146909055978 -0.27421872806005765 -0.02157893483345938 -0.8045469865824103 -0.1838105575457119 -0.5873608064969755 0.23020501423034034 -0.20673898280988057 -0.07189076562444252 
0.10385078691515778 -0.14939310525372232 0.9704789986469726 -0.011024022063687022 0.49000674990730964 0.2585704667218131 0.5649842534927597 -0.5300012371394525 -0.07944174854791299 -0.7665025519518085 -0.3990740662449177 -0.08066046095495573 -0.3964774233374378 -0.489732446461985 0.14582308077434225 -0.26995754384899767 -0.1717287747931429 -0.6121391584204601 0.011275654359751253 -0.05014088129611505 -0.591205335963271 -0.44489196580838364 -0.6407894740360952 -0.11611868930153675 -0.7038659052648961 0.1351974745362371 -0.7501146133415556 -0.38796768901187717 -0.7729038968464021 -0.23307725358083062 
0.10058134018348838 0.2064281900141437 1.0 0.5129078456656542 0.4911847167709126 0.3505198895583311 0.43418397293278727 -0.42687671308333036 0.38273620369561245 -0.1567694000879025 -0.35044668602144574 0.30157410161418463 -0.29698628691457063 -0.3308564316207055 0.08110337447113955 -0.031778146719376205 0.23892694149480484 -0.6045388514135418 -0.0667435821072822 -0.6491747558832652 -0.7494358548445418 -0.9696555947824939 -0.15742996687561545 -0.45371957190385603 -0.6688729722954161 0.15325584004301376 -0.5373605513499514 -0.5780208637860837 -0.3368894957632481 -0.5588492747934928 
0.10385078691515778 -0.17718585806196274 1.0 -0.011024022063687022 0.49000674990730964 0.2585704667218131 0.76242670927799 -0.5300012371394525 -0.002584126555683533 -0.7665025519518085 -0.4313535014812586 -0.08066046095495573 -0.3964774233374378 -0.489732446461985 0.1365664830657277 0.018875055789275452 -0.1717287747931429 -0.6121391584204601 0.011275654359751253 -0.05014088129611505 -0.7192927491674218 -0.44489196580838364 -0.7538400985329825 -0.16434684800070548 -0.7038659052648961 0.344583604841534 -0.7501146133415556 -0.38796768901187717 -0.7729038968464021 -0.23307725358083062 
0.10844110819548097 -0.27824051866380684 0.3215980622614375 0.36735934819042093 0.6432348494339187 0.05657785687405607 0.5188193590136846 -0.6493005140628952 0.19007603856996447 -0.0634405895309601 -0.4810780688942159 0.03813345397113349 -0.105162086650643 -0.35646998789650686 0.2050689891191571 -0.16003600922537856 -0.05303139061291383 -0.6930993400333858 -0.20075568114181774 0.0557818683289788 -0.4653138756871887 -0.6670419257272283 -0.431929623653414 -0.2376492533686577 -0.8154258546094916 0.41334609879954554 -0.9545108175342735 0.1576074623818635 -0.4822276294576328 -0.1237279977177661 
0.10385078691515778 -0.17718585806196274 1.0 0.17816766306336695 0.49000674990730964 0.1575741617979346 0.6406230341458372 -0.5300012371394525 0.09374595600714046 -0.7665025519518085 -0.45621578518773725 -0.08066046095495573 -0.2508197549940404 -0.489732446461985 0.1365664830657277 0.018875055789275452 -0.1717287747931429 -0.6526192492269229 -0.09474001339103325 0.0028204935164318767 -0.5923033124273053 -0.555966945767806 -0.5928848610931983 -0.16434684800070548 -0.7038659052648961 0.37896485182053974 -0.7501146133415556 -0.11518011331500683 -0.6275657631520175 -0.23307725358083062 
0.10290203295815216 -0.19182471992712172 0.8391575016632664 0.609584019990953 0.9893420606350463 0.14573109713179988 0.9480363520790742 -0.5380568965576695 0.08369499155272597 -0.3686320132839314 -0.22563702551392123 0.3077666529535502 -0.37787336640674585 -0.2652460944589232 0.25799904032012716 -0.38556789507116046 -0.9354387520741259 -0.9009365796587587 -0.06393666651918803 0.03887454193591 -0.2858671135161552 -0.38337118878998644 -0.5720753875238069 -0.38482705830420294 -0.8566616010453314 0.3868089282779824 -0.6667320104632517 0.43580337929500507 -0.2683946195583004 -0.769705765077366 
0.10385078691515778 -0.14939310525372232 0.9704789986469726 -0.011024022063687022 0.49000674990730964 0.2585704667218131 0.5649842534927597 -0.5300012371394525 -0.07944174854791299 -0.7665025519518085 -0.3990740662449177 -0.08066046095495573 -0.3964774233374378 -0.489732446461985 0.14582308077434225 -0.26995754384899767 -0.1717287747931429 -0.6121391584204601 0.011275654359751253 -0.05014088129611505 -0.591205335963271 -0.44489196580838364 -0.6407894740360952 -0.11611868930153675 -0.7038659052648961 0.1351974745362371 -0.7501146133415556 -0.38796768901187717 -0.7729038968464021 -0.23307725358083062 
0.10385078691515778 -0.656321663742061 0.6539124884513432 -0.011024022063687022 0.8797596849091389 0.038642441266507344 0.5251793765381659 -0.5169750343490265 -0.08821714132821455 -0.615177393458157 -0.4313535014812586 -0.08066046095495573 -0.27462921216884967 -0.3986400995308397 0.1800918965023063 -0.15408477830888834 -0.5242846286278081 -0.8772533427949312 -0.1682503607431309 0.3056080928272843 -0.7068419140190968 -0.4590979761951893 -0.45161503706065675 -0.16434684800070548 -0.7308895951242773 0.6189613792301142 -0.8399330504279772 -0.07126905924083186 -0.7794214971171126 -0.37515362162557353 
0.10321932973422301 -0.5662513700490821 0.8312966370244322 0.24253330234388926 0.7191399404403567 0.14643691526215488 0.8520515219162914 -0.5169750343490265 -0.04582625062877638 -0.4885084954150684 -0.5674137487285495 -0.010145033658732747 -0.3937111685346244 -0.5139329113151356 0.20467267012961415 0.12755511332856817 -0.5235901844570922 -0.903034789605115 -0.1682503607431309 0.3592551593786021 -0.7068419140190968 -0.4294774596367167 -0.8676910500801485 -0.21449156963013427 -0.7626386412178892 0.6969658609789696 -0.8365059688684031 -0.40439795800058803 -0.6112337151295522 -0.2979065151214668 
0.09969875640891837 -0.4583811060497648 0.16225937784964162 0.23141711322830238 1.0 -0.10201237572835 0.2879320437983419 -0.6051708761479768 -0.14842591418815715 -0.6014208634154279 -0.16224193415603894 0.15380938946566786 0.014818840988250592 -0.3831499736458822 0.2224975061900313 -0.19749660821121112 -0.545124329302386 -1.0 -0.42256218468534834 0.37656781755840946 -0.501349039759686 -0.43256483975461096 -0.14938997558833106 -0.3613621550348491 -0.7280719170452264 0.3268823041925578 -0.9613649806534215 0.18783751238064497 -0.528154818756829 -0.4789346349942602 
0.10155562627499619 -0.1266585277610407 1.0 0.17816766306336695 0.4133927001440051 0.2585704667218131 0.6406230341458372 -0.5300012371394525 -0.002584126555683533 -0.7665025519518085 -0.4313535014812586 -0.14005741841800035 -0.2508197549940404 -0.5563636757447241 0.10231523003901298 0.018875055789275452 -0.1717287747931429 -0.6526192492269229 -0.09474001339103325 0.0028204935164318767 -0.5923033124273053 -0.4448919658083837 -0.5928848610931983 -0.1276956453167294 -0.7038659052648961 0.37896485182053974 -0.6479165112451967 -0.38796768901187717 -0.6275657631520175 -0.28775188151236286 
0.10155562627499619 -0.1266585277610407 1.0 0.17816766306336695 0.4133927001440051 0.2585704667218131 0.6406230341458372 -0.5300012371394525 -0.002584126555683533 -0.7665025519518085 -0.4313535014812586 -0.14005741841800035 -0.2508197549940404 -0.5563636757447241 0.10231523003901298 0.018875055789275452 -0.1717287747931429 -0.6526192492269229 -0.09474001339103325 0.0028204935164318767 -0.5923033124273053 -0.4448919658083837 -0.5928848610931983 -0.1276956453167294 -0.7038659052648961 0.37896485182053974 -0.6479165112451967 -0.38796768901187717 -0.6275657631520175 -0.28775188151236286 
0.10385078691515778 -0.17718585806196274 1.0 -0.011024022063687022 0.49000674990730964 0.2585704667218131 0.76242670927799 -0.5300012371394525 -0.002584126555683533 -0.7665025519518085 -0.4313535014812586 -0.08066046095495573 -0.3964774233374378 -0.489732446461985 0.1365664830657277 0.018875055789275452 -0.1717287747931429 -0.6121391584204601 0.011275654359751253 -0.05014088129611505 -0.7192927491674218 -0.44489196580838364 -0.7538400985329825 -0.16434684800070548 -0.7038659052648961 0.344583604841534 -0.7501146133415556 -0.38796768901187717 -0.7729038968464021 -0.23307725358083062 
0.10321932973422301 -0.5662513700490821 0.8312966370244322 0.24253330234388926 0.7191399404403567 0.14643691526215488 0.8520515219162914 -0.5169750343490265 -0.04582625062877638 -0.4885084954150684 -0.5674137487285495 -0.010145033658732747 -0.3937111685346244 -0.5139329113151356 0.20467267012961415 0.12755511332856817 -0.5235901844570922 -0.903034789605115 -0.1682503607431309 0.3592551593786021 -0.7068419140190968 -0.4294774596367167 -0.8676910500801485 -0.21449156963013427 -0.7626386412178892 0.6969658609789696 -0.8365059688684031 -0.40439795800058803 -0.6112337151295522 -0.2979065151214668 
0.10382975142739219 -0.656321663742061 0.6640970879738023 -0.1876854015276765 0.8259933721984223 0.25758786436304526 0.7246932667901274 -0.5169750343490265 -0.10404944963327449 -0.5622930775436863 -0.48107363884490295 -0.08066046095495573 -0.22070609906912275 -0.4472359087791774 0.1983350254152491 0.12755511332856817 -0.7350716155196114 -0.9051329995514713 -0.1900780516503398 0.3434547895041293 -0.4449812952027733 -0.4355173786668949 -0.7523903499380133 -0.21090803750668752 -0.7412743511723414 1.0 -0.857620096991695 -0.40439795800058803 -1.0 -0.5588446528903566 
0.10321932973422301 -0.656321663742061 0.7516272948185343 0.17456218486282998 0.8772321143367235 0.2542009275223911 0.5251793765381658 -0.5169750343490265 -0.11712429380578061 -0.9527041871709183 -0.5674137487285495 -0.10718957479923909 -0.4467353103612325 -0.5139329113151356 0.13009939570439205 0.12755511332856817 -0.5242846286278081 -0.9283251971770143 -0.1682503607431309 0.3750555292530749 -0.9687025328354203 -0.4695438114532687 -0.726421226047607 -0.21807510175358102 -0.7626386412178892 1.0 -0.8222460038642594 -0.40439795800058803 -0.9269692748215973 -0.3921750146290711 
0.10321932973422301 -0.656321663742061 0.6640970879738023 -0.1876854015276765 0.8057029708117485 0.3507992055377347 0.5251793765381659 -0.5169750343490265 -0.17534749281027873 -0.7574986323573023 -0.5674137487285495 -0.08066046095495573 -0.3337207047151776 -0.5139329113151356 0.12376175099002702 0.12755511332856817 -0.5242846286278081 -0.9051329995514713 -0.1682503607431309 0.3592551593786021 -0.7068419140190968 -0.4755837304834469 -0.880767064571407 -0.21449156963013427 -0.6686156813904468 1.0 -0.8399330504279772 -0.40439795800058803 -1.0 -0.47550983375971384 
