5.945005860670643 1.706985945352425 
5.945005860670643 1.706985945352425 
5.730045789446293 1.6518836509601775 
5.802148470973026 1.6538781105662845 
5.802148470973026 1.6538781105662845 
5.720078452324882 1.7037560856687555 
5.720078452324882 1.7037560856687555 
4.804890921707259 1.800970465502011 
5.421379660648053 1.84058800057814 
4.7614863364359525 1.7842471879573385 
5.421379660648053 1.84058800057814 
4.896441365921047 1.9723397565556957 
4.843177977326311 1.7468467081872447 
5.137644109759388 1.9485465876676515 
5.165908624225925 1.496888071729162 
3.530502332885785 2.0099729651975777 
4.9381847462431425 2.1491985160543394 
4.764521545154466 1.9689734418306024 
3.530502332885785 2.0099729651975777 
4.291356992854962 2.2416700488047647 
3.506359085115184 2.105313023642293 
3.5296919511917713 2.210635754379836 
4.291356992854962 2.2416700488047647 
4.2107373022169545 2.2631049127006366 
3.603815282070551 2.3206336147383078 
3.4558281413408367 2.112282118715845 
3.606089997887611 2.2340144939653923 
3.4309604952703725 1.900626860577375 
2.778129495733161 2.419333887814857 
3.4309604952703725 1.900626860577375 
3.5296919511917713 2.210635754379836 
3.603815282070551 2.3206336147383078 
3.5286251752687927 2.481225890176475 
3.5286251752687927 2.481225890176475 
3.4052562109069626 2.49941313496899 
2.937252417299571 2.3553395774395796 
2.778129495733161 2.419333887814857 
3.1860680489021473 2.337895179802452 
2.8307620471270614 2.583015084729788 
2.937252417299571 2.3553395774395796 
3.1860680489021473 2.337895179802452 
3.504839890866189 2.1882112758510677 
2.8622875793309133 2.7821862045064916 
2.8622875793309133 2.7821862045064916 
3.6170199877888787 3.0531614721399 
3.1185186346889218 2.4664150049172617 
3.721024668251485 2.077169935251326 
3.6059148518855255 3.03828181844443 
3.8431328947289867 2.3123893909357656 
3.242452437117017 3.2435591420865033 
3.617327131706265 3.6057237994356908 
3.2431769971977533 3.053364340090403 
3.6059148518855255 3.03828181844443 
3.2708322997483847 3.6310172948733745 
3.242452437117017 3.2435591420865033 
2.551419246763514 3.7738486684187382 
3.2708322997483847 3.6310172948733745 
2.551419246763514 3.7738486684187382 
3.1067390752474635 3.7634169159132087 
2.4889417600347463 3.9973812321171387 
2.576724073079512 3.9010380279803174 
2.576724073079512 3.9010380279803174 
1.917361383033442 4.0771678187508416 
2.4889417600347463 3.9973812321171387 
2.5811802158020405 3.678009190680798 
2.477303928470384 4.200895139886529 
2.2918054831144272 4.047068145733457 
2.7982625254744544 4.23357417447518 
2.5536160611300076 3.535736316247677 
2.1136378456280553 3.37225049757937 
2.2767791960220096 4.3644431302703275 
2.1136378456280553 3.37225049757937 
1.6639368352431596 4.401718619690857 
1.6337653192864157 4.585986834618536 
2.5536160611300076 3.535736316247677 
1.917361383033442 4.0771678187508416 
1.5918612923705404 4.173433733872383 
1.6337653192864157 4.585986834618536 
2.011131711555393 3.9568694080965066 
1.6139154052780669 4.611407584469699 
2.164878047975651 4.531729883494924 
2.078572721128952 4.592320347477852 
2.042382993617211 4.03797370684227 
2.0315940335444016 4.884107592249618 
1.90277791962043 4.261980000841101 
2.011131711555393 3.9568694080965066 
2.145198937128646 4.942734625764029 
2.1099714306862203 5.5749617579557995 
1.9692467032960512 4.312207925511661 
2.156760375486987 5.821011201294464 
1.9692467032960512 4.312207925511661 
2.0855337729780405 6.180189980234671 
1.9945049819732432 6.80266636040119 
1.7876969507670721 6.276951632496759 
2.0581339144700155 6.7365697447955295 
2.0855337729780405 6.180189980234671 
2.0960149490660047 6.349332565283561 
2.145198937128646 4.942734625764029 
2.0960149490660047 6.349332565283561 
2.1463315254733253 6.91862204374032 
