1.4794149902208513 1.2280999143436508 
1.3893295128759768 1.2282949218639962 
1.3507798222531895 1.2331616411954238 
1.425933640690526 1.2300365506873088 
1.3236851995473187 1.2324607412451205 
1.3188840425560913 1.249955606986563 
1.3073966846091205 1.2337185201299916 
1.3500668447549329 1.2531131550890553 
1.3053443299468999 1.2348191581308159 
1.3140674796289762 1.238499478110183 
1.3053443299468999 1.2348191581308159 
1.2986271258558255 1.2535677750482814 
1.3188840425560913 1.249955606986563 
1.2986271258558255 1.2535677750482814 
1.280252222214929 1.2250097977577972 
1.3272456479392483 1.2849708212618687 
1.3140674796289762 1.2587281278753712 
1.280252222214929 1.2250097977577972 
1.3053443299468999 1.2348191581308159 
1.2521089629541287 1.3137122141936715 
1.3053443299468999 1.2348191581308159 
1.2636252670688513 1.3114622369033015 
1.2628158624528751 1.3220917037397109 
1.2628158624528751 1.3220917037397109 
1.2344922778889056 1.3353776122612744 
1.2521089629541287 1.3137122141936715 
1.265725252597138 1.3464328473738914 
1.2496954937766391 1.3336587635794377 
1.22990336470188 1.354222571380626 
1.22990336470188 1.354222571380626 
1.213623102330521 1.3699029761798878 
1.2203587673333187 1.357672745404704 
1.2128051275196459 1.3679026174405213 
1.213623102330521 1.3699029761798878 
1.2125851780558103 1.375477878252486 
1.2162688536772484 1.374439920503478 
1.214887608228912 1.3876819174875674 
1.211074953921036 1.368536156517059 
1.2069834083454434 1.4019055083114227 
1.2069834083454434 1.4019055083114227 
1.2101322971557251 1.4244603541678216 
1.2101322971557251 1.4244603541678216 
1.204737771365084 1.4326763568274512 
1.2004288179344749 1.442686511154081 
1.2076443507075725 1.4313945600534899 
1.204737771365084 1.4326763568274512 
1.195160719349933 1.414438091543286 
1.2054659579441533 1.484637600917734 
1.2004288179344749 1.442686511154081 
1.2007183746198282 1.5086806188902817 
1.1981843817929068 1.4649281146973263 
1.1945632000659618 1.4251355292833066 
1.1981843817929068 1.4649281146973263 
1.19495064371119 1.4153120007031976 
1.1956232986540773 1.4957826824779326 
1.19495064371119 1.4153120007031976 
1.1947845728423203 1.4772717616644804 
1.1962757629590843 1.4483209273856539 
1.1947845728423203 1.4772717616644804 
1.1945632000659618 1.4251355292833066 
1.195075738219714 1.4143269234936402 
1.1974500010688611 1.6217880871172319 
1.1942449786628981 1.5902430795296043 
1.1944710014353275 1.6080881089825332 
1.195160719349933 1.414438091543286 
1.1942449786628981 1.5902430795296043 
1.195075738219714 1.4143269234936402 
1.1910404349806973 1.700311337843202 
1.1961785131237692 1.766461297735213 
1.1961785131237692 1.766461297735213 
1.1953849748309646 1.8905670689707286 
1.1944710014353275 1.6080881089825332 
1.1953849748309646 1.8905670689707286 
1.1953482938788582 1.8579894954451333 
1.198766893048135 1.9957232730881285 
1.19303936560368 2.0836971852654447 
1.1914996831487996 2.029202706852872 
1.1898403626525926 2.054361617743007 
1.1914996831487996 2.029202706852872 
1.1910404349806973 1.700311337843202 
1.1937384972918912 2.179566325787244 
1.19303936560368 2.0836971852654447 
1.1932903338815097 2.0032372671365937 
1.1932903338815097 2.0032372671365937 
1.1898403626525926 2.054361617743007 
1.1915009119288935 2.0298500925837835 
0.9945506626463501 3.03254224539844 
0.9879447860844672 2.85428131139332 
1.0410723827640769 3.051171799222651 
1.004386487492324 3.045462951856318 
1.0567559564069438 3.057199520523417 
0.9879447860844672 2.85428131139332 
1.0410723827640769 3.051171799222651 
1.004386487492324 3.045462951856318 
0.9945506626463501 3.03254224539844 
0.989835189999529 3.085001693093026 
0.9612471070090455 3.1039454792467844 
0.9543836439178406 3.1982580615328846 
0.9344042198287266 3.2310838898607033 
0.9156568226626128 4.2317638542633516 
