0.5880849292785223 -0.4787837338294713 -0.9582132235938914 -0.8647297867548709 -0.7615567654858875 -0.2916844872626174 -0.7011491370606313 -0.9932069478004883 0.05358766641901298 -0.4220444717418479 0.18618244772777182 -0.22823415523066318 -0.10352206261323751 0.46060061137568364 -0.43658248015568346 -0.27605299561307084 0.7492727581117765 0.354199435398248 0.975966058655066 0.5670743864437112 0.667897835466307 0.2411834258417163 0.6919760284846573 0.40969608828923015 0.4125086237325935 0.45427409024997084 0.9977318924788716 0.9935595587355947 0.5479802758360781 0.5243621016467958 
0.58807497115709 -0.49244040867705846 -0.9301435837693597 -0.8658765408053903 -0.7586350092324721 -0.29096732523021784 -0.7015998691205284 -1.0 0.016261209017356948 -0.4244495734066497 0.17331179085495307 -0.2123203335322987 -0.10775375867224513 0.46060061137568364 -0.41358887623051466 -0.27996709705819195 0.7434553143771008 0.35361575491527975 0.969877719371205 0.5667093893834394 0.5633560943697218 0.22928548701941465 0.8293632271874203 0.4087328200686823 0.4093485790424862 0.4581622534757036 0.9959856954772082 0.9893808587930499 0.5509652496218964 0.5323218347161722 
0.58807497115709 -0.49206992345329637 -0.9301435837693597 -0.8657790906601248 -0.7615567654858875 -0.2916844872626174 -0.7015998691205284 -0.9986349585592857 0.01778303314349295 -0.4244495734066497 0.17331179085495307 -0.21463221342175814 -0.10616405335428863 0.46060061137568364 -0.4114506012265208 -0.2730576866380955 0.7434553143771008 0.35270149788878863 0.969877719371205 0.5667093893834394 0.7204434153604586 0.22928548701941465 0.8392749818321859 0.4087328200686823 0.4093485790424862 0.4581622534757036 0.9959856954772082 0.993026782711556 0.5560880078893576 0.5323218347161722 
0.58807497115709 -0.49391983056002553 -0.9301435837693597 -0.8647297867548709 -0.7615567654858875 -0.2916844872626174 -0.7014195762965696 -1.0 0.01905169946712809 -0.4220444717418479 0.17030643968016645 -0.21463221342175814 -0.10352206261323751 0.46060061137568364 -0.4114506012265208 -0.27605299561307084 0.7492727581117765 0.3532535403793262 0.9711124511920923 0.5670743864437112 0.7061903680662875 0.2313736201785388 0.6919760284846573 0.4087328200686823 0.3998790732683307 0.45427409024997084 0.9967159084047446 0.9935595587355947 0.5479802758360781 0.5323218347161722 
0.58807497115709 -0.49206992345329637 -0.9301435837693597 -0.8657790906601248 -0.7615567654858875 -0.2916844872626174 -0.7014195762965696 -0.9986349585592857 0.01905169946712809 -0.4220444717418479 0.17331179085495307 -0.21463221342175814 -0.10352206261323751 0.46060061137568364 -0.4114506012265208 -0.27397647910824124 0.7492727581117765 0.35251166993420463 0.969877719371205 0.5659577024335983 0.7061903680662875 0.2313736201785388 0.8295192799503767 0.4087328200686823 0.4093485790424862 0.45427409024997084 0.9955485718430251 0.993026782711556 0.5559771025491496 0.5323218347161722 
0.5880663999669542 -0.4863940324912084 -0.9507523182573379 -0.8679696248692214 -0.8004842850560573 -0.28982933834269287 -0.70104920470121 -0.985803676521074 0.016768963277924088 -0.4220444717418479 0.1767568311677601 -0.22125139256646176 -0.10361714329756655 0.4567566751735992 -0.4252448726180485 -0.27389747467266673 0.7492727581117765 0.3481728026139816 0.9672244400247251 0.5659754105301136 0.6740159204392748 0.2313736201785388 0.8420638239207735 0.4087328200686823 0.42033983918679924 0.4462486185988053 0.9945487958913908 0.9919612306634786 0.5803015423256889 0.5258503621089634 
0.5880754121811322 -0.4887405944636001 -0.9422576927023174 -0.8679751486158981 -0.7935516453024011 -0.2902501631978182 -0.701058990648652 -0.9948335325625424 0.01600805121485609 -0.41723426841224437 0.17932249320452634 -0.220506159137053 -0.10520684861552304 0.4813871921904077 -0.44100463155088404 -0.2758140640485328 0.7492727581117765 0.35213201402503663 0.9674082557294305 0.5644760213632136 0.6776842734779454 0.23554988649678713 0.8329524407354179 0.4106593565097781 0.4282875905907973 0.44694004995620623 0.9936510223537693 0.9883153067449726 0.5669589030480392 0.527452529261847 
0.5880663999669542 -0.4863940324912084 -0.9479486641999484 -0.8669635222899236 -0.795439925469472 -0.2900093656919647 -0.70104920470121 -0.985803676521074 0.01752987534099209 -0.4220444717418479 0.1767568311677601 -0.22493359885351794 -0.10361714329756655 0.4567566751735992 -0.41162338868920684 -0.2689046536284363 0.7492727581117765 0.347715674100736 0.9710948050958059 0.5659556654270064 0.6740159204392748 0.2313736201785388 0.8543364776545131 0.4087328200686823 0.42724490568676754 0.4462486185988053 0.9942371214099047 0.9919612306634786 0.597207245138315 0.5261246767784822 
0.5880754121811322 -0.4887405944636001 -0.9380283899690823 -0.8743316170146165 -0.8351357690742863 -0.2902501631978182 -0.701058990648652 -0.9948777310336147 0.01600805121485609 -0.414881662232392 0.1777913641766121 -0.220506159137053 -0.10520684861552304 0.4887416852589386 -0.44071342877645836 -0.27921014997482435 0.7492727581117765 0.35213201402503663 0.9674082557294305 0.5644760213632136 0.6776842734779454 0.23554988649678713 0.8329524407354179 0.4106593565097781 0.3987812432724504 0.44694004995620623 0.9936510223537693 0.9883153067449726 0.5669589030480392 0.5285688710713673 
0.5880714491430528 -0.4960220769505555 -0.9535559723147273 -0.8689757274485191 -0.8055286446426426 -0.2903664730258205 -0.7007796533163875 -0.9839160554115829 0.01752987534099209 -0.4220444717418479 0.18156227986535584 -0.219881066168865 -0.10361714329756655 0.4567566751735992 -0.43886635654689016 -0.27028284233365496 0.7492727581117765 0.383114036766964 0.9633540749536442 0.5667300637094409 0.6526363494980182 0.23450581991722502 0.8397029248317994 0.4087328200686823 0.42724490568676754 0.4462486185988053 0.9942037153332997 0.9894207009140623 0.5685185977805238 0.5258595014945107 
0.5880754121811322 -0.4887405944636001 -0.9380283899690823 -0.8743316170146165 -0.8351357690742863 -0.2902501631978182 -0.701058990648652 -0.9948777310336147 0.01600805121485609 -0.414881662232392 0.1777913641766121 -0.220506159137053 -0.10520684861552304 0.4887416852589386 -0.44071342877645836 -0.27921014997482435 0.7492727581117765 0.35213201402503663 0.9674082557294305 0.5644760213632136 0.6776842734779454 0.23554988649678713 0.8329524407354179 0.4106593565097781 0.3987812432724504 0.44694004995620623 0.9936510223537693 0.9883153067449726 0.5669589030480392 0.5285688710713673 
0.5880739425441162 -0.4963925621743176 -0.9535559723147273 -0.8689757274485191 -0.8055286446426426 -0.28964931099342095 -0.7009095360350778 -0.9839160554115829 0.016008051214856087 -0.4220444717418479 0.18156227986535584 -0.21756918627940555 -0.10520684861552304 0.4567566751735992 -0.43886635654689016 -0.27889029571689716 0.7492727581117765 0.3486299311272272 0.9633540749536442 0.5659951556332209 0.6563047025366886 0.23450581991722502 0.8297911701870339 0.40762998288390373 0.41343477268683093 0.4462486185988053 0.994860470372877 0.9894207009140623 0.5633958395130627 0.5255760474394446 
0.5880663999669542 -0.4863940324912084 -0.9507523182573379 -0.8679696248692214 -0.8004842850560573 -0.28982933834269287 -0.70104920470121 -0.985803676521074 0.016768963277924088 -0.4220444717418479 0.1767568311677601 -0.22125139256646176 -0.10361714329756655 0.4567566751735992 -0.4252448726180485 -0.27389747467266673 0.7492727581117765 0.3481728026139816 0.9672244400247251 0.5659754105301136 0.6740159204392748 0.2313736201785388 0.8420638239207735 0.4087328200686823 0.42033983918679924 0.4462486185988053 0.9945487958913908 0.9919612306634786 0.5803015423256889 0.5258503621089634 
0.5880739425441162 -0.4963925621743176 -0.9535559723147273 -0.8689757274485191 -0.8055286446426426 -0.28964931099342095 -0.7009095360350778 -0.9839160554115829 0.016008051214856087 -0.4220444717418479 0.18156227986535584 -0.21756918627940555 -0.10520684861552304 0.4567566751735992 -0.43886635654689016 -0.27889029571689716 0.7492727581117765 0.3486299311272272 0.9633540749536442 0.5659951556332209 0.6563047025366886 0.23450581991722502 0.8297911701870339 0.40762998288390373 0.41343477268683093 0.4462486185988053 0.994860470372877 0.9894207009140623 0.5633958395130627 0.5255760474394446 
0.5880720318830579 -0.4767659880318613 -0.9413581999989176 -0.8641235436025312 -0.8116621314760535 -0.2904827828538228 -0.701058990648652 -0.9974954769744178 0.021589032114398374 -0.41723426841224437 0.17932249320452634 -0.220506159137053 -0.09823808113113527 0.4813871921904077 -0.44100463155088404 -0.2758140640485328 0.7609076455811279 0.35213201402503663 0.9674082557294305 0.5644543285339162 0.6776842734779454 0.23554988649678713 0.8100078761867584 0.4106593565097781 0.4282875905907973 0.44649776379850536 0.9946743245746591 0.9879457232127232 0.5557552918687334 0.5204578694087354 
0.5880704253790054 -0.4879996240160759 -0.9331676228345669 -0.8677802483253669 -0.7993951578092318 -0.2916844872626174 -0.7007992252112714 -0.970336633848748 0.01905169946712809 -0.4207986361311735 0.17779136417661212 -0.22512991891597187 -0.10202743797961007 0.4529127389715147 -0.43672808154289633 -0.2619952432083399 0.7492727581117765 0.35030349997205434 0.9695494246018632 0.5659458375156536 0.6703475674006044 0.23184824618481226 0.852775950024949 0.41286503087933524 0.42640150927232356 0.4455571872414045 0.9923375122746148 0.9956071545819846 0.5772044195829615 0.5291357791814995 
0.5880714491430528 -0.4960220769505555 -0.9535559723147273 -0.8689757274485191 -0.8055286446426426 -0.2903664730258205 -0.7007796533163875 -0.9839160554115829 0.01752987534099209 -0.4220444717418479 0.18156227986535584 -0.219881066168865 -0.10361714329756655 0.4567566751735992 -0.43886635654689016 -0.27028284233365496 0.7492727581117765 0.347715674100736 0.9633540749536442 0.5667300637094409 0.6526363494980182 0.23450581991722502 0.8397029248317994 0.4087328200686823 0.42724490568676754 0.4462486185988053 0.9942037153332997 0.9894207009140623 0.5685185977805238 0.5258595014945107 
0.5880720318830579 -0.4767659880318613 -0.9413581999989176 -0.8641235436025312 -0.8116621314760535 -0.2904827828538228 -0.701058990648652 -0.9974954769744178 0.021589032114398374 -0.41723426841224437 0.17932249320452634 -0.220506159137053 -0.09823808113113527 0.4813871921904077 -0.44100463155088404 -0.2758140640485328 0.7609076455811279 0.35213201402503663 0.9674082557294305 0.5644543285339162 0.6776842734779454 0.23554988649678713 0.8100078761867584 0.4106593565097781 0.4282875905907973 0.44649776379850536 0.9946743245746591 0.9879457232127232 0.5557552918687334 0.5204578694087354 
0.5880754121811322 -0.4887405944636001 -0.9380283899690823 -0.8743316170146165 -0.8351357690742863 -0.2902501631978182 -0.701058990648652 -0.9948777310336147 0.01600805121485609 -0.414881662232392 0.1777913641766121 -0.220506159137053 -0.10520684861552304 0.4887416852589386 -0.44071342877645836 -0.27921014997482435 0.7492727581117765 0.35213201402503663 0.9674082557294305 0.5644760213632136 0.6776842734779454 0.23554988649678713 0.8329524407354179 0.4106593565097781 0.3987812432724504 0.44694004995620623 0.9936510223537693 0.9883153067449726 0.5669589030480392 0.5285688710713673 
0.5880521156401932 -0.47077868481599194 -0.9294500252676402 -0.8641235436025312 -0.8122055608302831 -0.2907154025098273 -0.701448638804723 -0.9864138956009767 0.028691837140076656 -0.8808161880597316 0.17495673364495096 -0.2347261177387298 -0.08914970655613887 0.4720016593457507 -0.3907408736925586 -0.2774214659412735 0.7936142717485202 0.3570545618282279 0.9795849342971525 0.5629550286474179 0.6551336579329802 0.24890509834576963 0.7870156077223167 0.41324380944688843 0.44092776935122635 0.4431776083223127 0.9926423564264051 0.9770052572408767 0.5384294736892807 0.5164023685774193 
0.5880754121811322 -0.4887405944636001 -0.9380283899690823 -0.8743316170146165 -0.8351357690742863 -0.2902501631978182 -0.701058990648652 -0.9948777310336147 0.01600805121485609 -0.414881662232392 0.1777913641766121 -0.220506159137053 -0.10520684861552304 0.4887416852589386 -0.44071342877645836 -0.27921014997482435 0.7492727581117765 0.35213201402503663 0.9674082557294305 0.5644760213632136 0.6776842734779454 0.23554988649678713 0.8329524407354179 0.4106593565097781 0.3987812432724504 0.44694004995620623 0.9936510223537693 0.9883153067449726 0.5669589030480392 0.5285688710713673 
0.5880598811538396 -0.4767659880318613 -0.9282874861503668 -0.8641235436025312 -0.8104038892913842 -0.2890514061537116 -0.7013187560860327 -0.9871215568381313 0.028691837140076656 -0.8868189461311071 0.17495673364495096 -0.22998613153817088 -0.08642321570356265 0.49256401131054683 -0.3843804208315235 -0.28460797846506203 0.7749719208923895 0.3570545618282279 0.9776008034170802 0.565181267144572 0.6612178153099071 0.24019336283974377 0.8100078761867584 0.41324380944688843 0.42848687908038297 0.44256717403402435 0.9942705274865098 0.9770052572408767 0.5567133865131169 0.5204578694087353 
0.5880521156401932 -0.47077868481599194 -0.9294500252676402 -0.861968856141924 -0.8122055608302831 -0.2907154025098273 -0.700514655068049 -0.98410283170646 0.028691837140076656 -0.8808161880597316 0.17495673364495096 -0.2347261177387298 -0.12163485492986972 0.4720016593457507 -0.3907408736925586 -0.2708542055629144 0.8271517152317551 0.3570545618282279 0.9795849342971525 0.5670581474990835 0.6551336579329802 0.2415347182696948 0.7870156077223167 0.41324380944688843 0.44092776935122635 0.4377707480851262 0.9926423564264051 0.9755941127867982 0.5384294736892807 0.5164023685774193 
0.5880521156401932 -0.47077868481599194 -0.9294500252676402 -0.861968856141924 -0.8122055608302831 -0.2907154025098273 -0.700514655068049 -0.98410283170646 0.028691837140076656 -0.8808161880597316 0.17495673364495096 -0.2347261177387298 -0.12163485492986972 0.4720016593457507 -0.3907408736925586 -0.2708542055629144 0.8271517152317551 0.3570545618282279 0.9795849342971525 0.5670581474990835 0.6551336579329802 0.2415347182696948 0.7870156077223167 0.41324380944688843 0.44092776935122635 0.4377707480851262 0.9926423564264051 0.9755941127867982 0.5384294736892807 0.5164023685774193 
0.5880760770962632 -0.46960265148486724 -0.9397394025391215 -0.8650187957425511 -0.7969844422518267 -0.293700360467428 -0.7010424577575717 -0.9904674772252633 -0.0266432106183262 -0.8885822192958128 0.17466403940122582 -0.21406098161614392 -0.08842964341482865 0.4781247832166375 -0.3536990898861521 -0.27718599073638667 0.7850234278055274 0.36016784601023716 0.9740960475316621 0.587214880243486 0.6637229127107351 0.22349183720453952 0.800113509990264 0.4145416287839823 0.42540073849780435 0.410320338225899 0.9771737278081893 0.9660021668725058 0.5374255536194745 0.5146770502812779 
0.5880521156401932 -0.47077868481599194 -0.9294500252676402 -0.8641235436025312 -0.8122055608302831 -0.2907154025098273 -0.701448638804723 -0.9864138956009767 0.028691837140076656 -0.8808161880597316 0.17495673364495096 -0.2347261177387298 -0.08914970655613887 0.4720016593457507 -0.3907408736925586 -0.2774214659412735 0.7936142717485202 0.3570545618282279 0.9795849342971525 0.5629550286474179 0.6551336579329802 0.24890509834576963 0.7870156077223167 0.41324380944688843 0.44092776935122635 0.4431776083223127 0.9926423564264051 0.9770052572408767 0.5384294736892807 0.5164023685774193 
0.5880865954081476 -0.4767659880318613 -0.8831259824718405 -0.8635799865334766 -0.8350039761889048 -0.2961922755313806 -0.7000239322415198 -0.9953778722109665 0.027772039595938054 -0.8868189461311071 0.17495673364495096 -0.22998613153817088 -0.08642321570356265 0.5208475363598319 -0.3840593330894998 -0.28667872756086005 0.7948289656694754 0.3570545618282279 0.9707168585159849 0.5736468483682835 0.6612178153099071 0.24833825714463023 0.7869679038065346 0.4185338151846186 0.4351989509046581 0.437035179535862 0.9943814559096658 0.9677043085703229 0.5342234559779008 0.546938955744505 
0.5880598811538396 -0.4767659880318613 -0.9365768115036749 -0.8641235436025312 -0.8337061434134071 -0.2961922755313806 -0.7013187560860327 -0.9953778722109665 0.027772039595938054 -0.8868189461311071 0.17495673364495096 -0.22998613153817088 -0.08642321570356265 0.5208475363598319 -0.3843804208315235 -0.28460797846506203 0.7914162355078582 0.3570545618282279 0.971376517489575 0.5736468483682835 0.6612178153099071 0.25297335750883887 0.7869679038065346 0.42040290427401816 0.4282722699284791 0.44256717403402435 0.9875404816154818 0.9689071263713898 0.5342234559779008 0.5204578694087353 
0.5880521156401932 -0.4637917707103152 -0.9294500252676402 -0.8752371374413798 -0.8172204545685158 -0.2907154025098273 -0.6938384871287884 -0.9864138956009767 0.014118061012670723 -0.8808161880597316 0.1748197869094092 -0.2347261177387298 -0.09160097928605745 0.4720016593457507 -0.3907408736925586 -0.2774214659412735 0.7936142717485202 0.3570545618282279 0.9670009970527997 0.5648944007790322 0.6551336579329802 0.23885946417564635 0.796855806493409 0.4163330779571407 0.44092776935122635 0.43147342076806655 0.9926423564264051 0.9770052572408767 0.5384294736892807 0.5675929209003086 
0.5880521156401932 -0.4637917707103152 -0.9294500252676402 -0.8752371374413798 -0.8172204545685158 -0.2907154025098273 -0.6938384871287884 -0.9864138956009767 0.014118061012670723 -0.8808161880597316 0.1748197869094092 -0.2347261177387298 -0.09160097928605745 0.4720016593457507 -0.3907408736925586 -0.2774214659412735 0.7936142717485202 0.3570545618282279 0.9670009970527997 0.5648944007790322 0.6551336579329802 0.23885946417564635 0.796855806493409 0.4163330779571407 0.44092776935122635 0.43147342076806655 0.9926423564264051 0.9770052572408767 0.5384294736892807 0.5675929209003086 
0.5879918273488774 -0.4568048566046385 -0.9397394025391215 -0.8863507312802283 -0.8222353483067486 -0.3030394229743558 -0.6862283354528537 -0.9870433916658745 -4.557151147352081E-4 -0.8881788882216703 0.17468284017386743 -0.17990684076095015 -0.09405225201597606 0.4950069937163105 -0.4099039410798093 -0.2733977053521208 0.7821613873427138 0.3536227964613584 0.954417059808447 0.5668337729106465 0.6701036569205603 0.22881383000552305 0.8066960052645014 0.41942234646739296 0.43379866241978626 0.4197692332138204 0.9789604078380372 0.9794108928430105 0.5243118074497186 0.5154934073768397 
0.5879986871315772 -0.46534417358546853 -0.9397394025391215 -0.8763242515794889 -0.8146247890175204 -0.30453190195315616 -0.696428134817814 -0.9870433916658745 0.013658162240601424 -0.892061903839711 0.17468284017386743 -0.17990684076095015 -0.09369222044532095 0.5074828544506773 -0.39138304917660605 -0.27327996774967744 0.786788811425286 0.355179438552363 0.9683203149999801 0.5713442394718353 0.6656197572338312 0.24812966490406363 0.8066960052645014 0.4200712561359399 0.4270744073988683 0.44253740976439127 0.9789604078380372 0.9794108928430105 0.5243118074497186 0.514630748228769 
0.5880038080769124 -0.4568048566046385 -0.9397394025391215 -0.8863507312802283 -0.8146247890175204 -0.30453190195315616 -0.6862283354528537 -0.9870433916658745 -4.557151147352081E-4 -0.892061903839711 0.17468284017386743 -0.17990684076095015 -0.09369222044532095 0.4950069937163105 -0.39138304917660605 -0.27327996774967744 0.7821613873427138 0.355179438552363 0.954417059808447 0.5789636987086806 0.6743982843094377 0.22881383000552305 0.8066960052645014 0.4200712561359399 0.42603514699307526 0.4197692332138204 0.9789604078380372 0.9794108928430105 0.5243118074497186 0.514630748228769 
0.5879918273488774 -0.4568048566046385 -0.9397394025391215 -0.8863507312802283 -0.8222353483067486 -0.3030394229743558 -0.6862283354528537 -0.9870433916658745 -4.557151147352081E-4 -0.8881788882216703 0.17468284017386743 -0.17990684076095015 -0.09405225201597606 0.4950069937163105 -0.4099039410798093 -0.2733977053521208 0.7821613873427138 0.3536227964613584 0.954417059808447 0.5668337729106465 0.6701036569205603 0.22881383000552305 0.8066960052645014 0.41942234646739296 0.43379866241978626 0.4197692332138204 0.9789604078380372 0.9794108928430105 0.5243118074497186 0.5154934073768397 
0.5880760770962632 -0.4682264384974818 -0.9397394025391215 -0.8757525379031151 -0.7969844422518267 -0.30424876092489234 -0.6941600365107841 -0.9816614581382458 -0.030744812402453074 -0.8933763907383327 0.17740950277386883 -0.20146840293880208 -0.09369222044532095 0.4781247832166375 -0.3725410695313791 -0.26890034218385334 0.7827568174812705 0.35538755105150743 0.9740960475316621 0.584820671655209 0.6698438550363051 0.2240290729213082 0.8156433676157517 0.4101837073616661 0.42540073849780435 0.39688570350642216 0.9776283692740837 0.9656869966636337 0.5072487406422307 0.5166832137817021 
0.5881328170411018 -0.46430071697713843 -0.9397394025391215 -0.8709955369118907 -0.7969844422518267 -0.2989650589493863 -0.6941600365107841 -0.9750378499050969 -0.026065249846745422 -0.8940336341876436 0.17724688897211682 -0.21680643176101977 -0.10007251201514561 0.469683677966801 -0.36312007970876564 -0.26890034218385334 0.7827568174812705 0.35432371474274704 0.9740960475316621 0.584820671655209 0.6694888416950762 0.2240290729213082 0.8201913878409199 0.4052399329745292 0.42508353425016887 0.39688570350642216 0.9730185527256698 0.9643171875049186 0.4991191103613316 0.5206564598205775 
0.5880494751847902 -0.47904576062793824 -0.9266114698698096 -0.8732613946249146 -0.7991643640559866 -0.2997548134567386 -0.7047844112312098 -0.9727959227184704 -0.004885747833770091 -0.9180455583640503 0.17363066289313936 -0.17113246686818234 -0.09369222044532095 0.5049786171831769 -0.39730218157241926 -0.2614205662731299 0.7799286319860528 0.35605171018568693 0.9620319232937062 0.5787691938378842 0.6704678242839046 0.21813921737052028 0.8226824917608575 0.36795922566121536 0.4261087015081436 0.41010920729178657 0.9789604078380372 0.9882209744171536 0.5201259471549815 0.5010965864005839 
0.5880373602712019 -0.4631468066828887 -0.9397394025391215 -0.881634210153768 -0.7969844422518267 -0.30453190195315616 -0.6871578920946069 -0.9858072275637932 -0.010841602382561127 -0.8981705621808527 0.17468284017386743 -0.19130895143917961 -0.10788055568895617 0.48775098336619127 -0.39138304917660605 -0.27327996774967744 0.7804902071570137 0.35588769626283007 0.954417059808447 0.5840123328451089 0.6743982843094377 0.21813921737052028 0.7762285492607137 0.39315087921170827 0.42603514699307526 0.39693768175537825 0.9780830107399779 0.9653718264547616 0.5243118074497186 0.5186893772821265 
0.5880432046782907 -0.4812827844292753 -0.939491269561864 -0.8804321228585791 -0.8066628120245571 -0.3070745060373391 -0.6911804564564366 -0.9819311378992154 -0.01567300384214237 -0.8963440214673444 0.16795408944452989 -0.19661856057698113 -0.11004063806522243 0.47690472906642867 -0.3787576256291988 -0.28814764885536537 0.7718797684776314 0.3815372204115651 0.9554211100530294 0.5768677796404476 0.6682749330642725 0.21281731533008347 0.7892312964930077 0.37016366500430886 0.4257947344678782 0.4128219891759948 0.9789580189705147 0.9471728678244 0.5360561080651791 0.43580334343078486 
0.5880432046782907 -0.4812827844292753 -0.939491269561864 -0.8804321228585791 -0.8066628120245571 -0.3070745060373391 -0.6911804564564366 -0.9819311378992154 -0.01567300384214237 -0.8963440214673444 0.16795408944452989 -0.19661856057698113 -0.11004063806522243 0.47690472906642867 -0.3787576256291988 -0.28814764885536537 0.7718797684776314 0.3815372204115651 0.9554211100530294 0.5768677796404476 0.6682749330642725 0.21281731533008347 0.7892312964930077 0.37016366500430886 0.4257947344678782 0.4128219891759948 0.9789580189705147 0.9471728678244 0.5360561080651791 0.43580334343078486 
0.5880559454459648 -0.4672317721996179 -0.9392152189055987 -0.8804321228585791 -0.8007865985618491 -0.309184833717787 -0.6870681491010535 -0.9822741593216298 -0.026819749712561722 -0.8969934274931441 0.16795408944452989 -0.21021745198159844 -0.11004063806522243 0.49257917506019633 -0.3787576256291988 -0.2771484267994643 0.7718797684776314 0.3222515707125554 0.9554211100530294 0.5811366365919934 0.6758155873684832 0.2146678720510209 0.7892312964930077 0.4023739717093732 0.4257947344678782 0.39100927226489945 0.9795519843058458 0.9582885374873469 0.5376803145754177 0.49253916725875047 
0.5880559454459648 -0.4672317721996179 -0.9392152189055987 -0.8804321228585791 -0.8007865985618491 -0.309184833717787 -0.6870681491010535 -0.9822741593216298 -0.026819749712561722 -0.8969934274931441 0.16795408944452989 -0.21021745198159844 -0.11004063806522243 0.49257917506019633 -0.3787576256291988 -0.2771484267994643 0.7718797684776314 0.3222515707125554 0.9554211100530294 0.5811366365919934 0.6758155873684832 0.2146678720510209 0.7892312964930077 0.4023739717093732 0.4257947344678782 0.39100927226489945 0.9795519843058458 0.9582885374873469 0.5376803145754177 0.49253916725875047 
0.5880454549676057 -0.4912488311422034 -0.94005114429475 -0.8974945881054024 -0.8066628120245571 -0.3138377654824178 -0.6935458382168789 -0.9843012370758578 -0.01567300384214237 -0.898234984113319 0.16795408944452989 -0.19661856057698113 -0.12403692007283317 0.4522710816435889 -0.3787576256291988 -0.2934794805091988 0.7718797684776314 0.40718674456030013 0.9586604038230795 0.5768677796404476 0.6641168118318739 0.21281731533008347 0.7892312964930077 0.37016366500430886 0.42602122117222696 0.4128219891759948 0.9789580189705147 0.9145824536186961 0.5360561080651791 0.4541917802018138 
0.5880418608498319 -0.4941993521203948 -0.9394990429822194 -0.9123344988956392 -0.8052349038664153 -0.3180584208433136 -0.6927665959722813 -0.9830518710262741 -0.037966495582981076 -0.9023246860655173 0.16984628059406637 -0.18812319600738153 -0.1216847844605424 0.44346950025394505 -0.3938266696831302 -0.2780139303190705 0.7743642462675863 0.40718674456030013 0.9608956473485472 0.5818355618981329 0.6641168118318739 0.21651842877195832 0.8038599513920421 0.33681384534178693 0.4264881204017728 0.39132916044217714 0.9776104897595068 0.9368137929445899 0.5393045210856562 0.5311063790285492 
0.5880454549676057 -0.4912488311422034 -0.9406780742265827 -0.8974945881054024 -0.8066628120245571 -0.3138377654824178 -0.6935458382168789 -0.9846154595035846 -0.01567300384214237 -0.8968717501292529 0.16795408944452989 -0.19661856057698113 -0.12403692007283317 0.4522710816435889 -0.3747166770381053 -0.30972838882230286 0.7718797684776314 0.40718674456030013 0.9586604038230795 0.5768677796404476 0.6641168118318739 0.21281731533008347 0.7892312964930077 0.37016366500430886 0.4248597586459393 0.4128219891759948 0.9789580189705147 0.9169465362719338 0.5375336537338719 0.4541917802018138 
0.5880454549676057 -0.4912488311422034 -0.94005114429475 -0.8974945881054024 -0.8066628120245571 -0.3138377654824178 -0.6935458382168789 -0.9843012370758578 -0.01567300384214237 -0.898234984113319 0.16795408944452989 -0.19661856057698113 -0.12403692007283317 0.4522710816435889 -0.3787576256291988 -0.2934794805091988 0.7718797684776314 0.40718674456030013 0.9586604038230795 0.5768677796404476 0.6641168118318739 0.21281731533008347 0.7892312964930077 0.37016366500430886 0.42602122117222696 0.4128219891759948 0.9789580189705147 0.9145824536186961 0.5360561080651791 0.4541917802018138 
0.5880535496640096 -0.4941993521203948 -0.9384838194651685 -0.8886221737625621 -0.807646908275163 -0.3180584208433136 -0.695382506805373 -0.9838718186693807 -0.0244040489827711 -0.9009614520814513 0.17347370027891718 -0.18919837750174553 -0.1216847844605424 0.45640209137865595 -0.3945459768597269 -0.29527841186147963 0.7773633564337855 0.40718674456030013 0.9601833782972822 0.5834681401083649 0.6593169757010164 0.22316224274051574 0.7887587603765696 0.32873026580157955 0.42695116259960064 0.44056311557756894 0.9768950800693157 0.9074902056589828 0.5301839577574489 0.4919122651629274 
0.5880535496640096 -0.4912488311422034 -0.9406780742265827 -0.8974945881054024 -0.8066628120245571 -0.31441947084054456 -0.6935458382168789 -0.983423691443376 -0.020504405301723615 -0.8968717501292529 0.16795408944452989 -0.19661856057698113 -0.12403692007283317 0.4127149417893291 -0.3747166770381053 -0.30972838882230286 0.7718797684776314 0.40718674456030013 0.9578496984001418 0.5697232264357861 0.6641168118318739 0.19582857395109377 0.8022340437253017 0.3471764507969094 0.4223053124944501 0.4128219891759948 0.9776104897595068 0.9169465362719338 0.5375336537338719 0.4541917802018138 
0.5880418608498319 -0.4941993521203948 -0.9394990429822194 -0.9123344988956392 -0.8052349038664153 -0.3180584208433136 -0.6927665959722813 -0.9830518710262741 -0.037966495582981076 -0.9023246860655173 0.16984628059406637 -0.18812319600738153 -0.1216847844605424 0.44346950025394505 -0.3938266696831302 -0.2780139303190705 0.7743642462675863 0.40718674456030013 0.9608956473485472 0.5818355618981329 0.6641168118318739 0.21651842877195832 0.8038599513920421 0.33681384534178693 0.4264881204017728 0.39132916044217714 0.9776104897595068 0.9368137929445899 0.5393045210856562 0.5311063790285492 
0.5880447830533764 -0.4912488311422034 -0.94005114429475 -0.9134457761239325 -0.8066628120245571 -0.31932972288540507 -0.6935458382168789 -0.9843012370758578 -0.01567300384214237 -0.9012253164124056 0.16890018501929813 -0.19661856057698113 -0.12403692007283317 0.4522710816435889 -0.3862921476561645 -0.2934794805091988 0.7718797684776314 0.42001150663466763 0.9613976724708384 0.5768677796404476 0.6620377512156745 0.2146678720510209 0.7965456239425249 0.37016366500430886 0.42602122117222696 0.40207557480908596 0.9789580189705147 0.8683677073075348 0.5376803145754177 0.5018432980006959 
0.5880418608498319 -0.4941993521203948 -0.9342951856702375 -0.9123344988956392 -0.8052349038664153 -0.3180584208433136 -0.6927665959722813 -0.983423691443376 -0.037966495582981076 -0.9023246860655173 0.16984628059406637 -0.18812319600738153 -0.1216847844605424 0.44346950025394505 -0.3938266696831302 -0.2780139303190705 0.7743642462675863 0.40718674456030013 0.9608956473485472 0.5818355618981329 0.6641168118318739 0.21651842877195832 0.8038599513920421 0.33681384534178693 0.4264881204017728 0.39132916044217714 0.9776104897595068 0.9186351052186741 0.538935134668483 0.5311063790285492 
0.5880535496640096 -0.4941993521203948 -0.9381703544992521 -0.8969843545247036 -0.8074561594525898 -0.3180584208433136 -0.695382506805373 -0.9838718186693807 -0.0244040489827711 -0.9023246860655173 0.1722645603839669 -0.18883998367029087 -0.1216847844605424 0.46324378538545796 -0.3945459768597269 -0.2732746763675725 0.7774272267122999 0.40718674456030013 0.9601833782972822 0.5829239473716209 0.660916921077969 0.22316224274051574 0.7937924907150604 0.331424792314982 0.42695116259960064 0.424151797199105 0.9773831717049809 0.9074902056589828 0.5316234710591008 0.5049769697848013 
0.5880418608498319 -0.4941993521203948 -0.9342951856702375 -0.9123344988956392 -0.8052349038664153 -0.3180584208433136 -0.6927665959722813 -0.983423691443376 -0.037966495582981076 -0.9023246860655173 0.16984628059406637 -0.18812319600738153 -0.1216847844605424 0.44346950025394505 -0.3938266696831302 -0.2780139303190705 0.7743642462675863 0.40718674456030013 0.9608956473485472 0.5818355618981329 0.6641168118318739 0.21651842877195832 0.8038599513920421 0.33681384534178693 0.4264881204017728 0.39132916044217714 0.9776104897595068 0.9186351052186741 0.538935134668483 0.5311063790285492 
0.5880535496640096 -0.4941993521203948 -0.9381703544992521 -0.8886221737625621 -0.807646908275163 -0.3177675681642502 -0.695382506805373 -0.9843105914856216 -0.02198834825298048 -0.9009614520814513 0.17347370027891718 -0.18919837750174553 -0.1216847844605424 0.45640209137865595 -0.39656645115527367 -0.29527841186147963 0.7773633564337855 0.40718674456030013 0.9605887310087511 0.5834681401083649 0.6593169757010164 0.22316224274051574 0.7887587603765696 0.32873026580157955 0.42695116259960064 0.44056311557756894 0.9775688446748196 0.9063081643323638 0.5301839577574489 0.4919122651629274 
0.5880418608498319 -0.4941993521203948 -0.9311037413920649 -0.9171088802094617 -0.8070746618074432 -0.3180584208433136 -0.6914586405557355 -0.9827952465879224 -0.037966495582981076 -0.9050511540336494 0.16984628059406637 -0.18812319600738153 -0.1216847844605424 0.476927173399062 -0.4075281319425269 -0.2515784415652993 0.7775549672693287 0.40718674456030013 0.9608956473485472 0.5818355618981329 0.6641168118318739 0.21651842877195832 0.8039406062022444 0.3323543070034539 0.42975786344604405 0.39132916044217714 0.9783593549763114 0.9139069399121986 0.5359800433310975 0.54433119738312 
0.5880535496640096 -0.4941993521203948 -0.9381703544992521 -0.8886221737625621 -0.807646908275163 -0.3177675681642502 -0.695382506805373 -0.9843105914856216 -0.02198834825298048 -0.9009614520814513 0.17347370027891718 -0.18919837750174553 -0.1216847844605424 0.45640209137865595 -0.39656645115527367 -0.29527841186147963 0.7773633564337855 0.40718674456030013 0.9605887310087511 0.5834681401083649 0.6593169757010164 0.22316224274051574 0.7887587603765696 0.32873026580157955 0.42695116259960064 0.44056311557756894 0.9775688446748196 0.9063081643323638 0.5301839577574489 0.4919122651629274 
0.5880418608498319 -0.4941993521203948 -0.9298498815283995 -0.914763218228577 -0.8070746618074432 -0.3198778958446981 -0.6923769748499825 -0.9833911306180267 -0.03991631742350482 -0.9077776220017817 0.1720015160637849 -0.18812319600738153 -0.1216847844605424 0.476927173399062 -0.4075281319425269 -0.2515784415652993 0.7775549672693287 0.40718674456030013 0.9608956473485472 0.5884359223660502 0.6641168118318739 0.23018526316666932 0.8039406062022444 0.3323543070034539 0.42975786344604405 0.40109689404834825 0.9783593549763114 0.9139069399121986 0.5324803804597125 0.54433119738312 
0.5880535496640096 -0.4941993521203948 -0.9381703544992521 -0.9002430224120969 -0.8103423279066131 -0.3198778958446981 -0.6875173136599282 -0.9821668017324687 -0.0244040489827711 -0.9023246860655173 0.17461791334085047 -0.18459230138549107 -0.1216847844605424 0.479630288079563 -0.39088047140247917 -0.24473275556988663 0.7782612104811164 0.40718674456030013 0.9601833782972822 0.5845316214880969 0.6730011148880347 0.20780323109714036 0.7908814633541484 0.36976128301596733 0.42695116259960064 0.424151797199105 0.979108220193116 0.9074902056589828 0.5316234710591008 0.5046567423194077 
0.5880418608498319 -0.4941993521203948 -0.9298498815283995 -0.914763218228577 -0.8070746618074432 -0.3198778958446981 -0.6923769748499825 -0.9833911306180267 -0.03991631742350482 -0.9077776220017817 0.1720015160637849 -0.18812319600738153 -0.1216847844605424 0.476927173399062 -0.4075281319425269 -0.2515784415652993 0.7775549672693287 0.40718674456030013 0.9608956473485472 0.5884359223660502 0.6641168118318739 0.23018526316666932 0.8039406062022444 0.3323543070034539 0.42975786344604405 0.40109689404834825 0.9783593549763114 0.9139069399121986 0.5324803804597125 0.54433119738312 
0.5880535496640096 -0.4941993521203948 -0.9381703544992521 -0.8969843545247036 -0.8074561594525898 -0.3180584208433136 -0.695382506805373 -0.9838718186693807 -0.0244040489827711 -0.9023246860655173 0.1722645603839669 -0.18883998367029087 -0.1216847844605424 0.46324378538545796 -0.3945459768597269 -0.2732746763675725 0.7774272267122999 0.40718674456030013 0.9601833782972822 0.5829239473716209 0.660916921077969 0.22316224274051574 0.7937924907150604 0.331424792314982 0.42695116259960064 0.424151797199105 0.9773831717049809 0.9074902056589828 0.5316234710591008 0.5049769697848013 
0.5880535496640096 -0.4941993521203948 -0.9381703544992521 -0.8928032641436329 -0.8074561594525898 -0.3180584208433136 -0.695382506805373 -0.9846154595035846 -0.0244040489827711 -0.9023246860655173 0.1722645603839669 -0.18883998367029087 -0.1216847844605424 0.4642275138724959 -0.39097916612191874 -0.27153592181414643 0.7774272267122999 0.40718674456030013 0.9601833782972822 0.5829239473716209 0.6641168118318739 0.22316224274051574 0.7937924907150604 0.33546658208508573 0.42695116259960064 0.432357456388337 0.9787139731526822 0.9074902056589828 0.5305343279911017 0.5046567423194077 
0.5880731439042278 -0.47662945510523336 -0.9339463867640776 -0.8969843545247036 -0.8074561594525898 -0.4332478850409426 -0.695390658676979 -0.9861027411719926 -0.0244040489827711 -0.9023246860655173 0.16987874401057484 -0.18883998367029087 -0.12197882104441984 0.4764575118567748 -0.3838455446463024 -0.25066233369896807 0.7699966289441237 0.4463284091545072 0.9608920779805736 0.5986695097855643 0.6705165933396837 0.2275198415779247 0.7937924907150604 0.39412345540497773 0.4287885524258997 0.4077404788206411 0.9821077135015823 0.9049735608241503 0.5285754024968103 0.5040162873886205 
0.5880477052569207 -0.4941993521203948 -0.9346370479456585 -0.9012361930423153 -0.8058223264030049 -0.31714868334262136 -0.695382506805373 -0.9849296819313115 -0.03118527228287609 -0.9023246860655173 0.16987874401057484 -0.1906054309812361 -0.1216847844605424 0.4642275138724959 -0.39097916612191874 -0.27153592181414643 0.7774272267122999 0.40718674456030013 0.9605395128229146 0.5598502129318221 0.6596746603037935 0.41400808692116176 0.8003220621391084 0.33546658208508573 0.42835451302282235 0.432357456388337 0.9783395405442799 0.9106985727855907 0.5327126141271 0.5046567423194077 
0.5880705829115476 -0.4701489569016396 -0.9367541082367693 -0.8969843545247036 -0.8112178865860762 -0.36308766489232736 -0.702277635494604 -0.9235793773478226 -0.017001736514963287 -0.9089287195530933 0.16860036278620144 -0.2203154396310993 -0.1200162176227181 0.43176602830845834 -0.3945459768597269 -0.24510521197924084 0.7799337438428979 0.44228337454306577 0.9777349572137191 0.5945033083511226 0.660916921077969 0.2223917921195167 0.7937924907150604 0.3157826640366215 0.42888031329534543 0.43696812253432094 0.9767391179099915 0.9126231202938151 0.5316234710591008 0.5049769697848013 
0.5880535496640096 -0.4941993521203948 -0.9384838194651685 -0.8886221737625621 -0.807646908275163 -0.3180584208433136 -0.695382506805373 -0.9838718186693807 -0.0244040489827711 -0.9009614520814513 0.17347370027891718 -0.18919837750174553 -0.1216847844605424 0.45640209137865595 -0.3945459768597269 -0.29527841186147963 0.7773633564337855 0.40718674456030013 0.9601833782972822 0.5834681401083649 0.6593169757010164 0.22316224274051574 0.7887587603765696 0.32873026580157955 0.42695116259960064 0.44056311557756894 0.9768950800693157 0.9074902056589828 0.5301839577574489 0.4919122651629274 
0.5880477052569207 -0.4941993521203948 -0.9346370479456585 -0.9012361930423153 -0.8058223264030049 -0.31714868334262136 -0.695382506805373 -0.9849296819313115 -0.03118527228287609 -0.9023246860655173 0.16987874401057484 -0.1906054309812361 -0.1216847844605424 0.4642275138724959 -0.39097916612191874 -0.27153592181414643 0.7774272267122999 0.40718674456030013 0.9605395128229146 0.5598502129318221 0.6596746603037935 0.41400808692116176 0.8003220621391084 0.33546658208508573 0.42835451302282235 0.432357456388337 0.9783395405442799 0.9106985727855907 0.5327126141271 0.5046567423194077 
0.5880535496640096 -0.4941993521203948 -0.9381703544992521 -0.8928032641436329 -0.8074561594525898 -0.3180584208433136 -0.695382506805373 -0.9846154595035846 -0.0244040489827711 -0.9023246860655173 0.1722645603839669 -0.18883998367029087 -0.1216847844605424 0.4642275138724959 -0.39097916612191874 -0.27153592181414643 0.7774272267122999 0.40718674456030013 0.9601833782972822 0.5829239473716209 0.6641168118318739 0.22316224274051574 0.7937924907150604 0.33546658208508573 0.42695116259960064 0.432357456388337 0.9787139731526822 0.9074902056589828 0.5305343279911017 0.5046567423194077 
0.5880535496640096 -0.46718232737652315 -0.9381703544992521 -0.8969843545247036 -0.8130043760183201 -0.36308766489232736 -0.695382506805373 -0.9235793773478226 -0.02822222490309412 -0.9023246860655173 0.16860036278620144 -0.2203154396310993 -0.1216847844605424 0.3830613204822396 -0.3945459768597269 -0.24510521197924084 0.7774272267122999 0.44228337454306577 0.9777349572137191 0.5945033083511226 0.660916921077969 0.2223917921195167 0.7937924907150604 0.29921113721666903 0.42692032490355325 0.424151797199105 0.9773831717049809 0.9074902056589828 0.5316234710591008 0.5049769697848013 
0.5880194831689336 -0.4882660930701619 -0.9410028470242178 -0.9475701473241708 -0.8110291383170775 -0.3217449945717448 -0.6815922494269109 -0.9813045729842733 -0.024533237730947097 -0.8891166190903654 0.17096524957180412 -0.17329193681004113 -0.125021918136191 0.37023894522345946 -0.402630934341992 -0.2555611780073958 0.7724141924511039 0.38349018223993003 0.9625250803368036 0.5725893263013535 0.6694776326962377 0.21456388989130326 0.8064639782758691 0.30367079170188205 0.4230311858160163 0.3985191465286732 0.9802461265604936 0.840528739329764 0.5355849624096549 0.5046567423194077 
0.5880194831689336 -0.4882660930701619 -0.9410028470242178 -0.9475701473241708 -0.8110291383170775 -0.3217449945717448 -0.6815922494269109 -0.9813045729842733 -0.024533237730947097 -0.8891166190903654 0.17096524957180412 -0.17329193681004113 -0.125021918136191 0.37023894522345946 -0.402630934341992 -0.2555611780073958 0.7724141924511039 0.38349018223993003 0.9625250803368036 0.5725893263013535 0.6694776326962377 0.21456388989130326 0.8064639782758691 0.30367079170188205 0.4230311858160163 0.3985191465286732 0.9802461265604936 0.840528739329764 0.5355849624096549 0.5046567423194077 
0.5880810493302684 -0.47971102469811844 -0.9283206349469788 -0.8807279904137004 -0.8004355826618522 -0.5484373492385716 -0.678795713544363 -1.0 -0.025378184792079185 -0.917114227110887 0.17122836924367868 -0.25083704329863954 -0.12499934848087349 0.5530545422833788 -0.38202120212719426 -0.15549860235817078 0.7798686650432638 0.33329660808128647 0.979901230394854 0.6348401513651871 0.6749587448677641 0.20338092526867968 0.79675040574507 0.3583667090557579 0.42859891814888296 0.3742893910667267 0.9885405760230119 0.9147585198578827 0.5264718675601727 0.5461492758986011 
0.5880705829115476 -0.4701489569016396 -0.9367541082367693 -0.8969843545247036 -0.8112178865860762 -0.36308766489232736 -0.702277635494604 -0.9235793773478226 -0.017001736514963287 -0.9089287195530933 0.16860036278620144 -0.2203154396310993 -0.1200162176227181 0.43176602830845834 -0.3945459768597269 -0.24510521197924084 0.7799337438428979 0.44228337454306577 0.9777349572137191 0.5945033083511226 0.660916921077969 0.2223917921195167 0.7937924907150604 0.3157826640366215 0.42888031329534543 0.43696812253432094 0.9767391179099915 0.9126231202938151 0.5316234710591008 0.5049769697848013 
0.5880810493302684 -0.47971102469811844 -0.9283206349469788 -0.8807279904137004 -0.8004355826618522 -0.5484373492385716 -0.678795713544363 -1.0 -0.025378184792079185 -0.917114227110887 0.17122836924367868 -0.25083704329863954 -0.12499934848087349 0.5530545422833788 -0.38202120212719426 -0.15549860235817078 0.7798686650432638 0.33329660808128647 0.979901230394854 0.6348401513651871 0.6749587448677641 0.20338092526867968 0.79675040574507 0.3583667090557579 0.42859891814888296 0.3742893910667267 0.9885405760230119 0.9147585198578827 0.5264718675601727 0.5461492758986011 
0.5880810493302684 -0.47971102469811844 -0.9283206349469788 -0.8789560532838914 -0.8004355826618522 -0.5484373492385716 -0.678795713544363 -1.0 -0.025378184792079185 -0.917114227110887 0.17122836924367868 -0.25083704329863954 -0.12499934848087349 0.5530545422833788 -0.38202120212719426 -0.17408958392308033 0.7807731427947586 0.33666128923759475 0.979901230394854 0.6348401513651871 0.6749587448677641 0.20338092526867968 0.79675040574507 0.3583667090557579 0.42859891814888296 0.3742893910667267 0.9885405760230119 0.9147585198578827 0.5264718675601727 0.5438356778083813 
0.5880024499213956 -0.48529946354504544 -0.9410028470242178 -0.9475701473241708 -0.8110291383170775 -0.3235882814359604 -0.6746971207376798 -0.9800209501417196 -0.024533237730947097 -0.8219464034804658 0.17096524957180412 -0.1653387164641889 -0.1266904849740153 0.3271573721458612 -0.402630934341992 -0.2555611780073958 0.7724141924511039 0.371641901079745 0.9636959313565643 0.5934075123215188 0.6745579611938484 0.210264713466697 0.8064639782758691 0.30367079170188205 0.4230311858160163 0.37749716200422534 0.9819216498060825 0.8070480061651546 0.5355849624096549 0.5046567423194077 
0.5880539595011298 -0.42060909214877734 -0.9289643906392273 -0.9351625993370156 -0.8030634428608414 -0.3945903900511837 -0.6760438174066645 -0.8598523018336306 -0.024507081479217943 -0.9152025270605582 0.16589454541159807 -0.23029082136634155 -0.12495071348117873 0.3415002775212822 -0.39152451004259314 -0.17434979274123943 0.7824210287291102 0.39106434711692223 0.9895202176413208 0.6137965078188293 0.6769163748474936 0.2165983161285222 0.7918616098500164 0.3287235690150823 0.4259734716009804 0.3818665762662725 0.9841841127601885 0.8601666903558887 0.5208256330799068 0.5245598786261801 
0.5880720788192905 -0.4202332092067953 -0.928028425772351 -0.9438590603289593 -0.8080808753832875 -0.3945903900511837 -0.6866927206828539 -0.858098610446975 -0.018477954223207166 -0.9099344337719573 0.16735444497833651 -0.23029082136634155 -0.11309478751767572 0.3323718652931878 -0.39155174898520084 -0.21101133823474028 0.7842299842320999 0.4260809562283614 0.9895202176413208 0.6019279157968875 0.6722418450744518 0.2165983161285222 0.7953678757096223 0.3287235690150823 0.4259734716009804 0.4033889340244943 0.9846587440384466 0.8601666903558887 0.5269161720378801 0.5199326824457406 
0.5880550455717525 -0.43077509205361464 -0.928028425772351 -0.9691519567286928 -0.8070932565326663 -0.3945903900511837 -0.6797975919936229 -0.8869612082652003 -0.016633460637133654 -0.9099344337719573 0.16735444497833651 -0.23029082136634155 -0.11476335435550003 0.3259606776637977 -0.39559422772633335 -0.21623932124881776 0.7842299842320999 0.39668436007679353 0.9819152792028631 0.6019279157968875 0.6722418450744518 0.21268436501441548 0.7953678757096223 0.3309533962576888 0.42402890205721194 0.39057260868927834 0.9846587440384466 0.8601666903558887 0.5288969177131572 0.5197725687130439 
0.5880720788192905 -0.4202332092067953 -0.928028425772351 -0.9438590603289593 -0.8080808753832875 -0.3945903900511837 -0.6866927206828539 -0.858098610446975 -0.018477954223207166 -0.9099344337719573 0.16735444497833651 -0.23029082136634155 -0.11309478751767572 0.3323718652931878 -0.39155174898520084 -0.21101133823474028 0.7842299842320999 0.4260809562283614 0.9895202176413208 0.6019279157968875 0.6722418450744518 0.2165983161285222 0.7953678757096223 0.3287235690150823 0.4259734716009804 0.4033889340244943 0.9846587440384466 0.8601666903558887 0.5269161720378801 0.5199326824457406 
0.5880535496640096 -0.46718232737652315 -0.9381703544992521 -0.8969843545247036 -0.8130043760183201 -0.36308766489232736 -0.695382506805373 -0.9235793773478226 -0.02822222490309412 -0.9023246860655173 0.16860036278620144 -0.2203154396310993 -0.1216847844605424 0.3830613204822396 -0.3945459768597269 -0.24510521197924084 0.7774272267122999 0.44228337454306577 0.9777349572137191 0.5945033083511226 0.660916921077969 0.2223917921195167 0.7937924907150604 0.29921113721666903 0.42692032490355325 0.424151797199105 0.9773831717049809 0.9074902056589828 0.5316234710591008 0.5049769697848013 
0.5880539595011298 -0.3933469064030619 -0.9224771800132939 -0.9459535040392766 -0.8010955019686359 -0.3945903900511837 -0.678594053034636 -0.8598523018336306 -0.024507081479217943 -0.9591965422063039 0.16408914311486428 -0.23029082136634155 -0.11898714817192109 0.3415002775212822 -0.39152451004259314 -0.1546888643619504 0.7883289246196082 0.39106434711692223 0.9895202176413208 0.6137965078188293 0.6757583167877953 0.21780814190238146 0.786313558566893 0.3287235690150823 0.4259734716009804 0.388404299608799 0.9841841127601885 0.8601666903558887 0.5208256330799068 0.5321177918229982 
0.5880539595011298 -0.42060909214877734 -0.9289643906392273 -0.9351625993370156 -0.8030634428608414 -0.3945903900511837 -0.6760438174066645 -0.8598523018336306 -0.024507081479217943 -0.9152025270605582 0.16589454541159807 -0.23029082136634155 -0.12495071348117873 0.3415002775212822 -0.39152451004259314 -0.17434979274123943 0.7824210287291102 0.39106434711692223 0.9895202176413208 0.6137965078188293 0.6769163748474936 0.2165983161285222 0.7918616098500164 0.3287235690150823 0.4259734716009804 0.3818665762662725 0.9841841127601885 0.8601666903558887 0.5208256330799068 0.5245598786261801 
0.5880675044156991 -0.45016005842344786 -0.9289643906392273 -0.9070593263104535 -0.8017495127613468 -0.3945903900511837 -0.6760438174066645 -0.9299261509168153 -0.024942633135648564 -0.9161583770857226 0.1685614573276384 -0.24056393233249054 -0.12495071348117873 0.3415002775212822 -0.3867728560848937 -0.17434979274123943 0.7815970857619344 0.3638628181772585 0.9847107240180875 0.6137965078188293 0.6759375598576288 0.20998962069860094 0.7943060077975432 0.3287235690150823 0.4259734716009804 0.3818665762662725 0.9863623443916002 0.8601666903558887 0.5236487503200398 0.5245598786261801 
0.5880675044156991 -0.45016005842344786 -0.9289643906392273 -0.9070593263104535 -0.8017495127613468 -0.3945903900511837 -0.6760438174066645 -0.9299261509168153 -0.024942633135648564 -0.9161583770857226 0.1685614573276384 -0.24056393233249054 -0.12495071348117873 0.3415002775212822 -0.3867728560848937 -0.17434979274123943 0.7815970857619344 0.3638628181772585 0.9847107240180875 0.6137965078188293 0.6759375598576288 0.20998962069860094 0.7943060077975432 0.3287235690150823 0.4259734716009804 0.3818665762662725 0.9863623443916002 0.8601666903558887 0.5236487503200398 0.5245598786261801 
0.5880550455717525 -0.43077509205361464 -0.928028425772351 -0.9691519567286928 -0.8070932565326663 -0.3945903900511837 -0.6797975919936229 -0.8869612082652003 -0.016633460637133654 -0.9099344337719573 0.16735444497833651 -0.23029082136634155 -0.11476335435550003 0.3259606776637977 -0.39559422772633335 -0.21623932124881776 0.7842299842320999 0.39668436007679353 0.9819152792028631 0.6019279157968875 0.6722418450744518 0.21268436501441548 0.7953678757096223 0.3309533962576888 0.42402890205721194 0.39057260868927834 0.9846587440384466 0.8601666903558887 0.5288969177131572 0.5197725687130439 
0.5880630191602101 -0.4202332092067953 -0.9286889924852002 -0.9462216431687045 -0.8138149357541552 -0.3945903900511837 -0.6845074086029412 -0.8548260886225045 -0.018477954223207166 -0.9099344337719573 0.16735444497833651 -0.23029082136634155 -0.11309478751767572 0.3323718652931878 -0.39155174898520084 -0.21101133823474028 0.7833255064806051 0.4227162750720531 0.9895202176413208 0.6019279157968875 0.6745791099609727 0.2165983161285222 0.7953678757096223 0.3287235690150823 0.4259734716009804 0.4033889340244943 0.9846587440384466 0.8601666903558887 0.5269161720378801 0.5199326824457406 
0.06781418996994135 0.5161372099842423 0.4943749228820581 0.034486510328366346 0.4543972238711029 -0.025216311145039173 0.39137456323395214 0.34724473886834595 0.26225782682008203 0.7680302525979603 0.631935088594855 -0.08146077363243599 0.9355230781036392 -0.204451626262379 0.23971807299692466 0.17910799830125412 0.5519400412473605 -0.9860697588682399 -0.58629425964519 0.2820079488853125 -0.7848968124666422 -0.959833550395678 -0.5345669871969025 -0.5848587442240232 -0.16812078273673708 -0.28344621008496446 -0.8601514542021056 -0.38633686040656884 -0.8794652046018536 0.05065040995156232 
0.06781595147815833 0.5161372099842423 0.49378060038708116 0.03346316240012348 0.46048300830779787 -0.025216311145039173 0.3858811915514585 0.34724473886834595 0.26225782682008203 0.7680302525979603 0.631935088594855 0.06854594472046187 0.9364399015700069 0.050919979460917364 0.2361674352282931 0.17910799830125412 0.5517933816131498 -0.9856896175156571 -0.5795742991537514 0.2820079488853125 -0.7823178865225069 -0.9432429724873513 -0.5357357424834377 -0.5816914025342639 -0.16812078273673708 -0.28344621008496446 -0.8179574414751778 -0.3940685947370056 -0.8791481854756183 0.05377839877178401 
0.06780415284705446 0.517479425182045 0.5043168573081477 0.0261548383984753 0.46263940564307887 -0.017823468216076756 0.39137456323395214 0.34724473886834595 0.30541931824113877 0.7812685212408311 0.631967621954634 -0.09699860046851363 0.9346810959990628 -0.020832129924286957 0.23267732844323408 0.1796284159375724 0.5516467219789392 -0.9891108896889022 -0.6126588337234948 0.26720477647209384 -0.7761215929754023 -0.9682811409669632 -0.5065168603200554 -0.5885850285649163 -0.16812078273673708 -0.2604356031976722 -0.7792724268881995 -0.3469614109352507 -0.8285567781165143 0.0579377584816204 
0.06781418996994135 0.5161372099842423 0.4943749228820581 0.034486510328366346 0.46048300830779787 -0.025216311145039173 0.39137456323395214 0.34724473886834595 0.26225782682008203 0.7680302525979603 0.631935088594855 -0.08234054727930147 0.9356689831027235 -0.21378076058044493 0.23999046242300137 0.17910799830125412 0.5519400412473605 -0.9799874972269154 -0.58629425964519 0.2820079488853125 -0.7823178865225069 -0.9432429724873513 -0.5579420929276084 -0.5774061755422367 -0.16812078273673708 -0.28344621008496446 -0.8570614409146873 -0.3940685947370056 -0.8791481854756183 0.05243783213454614 
0.06780415284705446 0.5191168650367671 0.5041084200822961 0.0261548383984753 0.46263940564307887 -0.018624668546128712 0.38038781986896486 0.3489226273681712 0.30541931824113877 0.7812685212408311 0.631967621954634 -0.09699860046851363 0.9345959847495969 -0.020832129924286957 0.23267732844323408 0.1796284159375724 0.5516467219789392 -0.9959534340353923 -0.6126588337234948 0.26720477647209384 -0.7761215929754023 -0.9682811409669632 -0.4924917968816318 -0.5934291982080775 -0.16576117734534357 -0.2604356031976722 -0.7792724268881995 -0.33794105421640774 -0.8285567781165143 0.057639854784456435 
0.06781595147815833 0.5161372099842423 0.49378060038708116 0.03346316240012348 0.46048300830779787 -0.025216311145039173 0.3858811915514585 0.34724473886834595 0.26225782682008203 0.7680302525979603 0.631935088594855 0.06854594472046187 0.9364399015700069 0.050919979460917364 0.2361674352282931 0.17910799830125412 0.5517933816131498 -0.9856896175156571 -0.5795742991537514 0.2820079488853125 -0.7823178865225069 -0.9432429724873513 -0.5357357424834377 -0.5816914025342639 -0.16812078273673708 -0.28344621008496446 -0.8179574414751778 -0.3940685947370056 -0.8791481854756183 0.05377839877178401 
0.06780415284705446 0.517479425182045 0.5043168573081477 0.0261548383984753 0.46263940564307887 -0.017823468216076756 0.39137456323395214 0.34724473886834595 0.30541931824113877 0.7812685212408311 0.631967621954634 -0.09699860046851363 0.9346810959990628 -0.020832129924286957 0.23267732844323408 0.1796284159375724 0.5516467219789392 -0.9891108896889022 -0.6126588337234948 0.26720477647209384 -0.7761215929754023 -0.9682811409669632 -0.5065168603200554 -0.5885850285649163 -0.16812078273673708 -0.2604356031976722 -0.7792724268881995 -0.3469614109352507 -0.8285567781165143 0.0579377584816204 
0.06781418996994135 0.5161372099842423 0.4943749228820581 0.034486510328366346 0.46048300830779787 -0.025216311145039173 0.39137456323395214 0.34724473886834595 0.26225782682008203 0.7680302525979603 0.631935088594855 -0.08234054727930147 0.9356689831027235 -0.21378076058044493 0.23999046242300137 0.17910799830125412 0.5519400412473605 -0.9799874972269154 -0.58629425964519 0.2820079488853125 -0.7823178865225069 -0.9432429724873513 -0.5579420929276084 -0.5774061755422367 -0.16812078273673708 -0.28344621008496446 -0.8570614409146873 -0.3940685947370056 -0.8791481854756183 0.05243783213454614 
0.06781418996994135 0.5161372099842423 0.4943749228820581 0.034486510328366346 0.4543972238711029 -0.025216311145039173 0.39137456323395214 0.34724473886834595 0.26225782682008203 0.7680302525979603 0.631935088594855 -0.08146077363243599 0.9355230781036392 -0.204451626262379 0.23971807299692466 0.17910799830125412 0.5519400412473605 -0.9860697588682399 -0.58629425964519 0.2820079488853125 -0.7848968124666422 -0.959833550395678 -0.5345669871969025 -0.5848587442240232 -0.16812078273673708 -0.28344621008496446 -0.8601514542021056 -0.38633686040656884 -0.8794652046018536 0.05065040995156232 
0.0678006298306205 0.5161372099842423 0.5052970650722499 0.028201534254961025 0.4668994547487654 -0.018222721478234005 0.39137456323395214 0.34724473886834595 0.28766926539925286 0.7592047401693798 0.631967621954634 -0.3987715844680403 0.93305414781503 -0.5502336100070115 0.24032338283265067 0.17910799830125412 0.5519400412473605 -0.9845491934579087 -0.6260987547063721 0.26720477647209384 -0.7848968124666422 -0.9475429185815549 -0.5369044977699732 -0.5848587442240232 -0.1692801682586447 -0.2605824058753319 -0.8574804257672186 -0.3797570119880567 -0.8526019148221722 0.0549587215099807 
0.06779950763782058 0.5161372099842423 0.505193768747934 0.028201534254961025 0.46203082719940936 -0.018222721478234005 0.39137456323395214 0.35060051586799645 0.2610497626045477 0.7592047401693798 0.6471549622770447 -0.3987715844680403 0.93305414781503 -0.5427703025525588 0.2401054712917893 0.17910799830125412 0.5519400412473605 -0.9845491934579087 -0.6260987547063721 0.26720477647209384 -0.7848968124666422 -0.9641334964898816 -0.5182044131854084 -0.5908207991694524 -0.16679805982451631 -0.2605824058753319 -0.8605704390546369 -0.37202527765761995 -0.901960264738429 0.0549587215099807 
0.06780175202342043 0.5134527795886368 0.5072574806004544 0.051149854188148436 0.4754195529601384 -0.00847242138793871 0.4353215366939014 0.35148539255482597 0.2618416171406664 0.7415537153122187 0.643455279281512 -0.4033833045303655 0.9295813939483379 -0.5576969174614642 0.2533909779651907 0.1780671630286176 0.5525266797842032 -0.9659015511459972 -0.654015799655662 0.262417152394959 -0.8024472514491221 -0.9309523406732283 -0.5556045823545379 -0.5788966892785941 -0.17176227669277308 -0.2605824058753319 -0.8494384671182315 -0.4144212767719215 -0.9013262264859585 0.12763239452838127 
0.06778037657553342 0.5179270472674197 0.509793404221276 0.012415635552739664 0.4766367098474774 -0.003119294792848072 0.44527147319055765 0.35904324306178503 0.26284004242533776 0.7494569007119786 0.6853176172532115 -0.4065287351812484 0.9369684690553723 -0.5495009702105718 0.2676207679823248 0.10900157599022557 0.5531837385453011 -0.9594184321167347 -0.597005002051055 0.2577759764987243 -0.8258002738059066 -0.9091897081078264 -0.548652492756474 -0.6042951936102938 -0.16400097526450835 -0.3501501733241488 -0.842234478174307 -0.4619717654398476 -0.8981637141677498 0.02583131222995933 
0.06776206003122756 0.5823020901112648 0.49161312133908913 0.04197038999988148 0.4766367098474774 0.006572058281650233 0.4180516901379986 0.3413262614293515 0.30906854483935925 0.7466081418868451 0.6602317584826376 -0.7460518746184729 0.9137732877269531 -0.37283265761644657 0.23703117621272196 0.01158845408959533 0.5600398388656296 -0.9636108982184672 -0.6060318063498729 0.29902988059845803 -0.8017012402568668 -0.8009964335848663 -0.535802923309799 -0.5035339841125586 -0.18167136560457064 -0.2476416559247923 -0.8429781442854214 -0.48689443308417596 -0.922145640134557 0.048137114652869815 
