0.3896483673304507 0.6937370114270789 0.5981322646701734 0.4651937206136936 0.5465499021739548 0.5067088314646272 0.48129543940360586 0.46231720602385634 0.44647148556329574 0.4156715497376454 0.4023415111256273 0.3773434515858911 0.17724814101626607 0.34527839274690325 0.5398279355375042 0.30604368778300134 0.27478944146498474 0.28111423125997137 0.24839404136911256 0.245963818784857 0.24820456143820271 0.2221760998472619 0.21166598807273304 0.20084246519656587 0.18313069766774573 0.18317521700298559 0.16946830959009054 0.16694987308136575 0.20871551660002713 0.15263197809884027 
0.3896483673304507 0.6937370114270789 0.5981322646701734 0.4651937206136936 0.5465499021739548 0.5067088314646272 0.48129543940360586 0.46231720602385634 0.44647148556329574 0.4156715497376454 0.4023415111256273 0.3773434515858911 0.17724814101626607 0.34527839274690325 0.5398279355375042 0.30604368778300134 0.27478944146498474 0.28111423125997137 0.24839404136911256 0.245963818784857 0.24820456143820271 0.2221760998472619 0.21166598807273304 0.20084246519656587 0.18313069766774573 0.18317521700298559 0.16946830959009054 0.16694987308136575 0.20871551660002713 0.15263197809884027 
0.3896483673304507 0.6944694492521807 0.6099613022125205 0.46473198967188567 0.5465499021739548 0.5067088314646272 0.4842954108068506 0.46231720602385634 0.4688489229415152 0.41908735778656664 0.3945097175893026 0.37725377723108455 0.38266121041492074 0.34001183783659017 0.31373088152294953 0.307916753126392 0.31866444425709384 0.2808631137309178 0.2521133231654102 0.2511272204113831 0.24820456143820271 0.2221760998472619 0.2149685612959952 0.20084246519656587 0.2000199701150937 0.20012094085393375 0.1766728447916124 0.16861774475876223 0.24297088910823217 0.14507839503607725 
0.3896483673304507 0.6944694492521807 0.6099613022125205 0.46473198967188567 0.5465499021739548 0.5067088314646272 0.4842954108068506 0.46231720602385634 0.4688489229415152 0.41908735778656664 0.3945097175893026 0.37725377723108455 0.38266121041492074 0.34001183783659017 0.31373088152294953 0.307916753126392 0.31866444425709384 0.2808631137309178 0.2521133231654102 0.2511272204113831 0.24820456143820271 0.2221760998472619 0.2149685612959952 0.20084246519656587 0.2000199701150937 0.20012094085393375 0.1766728447916124 0.16861774475876223 0.24297088910823217 0.14507839503607725 
0.3896483673304507 0.6944694492521807 0.592641160757166 0.46694337389087603 0.5465499021739548 0.5067088314646272 0.48129543940360586 0.46231720602385634 0.44647148556329574 0.4156715497376454 0.4023415111256273 0.37725377723108455 0.38266121041492074 0.34001183783659017 0.3150121727305465 0.3158242482873447 0.2843069930360786 0.27239718070236946 0.2735267942940698 0.245963818784857 0.25460654096335184 0.22364165833562633 0.21353406312991172 0.20084246519656587 0.18871267636114936 0.18673430879139719 0.16427454142726525 0.15931869518678643 0.04861865760081796 0.14833985587491533 
0.3896483673304507 0.6944694492521807 0.6099613022125205 0.46473198967188567 0.5465499021739548 0.5175680108752139 0.48129543940360586 0.46231720602385634 0.44647148556329574 0.4140283865335993 0.4023415111256273 0.37725377723108455 0.388714315853961 0.34001183783659017 0.3150121727305465 0.30983727610261813 0.31120406902997566 0.2808631137309178 0.2521133231654102 0.245963818784857 0.25460654096335184 0.23520444567962895 0.20834380022706453 0.2012690527942423 0.18871267636114936 0.18673430879139719 0.1690246078218566 0.15806453627895323 0.16095287532321403 0.14507839503607725 
0.3896483673304507 0.6227879219467802 0.7831228322867474 0.46255515466212976 0.538965680796001 0.5156037548478489 0.4842954108068506 0.6031438240658468 0.32703748679477807 0.4178308665334239 0.3955799014932107 0.37641446409013385 0.17345949639142902 0.34001183783659017 0.3150121727305465 0.3101804639283955 0.29833468991512835 0.281138278550872 0.2611609635485597 0.24588076683417384 0.26262652776366513 0.225144269387307 0.2149685612959952 0.20671447925621914 0.18871267636114936 0.184835084767001 0.1631445317109017 0.1574748666606673 0.16568817912927816 0.14370650283221625 
0.38807527544376896 0.6227879219467802 0.6099613022125205 0.4651937206136936 0.538965680796001 0.5067088314646272 0.4842954108068506 0.5953509470679995 0.4697201834219712 0.411381978335014 0.3952004641488368 0.38327166337818847 0.3672150369833687 0.34001183783659017 0.316011419490342 0.30604368778300134 0.2886373672591566 0.2840218906249335 0.25102707809884667 0.2485859693343606 0.25494067746720295 0.2269912875746205 0.2149685612959952 0.2038546079405078 0.23676782855573597 0.19066700942298312 0.1766728447916124 0.16694987308136575 0.21533796746979328 0.15337251644936065 
0.39202524156476576 0.6937370114270789 0.6099613022125205 0.4707766516273446 0.538965680796001 0.5086524715125971 0.4813802111392937 0.46231720602385634 0.14233209139014957 0.4073736949870151 0.3955799014932107 0.37725377723108455 0.3719572094883001 0.33920656995522275 0.3153314831057117 0.3190268428954154 0.3062263081416655 0.2840218906249335 0.24822111764212146 0.24371593252239576 0.25494067746720295 0.2221760998472619 0.20862982574095706 0.20084246519656587 0.1864995550524242 0.1870664254697746 0.176934522945682 0.16694987308136575 0.16840413975447502 0.1520672686162576 
0.3896483673304507 0.6227879219467802 0.7831228322867474 0.46255515466212976 0.5392299381105209 0.5116543827864004 0.6164078849889425 0.5980303644403926 0.3213786421256147 0.4152576898883075 0.3955799014932107 0.38413395670057376 0.3762375837587999 0.35071410268463954 0.3150121727305465 0.3158242482873447 0.2843069930360786 0.279296679883326 0.2611609635485597 0.245963818784857 0.26504003590286185 0.22364165833562633 0.21353406312991172 0.20121837715927376 0.18871267636114936 0.18673430879139719 0.1631445317109017 0.16402085518051443 0.16568817912927816 0.14779161972272853 
0.3896483673304507 0.6951937963246788 0.6099613022125205 0.4651937206136936 0.538965680796001 0.5086524715125971 0.4842954108068506 0.46231720602385634 0.46096809701581515 0.40900529139776076 0.3955799014932107 0.3745947313988697 0.3796074700367738 0.34001183783659017 0.30390700947075633 0.30604368778300134 0.29833468991512835 0.28492627086153427 0.25102707809884667 0.23522469377921335 0.25494067746720295 0.22281253475101648 0.2149685612959952 0.2162335601147157 0.23676782855573597 0.18317521700298559 0.18264627766354055 0.16694987308136575 0.1631326482225335 0.15998383380458625 
0.39202524156476576 0.6937370114270789 0.6099613022125205 0.4707766516273446 0.538965680796001 0.5086524715125971 0.4813802111392937 0.46231720602385634 0.14233209139014957 0.4073736949870151 0.3955799014932107 0.37725377723108455 0.3719572094883001 0.33920656995522275 0.3153314831057117 0.3190268428954154 0.3062263081416655 0.2840218906249335 0.24822111764212146 0.24371593252239576 0.25494067746720295 0.2221760998472619 0.20862982574095706 0.20084246519656587 0.1864995550524242 0.1870664254697746 0.176934522945682 0.16694987308136575 0.16840413975447502 0.1520672686162576 
0.3896483673304507 0.6993354857374509 0.9362548871095449 0.4707766516273446 0.538965680796001 0.5067088314646272 0.4842954108068506 0.45245864697010135 0.4605206065466092 0.4178308665334239 0.3952004641488368 0.3777691250831755 0.3760967881056535 0.34001183783659017 0.311715702726173 0.3158242482873447 0.29833468991512835 0.2856335975878248 0.25102707809884667 0.24588076683417384 0.263611964463935 0.22364165833562633 0.2149685612959952 0.2146870750737876 0.18871267636114936 0.184835084767001 0.15235369630255655 0.16694987308136575 0.1568841912975133 0.15362810749124003 
0.3896483673304507 0.6234256154099882 0.586891086973961 0.4575043470869302 0.5392299381105209 0.507649255038438 0.4842954108068506 0.599338830125845 0.46639355227801643 0.4152576898883075 0.40909627429987244 0.36977155499234227 0.3789600154931739 0.34001183783659017 0.3150121727305465 0.3158242482873447 0.2963324850917359 0.2718596643043364 0.2600398573204782 0.24642001382666118 0.24821658235564176 0.22364165833562633 0.20544087888123638 0.2038546079405078 0.2351201215904645 0.18321317287462174 0.2290616408790237 0.16402085518051443 0.16474453963015492 0.15263197809884027 
0.3896483673304507 0.6944694492521807 0.6099613022125205 0.46473198967188567 0.5465499021739548 0.5175680108752139 0.48129543940360586 0.46231720602385634 0.44647148556329574 0.4140283865335993 0.4023415111256273 0.37725377723108455 0.388714315853961 0.34001183783659017 0.3150121727305465 0.30983727610261813 0.31120406902997566 0.2808631137309178 0.2521133231654102 0.245963818784857 0.25460654096335184 0.23520444567962895 0.20834380022706453 0.2012690527942423 0.18871267636114936 0.18673430879139719 0.1690246078218566 0.15806453627895323 0.16095287532321403 0.14507839503607725 
0.3896483673304507 0.6198228327086732 0.5961845267296518 0.46255515466212976 0.5392299381105209 0.5116543827864004 0.6316035490186835 0.5980303644403926 0.3213786421256147 0.4152576898883075 0.3955799014932107 0.37725377723108455 0.378900531513176 0.35071410268463954 0.3150121727305465 0.3158242482873447 0.2963324850917359 0.2877109376848143 0.25923677845105053 0.245963818784857 0.2593840522829919 0.22364165833562633 0.20544087888123638 0.20121837715927376 0.18871267636114936 0.18321317287462174 0.16105161762628933 0.16402085518051443 0.1631326482225335 0.14779161972272853 
0.3896483673304507 0.6937370114270789 0.6037311378985015 0.4707766516273446 0.538965680796001 0.5108476655620442 0.4813802111392937 0.45245864697010135 0.4618154416940592 0.411381978335014 0.3952004641488368 0.38327166337818847 0.36632370980037215 0.33329086390561297 0.316011419490342 0.3190268428954154 0.29833468991512835 0.2840218906249335 0.25102707809884667 0.2451087057164108 0.25494067746720295 0.2221760998472619 0.2149685612959952 0.20084246519656587 0.18824653271530778 0.19066700942298312 0.176934522945682 0.16694987308136575 0.1568841912975133 0.14507839503607725 
0.3896483673304507 0.6937370114270789 0.6037311378985015 0.4707766516273446 0.538965680796001 0.5108476655620442 0.4813802111392937 0.45245864697010135 0.4618154416940592 0.411381978335014 0.3952004641488368 0.38327166337818847 0.36632370980037215 0.33329086390561297 0.316011419490342 0.3190268428954154 0.29833468991512835 0.2840218906249335 0.25102707809884667 0.2451087057164108 0.25494067746720295 0.2221760998472619 0.2149685612959952 0.20084246519656587 0.18824653271530778 0.19066700942298312 0.176934522945682 0.16694987308136575 0.1568841912975133 0.14507839503607725 
0.3788875053337563 0.6846130819567343 0.5841465302911467 0.4504806691056397 0.41788017839485275 0.49621062463827464 0.6047904457437908 0.4579871096054309 0.5822869479755507 0.40469900088656857 0.5631134030793359 0.3701203975926766 0.35415502663012544 0.33735331623039816 0.34194922908752234 0.2969541493493463 0.2668230489532943 0.26962219910102636 0.257011938768318 0.24727314088659025 0.22840594263564654 0.22291250041285135 0.20684184409784567 0.18980349637398933 0.19453608321861351 0.1766358438848067 0.19690538445702463 0.16163326794448563 0.16047616379914842 0.14643949447080562 
0.3896483673304507 0.6227879219467802 0.592641160757166 0.4660083886107961 0.5372426228486139 0.5158657901148539 0.7380260456887107 0.5980303644403926 0.44647148556329574 0.4152576898883075 0.3955799014932107 0.37725377723108455 0.3841091460553194 0.35071410268463954 0.3150121727305465 0.30983727610261813 0.2843069930360786 0.279296679883326 0.2646833964535024 0.2391524216650294 0.26037226528800306 0.22364165833562633 0.20834380022706453 0.20121837715927376 0.18871267636114936 0.18673430879139719 0.16105161762628933 0.1709150660098042 0.16276107825445235 0.14507839503607725 
0.3896483673304507 0.6227879219467802 0.592641160757166 0.4660083886107961 0.5372426228486139 0.5158657901148539 0.7380260456887107 0.5980303644403926 0.44647148556329574 0.4152576898883075 0.3955799014932107 0.37725377723108455 0.3841091460553194 0.35071410268463954 0.3150121727305465 0.30983727610261813 0.2843069930360786 0.279296679883326 0.2646833964535024 0.2391524216650294 0.26037226528800306 0.22364165833562633 0.20834380022706453 0.20121837715927376 0.18871267636114936 0.18673430879139719 0.16105161762628933 0.1709150660098042 0.16276107825445235 0.14507839503607725 
0.3896483673304507 0.6993354857374509 0.6037311378985015 0.46578688645272254 0.538965680796001 0.5038264646350317 0.47726337119448214 0.45245864697010135 0.46096809701581515 0.4214261291975188 0.40487117801022277 0.39174166582388525 0.36632370980037215 0.34001183783659017 0.3465425870755652 0.31361920953898303 0.29833468991512835 0.27792655993001397 0.25102707809884667 0.24588076683417384 0.25494067746720295 0.22364165833562633 0.2149685612959952 0.21370367437131166 0.19978536283238346 0.18317521700298559 0.15235369630255655 0.16694987308136575 0.15317314531145748 0.15362810749124003 
0.3896483673304507 0.6234256154099882 0.7831228322867474 0.4575043470869302 0.5358819606073348 0.5067088314646272 0.4842954108068506 0.6031438240658468 0.42961496762351825 0.4178308665334239 0.3922298695669219 0.3706845816983812 0.3760967881056535 0.34001183783659017 0.3150121727305465 0.3158242482873447 0.2963324850917359 0.2718596643043364 0.2634539989547892 0.24726961448570975 0.25722142450611024 0.22364165833562633 0.20544087888123638 0.20431943813443806 0.18871267636114936 0.18321317287462174 0.1631445317109017 0.1574748666606673 0.16568817912927816 0.13589320638540886 
0.38230184464506556 0.6872247298775717 0.5840861922010461 0.4596211715926918 0.4175590062835593 0.5086594380677988 0.6039617842345865 0.458707492078174 0.5895603329410155 0.4193791574002035 0.20961946138676213 0.36736936538927656 0.35152786001097247 0.33735331623039816 0.30649317263583603 0.29441901886294347 0.2701321250144534 0.2665068773693433 0.2613611996797697 0.24659682294459007 0.21755206128432458 0.213854653391352 0.18686775023364957 0.1872808731696477 0.175162955413956 0.16891279799108855 0.17545278812122075 0.17664744105320396 0.17348446512209748 0.1422325863734457 
0.3896483673304507 0.6198228327086732 0.587762542300575 0.46255515466212976 0.5392299381105209 0.5158657901148539 0.4788119054724918 0.5976490251426494 0.43986063641552664 0.41129022101173424 0.3952004641488368 0.37725377723108455 0.378900531513176 0.35071410268463954 0.3150121727305465 0.30983727610261813 0.2910047182354336 0.2877109376848143 0.25894981951468465 0.23713241158328963 0.2593840522829919 0.2221760998472619 0.20811743965726703 0.20084246519656587 0.1795367416934533 0.19066700942298312 0.16105161762628933 0.16402085518051443 0.1631326482225335 0.14507839503607725 
0.37626420977223207 0.6846130819567343 0.5841465302911467 0.4542429300577933 0.41947031626620707 0.4892404228526295 0.6105460246211417 0.45020660636375814 0.5817806828510581 0.40543295327942497 0.5506747732365403 0.3624926035502165 0.35395040839012565 0.33670444963526336 0.3280802026848301 0.29380032769633296 0.2721404632700505 0.26165325303864556 0.26413608754408957 0.24990587621508567 0.22977808466523356 0.21383910420539198 0.20968209807850627 0.1872808731696477 0.18871642440546538 0.17636690088564796 0.19690538445702463 0.16163326794448563 0.16047616379914842 0.14391101334234857 
0.3788875053337563 0.6846130819567343 0.5841465302911467 0.4504806691056397 0.41788017839485275 0.49621062463827464 0.6047904457437908 0.4579871096054309 0.5822869479755507 0.40469900088656857 0.5631134030793359 0.3701203975926766 0.35415502663012544 0.33735331623039816 0.34194922908752234 0.2969541493493463 0.2668230489532943 0.26962219910102636 0.257011938768318 0.24727314088659025 0.22840594263564654 0.22291250041285135 0.20684184409784567 0.18980349637398933 0.19453608321861351 0.1766358438848067 0.19690538445702463 0.16163326794448563 0.16047616379914842 0.14643949447080562 
0.37979267812582174 0.6871155196248478 0.5840861922010461 0.4596211715926918 0.4153819945919575 0.5013594424074364 0.5973932737730796 0.44865998704356813 0.581574472290861 0.3936843976408386 0.546965590418667 0.36668909699941415 0.34316009248989576 0.33735331623039816 0.31142977241142467 0.29441901886294347 0.2738190756810597 0.28573927708441954 0.24173931661952347 0.25118214374801356 0.23340451454657413 0.22468543880840033 0.1890811719511353 0.20193362724862893 0.19863499952034713 0.1655533448682962 0.17117806304659966 0.16736228767523745 0.1442795454786586 0.14178314212762563 
0.3788875053337563 0.6881041438671283 0.5840861922010461 0.4504806691056397 0.41788017839485275 0.49621062463827464 0.6069331297276803 0.4579871096054309 0.5822869479755507 0.40469900088656857 0.5694482631225272 0.37398089087662156 0.3453168711463354 0.33735331623039816 0.3401991147648724 0.2969541493493463 0.2743536689337257 0.2568464872237558 0.257011938768318 0.24727314088659025 0.22840594263564654 0.213854653391352 0.20684184409784567 0.18980349637398933 0.19453608321861351 0.17731553687825843 0.17067705820901072 0.17666545588592916 0.14800955126927037 0.13923277758844924 
0.3788875053337563 0.6881041438671283 0.5840861922010461 0.4504806691056397 0.41788017839485275 0.49621062463827464 0.6069331297276803 0.4579871096054309 0.5822869479755507 0.40469900088656857 0.5694482631225272 0.37398089087662156 0.3453168711463354 0.33735331623039816 0.3401991147648724 0.2969541493493463 0.2743536689337257 0.2568464872237558 0.257011938768318 0.24727314088659025 0.22840594263564654 0.213854653391352 0.20684184409784567 0.18980349637398933 0.19453608321861351 0.17731553687825843 0.17067705820901072 0.17666545588592916 0.14800955126927037 0.13923277758844924 
0.3788875053337563 0.6804003683312504 0.5883108581133422 0.4596211715926918 0.417396608445473 0.5036442965821448 0.6047521899682923 0.458707492078174 0.5676086690630271 0.3994919631882809 0.5377858888402193 0.36694380673037674 0.3477124860807529 0.32929584628571207 0.3420473405346917 0.30209049990777054 0.2738190756810597 0.2568464872237558 0.2508794988549997 0.243916490878245 0.21755206128432458 0.213854653391352 0.20411396836880713 0.2082110093107613 0.18313737036806402 0.16891279799108855 0.15667108893185072 0.17293990459997874 0.17348446512209748 0.15501021383958163 
0.38230184464506556 0.6872247298775717 0.5840861922010461 0.45003271950462276 0.42127546975032937 0.4951904191653098 0.6039617842345865 0.4504146193705043 0.5895603329410155 0.4193791574002035 0.5538335512564347 0.36694380673037674 0.35134700133239016 0.33735331623039816 0.3154601418488533 0.29441901886294347 0.2800071747264862 0.2617641468502852 0.2613611996797697 0.24603972681730374 0.2108292641402304 0.2185395401526712 0.19626560667589674 0.20193362724862893 0.175162955413956 0.1655533448682962 0.17694117193363698 0.175006400030532 0.1519520326529575 0.1422325863734457 
0.3805727065824369 0.6883586070320178 0.5840861922010461 0.4591381595293897 0.42556278458354213 0.4951904191653098 0.6031531212406773 0.4504146193705043 0.2685770362942948 0.40581134410646574 0.5501985386139014 0.3624926035502165 0.3453168711463354 0.323225908699613 0.31811702680842263 0.2967659537218001 0.27341490409739216 0.28000028004807365 0.26850644819825176 0.2465075433487822 0.23620401606599112 0.22159312065634096 0.20046365694608156 0.17772259192750312 0.17556804629399983 0.17234625813443244 0.17117806304659966 0.17293990459997874 0.17348446512209748 0.1564193213286186 
0.37979267812582174 0.6887260954138955 0.5841465302911467 0.4545633758830034 0.4117916778286154 0.5072285331784322 0.6064937881712191 0.45003412899428635 0.27369411349418415 0.4120768596166731 0.20702900278279127 0.36694380673037674 0.34152990868994176 0.33735331623039816 0.30647735265634757 0.3058660122912576 0.27455054340097046 0.2568464872237558 0.257011938768318 0.2465075433487822 0.21309483027656548 0.21736679248787516 0.20217938869745516 0.179546157299597 0.18478860321204454 0.16984557348829618 0.1711984021417125 0.14249921304009636 0.14391438888984787 0.15567889135849317 
0.3777868210919481 0.6885140388406631 0.5796386450278487 0.4596211715926918 0.41878007298678527 0.49621062463827464 0.6047521899682923 0.45003412899428635 0.581574472290861 0.40325218191385764 0.5562758177329754 0.36694380673037674 0.3477124860807529 0.338359643641741 0.3420473405346917 0.2969541493493463 0.2795407821597811 0.2568464872237558 0.2569886451396947 0.2589484547158684 0.21183755314007818 0.213854653391352 0.20413432897059194 0.18980349637398933 0.1851311853053305 0.16372418226844226 0.15806592817037876 0.14249921304009636 0.14391438888984787 0.13923277758844924 
0.3805727065824369 0.6883586070320178 0.5840861922010461 0.4591381595293897 0.42556278458354213 0.4951904191653098 0.6031531212406773 0.4504146193705043 0.2685770362942948 0.40581134410646574 0.5501985386139014 0.3624926035502165 0.3453168711463354 0.323225908699613 0.31811702680842263 0.2967659537218001 0.27341490409739216 0.28000028004807365 0.26850644819825176 0.2465075433487822 0.23620401606599112 0.22159312065634096 0.20046365694608156 0.17772259192750312 0.17556804629399983 0.17234625813443244 0.17117806304659966 0.17293990459997874 0.17348446512209748 0.1564193213286186 
0.3819840300187329 0.6806173514887445 0.5841465302911467 0.45401327969925737 0.41938428304657077 0.5033256897186411 0.33591447371334693 0.4573439821637314 0.27369411349418415 0.40581134410646574 0.5501985386139014 0.3624926035502165 0.34152990868994176 0.32929584628571207 0.3199570662851822 0.3114737726792952 0.27100734673041726 0.28000028004807365 0.2462043684787641 0.2465075433487822 0.22803049261069175 0.2339082184802411 0.20046365694608156 0.1872808731696477 0.19453608321861351 0.16891279799108855 0.17697356904321587 0.1645282118758587 0.14904984042246083 0.1564193213286186 
0.37979267812582174 0.6871155196248478 0.5840861922010461 0.4596211715926918 0.4153819945919575 0.5013594424074364 0.5973932737730796 0.44865998704356813 0.581574472290861 0.3936843976408386 0.546965590418667 0.36668909699941415 0.34316009248989576 0.33735331623039816 0.31142977241142467 0.29441901886294347 0.2738190756810597 0.28573927708441954 0.24173931661952347 0.25118214374801356 0.23340451454657413 0.22468543880840033 0.1890811719511353 0.20193362724862893 0.19863499952034713 0.1655533448682962 0.17117806304659966 0.16736228767523745 0.1442795454786586 0.14178314212762563 
0.37979267812582174 0.6872247298775717 0.5840861922010461 0.4591381595293897 0.42127546975032937 0.5036686384619813 0.6039617842345865 0.45003412899428635 0.5726557115227142 0.40962787199738415 0.5562758177329754 0.36163072236992594 0.35134700133239016 0.32573899539690815 0.3083177447708975 0.3051813799513442 0.27901811812585214 0.2719728363981714 0.24936950588285503 0.25945132769900986 0.2108292641402304 0.2153614435617707 0.19626560667589674 0.17988950522372155 0.175162955413956 0.1655533448682962 0.16760946463909998 0.16325840258868884 0.11770966959035878 0.1333227702395117 
0.37960776128161516 0.6880515138336993 0.5841465302911467 0.4580603089065429 0.42005983102039046 0.4936433324056975 0.33591447371334693 0.45003412899428635 0.2749408496578397 0.40830303981325344 0.5635388804586899 0.3509475619084902 0.3432233273882197 0.32929584628571207 0.3199570662851822 0.30209049990777054 0.27265414592043397 0.2596317862552694 0.25107100476195626 0.2465075433487822 0.22674662569795864 0.21908239629090742 0.20598708992587336 0.18616361606761178 0.1851311853053305 0.1623547173911465 0.1777542357290047 0.13512948768951624 0.1454481052715152 0.1343037639935402 
0.3788875053337563 0.6881041438671283 0.5840861922010461 0.4591381595293897 0.42556278458354213 0.4951904191653098 0.6031531212406773 0.4504146193705043 0.5812522102324992 0.40469900088656857 0.5656861406946162 0.37398089087662156 0.3453168711463354 0.33735331623039816 0.3154601418488533 0.29441901886294347 0.2743536689337257 0.2575255206230273 0.2613611996797697 0.24862943553791778 0.21986220577182397 0.22159312065634096 0.19117475844499074 0.20193362724862893 0.1770824297044975 0.17234625813443244 0.17117806304659966 0.175006400030532 0.1519520326529575 0.14907453761605516 
0.3788875053337563 0.6881041438671283 0.5840861922010461 0.4591381595293897 0.42556278458354213 0.4951904191653098 0.6031531212406773 0.4504146193705043 0.5812522102324992 0.40469900088656857 0.5656861406946162 0.37398089087662156 0.3453168711463354 0.33735331623039816 0.3154601418488533 0.29441901886294347 0.2743536689337257 0.2575255206230273 0.2613611996797697 0.24862943553791778 0.21986220577182397 0.22159312065634096 0.19117475844499074 0.20193362724862893 0.1770824297044975 0.17234625813443244 0.17117806304659966 0.175006400030532 0.1519520326529575 0.14907453761605516 
0.37960776128161516 0.6895718083526978 0.5898031146963734 0.4499916672228233 0.42005983102039046 0.5052135631086274 0.608719253968135 0.4600452597125915 0.581574472290861 0.39539814099607923 0.5583593419811465 0.37462230110961153 0.3562300558778258 0.3238855224437014 0.32153167643569575 0.29441901886294347 0.27339006949565925 0.25446848887562645 0.2613611996797697 0.24778206579209322 0.21144566073391777 0.2263486773378179 0.19626560667589674 0.20509358017125334 0.1851311853053305 0.1600675448577508 0.17029197378740532 0.14249921304009636 0.14786441645595913 0.14792457548504967 
0.37979267812582174 0.683701518549904 0.5802968159509356 0.4542429300577933 0.41708884889228853 0.5003888600209085 0.6070379214749305 0.44865998704356813 0.581574472290861 0.3994919631882809 0.5418753203098564 0.3554951114032647 0.3574284204141947 0.33735331623039816 0.3278803876304366 0.3056671371029769 0.27469441790652704 0.28573927708441954 0.2435627419071077 0.26057209278713844 0.21986220577182397 0.22159312065634096 0.19094160233353635 0.2082110093107613 0.19037045066518055 0.16891279799108855 0.17117806304659966 0.16873473965765515 0.1646073084622918 0.1492415198328974 
0.3839741675623615 0.6961574246072809 0.5876426603589002 0.46177184439052316 0.41947031626620707 0.5006903473313636 0.6009833295404257 0.45020660636375814 0.581574472290861 0.41924744635742656 0.5562758177329754 0.36694380673037674 0.35395040839012565 0.338359643641741 0.33466800412473596 0.29380032769633296 0.2795407821597811 0.2553100798115909 0.2569886451396947 0.24990587621508567 0.21986220577182397 0.213854653391352 0.20539426531839688 0.1872808731696477 0.18105697197427928 0.16372418226844226 0.18735174350756637 0.16163326794448563 0.1650973489030597 0.1385956868411714 
0.37960776128161516 0.678164080420966 0.5896847041975346 0.4552238636347519 0.42005983102039046 0.500692331485848 0.6105348917818276 0.4504146193705043 0.5717800258057796 0.4128161979878273 0.5342569751133771 0.36694380673037674 0.34152990868994176 0.333696608535848 0.3154601418488533 0.30209049990777054 0.2751188538726556 0.28026028810304615 0.24626642177820182 0.25711003733512106 0.23326057049188784 0.2153614435617707 0.2026821080522807 0.19088268723390833 0.19748012582452856 0.1770645558720494 0.18050870815412534 0.15043862496294508 0.1646073084622918 0.15699288382701704 
0.37979267812582174 0.5418453711572895 0.5840861922010461 0.4499916672228233 0.4192061516150718 0.4897451003338454 0.6002024504345986 0.4451759923193793 0.581574472290861 0.3936843976408386 0.546965590418667 0.36668909699941415 0.3562300558778258 0.33735331623039816 0.3154601418488533 0.29441901886294347 0.27901811812585214 0.28573927708441954 0.2613611996797697 0.24778206579209322 0.21144566073391777 0.22468543880840033 0.19626560667589674 0.20509358017125334 0.19863499952034713 0.1655533448682962 0.1743587152587994 0.16325840258868884 0.1442795454786586 0.14178314212762563 
0.37979267812582174 0.6827820212187466 0.5898031146963734 0.4524952355417508 0.41199624140378993 0.5052135631086274 0.6111357773860298 0.4600452597125915 0.5798496617837157 0.39539814099607923 0.5562758177329754 0.3613500023877018 0.34551727145363115 0.333696608535848 0.30095390512233267 0.2852146777530295 0.2887048541861394 0.25446848887562645 0.26789085398505197 0.24990587621508567 0.21764499114100022 0.22159312065634096 0.20742121828459295 0.18388929743967145 0.19494231895058126 0.1600675448577508 0.17117806304659966 0.14249921304009636 0.14719423551579558 0.13923277758844924 
0.37979267812582174 0.6827820212187466 0.5898031146963734 0.4524952355417508 0.41199624140378993 0.5052135631086274 0.6111357773860298 0.4600452597125915 0.5798496617837157 0.39539814099607923 0.5562758177329754 0.3613500023877018 0.34551727145363115 0.333696608535848 0.30095390512233267 0.2852146777530295 0.2887048541861394 0.25446848887562645 0.26789085398505197 0.24990587621508567 0.21764499114100022 0.22159312065634096 0.20742121828459295 0.18388929743967145 0.19494231895058126 0.1600675448577508 0.17117806304659966 0.14249921304009636 0.14719423551579558 0.13923277758844924 
0.37960776128161516 0.6916103213817982 0.5814999236015104 0.4586435365591857 0.42005983102039046 0.4936433324056975 0.6025903810611718 0.45003412899428635 0.5817806828510581 0.40543295327942497 0.5562758177329754 0.3554951114032647 0.3574284204141947 0.3238855224437014 0.3121243809703257 0.30989614588865183 0.27339006949565925 0.2559264069091872 0.27132604030790347 0.25364348196562836 0.22674662569795864 0.2383260522797217 0.20598708992587336 0.19181180756579042 0.1851311853053305 0.1674946285804287 0.1777542357290047 0.14249921304009636 0.1454481052715152 0.1343037639935402 
0.37960776128161516 0.6895718083526978 0.5898031146963734 0.4499916672228233 0.42005983102039046 0.5052135631086274 0.608719253968135 0.4600452597125915 0.581574472290861 0.39539814099607923 0.5583593419811465 0.37462230110961153 0.3562300558778258 0.3238855224437014 0.32153167643569575 0.29441901886294347 0.27339006949565925 0.25446848887562645 0.2613611996797697 0.24778206579209322 0.21144566073391777 0.2263486773378179 0.19626560667589674 0.20509358017125334 0.1851311853053305 0.1600675448577508 0.17029197378740532 0.14249921304009636 0.14786441645595913 0.14792457548504967 
0.37960776128161516 0.6880515138336993 0.5841465302911467 0.4580603089065429 0.42005983102039046 0.4936433324056975 0.33591447371334693 0.45003412899428635 0.2749408496578397 0.40830303981325344 0.5635388804586899 0.3509475619084902 0.3432233273882197 0.32929584628571207 0.3199570662851822 0.30209049990777054 0.27265414592043397 0.2596317862552694 0.25107100476195626 0.2465075433487822 0.22674662569795864 0.21908239629090742 0.20598708992587336 0.18616361606761178 0.1851311853053305 0.1623547173911465 0.1777542357290047 0.13512948768951624 0.1454481052715152 0.1343037639935402 
0.37960776128161516 0.6885459388677911 0.5883108581133422 0.4552238636347519 0.42005983102039046 0.5038462462055774 0.6145546785372809 0.4481515489815899 0.5761068281610323 0.4128161979878273 0.5342569751133771 0.34545818721721666 0.34469603436941343 0.333696608535848 0.31142977241142467 0.30547240615096855 0.2751188538726556 0.2568464872237558 0.2508794988549997 0.23204113446916363 0.23187302949031033 0.2395604944227866 0.2026821080522807 0.19532717110513395 0.19748012582452856 0.1655533448682962 0.15667108893185072 0.17293990459997874 0.1646073084622918 0.16058517108105544 
0.37960776128161516 0.6916103213817982 0.5814999236015104 0.4586435365591857 0.42005983102039046 0.4936433324056975 0.6025903810611718 0.45003412899428635 0.5817806828510581 0.40543295327942497 0.5562758177329754 0.3554951114032647 0.3574284204141947 0.3238855224437014 0.3121243809703257 0.30989614588865183 0.27339006949565925 0.2559264069091872 0.27132604030790347 0.25364348196562836 0.22674662569795864 0.2383260522797217 0.20598708992587336 0.19181180756579042 0.1851311853053305 0.1674946285804287 0.1777542357290047 0.14249921304009636 0.1454481052715152 0.1343037639935402 
0.3754359734228826 0.683701518549904 0.5838009377719853 0.44991678777145333 0.41947031626620707 0.49421578959017326 0.6042773100225028 0.4504146193705043 0.580049656226165 0.4057542225740312 0.5418753203098564 0.3554951114032647 0.34446335013117046 0.34036716608275547 0.3208011542790298 0.28427853384641627 0.2776719407561771 0.2568464872237558 0.26789085398505197 0.25268405163389046 0.21764499114100022 0.2189567475044168 0.18688772746869625 0.18388929743967145 0.19494231895058126 0.1433036216401089 0.165807650998237 0.13703258486493108 0.1454481052715152 0.13469708557467341 
0.3777868210919481 0.6885140388406631 0.4085311937232252 0.44991678777145333 0.4101032011748203 0.49421578959017326 0.6112421137251387 0.4446317895626134 0.580049656226165 0.4075157076076842 0.5418753203098564 0.3554951114032647 0.34041302557770303 0.3377998553758161 0.3146887811443842 0.3006719692563435 0.27713159337478305 0.30140672800404883 0.2605341011878898 0.24653122916997633 0.22977808466523356 0.23417585558382847 0.19569648978708493 0.18624683994737792 0.1880909200201272 0.17225011771743462 0.17117806304659966 0.14964415760251276 0.1454481052715152 0.15257932271334096 
0.37960776128161516 0.6871155196248478 0.49833556540964996 0.4596211715926918 0.5392299381105209 0.5158657901148539 0.4788119054724918 0.4504146193705043 0.43986063641552664 0.41129022101173424 0.542027671362896 0.35175803106889464 0.3408952468527855 0.3210314222744018 0.29901968030005177 0.30983727610261813 0.27713159337478305 0.28573927708441954 0.24998869093925735 0.23713241158328963 0.24131481528461687 0.22017029656614806 0.1968531630735602 0.18388929743967145 0.1795367416934533 0.1655533448682962 0.16105161762628933 0.14964415760251276 0.14191662497109772 0.14178314212762563 
0.37960776128161516 0.6916183173960506 0.5917541962427945 0.44991678777145333 0.42340474906068204 0.49421578959017326 0.6112421137251387 0.4422976284383631 0.580049656226165 0.4111670557761048 0.5503938471979483 0.3556820921675829 0.34041302557770303 0.3238855224437014 0.3137655816798223 0.28427853384641627 0.27713159337478305 0.292600260177264 0.25632985758649807 0.25268405163389046 0.23892027265297183 0.2189567475044168 0.1915304301253575 0.18388929743967145 0.18871642440546538 0.1720004803621081 0.17117806304659966 0.14964415760251276 0.1454481052715152 0.13469708557467341 
0.37960776128161516 0.683701518549904 0.5838009377719853 0.44991678777145333 0.41947031626620707 0.49421578959017326 0.6039617842345865 0.4504146193705043 0.580049656226165 0.4111670557761048 0.5418753203098564 0.3554951114032647 0.34446335013117046 0.3238855224437014 0.3208011542790298 0.28427853384641627 0.27713159337478305 0.2974482598735013 0.26413608754408957 0.25268405163389046 0.21350302559476808 0.21551631980631406 0.19569648978708493 0.18388929743967145 0.17763399850210984 0.1674946285804287 0.17117806304659966 0.14584071984737396 0.1454481052715152 0.13469708557467341 
0.3754359734228826 0.6852585264235136 0.5776638370677378 0.6602089249301296 0.41990702372391997 0.4994247108342613 0.5959083320470917 0.4493967198161596 0.579303082757569 0.4057542225740312 0.5477274075458131 0.35580985148008637 0.3477124860807529 0.3483980915359135 0.3159981433109398 0.3078851883985761 0.2776719407561771 0.2568464872237558 0.26789085398505197 0.2483715265564182 0.2195950917861408 0.21551631980631406 0.2039986120437941 0.19506386617774005 0.18722591270045344 0.20129056726058236 0.17117806304659966 0.1520045170537451 0.13833711913018784 0.12552434096089427 
0.3754359734228826 0.6852585264235136 0.5776638370677378 0.6602089249301296 0.41990702372391997 0.4994247108342613 0.5959083320470917 0.4493967198161596 0.579303082757569 0.4057542225740312 0.5477274075458131 0.35580985148008637 0.3477124860807529 0.3483980915359135 0.3159981433109398 0.3078851883985761 0.2776719407561771 0.2568464872237558 0.26789085398505197 0.2483715265564182 0.2195950917861408 0.21551631980631406 0.2039986120437941 0.19506386617774005 0.18722591270045344 0.20129056726058236 0.17117806304659966 0.1520045170537451 0.13833711913018784 0.12552434096089427 
0.3777868210919481 0.683701518549904 0.5786708839966724 0.455704756680491 0.41230098492578965 0.4993997321539111 0.5981980897474984 0.4648945352524549 0.579303082757569 0.3951376341291326 0.5496979825229403 0.35580985148008637 0.34117369359379685 0.31338559565249124 0.3042880645986702 0.30220072749202836 0.2781362457218135 0.2605929334259003 0.25892271842459375 0.25303061040731617 0.23971772064950655 0.23417585558382847 0.21329925589440735 0.18980349637398933 0.16901778346358187 0.17225011771743462 0.16727244778643718 0.17559815241964838 0.13933245702700864 0.1418896006779399 
0.37960776128161516 0.6871155196248478 0.49833556540964996 0.4596211715926918 0.5392299381105209 0.5158657901148539 0.4788119054724918 0.4504146193705043 0.43986063641552664 0.41129022101173424 0.542027671362896 0.35175803106889464 0.3408952468527855 0.3210314222744018 0.29901968030005177 0.30983727610261813 0.27713159337478305 0.28573927708441954 0.24998869093925735 0.23713241158328963 0.24131481528461687 0.22017029656614806 0.1968531630735602 0.18388929743967145 0.1795367416934533 0.1655533448682962 0.16105161762628933 0.14964415760251276 0.14191662497109772 0.14178314212762563 
0.3722902724270212 0.683701518549904 0.5786708839966724 0.6602089249301296 0.41230098492578965 0.49421578959017326 0.5922018758590133 0.4409491031046178 0.5731518875233771 0.4075157076076842 0.5412812371641198 0.3554951114032647 0.3390022450345756 0.30679175277037246 0.3146887811443842 0.29674030667325085 0.27713159337478305 0.2605929334259003 0.25892271842459375 0.2452631423893872 0.24404578276482225 0.23417585558382847 0.2039986120437941 0.19506386617774005 0.17907481030964476 0.19346931588361727 0.17117806304659966 0.1520045170537451 0.1454481052715152 0.15257932271334096 
0.3777868210919481 0.683701518549904 0.5869574277116756 0.44991678777145333 0.41230098492578965 0.4868985552930959 0.6111357773860298 0.4504146193705043 0.2796607731284263 0.39360057063836784 0.542339735246094 0.3554951114032647 0.34446335013117046 0.3238855224437014 0.3208011542790298 0.28427853384641627 0.2781362457218135 0.2974482598735013 0.26289300986228353 0.25268405163389046 0.23971772064950655 0.2300515499213324 0.201926347110105 0.18388929743967145 0.19110623488502165 0.1674946285804287 0.17117806304659966 0.1499379369517112 0.15387558200392834 0.134703396538341 
0.37960776128161516 0.680150373008044 0.5842725405136349 0.44991678777145333 0.41239525019073325 0.49421578959017326 0.6112421137251387 0.4504146193705043 0.5817806828510581 0.4111670557761048 0.5468587926410747 0.3554951114032647 0.34041302557770303 0.3238855224437014 0.31091371288153546 0.30989614588865183 0.27713159337478305 0.292600260177264 0.26413608754408957 0.25268405163389046 0.22977808466523356 0.21551631980631406 0.19569648978708493 0.18388929743967145 0.18871642440546538 0.1720004803621081 0.17117806304659966 0.14964415760251276 0.1454481052715152 0.13469708557467341 
0.37960776128161516 0.680150373008044 0.5842725405136349 0.44991678777145333 0.41239525019073325 0.49421578959017326 0.6112421137251387 0.4504146193705043 0.5817806828510581 0.4111670557761048 0.5468587926410747 0.3554951114032647 0.34041302557770303 0.3238855224437014 0.31091371288153546 0.30989614588865183 0.27713159337478305 0.292600260177264 0.26413608754408957 0.25268405163389046 0.22977808466523356 0.21551631980631406 0.19569648978708493 0.18388929743967145 0.18871642440546538 0.1720004803621081 0.17117806304659966 0.14964415760251276 0.1454481052715152 0.13469708557467341 
0.37960776128161516 0.6911962353194077 0.5817626276624746 0.44991678777145333 0.4152375275088833 0.49858873914295126 0.6111357773860298 0.44392403068432834 0.580049656226165 0.4111670557761048 0.5562758177329754 0.356707192128686 0.34041302557770303 0.33266571600127004 0.31316401705118796 0.2901373230552899 0.28376360046915716 0.2974482598735013 0.26254945401308466 0.2512627843479715 0.22977808466523356 0.21402358874826397 0.19569648978708493 0.18388929743967145 0.18229213114068335 0.1720004803621081 0.17117806304659966 0.1942794192573225 0.1454481052715152 0.12680732083293061 
0.3777868210919481 0.6786828793606622 0.5786962820936141 0.4526467879347672 0.5316034333440991 0.5043435590614639 0.6042773100225028 0.4431270863118806 0.5763336334388072 0.4047611591589808 0.3936666358009736 0.3784326561833339 0.34964454774060477 0.33998998983028367 0.31892153039354265 0.29085367938444384 0.2781362457218135 0.26503714240447174 0.24256878453625622 0.262792179974905 0.23315870144228126 0.23425129106760528 0.19990971051080206 0.20651157949019727 0.19198503609803264 0.15763017737923338 0.16598060364111433 0.17480061178969186 0.15601369261899845 0.1270921341633674 
0.3777868210919481 0.683701518549904 0.5869574277116756 0.44991678777145333 0.41230098492578965 0.4868985552930959 0.6111357773860298 0.4504146193705043 0.2796607731284263 0.39360057063836784 0.542339735246094 0.3554951114032647 0.34446335013117046 0.3238855224437014 0.3208011542790298 0.28427853384641627 0.2781362457218135 0.2974482598735013 0.26289300986228353 0.25268405163389046 0.23971772064950655 0.2300515499213324 0.201926347110105 0.18388929743967145 0.19110623488502165 0.1674946285804287 0.17117806304659966 0.1499379369517112 0.15387558200392834 0.134703396538341 
0.37722059074586206 0.8270725890354123 0.5772010658438793 0.4468053153587995 0.41230098492578965 0.5052135631086274 0.6042773100225028 0.44075680643662823 0.5817806828510581 0.4111670557761048 0.542339735246094 0.3554951114032647 0.3477124860807529 0.3238855224437014 0.31091371288153546 0.29870088823580304 0.2844921644432021 0.28790680180279676 0.25721907733638166 0.24758184394120034 0.23355025749512107 0.22159312065634096 0.19619714266533586 0.18247083030751568 0.18871642440546538 0.16603737785540917 0.17259400015984344 0.14964415760251276 0.1454481052715152 0.12854051826114096 
0.37960776128161516 0.822513714769881 0.5842725405136349 0.461773315741797 0.41239525019073325 0.49421578959017326 0.6112421137251387 0.4442098930899627 0.5726557115227142 0.39816805859471005 0.5560725054820976 0.35580985148008637 0.3408952468527855 0.3365163528027685 0.31091371288153546 0.30983727610261813 0.2781362457218135 0.292600260177264 0.26413608754408957 0.25268405163389046 0.22410169318267364 0.23116600676751936 0.2050561762171054 0.1902103054565956 0.1795367416934533 0.1655533448682962 0.1774666522043868 0.1493306643409184 0.14191662497109772 0.13469708557467341 
0.37960776128161516 0.822513714769881 0.5842725405136349 0.461773315741797 0.41239525019073325 0.49421578959017326 0.6112421137251387 0.4442098930899627 0.5726557115227142 0.39816805859471005 0.5560725054820976 0.35580985148008637 0.3408952468527855 0.3365163528027685 0.31091371288153546 0.30983727610261813 0.2781362457218135 0.292600260177264 0.26413608754408957 0.25268405163389046 0.22410169318267364 0.23116600676751936 0.2050561762171054 0.1902103054565956 0.1795367416934533 0.1655533448682962 0.1774666522043868 0.1493306643409184 0.14191662497109772 0.13469708557467341 
0.37530482689963574 0.6782049808538777 0.5786962820936141 0.6432125099189157 0.5286983198403673 0.4885185791353241 0.6042773100225028 0.43425612008038156 0.575475174140365 0.4047611591589808 0.3936666358009736 0.3750329010589415 0.344086940014377 0.33998998983028367 0.3236550344369621 0.3112735555376399 0.2819848659754008 0.2715065662116098 0.2555322945542595 0.2507725342579427 0.22113108029298467 0.22631130179379894 0.1840199998730649 0.19659684147864573 0.20300273796469068 0.17214666139993562 0.16637099723368207 0.17480061178969186 0.14916088123340523 0.1270921341633674 
0.37530482689963574 0.6782049808538777 0.5786962820936141 0.6432125099189157 0.5286983198403673 0.4885185791353241 0.6042773100225028 0.43425612008038156 0.575475174140365 0.4047611591589808 0.3936666358009736 0.3750329010589415 0.344086940014377 0.33998998983028367 0.3236550344369621 0.3112735555376399 0.2819848659754008 0.2715065662116098 0.2555322945542595 0.2507725342579427 0.22113108029298467 0.22631130179379894 0.1840199998730649 0.19659684147864573 0.20300273796469068 0.17214666139993562 0.16637099723368207 0.17480061178969186 0.14916088123340523 0.1270921341633674 
0.3777868210919481 0.6132804832844377 0.581458143716974 0.5403801888231249 0.5274156375983886 0.5043435590614639 0.6024499147928235 0.4455644769752115 0.564439563699077 0.4191385112823633 0.38276995718135787 0.3784326561833339 0.344086940014377 0.3463268298775278 0.31097240999230186 0.29085367938444384 0.2709057900659927 0.2507799559685155 0.24799728964188744 0.27016209815721276 0.23458025029994936 0.24047410878494047 0.20056322565075219 0.20784321378800852 0.19198503609803264 0.1544854888783862 0.1716713432848833 0.18367906161554334 0.15601369261899845 0.14852781751651492 
0.3777868210919481 0.6780302006919798 0.5861638832218934 0.4595979880535495 0.5316034333440991 0.49404283088905954 0.6042773100225028 0.43425612008038156 0.5726557115227142 0.4047611591589808 0.3936666358009736 0.3750329010589415 0.3463348720316783 0.33998998983028367 0.31892153039354265 0.31685871182750686 0.2781362457218135 0.2715065662116098 0.24769737021013352 0.26446650953218487 0.23166624415077322 0.22631130179379894 0.19990971051080206 0.20651157949019727 0.20300273796469068 0.15763017737923338 0.16598060364111433 0.17480061178969186 0.16174241215153237 0.1270921341633674 
0.3777868210919481 0.683701518549904 0.5786962820936141 0.6602089249301296 0.5238111927663042 0.4885185791353241 0.6129036311844752 0.4601783058116642 0.575475174140365 0.40095827535458584 0.3936666358009736 0.3750329010589415 0.3477124860807529 0.3065255971565679 0.3236550344369621 0.3079342527670322 0.2803943353434689 0.2862523336901278 0.2475885136487065 0.26484862264840414 0.23971063063173217 0.22631130179379894 0.19990971051080206 0.2180142048265437 0.17907481030964476 0.15763017737923338 0.16637099723368207 0.13703258486493108 0.15565057984887973 0.1270921341633674 
0.3777868210919481 0.6083298666276599 0.581458143716974 0.5403801888231249 0.5316034333440991 0.50947070871259 0.6066957753263823 0.45273220129616526 0.5726557115227142 0.4191385112823633 0.38276995718135787 0.3750329010589415 0.344086940014377 0.3377943116769911 0.31892153039354265 0.2909342957141276 0.27854569965117404 0.2538046385771543 0.2508422183743719 0.27016209815721276 0.23458025029994936 0.22631130179379894 0.20056322565075219 0.20059101386301392 0.20300273796469068 0.1544854888783862 0.1716713432848833 0.18367906161554334 0.16174241215153237 0.14852781751651492 
0.3777868210919481 0.6764828991311833 0.581458143716974 0.44990288408716955 0.5316034333440991 0.50947070871259 0.6042773100225028 0.43425612008038156 0.5902072329631985 0.41986380171789733 0.38276995718135787 0.3750329010589415 0.3445291201095896 0.33597581213587174 0.31681358710751373 0.2909342957141276 0.27506915420720074 0.2715065662116098 0.25184944121764563 0.26446650953218487 0.23166624415077322 0.22631130179379894 0.19990971051080206 0.20990405134249082 0.20300273796469068 0.1544854888783862 0.17128672187118027 0.18367906161554334 0.16174241215153237 0.1270921341633674 
0.3777868210919481 0.6724017265037047 0.581458143716974 0.6432125099189157 0.5188667809154811 0.5043435590614639 0.6171284160794895 0.4520151251582659 0.5830932364255572 0.3927017608696231 0.3947097867700303 0.3431685581209202 0.34117244197704205 0.3173780372856459 0.3138536278829561 0.2939229623192785 0.28361882815700057 0.24938962974222031 0.2416299784630092 0.2633478435230711 0.22144589306891665 0.24289986081230286 0.2039972678081571 0.1782828636864095 0.17985361689018065 0.1925458777662841 0.17101571764807447 0.17611703096187792 0.15680973927030875 0.15253373852200425 
0.3770574894807836 0.6782049808538777 0.5810790103337906 0.6432125099189157 0.5286983198403673 0.5043435590614639 0.6171284160794895 0.4520151251582659 0.5848262834286387 0.41540191417672145 0.39064968690791213 0.35085524056026196 0.344086940014377 0.33619527762058976 0.3143777698139746 0.29767536820069385 0.28361882815700057 0.24938962974222031 0.2416299784630092 0.25789122843596346 0.22113108029298467 0.23840994797018072 0.20056322565075219 0.20052629526265553 0.17985361689018065 0.19672359466547099 0.16123112406549706 0.17503755861883635 0.15680973927030875 0.09404431148060391 
0.37838939749549955 0.6848523265209248 0.5814654060758873 0.6472743617337198 0.5188667809154811 0.5072888061185348 0.5953380703285793 0.44442127180739505 0.5830932364255572 0.3927017608696231 0.38708790076919236 0.35093171787700334 0.349591993780508 0.3173780372856459 0.3080894607740733 0.2973931941481938 0.28038685685039066 0.26322351180819553 0.24822724103708874 0.2633478435230711 0.23713521050087324 0.24004772299547572 0.19711999377957798 0.20587792732363236 0.18657569384723602 0.1925458777662841 0.15568158612796612 0.1791974253595037 0.1497326368176454 0.0976692637102469 
0.37838939749549955 0.6848523265209248 0.5814654060758873 0.6472743617337198 0.5188667809154811 0.5072888061185348 0.5953380703285793 0.44442127180739505 0.5830932364255572 0.3927017608696231 0.38708790076919236 0.35093171787700334 0.349591993780508 0.3173780372856459 0.3080894607740733 0.2973931941481938 0.28038685685039066 0.26322351180819553 0.24822724103708874 0.2633478435230711 0.23713521050087324 0.24004772299547572 0.19711999377957798 0.20587792732363236 0.18657569384723602 0.1925458777662841 0.15568158612796612 0.1791974253595037 0.1497326368176454 0.0976692637102469 
0.3777868210919481 0.6786828793606622 0.5786962820936141 0.4526467879347672 0.5316034333440991 0.5043435590614639 0.6042773100225028 0.4431270863118806 0.5763336334388072 0.4047611591589808 0.3936666358009736 0.3784326561833339 0.34964454774060477 0.33998998983028367 0.31892153039354265 0.29085367938444384 0.2781362457218135 0.26503714240447174 0.24256878453625622 0.262792179974905 0.23315870144228126 0.23425129106760528 0.19990971051080206 0.20651157949019727 0.19198503609803264 0.15763017737923338 0.16598060364111433 0.17480061178969186 0.15601369261899845 0.1270921341633674 
0.3777868210919481 0.6083298666276599 0.581458143716974 0.5403801888231249 0.5316034333440991 0.50947070871259 0.6066957753263823 0.45273220129616526 0.5726557115227142 0.4191385112823633 0.38276995718135787 0.3750329010589415 0.344086940014377 0.3377943116769911 0.31892153039354265 0.2909342957141276 0.27854569965117404 0.2538046385771543 0.2508422183743719 0.27016209815721276 0.23458025029994936 0.22631130179379894 0.20056322565075219 0.20059101386301392 0.20300273796469068 0.1544854888783862 0.1716713432848833 0.18367906161554334 0.16174241215153237 0.14852781751651492 
0.3777868210919481 0.6132804832844377 0.581458143716974 0.5403801888231249 0.5274156375983886 0.5043435590614639 0.6024499147928235 0.4455644769752115 0.564439563699077 0.4191385112823633 0.38276995718135787 0.3784326561833339 0.344086940014377 0.3463268298775278 0.31097240999230186 0.29085367938444384 0.2709057900659927 0.2507799559685155 0.24799728964188744 0.27016209815721276 0.23458025029994936 0.24047410878494047 0.20056322565075219 0.20784321378800852 0.19198503609803264 0.1544854888783862 0.1716713432848833 0.18367906161554334 0.15601369261899845 0.14852781751651492 
0.3777868210919481 0.6780302006919798 0.5861638832218934 0.4595979880535495 0.5316034333440991 0.49404283088905954 0.6042773100225028 0.43425612008038156 0.5726557115227142 0.4047611591589808 0.3936666358009736 0.3750329010589415 0.3463348720316783 0.33998998983028367 0.31892153039354265 0.31685871182750686 0.2781362457218135 0.2715065662116098 0.24769737021013352 0.26446650953218487 0.23166624415077322 0.22631130179379894 0.19990971051080206 0.20651157949019727 0.20300273796469068 0.15763017737923338 0.16598060364111433 0.17480061178969186 0.16174241215153237 0.1270921341633674 
0.37895886970130244 0.6848523265209248 0.5810790103337906 0.4526913149966256 0.5286983198403673 0.5072888061185348 0.601253906905346 0.4141786614808558 0.5796212935543925 0.4155563236977569 0.3830110212996507 0.35085524056026196 0.3426509634553699 0.31753521159719095 0.3143777698139746 0.2897392979427056 0.2781362457218135 0.26322351180819553 0.24256878453625622 0.2582745734174646 0.22113108029298467 0.2156884855864946 0.19711999377957798 0.20587792732363236 0.18657569384723602 0.18152417456365072 0.17138779287265718 0.1806192714730773 0.1497326368176454 0.08782010389614141 
0.3777868210919481 0.6818420769098799 0.5786962820936141 0.4526467879347672 0.523833687957991 0.5043435590614639 0.601253906905346 0.4141786614808558 0.5748623463767661 0.4116233040129433 0.37735144650249547 0.3570897019181875 0.3523679041565448 0.31132804948411186 0.31892153039354265 0.29085367938444384 0.27649819806847636 0.26503714240447174 0.24256878453625622 0.2537609969663948 0.23315870144228126 0.23425129106760528 0.2019128660038372 0.20535054723301588 0.18657569384723602 0.2112161011959781 0.17784445855918146 0.17480061178969186 0.1557872954902269 0.18035922081450673 
0.37838939749549955 0.6724017265037047 0.5814654060758873 0.6432125099189157 0.5188667809154811 0.5043435590614639 0.6096187662149469 0.4520151251582659 0.5830932364255572 0.3927017608696231 0.38708790076919236 0.3431685581209202 0.34793341053230004 0.3173780372856459 0.3080894607740733 0.30083535206667844 0.28038685685039066 0.24938962974222031 0.2513842118977465 0.2633478435230711 0.22113108029298467 0.24004772299547572 0.20778305154216217 0.20052629526265553 0.1842438173680433 0.1925458777662841 0.15568158612796612 0.18085053854120503 0.15425200621953164 0.0980963000101909 
0.3777868210919481 0.6818420769098799 0.5786962820936141 0.4526467879347672 0.523833687957991 0.5043435590614639 0.601253906905346 0.4141786614808558 0.5748623463767661 0.4116233040129433 0.37735144650249547 0.3570897019181875 0.3523679041565448 0.31132804948411186 0.31892153039354265 0.29085367938444384 0.27649819806847636 0.26503714240447174 0.24256878453625622 0.2537609969663948 0.23315870144228126 0.23425129106760528 0.2019128660038372 0.20535054723301588 0.18657569384723602 0.2112161011959781 0.17784445855918146 0.17480061178969186 0.1557872954902269 0.18035922081450673 
0.37838939749549955 0.6724017265037047 0.5814654060758873 0.6432125099189157 0.5188667809154811 0.5043435590614639 0.6096187662149469 0.4520151251582659 0.5830932364255572 0.3927017608696231 0.38708790076919236 0.3431685581209202 0.34793341053230004 0.3173780372856459 0.3080894607740733 0.30083535206667844 0.28038685685039066 0.24938962974222031 0.2513842118977465 0.2633478435230711 0.22113108029298467 0.24004772299547572 0.20778305154216217 0.20052629526265553 0.1842438173680433 0.1925458777662841 0.15568158612796612 0.18085053854120503 0.15425200621953164 0.0980963000101909 
0.3777868210919481 0.6818420769098799 0.5810790103337906 0.6748484952732832 0.523833687957991 0.5043435590614639 0.6021787483385821 0.4648945352524549 0.579499602912351 0.41778521902077326 0.39064968690791213 0.34887959910592925 0.3463348720316783 0.31132804948411186 0.3143777698139746 0.29085367938444384 0.28361882815700057 0.27424987537223566 0.2416299784630092 0.2537609969663948 0.22113108029298467 0.2516427006812598 0.2039986120437941 0.1969262111476124 0.1778232950043931 0.2112161011959781 0.15356947004531615 0.17503755861883635 0.15867022975912004 0.09404431148060391 
0.3777868210919481 0.9584433490591912 0.5797823016667382 0.45487259287675263 0.523856703716238 0.5043435590614639 0.6047105881713724 0.4431270863118806 0.5798476647721091 0.3938440016049196 0.3911816479039176 0.3590199906175264 0.34793341053230004 0.3396874068060331 0.3080894607740733 0.2939229623192785 0.2722900365657143 0.23641747559912213 0.24480256725852922 0.2690360194875786 0.2241231998643713 0.23425129106760528 0.20778305154216217 0.1406299021351688 0.19216307978140337 0.155258068994367 0.1676079828823958 0.15163389187010776 0.15278001856677353 0.10331254884132259 
0.3777868210919481 0.9584433490591912 0.5797823016667382 0.45487259287675263 0.523856703716238 0.5043435590614639 0.6047105881713724 0.4431270863118806 0.5798476647721091 0.3938440016049196 0.3911816479039176 0.3590199906175264 0.34793341053230004 0.3396874068060331 0.3080894607740733 0.2939229623192785 0.2722900365657143 0.23641747559912213 0.24480256725852922 0.2690360194875786 0.2241231998643713 0.23425129106760528 0.20778305154216217 0.1406299021351688 0.19216307978140337 0.155258068994367 0.1676079828823958 0.15163389187010776 0.15278001856677353 0.10331254884132259 
0.3777868210919481 0.42432279581558296 0.581458143716974 0.45487259287675263 0.5284329167890316 0.4699670343328738 0.6068757505158369 0.4510429664070994 0.5773760885170451 0.3927017608696231 0.38708790076919236 0.3590199906175264 0.34793341053230004 0.3173780372856459 0.3080894607740733 0.2939229623192785 0.28038685685039066 0.26074459929698673 0.24480256725852922 0.2690360194875786 0.22144589306891665 0.24635968413922274 0.20778305154216217 0.1782828636864095 0.1814259920802103 0.1925458777662841 0.15870208839578168 0.1806192714730773 0.1497326368176454 0.0980963000101909 
0.3777868210919481 0.6818420769098799 0.5810790103337906 0.6748484952732832 0.523833687957991 0.5146818408104742 0.6021787483385821 0.4648945352524549 0.5796212935543925 0.41458104328029155 0.38111854722418836 0.35085524056026196 0.3454177167669993 0.0015476267793788079 0.3143777698139746 0.2897392979427056 0.2750766419851704 0.2601063236179044 0.24462108607465968 0.2582745734174646 0.22113108029298467 0.20926471498563493 0.19711999377957798 0.1969262111476124 0.18657569384723602 0.18128245042324895 0.17138779287265718 0.17961897393214343 0.1497326368176454 0.08782010389614141 
0.3777868210919481 0.42432279581558296 0.581458143716974 0.45487259287675263 0.5284329167890316 0.4699670343328738 0.6068757505158369 0.4510429664070994 0.5773760885170451 0.3927017608696231 0.38708790076919236 0.3590199906175264 0.34793341053230004 0.3173780372856459 0.3080894607740733 0.2939229623192785 0.28038685685039066 0.26074459929698673 0.24480256725852922 0.2690360194875786 0.22144589306891665 0.24635968413922274 0.20778305154216217 0.1782828636864095 0.1814259920802103 0.1925458777662841 0.15870208839578168 0.1806192714730773 0.1497326368176454 0.0980963000101909 
0.3735091190201004 0.6848523265209248 0.5805609214229459 0.9007885837805879 0.523856703716238 0.5043435590614639 0.5975222421794584 0.9667839214047478 0.5697390039407664 0.4211280573844724 0.3830110212996507 0.349661871755173 0.3455212833700965 0.3169006297901079 0.3136425031668628 0.37397223570419613 0.28548249343496973 0.26322351180819553 0.24619085230705795 0.2690360194875786 0.22113108029298467 0.2156884855864946 0.21015422598976702 0.21503168462035321 0.18084738739841447 0.1881792785833401 0.16148746996354932 0.14918677469870018 0.1516607270644624 0.08893820193745816 
