0.9363912382549175 0.5597677441910534 1.2338592160246273 
0.9004591830017293 0.5391138914803029 1.3550435497037285 
0.9387005995614897 0.5617806479362509 1.2272510383836384 
0.9363912382549175 0.5597677441910534 1.2338592160246273 
0.895317694517938 0.7363159310195598 1.31715911954249 
0.895317694517938 0.7363159310195598 1.31715911954249 
0.9130419983237339 0.5491806859897044 1.3604858669508908 
0.8949883299292377 0.7362925319626822 1.3150364167098665 
0.9168185207358335 0.5611831021846606 1.2646482944229778 
0.9167746498004199 0.6734935877788076 1.2464265462157642 
0.9015452232973934 0.729212139851114 1.2647368346676107 
0.9015452232973934 0.729212139851114 1.2647368346676107 
0.9447399041549667 0.7382025995115067 1.2836000226778213 
0.9276955835828686 0.8331969430604206 1.2121912919322653 
0.9013076457116032 0.5546130751115055 1.253184882661758 
0.8824075401626588 0.7290537622816958 1.3301752742130315 
0.8949883299292377 0.7362925319626822 1.3150364167098665 
0.8824075401626588 0.7290537622816958 1.3301752742130315 
0.7194567778589476 0.7880446741936397 1.3553976013195157 
0.9013076457116032 0.5546130751115055 1.253184882661758 
2.3807461558772127 1.9754558779283162 1.5788871149414194 
1.3701723063585571 0.6424031499725452 2.071324020354429 
2.889986876601148 2.7924929602574595 4.31924521793149 
2.8837080236668995 2.2090030238812326 3.1601986993074997 
1.4518313802549305 1.3511038686445618 2.9819706437106093 
2.296087173248425 1.9532154266677968 4.043015336400625 
2.8729774085968978 3.6197013421787148 4.315084862428369 
2.1493819507934493 2.1205180392730636 2.764142562400241 
2.897239725957692 2.611931861451692 3.9352297646476275 
2.476090479391708 2.873416318230344 3.493234968651838 
2.098716659548348 2.2159564566792365 3.9706796981561796 
1.5790653818593734 3.1098248163942133 2.9908167505526784 
3.00034615907035 2.8853033265282573 3.135631444585497 
2.9585848719597214 3.0794900065936894 3.027691173414912 
0.8096456935780181 2.388589568641513 2.76169278214322 
0.8096456935780181 2.388589568641513 2.76169278214322 
0.9691257851571928 0.5102883892734196 1.534375925768551 
1.9946425744460208 2.601742583390811 2.762324468932871 
2.5377472929145224 2.675234156196405 3.4166265183947457 
1.8324188370524814 0.713658931668558 1.5850027078653763 
1.3272042431479827 2.7967059520572435 3.4604565071932827 
3.27731274869964 2.7087135270144613 3.8666483387245756 
2.5146185377670474 2.778128406345643 3.083636075044607 
2.897239725957692 2.611931861451692 3.9352297646476275 
2.945444503518839 3.056157920183126 3.833739696426307 
2.418998630191739 2.9119594749835365 3.847201835444875 
2.686391183935023 3.440130473061537 4.58830055465782 
1.6284643605251359 2.6335681196022653 2.4808464733751596 
1.6284643605251359 2.6335681196022653 2.4808464733751596 
2.9804868544032366 2.8361925361456217 3.2068461386171156 
4.093480790908428 2.745991033419677 1.8233922923930015 
4.230894750239979 3.2734121108994616 1.950377890790623 
1.606221401872681 3.108002358248202 3.0831914584671667 
1.3272042431479827 2.7967059520572435 3.4604565071932827 
2.1066090520718594 3.164800011127636 4.5676007013526005 
2.5382936709785056 2.6245784243569963 4.742230670909492 
2.9428782028346268 1.5408964412965855 1.5754635318625465 
2.8837080236668995 2.2090030238812326 3.1601986993074997 
3.969717611322738 3.8029725783092196 2.570163357337782 
1.414028340798266 1.434406132671713 1.7635960504761183 
3.4536914339241886 3.4321878852516154 3.886036831404337 
3.1001830956908116 1.7870252437317597 4.535252966864874 
2.2328499194028826 2.2447983436452987 2.949938382504535 
2.111985135353255 0.8407263521490826 1.6608936627881512 
2.1493819507934493 2.1205180392730636 2.764142562400241 
4.383394589632298 3.314580957698712 2.0762088730319133 
2.4239233778301514 2.6542790442513478 4.328164845311956 
3.5007014206234204 2.769674424313578 3.0378597498131854 
2.2328499194028826 2.2447983436452987 2.949938382504535 
2.5382936709785056 2.6245784243569963 4.742230670909492 
3.4698297962355635 0.4551233916650692 4.192781483561977 
2.8729774085968978 3.6197013421787148 4.315084862428369 
1.8310062044010607 1.5044309307564416 1.8618899257512647 
1.4566662642004249 2.2502004853977495 3.8099804477952532 
2.505284667206873 2.2218839337221814 3.3020639015732716 
3.0138982870130895 3.2120270494017045 4.42858723706914 
3.1001830956908116 1.7870252437317597 4.535252966864874 
3.2694688396219833 1.3473703735503404 4.451490940345204 
2.9428782028346268 1.5408964412965855 1.5754635318625465 
2.2665517937924164 1.8647160091275663 3.883121330601994 
2.2030465749931594 2.8606288159538944 3.96595485798974 
2.164385180769327 2.1539882740608296 3.009846116036252 
2.088653582865842 2.93570881549673 3.6700946129082244 
2.889986876601148 2.7924929602574595 4.31924521793149 
3.438372436852757 1.7717207795015695 4.392921744063347 
2.11518441235766 2.9350444704437444 4.090517309161242 
3.520687575048757 2.6004592934930164 3.1186981226744885 
2.9722995435988375 3.4255665972895395 2.8732992364723535 
3.544865166926281 2.7394483321408476 3.1136995486326087 
3.1284169194032043 3.5932710512058836 4.196046523433093 
1.5350759225590638 1.9591073033893638 3.555368285145474 
3.00034615907035 2.8853033265282573 3.135631444585497 
4.059112898239818 3.1590091724191165 3.8294847616382146 
2.098716659548348 2.2159564566792365 3.9706796981561796 
1.414028340798266 1.434406132671713 1.7635960504761183 
1.1590506663780502 1.011079949366085 1.5909455087643314 
3.7825162846823943 2.1718055466183404 4.355055961151521 
4.164403257060349 2.552584444266616 3.2625806727366884 
4.310241775243464 1.686995529625279 4.019624395232427 
3.0086234295085337 1.2598045883570403 3.7560032016589346 
2.868474638034455 2.8338095555570653 4.105420193756351 
0.9982799864223448 2.082873821026329 2.549976842488894 
1.4566662642004249 2.2502004853977495 3.8099804477952532 
3.1209743529897063 3.2298195049609673 3.540376019298299 
3.1209743529897063 3.2298195049609673 3.540376019298299 
4.160858130373661 3.190433604551681 4.169710867526274 
1.9298479599962086 2.7845913379344305 2.5852223909944216 
2.2285115187170175 2.226613458394573 3.3004727330629375 
4.160858130373661 3.190433604551681 4.169710867526274 
1.093597014687161 0.8508129589068872 1.5184506478669133 
2.945444503518839 3.056157920183126 3.833739696426307 
2.7308739076341966 2.695096050948704 4.3781600155472615 
1.4518313802549305 1.3511038686445618 2.9819706437106093 
3.1284169194032043 3.5932710512058836 4.196046523433093 
1.5654841232359051 2.4798074134735595 3.5819278501137264 
2.2413570280314037 3.5887200942261344 3.7651487723767265 
3.7314263186461485 2.739293960388384 3.4420473647758225 
2.1231965112385063 0.9487168092513134 3.309583890838227 
2.4955281032639016 1.416704265410971 4.659649155558286 
2.418998630191739 2.9119594749835365 3.847201835444875 
2.540155556745854 3.5548376249708555 3.595992472036893 
2.1608707120672577 3.310586031274902 3.898772297673352 
2.1931717505251402 3.164129241542929 2.819616150585823 
2.540155556745854 3.5548376249708555 3.595992472036893 
2.3314759278317805 2.50593350791317 3.6653831710206877 
2.3603896714083077 0.9266793086426294 1.5910512204776166 
2.4239233778301514 2.6542790442513478 4.328164845311956 
2.6987423939027324 3.7773763653930548 2.9797405154273977 
2.5856279323326463 2.4773639072936264 4.094115410525843 
1.2235305387919957 1.848047756800757 2.6177419409859577 
3.1556020203368838 2.65409326892019 3.8599236556009453 
0.9982799864223448 2.082873821026329 2.549976842488894 
2.9971261152472506 3.6197013421787148 4.284613115738564 
2.1608707120672577 3.310586031274902 3.898772297673352 
1.8324188370524814 0.713658931668558 1.5850027078653763 
4.2397735323526575 3.219772113863163 4.24518665166896 
2.11518441235766 2.9350444704437444 4.090517309161242 
2.6718619039844276 3.359015809643309 3.5723670042033726 
2.558095346232818 3.921288171462734 2.724136736073337 
2.3330349226981726 2.460174424784646 4.570978694936206 
3.024844590077998 3.4412167378541025 3.02330203163165 
2.2661924467379704 3.486959495903122 4.132674606853291 
2.8601559430700414 2.785357720048298 3.856801881187587 
2.505284667206873 2.2218839337221814 3.3020639015732716 
1.2235305387919957 1.848047756800757 2.6177419409859577 
2.9585848719597214 3.0794900065936894 3.027691173414912 
3.520687575048757 2.6004592934930164 3.1186981226744885 
2.9557190571692096 1.845635683851199 1.2857573775492601 
1.3701723063585571 0.6424031499725452 2.071324020354429 
2.195639487635692 1.5733789592444125 3.045786454405655 
2.908108024172375 2.324819413455294 3.594733238259607 
2.476090479391708 2.873416318230344 3.493234968651838 
3.597905168799067 2.990140475464945 4.157113189877021 
2.6453524109311983 2.4018705232130717 4.101232326637308 
3.4698297962355635 0.4551233916650692 4.192781483561977 
1.242176454443356 2.151292660430648 3.10692045417423 
1.6095433182101142 1.6590319535365152 3.836021474822825 
3.6366188216163375 2.255975915092619 3.124137410025094 
3.2311153713113354 2.9438589875274963 3.9728578911606327 
3.2694688396219833 1.3473703735503404 4.451490940345204 
3.6556401705547743 3.2392300923598207 3.225693078535264 
3.6233960792012065 3.13211955352955 4.00210821242163 
1.242176454443356 2.151292660430648 3.10692045417423 
3.0625638318770667 1.6517946618286015 3.500301668188186 
2.449998975887077 0.8642815552030836 2.7959432011997967 
1.9946425744460208 2.601742583390811 2.762324468932871 
2.2285115187170175 2.226613458394573 3.3004727330629375 
0.9691257851571928 0.5102883892734196 1.534375925768551 
1.1590506663780502 1.011079949366085 1.5909455087643314 
4.2397735323526575 3.219772113863163 4.24518665166896 
1.89578279841925 1.9938177678003417 2.801186844893415 
2.3807461558772127 1.9754558779283162 1.5788871149414194 
2.9557190571692096 1.845635683851199 1.2857573775492601 
3.0625638318770667 1.6517946618286015 3.500301668188186 
2.597062437218537 3.7137835762077507 3.8566959254380087 
1.5790653818593734 3.1098248163942133 2.9908167505526784 
2.2665517937924164 1.8647160091275663 3.883121330601994 
3.1964503649636336 3.08745653712642 3.191580190627814 
3.441191822533621 2.8543700291124483 4.025661561481492 
2.2661924467379704 3.486959495903122 4.132674606853291 
1.5403808626457112 2.204770479979188 3.1399371004379444 
1.5403808626457112 2.204770479979188 3.1399371004379444 
3.377205326177665 4.491304412347241 2.599421114116858 
3.8745503681407207 3.0652061278937035 2.8205968525771024 
4.120660867923269 3.6112480311635426 4.380885177298329 
1.5350759225590638 1.9591073033893638 3.555368285145474 
2.3314759278317805 2.50593350791317 3.6653831710206877 
2.3603896714083077 0.9266793086426294 1.5910512204776166 
4.059112898239818 3.1590091724191165 3.8294847616382146 
2.010205866196538 2.1267381395358393 2.982457407760479 
1.545409537743134 3.844959117814109 3.285355550210272 
2.111985135353255 0.8407263521490826 1.6608936627881512 
2.2671346307662845 1.682024438164853 3.53437804060068 
2.0716151758484305 2.2991887546408267 3.553577539227218 
3.4536914339241886 3.4321878852516154 3.886036831404337 
2.806573844982899 1.951365931346412 3.4754259429085512 
3.0672398886595875 2.112796245226426 2.188228224786768 
2.5377472929145224 2.675234156196405 3.4166265183947457 
3.731248339476535 2.56698925921355 4.173990687784933 
1.8619172890150808 1.6085999315002928 3.0310369583251555 
2.449998975887077 0.8642815552030836 2.7959432011997967 
3.741111565632874 3.42472375999259 3.5399711586461695 
2.296087173248425 1.9532154266677968 4.043015336400625 
4.377364161260662 4.246916501795056 5.270292353327283 
2.908108024172375 2.324819413455294 3.594733238259607 
1.6095433182101142 1.6590319535365152 3.836021474822825 
2.8146112249017743 2.7150883949005626 2.979541202486945 
1.9298479599962086 2.7845913379344305 2.5852223909944216 
1.8310062044010607 1.5044309307564416 1.8618899257512647 
3.731248339476535 2.56698925921355 4.173990687784933 
