3.389439073224966 3.3123320927179702 3.780635937687321 
4.65638140753668 3.236161596951606 4.303932488582305 
4.65638140753668 3.236161596951606 4.303932488582305 
4.4215594842797925 3.7076720424267693 4.3555727414641385 
4.251338050401264 3.178152357611721 4.386208181119209 
4.215467512361392 2.9916227133632725 4.126412984776947 
4.215467512361392 2.9916227133632725 4.126412984776947 
4.568676873170316 2.810105427455884 4.612526167127567 
3.389439073224966 3.3123320927179702 3.780635937687321 
4.685053664025586 2.5507911069933393 4.446259375161471 
4.251338050401264 3.178152357611721 4.386208181119209 
4.271849152622576 3.81238605830715 3.9597428538876285 
4.4215594842797925 3.7076720424267693 4.3555727414641385 
4.826075762653322 3.141106365750473 3.968422746295004 
4.7927228109708215 2.777700708739539 4.480382054100001 
4.743568658834426 2.4537947635276325 4.491051409677132 
4.643520399107466 3.0919347167874136 4.568673364960445 
4.685053664025586 2.5507911069933393 4.446259375161471 
4.826075762653322 3.141106365750473 3.968422746295004 
4.643520399107466 3.0919347167874136 4.568673364960445 
9.054762896061662 11.136245803982721 16.063842921229703 
11.970638456768222 13.381597634951744 9.727448524324142 
9.887027738445754 14.721995294199132 10.678778575037114 
13.041385767053205 3.5089999239933416 12.86079582589478 
16.73922727903336 13.219936602912593 7.779320622360148 
12.600578920225127 10.898002198372058 10.681130148691294 
7.64316657857488 9.614436668160131 10.643263668982321 
10.043608904894123 13.808239633001698 12.090866768214159 
11.216449254652622 14.167994066107461 12.857658227044075 
10.992139809472251 15.965454599842511 14.059250086271676 
6.2533982148621305 7.637576363584592 7.924011854468388 
16.91077446712155 7.646821847704804 6.715205162155395 
7.960326177003864 5.8673821270292335 8.040773895605822 
6.801970778420549 15.812516788364562 8.855096811420385 
16.73922727903336 13.219936602912593 7.779320622360148 
9.743566496746098 14.092151836786798 8.68124055192097 
7.345052654712559 6.672377884229691 8.323688202636898 
9.609824176568171 11.52791886164794 8.843267215266154 
10.936954707260965 8.663489095273995 9.878485584234937 
10.999279208705563 7.7614815404377415 7.928590718528237 
15.55345079762484 13.073867909503454 16.246625766093704 
8.434450098348352 7.356490760553937 7.5775221289685195 
8.665109027740476 6.04406418274198 11.227563316367172 
8.737552726315373 8.862442902515921 12.630807428060297 
8.099734843342944 9.497005409465732 10.618652617561368 
9.476123028218709 13.40348032539159 7.362313624021352 
15.650952046389216 10.709919778132074 16.286936449803985 
10.933743674097967 8.719926466196236 9.666376107654468 
13.648449940373284 10.329499077754978 9.24028309482297 
13.554847890712717 14.858685211268112 8.18152995440451 
13.113516868405874 7.373321357744831 5.760307043319082 
12.8707051558755 8.410831463722856 5.090332703039146 
9.476123028218709 13.40348032539159 7.362313624021352 
5.944186325464016 3.8525956309129126 6.369417796725732 
17.803298821326752 9.096507023335846 11.984867495901497 
13.041385767053205 3.5089999239933416 12.86079582589478 
7.1891959313226845 10.288491022791016 10.298142087799652 
11.254670714091528 7.780969071479888 10.082215591366241 
10.011432903501172 6.359297239947969 7.5409000718551615 
15.059958241690731 13.432647922999084 8.634359784210533 
13.065170426356488 9.59604277432035 13.527721171282531 
10.10757686880355 10.016607773045292 10.19880483335601 
13.333248713260575 9.233470741365133 7.291182948097847 
17.84442141740629 10.463414386699355 10.540301083026645 
15.791040134179072 15.631666088453251 16.29243637576953 
11.81230313585799 12.018129767313928 10.837709262228657 
10.27830302756583 10.272105449076147 9.722072377705832 
10.447158913922665 12.854194678214585 6.3012257609068945 
12.357822849311116 7.0215606467709915 7.462340535899791 
13.539891279235633 9.00349830249817 13.087018516572972 
16.854016518809757 6.468215023206181 11.736144160200585 
7.960326177003864 5.8673821270292335 8.040773895605822 
8.120903523067877 8.558773549269064 13.956921935770978 
7.152091623453386 7.380425126646924 9.415891632656082 
11.845449064448927 11.101114792150478 9.729272059785568 
9.813334382878098 7.245191034412501 12.140940341981322 
8.95275627789752 7.797727656275344 12.305942944569482 
13.276112230968124 11.408072124988575 7.586836799140198 
15.226000095631864 17.563096951351465 17.469276675136214 
15.791040134179072 15.631666088453251 16.29243637576953 
6.2533982148621305 7.637576363584592 7.924011854468388 
6.359711007622979 5.807081760510615 4.869377963794878 
8.665109027740476 6.04406418274198 11.227563316367172 
10.317353801399802 9.538258189758428 7.029761345083123 
7.495691784103941 6.2522785397239815 10.278115631941242 
13.465812285723276 13.469211374671456 15.958004788720201 
11.583987064987962 7.9979990522062065 13.241598562603302 
9.392141193921336 16.65264004958983 10.738606923947245 
7.495691784103941 6.2522785397239815 10.278115631941242 
8.830089833412902 13.760439368197268 11.01972241757272 
5.998369500651483 3.9860890889017733 9.108434961791172 
9.37842291844466 6.428317578140291 5.929657250940719 
8.830089833412902 13.760439368197268 11.01972241757272 
8.701856341274521 18.170042744925794 13.690399886872383 
9.290440358744426 7.745028036777496 5.307329448265116 
6.622101049652512 9.81840921986253 8.071165663817673 
13.273253575956302 9.941899407908897 13.943871215593662 
10.830398772583239 13.579974515701938 8.641583268855715 
7.793920978991358 7.323558314774401 12.315936046721676 
9.768731972383527 17.6054343552466 9.713792877195797 
9.290440358744426 7.745028036777496 5.307329448265116 
11.112812019854811 9.222159447335725 13.360403661846888 
7.925768727619457 11.18690274448557 10.983047028641785 
14.057171739075775 7.9427502323345465 12.072721488023191 
11.959473175365448 12.282620558307032 9.466441127356092 
10.999279208705563 7.7614815404377415 7.928590718528237 
10.121404081724771 11.622002799704429 15.867143531777343 
17.166034914600765 13.662489639207648 15.998171562137468 
15.261013249312178 10.694286864892783 8.192591661553053 
7.345052654712559 6.672377884229691 8.323688202636898 
12.910525228638155 13.983848007529172 13.002174916703721 
11.270554934511795 12.565711581344699 9.3884244139635 
15.501446318126021 17.100580096626118 11.397541627395462 
10.447158913922665 12.854194678214585 6.3012257609068945 
4.269574128023345 11.530037107815563 8.156385772106095 
12.146305486020907 10.211163040500576 13.54956875022081 
18.42268740992001 16.27347636192253 11.117344363857464 
9.609824176568171 11.52791886164794 8.843267215266154 
10.801567139372688 9.87604320236248 10.14864113090321 
11.641832204132918 8.420823454776723 13.679317692950024 
13.465812285723276 13.469211374671456 15.958004788720201 
12.146305486020907 10.211163040500576 13.54956875022081 
8.458063414639486 7.418491845877124 14.150844176597907 
18.37928834978838 12.371246457029658 19.59332995141819 
10.801567139372688 9.87604320236248 10.14864113090321 
16.965021415197427 11.437539631230903 8.406407345150381 
8.781077682468542 12.297646301884466 11.547362785047072 
11.206625912995571 13.875592271432199 13.009594052973435 
14.278657306265929 11.978668403297027 12.126202456299637 
10.58135280977897 13.221708521185162 14.808613936806095 
14.057171739075775 7.9427502323345465 12.072721488023191 
6.343246647308341 10.801893473361995 7.24176360810479 
3.4795521659811843 6.919568420330826 7.705245757173285 
15.501446318126021 17.100580096626118 11.397541627395462 
8.379302993489684 7.990821715185684 11.638448346366745 
5.985448408014805 12.68443098357229 11.360188455240806 
11.970638456768222 13.381597634951744 9.727448524324142 
9.77793435682778 14.039339620132717 7.925603459799086 
10.482772836586172 11.87934701358007 10.198789757078952 
12.8707051558755 8.410831463722856 5.090332703039146 
8.486056649120899 10.664651880880994 9.514404173124824 
9.809003897801569 15.655819098633204 8.423410126352424 
6.343246647308341 10.801893473361995 7.24176360810479 
10.317353801399802 9.538258189758428 7.029761345083123 
13.420391235208406 10.289426171523962 10.88855611300162 
9.95400568608788 11.322256161805008 8.35909779812379 
15.847238720995865 16.556500860671186 7.601164123838474 
6.801970778420549 15.812516788364562 8.855096811420385 
11.583987064987962 7.9979990522062065 13.241598562603302 
10.043608904894123 13.808239633001698 12.090866768214159 
12.357822849311116 7.0215606467709915 7.462340535899791 
10.968523349801515 8.963900809943368 13.814891254778507 
7.970719390887876 7.0644506750155465 12.493614350308274 
16.15108064064989 8.666678570111085 9.207699844303836 
7.437509945741804 13.080152173306148 12.60131405920936 
9.392141193921336 16.65264004958983 10.738606923947245 
10.482772836586172 11.87934701358007 10.198789757078952 
8.458063414639486 7.418491845877124 14.150844176597907 
8.95275627789752 7.797727656275344 12.305942944569482 
9.054762896061662 11.136245803982721 16.063842921229703 
9.887027738445754 14.721995294199132 10.678778575037114 
15.53064735002869 7.815149266206609 8.406391365281095 
11.799950016528955 11.824982207669724 11.559844385280545 
12.619730132330023 5.857667421483618 11.671727857812638 
15.226000095631864 17.563096951351465 17.469276675136214 
5.998369500651483 3.9860890889017733 9.108434961791172 
9.37842291844466 6.428317578140291 5.929657250940719 
15.572370127266067 11.974345814883044 15.167577735497515 
8.434450098348352 7.356490760553937 7.5775221289685195 
9.809003897801569 15.655819098633204 8.423410126352424 
7.304957714294796 8.28943133845491 10.306792669421299 
7.793920978991358 7.323558314774401 12.315936046721676 
8.099734843342944 9.497005409465732 10.618652617561368 
13.494340958768444 12.29931220392289 14.552800186490654 
8.480355575109876 7.43717578865805 7.540584858264915 
8.120903523067877 8.558773549269064 13.956921935770978 
13.414951525710991 10.085846414932695 7.44566495476272 
7.64316657857488 9.614436668160131 10.643263668982321 
13.273253575956302 9.941899407908897 13.943871215593662 
7.970719390887876 7.0644506750155465 12.493614350308274 
6.359711007622979 5.807081760510615 4.869377963794878 
12.619730132330023 5.857667421483618 11.671727857812638 
15.53064735002869 7.815149266206609 8.406391365281095 
7.439438782198251 10.267753117772005 7.401989671494458 
11.392095154009583 12.241671877968102 9.32734241792474 
14.438483156051793 8.484966699745614 14.716096321552655 
14.406612657754087 9.697906859572587 12.121714056417481 
6.622101049652512 9.81840921986253 8.071165663817673 
8.781077682468542 12.297646301884466 11.547362785047072 
11.959473175365448 12.282620558307032 9.466441127356092 
7.152091623453386 7.380425126646924 9.415891632656082 
13.17584230368216 8.11776721796923 10.108285558232234 
13.614621518118343 10.761181003608034 13.421816321108015 
13.333248713260575 9.233470741365133 7.291182948097847 
9.95400568608788 11.322256161805008 8.35909779812379 
3.4795521659811843 6.919568420330826 7.705245757173285 
12.15363839579371 7.092680598856896 9.331495094729206 
5.944186325464016 3.8525956309129126 6.369417796725732 
10.98522652452584 11.008838686208545 9.050421731304219 
10.10757686880355 10.016607773045292 10.19880483335601 
9.813334382878098 7.245191034412501 12.140940341981322 
8.480355575109876 7.43717578865805 7.540584858264915 
13.065170426356488 9.59604277432035 13.527721171282531 
12.69008106051544 7.809193737806195 15.10694222932043 
7.925768727619457 11.18690274448557 10.983047028641785 
9.170011303878066 14.017578377540698 19.03183145238738 
10.793633655219912 10.631506143614196 8.896209817482946 
10.793633655219912 10.631506143614196 8.896209817482946 
5.985448408014805 12.68443098357229 11.360188455240806 
14.08557205973928 6.662803946520862 13.778882239012031 
