1.2146036311225874 0.04041306233160672 
1.0608987076427912 0.04050627471318359 
1.0608987076427912 0.04050627471318359 
1.0452388078309085 0.03429296888989873 
1.0405064865310365 0.07059631440696264 
1.0452388078309085 0.03429296888989873 
1.0209436764853705 0.07580228659026457 
1.0363065571431558 0.06228217351487764 
1.0231330209456961 0.09555994276071404 
1.0209436764853705 0.07580228659026457 
1.0188401235642561 0.08627761285787651 
1.031353825939397 0.1433433907803453 
1.033037544355568 0.1283235108370193 
1.024391669118579 0.12681565605126227 
1.0231195962841888 0.0839309503068661 
1.0332216303359705 0.0923522869902767 
1.0231330209456961 0.09555994276071404 
1.031353825939397 0.1433433907803453 
0.8501175984617657 0.22348913776831053 
0.7651399663714675 0.22301326757206177 
0.8501175984617657 0.22348913776831053 
0.7300759229668923 0.22360663747054763 
0.7555160192030458 0.22713621764704894 
0.7240227853874829 0.22882467595391892 
0.7300759229668923 0.22360663747054763 
0.7162674779143122 0.23979152994195757 
0.6985360500457592 0.23282280365068972 
0.7257067041984778 0.23909326409351173 
0.6985360500457592 0.23282280365068972 
0.7162674779143122 0.23979152994195757 
0.6939864457549676 0.23687688466151746 
0.6968242982515368 0.23505384884163194 
0.7113562833201312 0.3135524407588233 
0.7113562833201312 0.3135524407588233 
0.6893888777899523 0.2908472616077665 
0.6895750056874297 0.22465287769722692 
0.6939864457549676 0.23687688466151746 
0.692711895994062 0.28592648857928915 
0.6893888777899523 0.2908472616077665 
0.6895750056874297 0.22465287769722692 
0.689140790393605 0.395821763943333 
0.689140790393605 0.395821763943333 
0.569169110657315 0.45904915355810955 
0.569169110657315 0.45904915355810955 
0.5748117489954795 0.4637036518477581 
0.5532650088864881 0.4650360569186075 
0.5897955741758971 0.4599118580219599 
0.5897955741758971 0.4599118580219599 
0.5761031567190449 0.4636696262500332 
0.5532650088864881 0.4650360569186075 
0.5410060768200131 0.46732054503224163 
0.5060894919038773 0.4714429537995004 
0.47427766945264815 0.47019849671814384 
0.4766179095791669 0.46852311927078827 
0.47427766945264815 0.47019849671814384 
0.4523590123133513 0.4730575343236899 
0.42990597763455146 0.4801090616613918 
0.42990597763455146 0.4801090616613918 
0.4351178979602762 0.5082578004891004 
0.40833245551747277 0.5163139237008401 
0.4210942047332102 0.4932960276775535 
0.4315670764868649 0.5171571131860329 
0.42499942746883435 0.5285289874984653 
0.41115821331855096 0.533466480192666 
0.3775267228423243 0.4750574699813256 
0.41115821331855096 0.533466480192666 
0.4210942047332102 0.4932960276775535 
0.41819292918525536 0.6029900597925499 
0.41819292918525536 0.6029900597925499 
0.41023436512777584 0.6955407479052955 
0.41023436512777584 0.6955407479052955 
0.3775267228423243 0.4750574699813256 
0.3687007270102701 0.738173659512705 
0.3687007270102701 0.738173659512705 
0.3286335845006719 0.7386761712968187 
0.32101514397183206 0.7460005923461167 
0.3286335845006719 0.7386761712968187 
0.18515152920358668 0.7398359927376225 
0.28792479390347636 0.7425236328818047 
0.28792479390347636 0.7425236328818047 
0.2518906009368465 0.7409378160839452 
0.16183616585131666 0.7425839032100925 
0.18965814664125258 0.7419368284686075 
0.1584514348383599 0.742075281020042 
0.1352752966740934 0.7420933526395991 
0.17418182901856555 0.7439795961988698 
0.18965814664125258 0.7419368284686075 
0.13994469458970737 0.7453828161931926 
0.18515152920358668 0.7398359927376225 
0.1352752966740934 0.7420933526395991 
0.1584514348383599 0.742075281020042 
0.12771585204372743 0.7426652779138847 
0.12771585204372743 0.7426652779138847 
0.16183616585131666 0.7425839032100925 
0.13994469458970737 0.7453828161931926 
0.12529076707396733 0.7793829996589718 
0.12327194407737563 0.7532530620367294 
0.14067171027530598 0.7452484154686854 
0.13106790395681045 0.7545675116833559 
0.12924123788164993 0.746399356752935 
