0.9909855629682787 -0.14921072225142362 0.2570096058522653 0.4052526393442521 0.37812097217351465 0.3464500084895595 0.5697132736260135 0.5876001134445709 0.5919296488513879 0.5475430027027112 0.9978409969552837 0.8841852541438631 0.871206225877628 0.7560097470814897 0.8796416732201456 0.9940036688393915 0.8770095308835696 0.8937911052248105 0.7035045258835986 0.8685596220157277 0.9771482928795674 0.9862693031201658 0.8540421721600435 0.5065692179253077 0.4449556787589043 0.6213584980472684 0.39237559379236026 0.5059591252268303 -0.8936908443700677 0.0919634472124483 
0.9942543629350148 -0.14492222469387522 0.3290814725919623 0.037866766983177855 0.8470387909428119 0.440933634579703 0.49085125743085134 0.5876001134445709 0.6024119375508152 0.9386761492879355 0.5276301833884484 0.884740489428014 0.866000354744697 0.9181068609079748 0.9813347870398272 0.8130550269458614 0.8953616620363088 0.8840294372447383 0.7168974109411966 0.8485888831229444 0.9515216783095598 0.9672399431303588 0.9211598577618008 0.5882366558695739 0.6064559720911149 0.6200953324671744 0.39747894639814696 0.4723187390657755 0.25841719103855065 0.09653385575859676 
0.9942543629350148 -0.14492222469387522 0.3290814725919623 0.037866766983177855 0.8470387909428119 0.440933634579703 0.49085125743085134 0.5876001134445709 0.6024119375508152 0.9386761492879355 0.5276301833884484 0.884740489428014 0.866000354744697 0.9181068609079748 0.9813347870398272 0.8130550269458614 0.8953616620363088 0.8840294372447383 0.7168974109411966 0.8485888831229444 0.9515216783095598 0.9672399431303588 0.9211598577618008 0.5882366558695739 0.6064559720911149 0.6200953324671744 0.39747894639814696 0.4723187390657755 0.25841719103855065 0.09653385575859676 
0.9909855629682787 0.02425813347026641 0.37203715740237664 0.037866766983177855 0.611336898988293 0.3408374166006805 0.49741492717184244 0.6066975534876637 0.6083060008143849 0.9386761492879355 1.0 0.884740489428014 0.8797494640152852 0.9168830371330601 0.9813347870398272 0.9661431392434 0.6277535447041497 0.8745304706594628 0.7168974109411966 0.8744583547329978 0.9515216783095598 0.9719809610313935 0.7022421153066453 0.5855004217283956 0.6064559720911149 0.8227920409662339 0.3980000201657384 0.46926879333482113 0.25841719103855065 0.09439252892276494 
0.9909855629682787 0.02425813347026641 0.3425544456295634 0.7244492211888243 0.620080974711666 0.36179481007062236 0.49796123194931874 0.597763867743366 0.6111078269198769 0.9534626114309269 0.7735307003186724 0.8848021484331536 0.8757946525652242 0.7363072084403522 0.9813347870398272 0.9643179641481442 0.6277535447041497 0.7650032246923496 0.7161790457922883 0.8801566547331123 0.9515216783095598 0.9684542950621441 0.7022421153066453 0.5855004217283956 0.6151686484779787 0.8227920409662339 0.3980000201657384 0.47256593230900185 0.25841719103855065 0.09439252892276494 
0.9909855629682787 0.02425813347026641 0.37203715740237664 0.037866766983177855 0.611336898988293 0.3408374166006805 0.49741492717184244 0.6066975534876637 0.6083060008143849 0.9386761492879355 1.0 0.884740489428014 0.8797494640152852 0.9168830371330601 0.9813347870398272 0.9661431392434 0.6277535447041497 0.8745304706594628 0.7168974109411966 0.8744583547329978 0.9515216783095598 0.9719809610313935 0.7022421153066453 0.5855004217283956 0.6064559720911149 0.8227920409662339 0.3980000201657384 0.46926879333482113 0.25841719103855065 0.09439252892276494 
0.9909855629682787 -0.2106625253885481 0.2570096058522653 0.41182882577299296 0.38276522886856806 0.3408374166006805 0.5669425872614836 0.12906686387706076 0.5919296488513879 0.5475430027027112 0.9978409969552837 0.8841852541438631 0.8677762449133669 0.7503560666298887 0.8796416732201456 0.9940036688393915 0.8770095308835696 0.8748916600237907 0.7035045258835986 0.8685596220157277 0.9695766194806557 0.9770352064428334 0.8540421721600435 0.5065692179253077 0.4449556787589043 0.6213584980472684 0.3836425350101661 0.47256593230900185 0.29615228937602295 0.0919634472124483 
1.0 0.020772171289692637 0.343518519412461 0.7244750647529292 0.620080974711666 0.3570264179290409 0.4999000769235007 0.5900601638260583 0.6232930997684394 0.9401873600154581 0.7527646070102998 0.8841852541438631 0.8665386640611902 0.9056914564569545 0.9813347870398272 0.8130550269458614 0.8917122722971391 0.7750779400063154 0.7162541658657791 0.909474428423784 0.910822243370516 0.9694420723415524 0.8570521521427628 0.5913442328930003 0.6064559720911149 0.6291663660914577 0.40730224188958675 0.4547026232554743 0.25841719103855065 0.09591599291379238 
0.9909855629682787 0.015642216710834617 0.33959172323517145 0.0317092108227703 0.6298333449721953 0.3570264179290409 0.5941855519486 0.5885799151331748 0.6111078269198769 0.9534626114309269 0.7735307003186724 0.8866209126506972 0.8828645485169254 0.7585305502103917 0.9889586643498237 0.8117535857235394 0.8790000917749665 0.7707137689433475 0.7161790457922883 0.8754186859298909 0.8932922427439959 0.9714172981667443 0.7022421153066453 0.2714242288279507 0.6151686484779787 0.6291493801289665 0.4059413747905258 -0.12083646987231011 0.25841719103855065 0.09492235949175508 
0.9909855629682787 -0.2106625253885481 0.2570096058522653 0.41182882577299296 0.38276522886856806 0.3408374166006805 0.5669425872614836 0.12906686387706076 0.5919296488513879 0.5475430027027112 0.9978409969552837 0.8841852541438631 0.8677762449133669 0.7503560666298887 0.8796416732201456 0.9940036688393915 0.8770095308835696 0.8748916600237907 0.7035045258835986 0.8685596220157277 0.9695766194806557 0.9770352064428334 0.8540421721600435 0.5065692179253077 0.4449556787589043 0.6213584980472684 0.3836425350101661 0.47256593230900185 0.29615228937602295 0.0919634472124483 
0.9944175331504256 0.015656828935766656 0.33523394731354567 0.7244750647529292 0.6106899350209355 -0.02135325247801645 0.4999000769235007 0.5900601638260583 0.6232930997684394 0.9401873600154581 0.7527646070102998 0.8841852541438631 0.8770003244415734 0.903081301124296 0.9813347870398272 0.8141312752702754 0.8899856334035307 0.7750779400063154 0.7162541658657791 0.8754186859298909 0.9200035364669317 0.9642260538349905 0.7218676916060777 0.6000511783229914 0.6183398975205273 0.6291493801289665 0.41113693630823434 0.4547026232554743 0.25393549621117173 0.08961297444454912 
0.9882875510580728 0.017672667093039295 0.33959172323517145 0.7244750647529292 0.6374351153160518 -0.02135325247801645 0.5932240304364116 0.5814430618135314 0.6235243640687426 0.9540502820326241 0.9831221325821562 0.8881719965430179 0.8828645485169254 0.9064285271545213 0.9737112280121978 0.8141312752702754 0.8899501204014906 0.7750779400063154 0.7764590247643897 0.8754186859298909 0.8924494152342949 0.973845020909957 0.7218676916060777 0.2714242288279507 0.6151686484779787 0.6368960088896642 0.40730224188958675 0.8431867839210467 0.2669812424200332 0.08961297444454912 
0.9991764103011274 0.02425813347026641 0.33959172323517145 0.032664834304212 0.620080974711666 0.35305031454032626 0.5843060188855586 0.5885799151331748 0.6187784627254462 0.9534626114309269 0.9826375894814765 0.8841852541438631 0.883736649342075 0.7585305502103917 0.9813347870398272 0.8141312752702754 0.8861267996205375 0.7673445334835767 0.7161790457922883 0.909962069447835 0.8932922427439959 0.9696897857985728 0.8482151202127485 0.5869939117709047 0.29134220036225683 0.6291493801289665 0.40064803744796995 -0.48202312985194196 0.27866503007210364 0.09439252892276494 
1.0 0.015642216710834617 0.33959172323517145 0.03478200633394673 0.6106899350209355 0.3570264179290409 0.5932240304364116 0.5900601638260583 0.6235243640687426 0.9534626114309269 0.9831221325821562 0.8866209126506972 0.8770003244415734 0.903081301124296 0.9737112280121978 0.8141312752702754 0.8924562086602722 0.7750779400063154 0.7162541658657791 0.8754186859298909 0.8910643228050074 0.973845020909957 0.7218676916060777 0.2714242288279507 0.6118075847656903 0.6291493801289665 0.40730224188958675 0.8431867839210467 0.25841719103855065 0.09492235949175508 
0.9942543629350148 0.02187920327834586 0.3375341627552168 0.03723081303527849 0.6825415190001896 0.3631851680827762 0.4888319260602775 0.5900601638260583 0.6207179673107424 0.9402514619706837 0.7867909434336948 0.8850351701893886 0.8770003244415734 0.9181068609079748 0.9813347870398272 0.8130550269458614 0.8924562086602722 0.7750779400063154 0.7162541658657791 0.8754186859298909 0.9107079437805672 0.9694420723415524 0.7218676916060777 0.5913442328930003 0.6064559720911149 0.6291493801289665 0.3917605912839734 0.9109675967057393 0.25841719103855065 0.09591599291379238 
0.9904468464946865 0.028613754392098092 0.347024016184372 0.04651403646416396 0.10432931957364233 0.36179481007062236 0.5739704282007769 0.5885799151331748 0.6295632996705256 0.9397636751709794 0.7541396664251834 0.7513976893581299 0.8757946525652242 0.7585305502103917 0.6813842841503636 0.8141312752702754 0.8951164149260221 0.37593360910025647 0.7074492490260258 0.8732742234377906 0.910822243370516 0.9635779602212723 0.8526960541461638 0.5913442328930003 0.6113170325406979 0.8227920409662339 0.3813837264103486 0.4547026232554743 0.29615228937602295 0.09439252892276494 
0.9909855629682787 0.015642216710834617 0.33959172323517145 0.0317092108227703 0.6298333449721953 0.3570264179290409 0.5941855519486 0.5885799151331748 0.6111078269198769 0.9534626114309269 0.7735307003186724 0.8866209126506972 0.8828645485169254 0.7585305502103917 0.9889586643498237 0.8117535857235394 0.8790000917749665 0.7707137689433475 0.7161790457922883 0.8754186859298909 0.8932922427439959 0.9714172981667443 0.7022421153066453 0.2714242288279507 0.6151686484779787 0.6291493801289665 0.4059413747905258 -0.12083646987231011 0.25841719103855065 0.09492235949175508 
0.9882875510580728 0.017672667093039295 0.33959172323517145 0.7244750647529292 0.6374351153160518 -0.02135325247801645 0.5932240304364116 0.5814430618135314 0.6235243640687426 0.9540502820326241 0.9831221325821562 0.8881719965430179 0.8828645485169254 0.9064285271545213 0.9737112280121978 0.8141312752702754 0.8899501204014906 0.7750779400063154 0.7764590247643897 0.8754186859298909 0.8924494152342949 0.973845020909957 0.7218676916060777 0.2714242288279507 0.6151686484779787 0.6368960088896642 0.40730224188958675 0.8431867839210467 0.2669812424200332 0.08961297444454912 
0.654438843409491 -0.14365805051887198 0.2570096058522653 0.047461313197717285 -0.12788659028649474 0.35996505421983904 0.5714083091386648 0.5764565310981894 0.600538431687344 0.5475430027027112 0.5499808056497298 0.8805152693107263 0.881560275408504 0.7486030392615258 0.6853073935089251 0.9575947752099221 0.8702026302930227 0.8711083848731741 0.7161790457922883 0.8872859186849865 0.9752178424569521 0.9771563799851757 0.7022421153066453 0.5392845498178618 0.792398984076072 0.6213584980472684 -0.4271609627028592 0.5020290510636638 0.29839261229768116 0.4537904050066792 
0.6503159405753516 -0.1520597151212777 0.33638788661129965 0.03723081303527849 -0.060064410398806806 0.3631851680827762 0.7557751383277529 0.5876001134445709 0.596485566605576 0.5475430027027112 0.5365712441476572 0.8841852541438631 0.8757946525652242 0.9102178650824881 0.7020011232482638 0.9483585263526161 0.5836006955767568 0.7522584262246587 0.7210363923680845 0.8485888831229444 0.6740179002977504 0.9621717474517458 0.70745814346861 0.5455126617177175 0.7833459907994063 0.6291493801289665 0.3915355334363282 0.49900300772085227 0.2922035863313661 0.4824324596220186 
0.654438843409491 -0.14365805051887198 0.2570096058522653 0.047461313197717285 -0.12788659028649474 0.35996505421983904 0.5714083091386648 0.5764565310981894 0.600538431687344 0.5475430027027112 0.5499808056497298 0.8805152693107263 0.881560275408504 0.7486030392615258 0.6853073935089251 0.9575947752099221 0.8702026302930227 0.8711083848731741 0.7161790457922883 0.8872859186849865 0.9752178424569521 0.9771563799851757 0.7022421153066453 0.5392845498178618 0.792398984076072 0.6213584980472684 -0.4271609627028592 0.5020290510636638 0.29839261229768116 0.4537904050066792 
0.654438843409491 -0.05871043327136927 0.25763036583216836 0.059584133591419425 -0.13048181677673973 0.35163889487906397 0.5714083091386648 0.5768879804415971 0.600538431687344 0.57499067739012 0.9869007340678418 0.7425168139908167 0.877086385350476 0.7585305502103917 0.6813842841503636 0.9599850343363775 0.872659937509016 0.8711083848731741 0.7161790457922883 0.855306622864425 0.9752178424569521 0.8525670347938935 0.7022421153066453 0.5913442328930003 0.43748631498248125 0.8227920409662339 0.3631098644292695 0.4547026232554743 0.29839261229768116 0.4537904050066792 
0.6519605923910197 -0.1520597151212777 0.2570096058522653 0.03936631662723494 0.5213949663878301 0.3631851680827762 0.5714083091386648 0.5768879804415971 0.6045735583238653 0.5475430027027112 0.9898856629324544 0.8516425178494619 0.881560275408504 0.7458549926562231 0.6853073935089251 0.9575947752099221 0.5836006955767568 0.7506786107289817 0.7161790457922883 0.8485888831229444 0.6620345736860106 0.9771563799851757 0.7022421153066453 0.5392845498178618 0.4449556787589043 0.6213584980472684 0.37866683265353923 0.5020290510636638 0.29839261229768116 0.46695391688660265 
0.6503159405753516 -0.1551839958293199 0.3356668406850314 0.03723081303527849 -0.060064410398806806 0.3563015763989134 0.5574194109462799 0.5900601638260583 0.5955424166273641 0.9534626114309269 0.9898856629324544 0.8763364282543894 0.8757946525652242 0.9277985042638813 0.9848472438766045 0.8130550269458614 0.8924562086602722 0.7788206970869694 0.7068491246671843 0.855306622864425 0.6620345736860106 0.9296074472588649 0.7218676916060777 0.592675385119854 0.7825507335422195 0.6267983489960537 0.3917605912839734 0.4938703543716092 0.5332051838338902 0.4641066309670958 
0.654438843409491 -0.05871043327136927 0.25763036583216836 0.059584133591419425 -0.13048181677673973 0.35163889487906397 0.5714083091386648 0.5768879804415971 0.600538431687344 0.57499067739012 0.9869007340678418 0.7425168139908167 0.877086385350476 0.7585305502103917 0.6813842841503636 0.9599850343363775 0.872659937509016 0.8711083848731741 0.7161790457922883 0.855306622864425 0.9752178424569521 0.8525670347938935 0.7022421153066453 0.5913442328930003 0.43748631498248125 0.8227920409662339 0.3631098644292695 0.4547026232554743 0.29839261229768116 0.4537904050066792 
0.6591067618588009 -0.1520597151212777 0.2570096058522653 0.05161115570852961 0.39235169294825245 0.32142212896104755 0.5727368842507765 0.5900601638260583 0.6093723105673163 0.9729813635043575 0.5456389000043814 0.8516425178494619 0.8757946525652242 0.781930761744342 0.6853073935089251 0.9575947752099221 0.8702026302930227 0.8729590955602394 0.7046902302429892 0.9269373454472161 0.9839658059354545 0.8430242500137113 0.8470764938610337 0.5392845498178618 0.9160693918238183 0.6213584980472684 0.3793490304444191 0.12336259513981579 0.28629935214827684 0.45554852834701237 
0.661034448173368 -0.20596052818714305 0.2668036075614847 0.12500445093436863 0.10432931957364233 0.3424398900773133 0.5613138814281975 0.5768879804415971 0.6398272948778337 0.5641429859097483 0.9898856629324544 0.8841852541438631 0.877086385350476 0.7585305502103917 0.896869139116621 0.9599850343363775 0.872659937509016 0.8748916600237907 0.7023793717583042 0.855306622864425 0.9752178424569521 0.8525670347938935 0.8459858819845298 0.5913442328930003 0.43748631498248125 0.6213584980472684 0.3730127016383488 0.49900300772085227 0.26770826617981036 0.11350967012276766 
0.6503159405753516 -0.20596052818714305 0.2789811456885911 0.04622350061550492 0.3785470309313575 0.3433565479132234 0.7926471728588227 0.5946039479558972 0.5954623527178554 0.947268183044905 0.9928588731051513 0.8984835006763255 0.8757946525652242 0.6199214595025245 0.6851604412397654 0.9625299135599467 0.872659937509016 0.86931131910744 0.7161790457922883 0.855306622864425 0.9752178424569521 0.9713389498528966 0.8415966151242446 0.5355263223279729 0.7825507335422195 0.6150762204728057 0.38972169973629867 0.49900300772085227 0.530404953605921 0.11413822690842924 
0.661034448173368 -0.20596052818714305 0.2668036075614847 0.12500445093436863 0.10432931957364233 0.3424398900773133 0.5613138814281975 0.5768879804415971 0.6398272948778337 0.5641429859097483 0.9898856629324544 0.8841852541438631 0.877086385350476 0.7585305502103917 0.896869139116621 0.9599850343363775 0.872659937509016 0.8748916600237907 0.7023793717583042 0.855306622864425 0.9752178424569521 0.8525670347938935 0.8459858819845298 0.5913442328930003 0.43748631498248125 0.6213584980472684 0.3730127016383488 0.49900300772085227 0.26770826617981036 0.11350967012276766 
0.6591067618588009 -0.1520597151212777 0.2570096058522653 0.05161115570852961 0.39235169294825245 0.32142212896104755 0.5727368842507765 0.5900601638260583 0.6093723105673163 0.9729813635043575 0.5456389000043814 0.8516425178494619 0.8757946525652242 0.781930761744342 0.6853073935089251 0.9575947752099221 0.8702026302930227 0.8729590955602394 0.7046902302429892 0.9269373454472161 0.9839658059354545 0.8430242500137113 0.8470764938610337 0.5392845498178618 0.9160693918238183 0.6213584980472684 0.3793490304444191 0.12336259513981579 0.28629935214827684 0.45554852834701237 
0.6512653732279401 -0.20596052818714305 0.27313364130825235 0.04622350061550492 0.38276522886856806 0.3433565479132234 0.5632880431356756 0.5768879804415971 0.63855002552055 0.9540234294479417 0.5372074614956901 0.8993184287591909 0.8757946525652242 0.6198287875161541 0.896869139116621 0.9625299135599467 0.872659937509016 0.86931131910744 0.7051225712334753 0.855306622864425 0.9752178424569521 0.8525670347938935 0.8415966151242446 0.5355263223279729 0.7872884781292905 0.6150762204728057 0.38972169973629867 0.49900300772085227 0.2977403132763313 0.10891093198223581 
0.6591067618588009 0.16486759122248096 0.339763809478226 0.05161115570852961 0.3853401525656288 0.36208977569789813 0.5595624127589728 0.5900601638260583 0.600538431687344 0.9534626114309269 0.5448547598209503 0.8936784303708384 0.8757946525652242 0.7422037115231258 0.896869139116621 0.9575947752099221 0.8702026302930227 0.8729590955602394 0.7140024016383285 0.855306622864425 0.9340154335940876 0.8430242500137113 0.8420381959998022 0.5784795827575242 0.7838982993327821 0.620529813934902 0.3793490304444191 0.12336259513981579 0.2752025593563694 0.4728224686023696 
0.6535297035678498 -0.20596052818714305 0.25627398877327995 0.045501927195051625 -0.060064410398806806 0.8911960022214882 0.5669425872614836 0.12906686387706076 0.5919296488513879 0.5475430027027112 0.5610082080400461 0.8927853446950773 0.8720242938574542 0.7585305502103917 0.9003496480657989 0.944537617328857 0.8606098598950409 0.9914700565466754 0.7035045258835986 0.8800234898193093 0.9770764620747677 0.552296486985064 0.8540421721600435 0.5065692179253077 0.4449556787589043 0.6213584980472684 0.3836425350101661 0.4547026232554743 0.29615228937602295 0.6539805177303207 
0.6535297035678498 -0.20596052818714305 0.25627398877327995 0.045501927195051625 -0.060064410398806806 0.8911960022214882 0.5669425872614836 0.12906686387706076 0.5919296488513879 0.5475430027027112 0.5610082080400461 0.8927853446950773 0.8720242938574542 0.7585305502103917 0.9003496480657989 0.944537617328857 0.8606098598950409 0.9914700565466754 0.7035045258835986 0.8800234898193093 0.9770764620747677 0.552296486985064 0.8540421721600435 0.5065692179253077 0.4449556787589043 0.6213584980472684 0.3836425350101661 0.4547026232554743 0.29615228937602295 0.6539805177303207 
0.6512653732279401 0.1652238508329609 0.25627398877327995 0.04683037861356007 0.38276522886856806 0.3461371567355067 0.5683152574983839 0.5768879804415971 0.6283694617930935 0.5475430027027112 0.5689636847179885 0.9130262312673777 0.8757946525652242 0.7585305502103917 0.896869139116621 0.9386148600095741 0.9849037534804181 0.86931131910744 0.7051225712334753 0.855306622864425 0.9887524994861062 0.8262177784320065 0.8459858819845298 0.5117792987306855 0.7893958876431593 0.5548203790014439 0.3836425350101661 0.4953567679635351 0.2977403132763313 -0.40689587362146695 
0.6512653732279401 -0.19890868786592078 0.25627398877327995 0.04622350061550492 0.38276522886856806 0.3461371567355067 0.5684080232712835 0.5768879804415971 0.6377834687771098 0.5475430027027112 0.5660431913846267 0.9130262312673777 0.8757946525652242 0.7585305502103917 0.896869139116621 0.9476723251138693 0.9913015686642546 0.86931131910744 0.7051225712334753 0.855306622864425 0.9887524994861062 0.8525670347938935 0.8459858819845298 0.5065692179253077 0.7875819695279134 0.5548203790014439 0.3836425350101661 0.49900300772085227 0.2977403132763313 0.10891093198223581 
0.6512653732279401 -0.20596052818714305 0.27313364130825235 0.04622350061550492 0.38276522886856806 0.3433565479132234 0.5632880431356756 0.5768879804415971 0.63855002552055 0.9540234294479417 0.5372074614956901 0.8993184287591909 0.8757946525652242 0.6198287875161541 0.896869139116621 0.9625299135599467 0.872659937509016 0.86931131910744 0.7051225712334753 0.855306622864425 0.9752178424569521 0.8525670347938935 0.8415966151242446 0.5355263223279729 0.7872884781292905 0.6150762204728057 0.38972169973629867 0.49900300772085227 0.2977403132763313 0.10891093198223581 
0.6512653732279401 -0.14014037196769724 0.26866701181195574 0.6984570219559585 0.38276522886856806 0.33924619697621344 0.5605039956811313 0.5768879804415971 0.6054563703216004 0.5383866092385957 0.551712832604585 0.8771092857777856 0.8720242938574542 0.6191372770121287 0.8870170334223892 0.9540640078839009 0.8726475592030469 0.8666241598410607 0.7051225712334753 0.8703763388156991 0.9752178424569521 0.8430242500137113 0.8459858819845298 0.584463553987483 0.7872884781292905 0.5548203790014439 0.38972169973629867 0.12336259513981579 0.2977403132763313 0.0992509441034926 
0.6512653732279401 0.1652238508329609 0.25627398877327995 0.04683037861356007 0.38276522886856806 0.3461371567355067 0.5683152574983839 0.5768879804415971 0.6283694617930935 0.5475430027027112 0.5689636847179885 0.9130262312673777 0.8757946525652242 0.7585305502103917 0.896869139116621 0.9386148600095741 0.9849037534804181 0.86931131910744 0.7051225712334753 0.855306622864425 0.9887524994861062 0.8262177784320065 0.8459858819845298 0.5117792987306855 0.7893958876431593 0.5548203790014439 0.3836425350101661 0.4953567679635351 0.2977403132763313 -0.40689587362146695 
0.6512653732279401 -0.19890868786592078 0.25627398877327995 0.04622350061550492 0.38276522886856806 0.3461371567355067 0.5684080232712835 0.5768879804415971 0.6377834687771098 0.5475430027027112 0.5660431913846267 0.9130262312673777 0.8757946525652242 0.7585305502103917 0.896869139116621 0.9476723251138693 0.9913015686642546 0.86931131910744 0.7051225712334753 0.855306622864425 0.9887524994861062 0.8525670347938935 0.8459858819845298 0.5065692179253077 0.7875819695279134 0.5548203790014439 0.3836425350101661 0.49900300772085227 0.2977403132763313 0.10891093198223581 
0.6512653732279401 -0.20145325171838424 0.17743821849832875 0.6984570219559585 0.38276522886856806 0.8968972613831016 0.563046108895376 0.5768879804415971 0.5987935169259312 0.9436197291271667 0.551712832604585 0.8765181935579995 0.8648650205609515 0.19057784877487927 0.8873679192371093 0.9540640078839009 0.8726475592030469 0.9914700565466754 0.7051225712334753 0.8703763388156991 0.9752178424569521 0.8430242500137113 0.8420381959998022 0.49852167986354323 0.7872884781292905 0.7731061637281612 0.37736490699139863 0.5020290510636638 0.26879606731348377 0.6539805177303207 
0.6512653732279401 -0.20145325171838424 0.17743821849832875 0.6984570219559585 0.38276522886856806 0.8968972613831016 0.563046108895376 0.5768879804415971 0.5987935169259312 0.9436197291271667 0.551712832604585 0.8765181935579995 0.8648650205609515 0.19057784877487927 0.8873679192371093 0.9540640078839009 0.8726475592030469 0.9914700565466754 0.7051225712334753 0.8703763388156991 0.9752178424569521 0.8430242500137113 0.8420381959998022 0.49852167986354323 0.7872884781292905 0.7731061637281612 0.37736490699139863 0.5020290510636638 0.26879606731348377 0.6539805177303207 
0.3296605478983593 0.15664417456181595 -0.5116868007494415 0.04436433373844238 0.38276522886856806 0.3632268020705684 0.9568325207232087 0.5803707892480571 0.6054563703216004 0.9729813635043575 0.5495208291890918 0.8791598063204695 0.8531837378405897 0.781930761744342 0.6563688966868763 0.9814857984097635 0.5981218146852176 0.8729590955602394 0.7051225712334753 0.8703763388156991 0.947069300004009 0.8262177784320065 0.8573195843141111 0.7481495714513036 0.9206298202771442 0.5511521149788452 -0.20811497743358753 0.12336259513981579 0.2977403132763313 0.10898620830858127 
0.3296605478983593 0.15664417456181595 -0.5116868007494415 0.04436433373844238 0.38276522886856806 0.3632268020705684 0.9568325207232087 0.5803707892480571 0.6054563703216004 0.9729813635043575 0.5495208291890918 0.8791598063204695 0.8531837378405897 0.781930761744342 0.6563688966868763 0.9814857984097635 0.5981218146852176 0.8729590955602394 0.7051225712334753 0.8703763388156991 0.947069300004009 0.8262177784320065 0.8573195843141111 0.7481495714513036 0.9206298202771442 0.5511521149788452 -0.20811497743358753 0.12336259513981579 0.2977403132763313 0.10898620830858127 
0.32743811807452766 0.19013176888965036 -0.5116868007494415 0.05296384384587694 0.3853401525656288 0.3579768299503875 0.9568325207232087 0.5803707892480571 0.8044619323576611 0.9729813635043575 0.5506969705391438 0.8801893311050423 0.8757946525652242 0.7538301029944279 0.46841931604189146 0.9751520558917551 0.6060608564111726 0.8729590955602394 0.7068207032032743 0.8703763388156991 0.947069300004009 0.9609549052765965 0.9808788579161195 0.5760468188091838 0.776938388750136 0.619637172206944 -0.2129852933388746 0.12702878750235122 0.2537555280684668 0.10328993278103786 
0.32743811807452766 0.18292566628045623 -0.5116868007494415 0.05165997597421752 0.3853401525656288 0.3579768299503875 -0.24302880822022419 0.8593654235426931 0.8044619323576611 0.8999141945606943 0.7805887603106696 0.8715951096275845 0.8757946525652242 0.7538301029944279 0.6823647643628539 0.9751520558917551 0.872659937509016 0.8593059062049251 0.7051225712334753 0.8879270899395078 0.947069300004009 0.9609549052765965 0.9638623557159726 0.5760468188091838 0.7818463628277387 0.6178636438565154 0.09085498129296044 0.13569059786954457 0.30388830284639917 0.10328993278103786 
0.3290878388120039 0.18627557698039449 0.7392992594841081 0.43477041375185677 0.8359786499459554 0.3835773531080824 -0.23572555290723893 0.5900601638260583 0.6299948703864935 0.8999141945606943 0.467146554732605 0.8781128513712563 0.8685186145544386 0.7422037115231258 0.6783631546611579 0.9540640078839009 0.6079403563864241 0.7594447363283755 0.7131125837973413 0.8879270899395078 0.9340154335940876 0.8430242500137113 0.8420381959998022 0.5041093553847391 0.9786632401616074 0.5690359659980151 0.3793490304444191 0.12336259513981579 0.26641142872104284 0.2739922152747131 
0.3290878388120039 0.18627557698039449 0.7392992594841081 0.43477041375185677 0.8359786499459554 0.3835773531080824 -0.23572555290723893 0.5900601638260583 0.6299948703864935 0.8999141945606943 0.467146554732605 0.8781128513712563 0.8685186145544386 0.7422037115231258 0.6783631546611579 0.9540640078839009 0.6079403563864241 0.7594447363283755 0.7131125837973413 0.8879270899395078 0.9340154335940876 0.8430242500137113 0.8420381959998022 0.5041093553847391 0.9786632401616074 0.5690359659980151 0.3793490304444191 0.12336259513981579 0.26641142872104284 0.2739922152747131 
0.3290878388120039 0.18627557698039449 0.7392992594841081 0.43477041375185677 0.8359786499459554 0.3835773531080824 -0.24302880822022419 0.8667691929094573 0.623578076672224 0.8999141945606943 0.7805887603106696 0.885346701960626 0.8373536851348133 0.7942206187898547 0.6818023344273508 0.9347312250633746 0.6078428587734016 0.7594447363283755 0.7184856147932712 0.8879270899395078 0.9611715760655601 0.9438884001177877 0.9638623557159726 0.5040954128012022 0.9777099709706043 0.5690359659980151 0.37383653048041937 0.10522631934288351 0.26641142872104284 0.2739922152747131 
0.32743811807452766 0.18292566628045623 -0.5116868007494415 0.05165997597421752 0.3853401525656288 0.3579768299503875 -0.24302880822022419 0.8593654235426931 0.8044619323576611 0.8999141945606943 0.7805887603106696 0.8715951096275845 0.8757946525652242 0.7538301029944279 0.6823647643628539 0.9751520558917551 0.872659937509016 0.8593059062049251 0.7051225712334753 0.8879270899395078 0.947069300004009 0.9609549052765965 0.9638623557159726 0.5760468188091838 0.7818463628277387 0.6178636438565154 0.09085498129296044 0.13569059786954457 0.30388830284639917 0.10328993278103786 
0.3305426750835184 0.18563667017272617 -0.5170019073400082 0.05296384384587694 0.3907170871936925 0.3579768299503875 0.9568325207232087 0.8593654235426931 0.8044619323576611 0.9729813635043575 0.7805887603106696 0.8800122103801922 0.8709935380461786 0.7689055760648039 0.6823647643628539 0.9759981445135053 0.6060608564111726 0.8593059062049251 0.7068207032032743 0.8703763388156991 0.947069300004009 0.9609549052765965 0.9808788579161195 0.5820158906515497 0.7818463628277387 0.619637172206944 0.8962797739921358 0.12551465962199193 0.2537555280684668 0.10328993278103786 
0.3296605478983593 0.16183571299190666 -0.5116868007494415 0.43477041375185677 0.8586603347588367 0.3835773531080824 0.5762341682727417 0.9131162925245672 0.5957451054974922 0.9729813635043575 0.7805887603106696 0.8791598063204695 0.8716124882862506 0.7843953683273279 0.6662854924991682 0.979970578734351 0.6013604360683048 0.7650032246923496 0.8844493844532576 0.9169470896938549 0.947069300004009 0.9786134133684384 0.8573195843141111 0.7481495714513036 0.9206298202771442 0.7368133324285926 0.3923511151856701 0.4673832176232921 0.3010424244316148 0.10898620830858127 
0.32743811807452766 0.19013176888965036 0.6139495518696068 0.43477041375185677 0.8398416117192112 0.317354101359435 0.7429727382621412 0.8501657964707969 0.8041396309487756 0.8999141945606943 0.5506969705391438 0.8801893311050423 0.8373536851348133 0.7974075621962924 0.6690342663166137 0.9395289974895482 0.6060608564111726 0.7594447363283755 0.7118196362072514 0.8936184248163626 0.9611715760655601 0.9609549052765965 0.9755873603494241 0.49449249049339006 0.9773535526179256 0.3263011754930401 0.392781651623813 0.46251551445454436 0.2537555280684668 0.2650864435533868 
0.3290878388120039 0.16871839191899787 0.6190415182643231 0.04436433373844238 0.8359786499459554 0.3645026843166483 0.16136952843191077 0.8592715804872826 0.6317869579673205 0.8999141945606943 0.7899197136862363 0.8778512638431698 0.872054315013671 0.7918925234012198 0.6849463339877528 0.947913383262108 0.6078428587734016 0.8830384619342363 0.7184856147932712 0.8879270899395078 0.9611715760655601 0.9438884001177877 0.9638623557159726 0.5026502895550927 0.9116388437968603 0.544588473780833 0.3705126651749023 0.46978898708124817 0.25606488885329504 0.2790848045847629 
0.32743811807452766 0.19013176888965036 0.6139495518696068 0.43477041375185677 0.8398416117192112 0.317354101359435 0.7429727382621412 0.8501657964707969 0.8041396309487756 0.8999141945606943 0.5506969705391438 0.8801893311050423 0.8373536851348133 0.7974075621962924 0.6690342663166137 0.9395289974895482 0.6060608564111726 0.7594447363283755 0.7118196362072514 0.8936184248163626 0.9611715760655601 0.9609549052765965 0.9755873603494241 0.49449249049339006 0.9773535526179256 0.3263011754930401 0.392781651623813 0.46251551445454436 0.2537555280684668 0.2650864435533868 
0.32743811807452766 0.1833172189147837 0.6005276227581605 0.08352288329073289 0.8532473313815179 0.3632268020705684 0.5762341682727417 0.9131162925245672 0.587360029974617 0.9762919977618025 0.7815225714259227 0.8801893311050423 0.8373536851348133 0.7843953683273279 0.6897317484994337 0.944870440112579 0.6057201444639102 0.7594447363283755 0.889513008532105 0.9169470896938549 0.947069300004009 0.9786134133684384 0.9755873603494241 0.4970367896114534 0.9832622636010898 0.5511521149788452 0.3632461216374151 0.4749854919934769 0.3010424244316148 0.11563275655175928 
0.31938431122311084 -0.1520597151212777 -0.35566706328872066 0.32681087545175846 0.7067328400681099 0.09684701328679579 0.7791245732649599 0.5847395172090749 0.7948346221696954 0.9539744424138004 0.5561090184528611 0.8968817865568112 0.8830633452786377 0.8005841937563076 0.8854913626406675 0.9404416616253155 0.5874392344477233 0.7419841349941844 0.8832164064303113 0.8922061233552987 0.9549413722456578 0.9443237533182749 0.8632025706196034 0.5097259766133633 0.6131573936894961 0.6268983620912423 0.3836425350101661 0.4524086282541498 0.3244086199359019 0.266671430341714 
0.31938431122311084 -0.1520597151212777 -0.35566706328872066 0.32681087545175846 0.7067328400681099 0.09684701328679579 0.7791245732649599 0.5847395172090749 0.7948346221696954 0.9539744424138004 0.5561090184528611 0.8968817865568112 0.8830633452786377 0.8005841937563076 0.8854913626406675 0.9404416616253155 0.5874392344477233 0.7419841349941844 0.8832164064303113 0.8922061233552987 0.9549413722456578 0.9443237533182749 0.8632025706196034 0.5097259766133633 0.6131573936894961 0.6268983620912423 0.3836425350101661 0.4524086282541498 0.3244086199359019 0.266671430341714 
0.3186918205872528 -0.1520597151212777 -0.35566706328872066 0.44581241436054053 0.5213949663878301 0.3567540540759295 0.7881075927624571 0.5803707892480571 0.8212584256776769 0.5475430027027112 0.47624630756939235 0.8528107360823993 0.881560275408504 0.7408607286488704 0.879496775825739 0.9404416616253155 0.5874392344477233 0.5787780166831643 0.8912492200326072 0.9026169124170709 0.6620345736860106 0.9640989938656552 0.8426045474885357 0.5029404786107065 0.9166134808686615 0.6207366089718326 0.3836425350101661 0.12336259513981579 0.2959218521827158 0.26538944732988756 
0.33199690820969435 -0.1980217576698966 0.16120118503139363 0.05165997597421752 0.7063713997557945 0.3579768299503875 0.7505271447744158 0.5768879804415971 0.8044619323576611 0.6769773570788284 0.551712832604585 0.9027946033828038 0.8648650205609515 0.7538301029944279 0.8780230540537535 0.9463796921817086 0.872659937509016 0.859588119164903 0.7051225712334753 0.8732398960467808 0.9652462276537112 0.8430242500137113 0.9679293756229561 0.49852167986354323 0.7740952251531148 0.7731061637281612 0.09994128547645084 0.4896111504708664 0.30388830284639917 0.28536282510831756 
0.32208386685226537 -0.31521133296591214 -0.3586454608347269 0.44581241436054053 -0.06389740697912887 0.09684701328679579 0.7062671104214138 0.5847395172090749 0.8212584256776769 0.9539744424138004 0.5498406824479418 0.8968817865568112 0.887440854004326 0.8032240256981584 0.8854913626406675 0.9404416616253155 0.5874392344477233 0.7419841349941844 0.891797345021538 0.8972954371454352 0.9757817343428119 0.9443237533182749 0.8632025706196034 0.5097259766133633 0.6131573936894961 0.6364531924772981 0.38792277346682613 0.4524086282541498 0.3291771690482854 0.266671430341714 
0.3232585919285419 -0.147611392463513 -0.35566706328872066 0.44581241436054053 0.7117164268690626 0.36901711235342327 0.779769454211009 0.113900512519204 0.8212584256776769 0.9539744424138004 0.551712832604585 0.8968817865568112 0.8467103094886059 0.8005841937563076 0.879496775825739 0.9404416616253155 0.5754164846595851 0.5787780166831643 0.8912492200326072 0.8973713964662455 0.9525240014236438 0.9640989938656552 0.8632025706196034 0.5029404786107065 0.6202617891040592 0.6223707102760114 0.38792277346682613 0.4985325466006032 0.31257004887051726 0.266671430341714 
0.3232585919285419 -0.31521133296591214 -0.35566706328872066 0.44581241436054053 -0.06389740697912887 0.8981656056640929 0.5801765347494636 0.4941108667276375 0.8212584256776769 0.9530655101993741 0.5457359851021544 0.8517534561345865 0.8467103094886059 0.8005841937563076 0.8872179503128698 0.9404416616253155 0.5754164846595851 0.5709117845297943 0.8916213942184451 0.8972954371454352 0.7878183734374288 0.9682098983512697 0.8632025706196034 0.5029404786107065 0.6233367968248289 0.6223707102760114 0.38792277346682613 0.5033453165276246 0.3211568869816299 0.26205104592678385 
0.3186918205872528 0.18217158343800044 -0.35541690092985256 0.44581241436054053 0.5213949663878301 0.3567540540759295 0.5715962136943105 0.9188238346844726 0.5851497701295375 0.5475430027027112 0.47624630756939235 0.8938990336350423 0.8373536851348133 0.7843953683273279 0.8785760550664846 0.9380084099754834 0.5539308306205617 0.5787780166831643 0.8912492200326072 0.9026169124170709 0.9434569024940797 0.9674802721658867 0.8331928645005886 0.4965550805343452 0.9684008886689695 0.6235348097750134 0.3899712878024945 0.1315870326898503 0.2959218521827158 0.26538944732988756 
0.3290878388120039 0.015642216710834617 0.33959172323517145 0.44734700393564614 0.5184230985423747 0.3656939547324168 0.5941855519486 0.9188238346844726 0.6111078269198769 0.9534626114309269 0.7612821332220955 0.8732725947786836 0.8373536851348133 0.7499513306435066 0.8785760550664846 0.8049361398675163 0.5539308306205617 0.7495113945257739 0.7161790457922883 0.8879270899395078 0.8959684236462426 0.9628116123462028 0.7022421153066453 0.8079417755201046 0.6151686484779787 0.6291493801289665 0.4059413747905258 0.1315870326898503 0.26641142872104284 0.09492235949175508 
0.3186918205872528 0.18217158343800044 -0.35541690092985256 0.44581241436054053 0.5213949663878301 0.3567540540759295 0.5715962136943105 0.9188238346844726 0.5851497701295375 0.5475430027027112 0.47624630756939235 0.8938990336350423 0.8373536851348133 0.7843953683273279 0.8785760550664846 0.9380084099754834 0.5539308306205617 0.5787780166831643 0.8912492200326072 0.9026169124170709 0.9434569024940797 0.9674802721658867 0.8331928645005886 0.4965550805343452 0.9684008886689695 0.6235348097750134 0.3899712878024945 0.1315870326898503 0.2959218521827158 0.26538944732988756 
0.32208386685226537 -0.31521133296591214 -0.3586454608347269 0.44581241436054053 -0.06389740697912887 0.09684701328679579 0.7062671104214138 0.5847395172090749 0.8212584256776769 0.9539744424138004 0.5498406824479418 0.8968817865568112 0.887440854004326 0.8032240256981584 0.8854913626406675 0.9404416616253155 0.5874392344477233 0.7419841349941844 0.891797345021538 0.8972954371454352 0.9757817343428119 0.9443237533182749 0.8632025706196034 0.5097259766133633 0.6131573936894961 0.6364531924772981 0.38792277346682613 0.4524086282541498 0.3291771690482854 0.266671430341714 
0.3372654349657266 0.17581730573591406 0.6119236386084025 0.010374217337398595 0.7121483380562934 0.3648562533033757 0.7705978643223397 0.9402123478205233 0.8061366851152302 0.9539744424138004 0.5515581342115272 0.689888686444351 0.86044286077861 0.5938940010076996 0.6897317484994337 0.9528121289035552 0.8683440452586763 0.5979187610398976 0.7174959564365936 0.8696272397818645 0.7876219870224044 0.9496615282549551 0.418146654680348 0.12451124427424068 0.15676108369322903 0.826556198330693 0.37352743267356275 0.46126229048104095 0.2610640768819724 0.274478590422831 
0.3372654349657266 0.17581730573591406 0.6119236386084025 0.010374217337398595 0.7121483380562934 0.3648562533033757 0.7705978643223397 0.9402123478205233 0.8061366851152302 0.9539744424138004 0.5515581342115272 0.689888686444351 0.86044286077861 0.5938940010076996 0.6897317484994337 0.9528121289035552 0.8683440452586763 0.5979187610398976 0.7174959564365936 0.8696272397818645 0.7876219870224044 0.9496615282549551 0.418146654680348 0.12451124427424068 0.15676108369322903 0.826556198330693 0.37352743267356275 0.46126229048104095 0.2610640768819724 0.274478590422831 
0.31809537386122577 -0.31521133296591214 0.343501538894575 0.007609092913023675 -0.06389740697912887 0.36291722598597775 0.5714083091386648 0.15155859964740725 0.36216310319433115 -0.5741387736068078 0.5168988539587561 0.8760049598835166 0.8757946525652242 0.8054387265744173 0.8872179503128698 0.9301529144314897 0.5888695820841493 0.8710127418408505 0.7032538688903784 0.8972954371454352 0.958546206575841 0.9792341687298897 0.8573195843141111 0.49814722127683847 0.6270815167276236 0.7247308785441972 0.3789259929304854 0.46439434073643465 0.2550025988744837 0.266671430341714 
0.31809537386122577 -0.31521133296591214 0.343501538894575 0.007609092913023675 -0.06389740697912887 0.36291722598597775 0.5714083091386648 0.15155859964740725 0.36216310319433115 -0.5741387736068078 0.5168988539587561 0.8760049598835166 0.8757946525652242 0.8054387265744173 0.8872179503128698 0.9301529144314897 0.5888695820841493 0.8710127418408505 0.7032538688903784 0.8972954371454352 0.958546206575841 0.9792341687298897 0.8573195843141111 0.49814722127683847 0.6270815167276236 0.7247308785441972 0.3789259929304854 0.46439434073643465 0.2550025988744837 0.266671430341714 
0.3290878388120039 0.015642216710834617 0.33959172323517145 0.44734700393564614 0.5184230985423747 0.3656939547324168 0.5941855519486 0.9188238346844726 0.6111078269198769 0.9534626114309269 0.7612821332220955 0.8732725947786836 0.8373536851348133 0.7499513306435066 0.8785760550664846 0.8049361398675163 0.5539308306205617 0.7495113945257739 0.7161790457922883 0.8879270899395078 0.8959684236462426 0.9628116123462028 0.7022421153066453 0.8079417755201046 0.6151686484779787 0.6291493801289665 0.4059413747905258 0.1315870326898503 0.26641142872104284 0.09492235949175508 
0.08970712933392257 0.9444820741874472 0.7608185169888634 0.7041870027189097 0.7141090566634323 0.6735594972217559 0.12446031088669884 0.6219972089821951 0.6295048302533296 0.5343423514845032 0.03534688557162967 0.05834785749769006 0.47545197167895714 0.12229845029996765 -0.3210677440042039 -0.08738618114616281 -0.25339902402599235 -0.2664362020592155 -0.5442252886691191 -0.5492842061469935 -0.6371053301186052 -0.6848587002279326 -0.2342816363621607 -0.8577441213372168 -0.8206460303811169 -0.9766465814169817 -0.0010199826104738017 -0.6140475788692104 -0.790960999512612 -0.9952387739101441 
0.08970712933392257 0.9444820741874472 0.7608185169888634 0.7041870027189097 0.7141090566634323 0.6735594972217559 0.12446031088669884 0.6219972089821951 0.6295048302533296 0.5343423514845032 0.03534688557162967 0.05834785749769006 0.47545197167895714 0.12229845029996765 -0.3210677440042039 -0.08738618114616281 -0.25339902402599235 -0.2664362020592155 -0.5442252886691191 -0.5492842061469935 -0.6371053301186052 -0.6848587002279326 -0.2342816363621607 -0.8577441213372168 -0.8206460303811169 -0.9766465814169817 -0.0010199826104738017 -0.6140475788692104 -0.790960999512612 -0.9952387739101441 
0.08970712933392257 0.9444820741874472 0.7704558632431788 0.7041870027189097 0.7141090566634323 0.6735594972217559 0.6121765294217589 0.6219972089821951 0.6295048302533296 0.5343423514845032 0.026010170639397687 0.04407847800108966 0.47545197167895714 0.12014420652626855 -0.3210677440042039 -0.0609196712016479 -0.2484208786119416 -0.5047540991961394 -0.5442252886691191 -0.5528762849856572 -0.6300167962033616 -0.675349559801796 -0.23453434302099346 -0.7576698191423984 -0.8206460303811169 -0.9766465814169817 -0.0010199826104738017 -0.6207232074189638 -0.7948148830543337 -0.9869643689481674 
0.08488923003273134 0.9320718842267314 0.9268682566516915 0.6987984425189342 0.7233972584771922 0.684514685177584 0.7885122930226871 0.5848486947616984 0.6295048302533296 0.5458663864969489 0.027514695728304967 0.060688538772337944 -0.7951073033264174 0.1632010575698934 -0.6741172461371168 -0.10627351875486254 -0.26222704462505864 -0.25955203589357945 -0.5467286431095429 -0.5356893377647834 -0.6343845137457694 -0.6848587002279326 -0.4747520040731008 -0.8577441213372168 -0.8137488759000465 -0.8134800249219315 -0.9695733910125728 -0.6088489719816988 -0.8036275212508642 -0.9927543376543718 
0.08970712933392257 0.9444820741874472 0.7704558632431788 0.7041870027189097 0.7141090566634323 0.6735594972217559 0.6121765294217589 0.6219972089821951 0.6295048302533296 0.5343423514845032 0.026010170639397687 0.04407847800108966 0.47545197167895714 0.12014420652626855 -0.3210677440042039 -0.0609196712016479 -0.2484208786119416 -0.5047540991961394 -0.5442252886691191 -0.5528762849856572 -0.6300167962033616 -0.675349559801796 -0.23453434302099346 -0.7576698191423984 -0.8206460303811169 -0.9766465814169817 -0.0010199826104738017 -0.6207232074189638 -0.7948148830543337 -0.9869643689481674 
0.08970712933392257 0.9369216988455934 0.7608185169888634 0.7090226330643509 0.7284195053948644 0.6745533716027196 0.19826502144852487 0.582454999374185 0.6262586453733265 0.5343423514845032 0.053753995060938614 0.04407847800108966 0.47545197167895714 0.11972171908876938 -0.302174602867228 -0.06951072109743575 -0.2555912731175906 -0.28503339781158965 -0.5467286431095429 -0.5528762849856572 -0.6257823165623606 -0.6811820296129174 -0.4902416019574017 -0.759565731916169 -0.8137488759000465 -0.9777180885096304 -0.94456641951793 -0.6140475788692104 -0.7948148830543337 -0.9981370835850822 
0.08972579088670007 0.8789713244895523 0.9268682566516915 0.7012592855428902 0.7141090566634323 0.669529757951837 0.7887367682490748 0.6105407572725691 0.6300654468570609 0.528899888799867 0.04162542085438339 0.05096027944014083 0.22238130949997184 0.11972171908876938 -0.3102265197256697 -0.09691684135540116 -0.2531867574374893 -0.27575642549804025 -0.5437943955813976 -0.5528762849856572 -0.6363432256034269 -0.6811820296129174 -0.48398368360620575 -0.8588851728139062 0.11145747048652077 -0.7794371807533402 -0.9536181949005432 -0.611150562412377 -0.799464633731323 -1.0 
0.08972579088670007 0.8789713244895523 0.9268682566516915 0.7012592855428902 0.7141090566634323 0.669529757951837 0.7887367682490748 0.6105407572725691 0.6300654468570609 0.528899888799867 0.04162542085438339 0.05096027944014083 0.22238130949997184 0.11972171908876938 -0.3102265197256697 -0.09691684135540116 -0.2531867574374893 -0.27575642549804025 -0.5437943955813976 -0.5528762849856572 -0.6363432256034269 -0.6811820296129174 -0.48398368360620575 -0.8588851728139062 0.11145747048652077 -0.7794371807533402 -0.9536181949005432 -0.611150562412377 -0.799464633731323 -1.0 
0.08970712933392257 0.9369216988455934 0.9268682566516915 0.7090226330643509 -0.028665668406442357 0.6775595795167902 0.6121765294217589 0.6190103695419453 0.6295048302533296 0.5343423514845032 0.03534688557162967 0.04712410851288056 0.47545197167895714 0.11972171908876938 -0.3210677440042039 -0.08568701572765987 -0.2484208786119416 -0.2657330155730929 -0.5467286431095429 -0.5528762849856572 -0.6306287753399247 -0.6811820296129174 -0.4967755488755241 -0.7329725839213463 -0.8137488759000465 -0.9766465814169817 -0.9706578694760818 -0.6140475788692104 -0.7867583501268434 -0.9981370835850822 
0.08972579088670007 0.886491829847558 0.9470740353811107 0.7012592855428902 0.7233972584771922 0.669529757951837 0.7952044198708323 0.5737951999149157 0.6295048302533296 0.5407143637088581 0.03534688557162967 0.04567932473939536 0.2208646640507382 0.11069881808447177 -0.6336113674739021 -0.08578682616435054 -0.26525605148439213 -0.2664362020592155 -0.5437943955813976 -0.5528762849856572 -0.49771073812873534 -0.684499782846516 -0.6704716664998406 -0.8588851728139062 -0.8183535958855312 -0.794532508537674 -0.977713105542452 -0.611150562412377 -0.8000922360735839 -0.9981370835850822 
0.08972579088670007 0.9290702226792635 0.9525860641588759 0.6997388533482758 0.7096835344849708 0.6811742234274366 0.7952044198708323 0.5873016998462591 0.637058802913793 0.5475020862091173 0.03534688557162967 0.04567932473939536 0.21605561755059452 0.11069881808447177 0.2599396776533951 -0.09076446197002364 -0.26843089291797373 -0.28816566284940115 0.06944272360983117 -0.5397912812849023 -0.6306287753399247 -0.6733809182433416 -0.67205716499484 -0.8588851728139062 -0.8137488759000465 -0.794532508537674 -0.9698879728467172 -0.6091563608990328 -0.7955560509677766 -1.0 
0.08972579088670007 0.9327970935445082 0.9268682566516915 0.6954489696161563 0.4222044301945035 0.6700525431649814 0.7903484071587314 0.5873016998462591 0.6264037219628065 0.5349746270019031 0.03534688557162967 0.056480212617839094 0.2208646640507382 0.11100468849464233 -0.34495708474549014 -0.10627351875486254 -0.25425852039783015 -0.25955203589357945 -0.5410431268832593 -0.5528762849856572 -0.6363874610143336 -0.6746474412811289 -0.4891112983451048 -0.8588851728139062 -0.8137488759000465 -0.7882464645356584 -0.9610496196747348 -0.6088489719816988 -0.8036275212508642 -0.9981370835850822 
0.08970712933392257 0.8789713244895523 0.9268682566516915 0.704546067525546 0.7141090566634323 0.6700525431649814 0.6205390083310449 0.6124914669513581 0.6063839890012727 0.528899888799867 0.03534688557162967 0.04567932473939536 0.2208646640507382 0.11972171908876938 -0.3014110453118797 -0.09691684135540116 -0.2484208786119416 -0.2726174118796749 -0.5528544228862812 -0.5528762849856572 -0.6363432256034269 -0.6811820296129174 -0.48398368360620575 -0.8588851728139062 -0.8137488759000465 -0.786403352041149 -0.9536181949005432 -0.6140475788692104 -0.7867583501268434 -0.9981370835850822 
0.08970712933392257 0.886491829847558 0.7605966619410206 0.7090226330643509 0.4177884414272143 0.6748298577538127 0.7903484071587314 0.6119275128696904 0.6214934334274912 0.5457065612619623 0.04009750991189289 0.04712410851288056 0.47545197167895714 0.11972171908876938 -0.3021547887544584 -0.08451711436124891 -0.2601471873099955 -0.33571751073776873 -0.5467286431095429 -0.7731754598337087 -0.6302801394022741 -0.6811820296129174 -0.478476112198189 -0.7285248167964844 -0.8137488759000465 -0.9702985229980801 -0.9573408674767828 -0.6088489719816988 -0.9209205485827828 -0.9981370835850822 
0.08972579088670007 0.9290702226792635 0.9525860641588759 0.6997388533482758 0.7096835344849708 0.6811742234274366 0.7952044198708323 0.5873016998462591 0.637058802913793 0.5475020862091173 0.03534688557162967 0.04567932473939536 0.21605561755059452 0.11069881808447177 0.2599396776533951 -0.09076446197002364 -0.26843089291797373 -0.28816566284940115 0.06944272360983117 -0.5397912812849023 -0.6306287753399247 -0.6733809182433416 -0.67205716499484 -0.8588851728139062 -0.8137488759000465 -0.794532508537674 -0.9698879728467172 -0.6091563608990328 -0.7955560509677766 -1.0 
0.08970712933392257 0.9327970935445082 0.7605966619410206 0.7119560420948702 0.4177884414272143 0.6675874430699049 0.7870587710568937 0.5873016998462591 0.6059561779287426 0.547502288991949 0.02864948289758537 0.04797858220191721 0.09557844497688017 0.11972171908876938 -0.3096794584736218 -0.09076446197002364 -0.2630572926399558 -0.28816566284940115 -0.5467286431095429 -0.7731754598337087 -0.6302801394022741 -0.6733809182433416 -0.67205716499484 -0.8588851728139062 -0.8137488759000465 -0.7882464645356584 -0.9573408674767828 -0.6115492871675448 -0.9215460446296674 -1.0 
0.08970712933392257 0.9369216988455934 0.7608185169888634 0.7090226330643509 0.7284195053948644 0.6745533716027196 0.19826502144852487 0.582454999374185 0.6262586453733265 0.5343423514845032 0.053753995060938614 0.04407847800108966 0.47545197167895714 0.11972171908876938 -0.302174602867228 -0.06951072109743575 -0.2555912731175906 -0.28503339781158965 -0.5467286431095429 -0.5528762849856572 -0.6257823165623606 -0.6811820296129174 -0.4902416019574017 -0.759565731916169 -0.8137488759000465 -0.9777180885096304 -0.94456641951793 -0.6140475788692104 -0.7948148830543337 -0.9981370835850822 
0.08970712933392257 0.8789713244895523 0.9268682566516915 0.704546067525546 0.7141090566634323 0.6700525431649814 0.6205390083310449 0.6124914669513581 0.6063839890012727 0.528899888799867 0.03534688557162967 0.04567932473939536 0.2208646640507382 0.11972171908876938 -0.3014110453118797 -0.09691684135540116 -0.2484208786119416 -0.2726174118796749 -0.5528544228862812 -0.5528762849856572 -0.6363432256034269 -0.6811820296129174 -0.48398368360620575 -0.8588851728139062 -0.8137488759000465 -0.786403352041149 -0.9536181949005432 -0.6140475788692104 -0.7867583501268434 -0.9981370835850822 
0.08972579088670007 0.9327970935445082 0.9268682566516915 0.6954489696161563 0.4222044301945035 0.6700525431649814 0.7903484071587314 0.5873016998462591 0.6264037219628065 0.5349746270019031 0.03534688557162967 0.056480212617839094 0.2208646640507382 0.11100468849464233 -0.34495708474549014 -0.10627351875486254 -0.25425852039783015 -0.25955203589357945 -0.5410431268832593 -0.5528762849856572 -0.6363874610143336 -0.6746474412811289 -0.4891112983451048 -0.8588851728139062 -0.8137488759000465 -0.7882464645356584 -0.9610496196747348 -0.6088489719816988 -0.8036275212508642 -0.9981370835850822 
0.08769765761383157 0.886491829847558 0.9268682566516915 0.9443073521871068 0.7096835344849708 0.6811742234274366 0.7903484071587314 0.5873016998462591 0.6295048302533296 0.5343423514845032 0.03534688557162967 0.04567932473939536 0.21202913378941468 0.17568638884394652 -0.35998598145754 -0.07710751817642217 -0.26525605148439213 -0.28816566284940115 -0.5415734045317077 -0.5474888340474056 -0.629258763353071 -0.6733809182433416 -0.6701878720216004 -0.8588851728139062 -0.820090287442046 -0.7577595729823712 -0.977713105542452 -0.6088489719816988 -0.7867583501268434 -0.9981370835850822 
0.08769765761383157 0.886491829847558 0.9268682566516915 0.9443073521871068 0.7096835344849708 0.6811742234274366 0.7903484071587314 0.5873016998462591 0.6295048302533296 0.5343423514845032 0.03534688557162967 0.04567932473939536 0.21202913378941468 0.17568638884394652 -0.35998598145754 -0.07710751817642217 -0.26525605148439213 -0.28816566284940115 -0.5415734045317077 -0.5474888340474056 -0.629258763353071 -0.6733809182433416 -0.6701878720216004 -0.8588851728139062 -0.820090287442046 -0.7577595729823712 -0.977713105542452 -0.6088489719816988 -0.7867583501268434 -0.9981370835850822 
0.08972579088670007 0.886491829847558 0.9470740353811107 0.7012592855428902 0.7233972584771922 0.669529757951837 0.7952044198708323 0.5737951999149157 0.6295048302533296 0.5407143637088581 0.03534688557162967 0.04567932473939536 0.2208646640507382 0.11069881808447177 -0.6336113674739021 -0.08578682616435054 -0.26525605148439213 -0.2664362020592155 -0.5437943955813976 -0.5528762849856572 -0.49771073812873534 -0.684499782846516 -0.6704716664998406 -0.8588851728139062 -0.8183535958855312 -0.794532508537674 -0.977713105542452 -0.611150562412377 -0.8000922360735839 -0.9981370835850822 
0.08970712933392257 0.9327970935445082 0.7605966619410206 0.7119560420948702 0.4177884414272143 0.6675874430699049 0.7870587710568937 0.5873016998462591 0.6059561779287426 0.547502288991949 0.02864948289758537 0.04797858220191721 0.09557844497688017 0.11972171908876938 -0.3096794584736218 -0.09076446197002364 -0.2630572926399558 -0.28816566284940115 -0.5467286431095429 -0.7731754598337087 -0.6302801394022741 -0.6733809182433416 -0.67205716499484 -0.8588851728139062 -0.8137488759000465 -0.7882464645356584 -0.9573408674767828 -0.6115492871675448 -0.9215460446296674 -1.0 
0.08766569557501375 0.45308732569668875 0.9470740353811107 0.6954489696161563 0.7064734349450926 0.6700525431649814 0.7952044198708323 0.5873016998462591 0.6222975130223452 0.5407143637088581 0.026706827548057796 0.04322647530209625 0.2060880981946367 0.13043062163452032 -0.2934577583986483 -0.09454487593891107 -0.2391568136424464 -0.28816566284940115 -0.5437943955813976 -0.3775644651704612 -0.6363432256034269 -0.6815099142659685 -0.6428267322220232 -0.8588851728139062 -0.8137488759000465 -0.9753048933871944 -0.97741304028804 -0.6006589295696474 -0.7867583501268434 -0.9914071295638699 
0.0855182202744111 0.9327970935445082 0.9470812217968977 0.7062514033583445 0.7225065166413933 0.6675874430699049 0.7820588850799743 0.6143300184604376 0.6271710362506712 0.5330029931467489 0.02864948289758537 0.044550028923435306 0.22085624014583058 0.14274627335316828 -0.302174602867228 -0.11301800304503522 -0.2630572926399558 -0.2664362020592155 -0.5467286431095429 -0.7540315489844548 -0.49771073812873534 -0.6836671404591502 -0.647898031943573 -0.7329725839213463 -0.8100519464542956 -0.7882464645356584 -0.947467452847061 -0.606690033654508 -0.9209205485827828 -0.9914071295638699 
0.08970712933392257 0.9273285284582423 0.7708103170230937 0.6975401576162141 0.7100493333019692 0.6763133826467668 0.7903484071587314 0.5873016998462591 0.6189036945003318 0.5524855084149737 0.02864948289758537 0.0401926183005446 0.2208646640507382 0.10717208232561419 -0.1454451420999141 -0.07369417584705361 -0.25425852039783015 -0.2615976744376672 -0.5415734045317077 -0.5484503032520085 -0.6248806059395342 -0.6853347202897629 -0.48398368360620575 -0.8605990579416615 -0.7208682725748099 -0.7672906408225125 -0.9471505127278339 -0.6065446953479535 -0.7867583501268434 -0.9981370835850822 
0.08972579088670007 0.8852240841643292 0.7699837277922301 0.6985951615654702 0.7251665083512034 0.6748298577538127 0.7952044198708323 0.5921945342523782 0.6163009994667736 0.5401524558808707 0.20403538139332955 0.056480212617839094 0.2208646640507382 0.11100468849464233 -0.2961914809887223 -0.0798637378860367 -0.25425852039783015 -0.26946588386201803 -0.5467286431095429 -0.766059547435612 -0.6353849088104617 -0.5414057023934338 -0.47987086686444164 -0.8659462803181389 -0.8137488759000465 -0.7882464645356584 -0.9610496196747348 -0.606690033654508 -0.8036275212508642 -0.8482002528844872 
0.08970712933392257 0.9327970935445082 0.9470812217968977 0.9007935791183308 0.7225065166413933 0.669529757951837 0.7952044198708323 0.6143300184604376 0.6283346749393495 0.5330029931467489 0.053753995060938614 0.04744044017381921 0.22085624014583058 0.14491374514883543 -0.302174602867228 -0.08578682616435054 -0.2555912731175906 -0.27168316127969394 -0.5467286431095429 -0.5528762849856572 -0.49771073812873534 -0.684499782846516 -0.647898031943573 -0.7329725839213463 -0.8034240562780842 -0.7882464645356584 -0.9418734433855522 -0.606690033654508 -0.8036275212508642 -0.8416990910258855 
