0.27227232813860175 0.31303805892978726 0.9571475269520862 
0.22868975577914671 0.30089275723376396 0.9310848420700577 
0.23276525095881748 0.2946887445491883 0.9169033803943778 
0.23009782998693068 0.23398807633177734 0.9341656459682414 
0.35212246615759374 0.2794233670801016 0.9325694904623885 
0.3519533756326259 0.22247346763530335 0.9636732990342832 
0.21758158342100054 0.2606931411592462 0.9521683152979816 
0.23276525095881748 0.2946887445491883 0.9169033803943778 
0.35212246615759374 0.2794233670801016 0.9325694904623885 
0.29926369445193624 0.2912924247155372 0.9598523541451174 
0.3422460727910567 0.2623114111171948 0.9383060725217155 
0.3519533756326259 0.22247346763530335 0.9636732990342832 
0.29186608455482915 0.23773706812433984 0.9571554792876248 
0.22868975577914671 0.30089275723376396 0.9310848420700577 
0.27227232813860175 0.31303805892978726 0.9571475269520862 
0.2736316252028873 0.3095122530505206 0.9204368748410114 
0.2311271945345667 0.28895870090082115 0.9585221824411516 
0.2736316252028873 0.3095122530505206 0.9204368748410114 
0.23009782998693068 0.23398807633177734 0.9341656459682414 
0.21758158342100054 0.2606931411592462 0.9521683152979816 
0.9799937767400294 1.3266253996550053 1.4365014471544415 
0.7846083911612888 0.591674848391999 1.5163762576714024 
1.3421829416084907 0.7224472128899267 1.6232364670455757 
0.5310513213335387 0.4938330041845629 1.4105698178969732 
0.973466220680325 0.7110700663614641 1.501558125810275 
1.1031829910261626 1.1966554684649928 1.4953834282065066 
0.6793349253282904 0.895022647952173 1.003768825799054 
0.6207024642162601 1.4679847674261355 1.1782735815020922 
0.4673670108175935 0.5471954926724555 1.623496661871847 
0.39166238633405226 0.8723754852753912 1.4853466326603453 
0.6395822338707954 0.43118840905360223 1.322923404946796 
0.9545306766643248 0.9590795309405346 1.6220707082474286 
0.3420249696531212 0.7348994522733598 1.3928491002256775 
0.8532015917550144 0.966459713029155 1.3154654699651915 
1.1466841310933236 0.6844618068972095 1.650531539438877 
0.3612923274938263 0.8183205212280953 1.3683449634041394 
0.719750623517784 0.7635463734641376 1.35398167469525 
0.3173777392024264 0.8100406218129494 1.1621876150623183 
1.110760336060245 0.7190477231411497 1.9997736729159052 
0.39858116579593333 0.41373672299135267 1.5699799140467063 
0.32037989248800636 0.6433716787147383 0.8888931081571371 
1.303957396769317 0.693858272815077 1.6666905339575901 
0.5693256486517156 0.9310365847491044 1.5982023927494196 
0.43880309369741516 0.5084302310408653 0.9944303152737772 
0.20585087760557008 1.1706217000191423 2.1718819141662573 
0.9309268075126398 0.7748574836641715 1.1436569118626587 
0.39858116579593333 0.41373672299135267 1.5699799140467063 
0.9083776907583438 1.4218562498072944 1.6538329837521388 
0.40727989548202137 0.5386158139471854 1.6873939143084202 
0.8564727235544276 0.6285330045226247 1.323586165760816 
0.48663660530595343 0.3936453514807034 1.1462295331471324 
1.0469311053116188 1.2667220862159219 1.464686514423895 
0.8347974512041295 0.6944909471490767 1.3433502797438353 
0.7598509258972442 1.473912144671742 1.4445984053112952 
1.3770883569848658 0.8472050407931836 1.3835883938059244 
1.1031829910261626 1.1966554684649928 1.4953834282065066 
0.3773879606661901 1.1215183160251752 1.7461071245099924 
0.2796169278337405 0.8362533607740648 1.5400228576278714 
0.8058060640154983 0.7588824640895561 1.3934071853324 
0.4192091543005022 0.4661041019528174 1.0842068315846545 
0.9983271166740516 0.5919453887700431 1.4200053768207637 
0.6552124283714784 1.001107769020305 1.2587565282848403 
0.46855228302830026 0.9197256445250364 1.4926446797405173 
1.3416226321085398 0.6296741804670236 1.8407946175265009 
0.6903625375058716 0.8678666484099635 1.5708962097015358 
0.34180050047745225 1.2511489982054966 1.4369618813343215 
0.6970936517765095 0.8479783029761837 1.603752970409697 
0.5516409405323371 0.7055027918835763 1.5083318474574532 
0.8204186199629552 0.5492519095567377 2.0969619234556878 
0.40727989548202137 0.5386158139471854 1.6873939143084202 
0.315304197651433 0.36649696252428143 1.2992368598339414 
0.9309268075126398 0.7748574836641715 1.1436569118626587 
0.5706003435196718 0.97805330837974 1.7990518200145837 
0.2653077526891706 0.3244701493483555 1.1609027185173153 
0.5028142113586224 0.7818461247510237 1.5947304188786546 
0.4843452543971429 1.031704551250805 1.0236927786896743 
0.6775444721231638 1.1008054745177096 1.1430017497489877 
0.3487856085114915 0.7944414314351148 1.3078061020902465 
0.7666951037249461 0.5452297511411683 1.3808153718475138 
0.29069238302776756 0.7851684414001295 0.97556799936619 
0.27836892901120147 0.7979409646777548 1.3878352417251043 
0.5043131604492124 0.4860428815956979 1.1825089484739282 
1.1176539819146558 0.5864289752670847 1.7630998666833138 
0.8347974512041295 0.6944909471490767 1.3433502797438353 
0.4725014848135127 1.239504517686161 1.952033496273871 
0.7846083911612888 0.591674848391999 1.5163762576714024 
0.5651973737525174 0.25486758628865674 1.5868275994418028 
0.8058060640154983 0.7588824640895561 1.3934071853324 
0.5693256486517156 0.9310365847491044 1.5982023927494196 
1.040757382239237 0.8684305493158512 1.5834124705824564 
0.5043131604492124 0.4860428815956979 1.1825089484739282 
0.5987162045854817 0.4757261107891949 1.562556666187378 
0.44538187078739394 1.1461816458740144 1.6618905595005566 
0.19358858061869993 0.7014208831911881 1.311421568381702 
0.719750623517784 0.7635463734641376 1.35398167469525 
0.3715683680394733 0.4986390237580307 1.4391471569504748 
0.3369970818287123 0.2676789949181395 1.402839281218519 
0.6395822338707954 0.43118840905360223 1.322923404946796 
0.25253892357261826 0.932572231559247 1.3640589003967236 
0.3263031941886212 1.2262772094624643 1.7379149169423718 
0.6793349253282904 0.895022647952173 1.003768825799054 
0.4944844683028045 1.140514920263966 1.5835478473835587 
0.7598509258972442 1.473912144671742 1.4445984053112952 
0.3715683680394733 0.4986390237580307 1.4391471569504748 
0.6262426387022703 0.7777033311332588 1.2485791701419542 
0.9304163679311073 0.5853990614032344 1.6505517542249373 
0.7136771419852925 0.8410529365448434 1.4579591560995442 
0.56727654811306 0.6332415178627034 1.6353792930067805 
0.4731358742777395 0.3781503497918698 1.6023195750867276 
0.18524900898038718 0.41975429664641406 1.2657249074301884 
0.6502663085547826 0.33613326521223463 1.2166153446048527 
0.18524900898038718 0.41975429664641406 1.2657249074301884 
0.5310513213335387 0.4938330041845629 1.4105698178969732 
1.2236239174517682 0.5952863628193763 1.6636824118518856 
0.2653077526891706 0.3244701493483555 1.1609027185173153 
0.5028142113586224 0.7818461247510237 1.5947304188786546 
0.7572841640861275 0.6306946468745608 1.729932759676913 
0.23914434634429774 0.7764096359724545 1.5816623692466734 
0.19358858061869993 0.7014208831911881 1.311421568381702 
0.41954665520555645 0.8018408738123795 1.2409729213298717 
0.46855228302830026 0.9197256445250364 1.4926446797405173 
0.47112359732764214 0.7545790557896792 1.7637164004279922 
0.5211974477389036 0.35095056684407533 2.1106289576294026 
1.2713283902966765 1.297301093428692 1.8097587042348813 
0.7469036481050777 0.7452115541410245 1.8398828769311786 
0.5807110866902774 1.1869073460782915 1.9540192706983133 
0.616317166186308 0.3841832413231929 1.4435275046500953 
1.0420208660269743 0.20569651975053727 1.543642398648498 
0.34180050047745225 1.2511489982054966 1.4369618813343215 
0.17441238001900322 1.1440301463846287 0.8925108414819088 
0.5616848513085316 0.6282991436444987 1.3864365899943452 
0.9917407523423474 0.3621013715017547 1.6639011351375392 
0.9166778794930661 0.8565720004672024 1.551361596350855 
1.2284051084682237 1.3016454476047594 1.9774855005814835 
0.6262426387022703 0.7777033311332588 1.2485791701419542 
0.616317166186308 0.3841832413231929 1.4435275046500953 
0.22685833515119985 0.8799392861139848 1.6325299128883213 
0.7105284956882266 1.21133084391473 1.339528831391416 
0.6404611725091557 0.455721786217612 1.237355400154804 
0.4048665657028061 0.6105684099969886 0.9248922034667203 
0.5616848513085316 0.6282991436444987 1.3864365899943452 
0.21801498172162864 0.33143517271152345 1.5165772567474924 
0.8564727235544276 0.6285330045226247 1.323586165760816 
1.0766502320204645 0.6094896641358332 1.3649650601526144 
0.511373910446655 0.626714685243023 1.5438058206891134 
1.0469311053116188 1.2667220862159219 1.464686514423895 
0.4412116574921522 1.181564417860695 1.8429341388493463 
0.41954665520555645 0.8018408738123795 1.2409729213298717 
0.8440868760644229 0.4939900846963815 1.6003050447658356 
0.56727654811306 0.6332415178627034 1.6353792930067805 
0.6775444721231638 1.1008054745177096 1.1430017497489877 
0.9166778794930661 0.8565720004672024 1.551361596350855 
0.9983271166740516 0.5919453887700431 1.4200053768207637 
0.7666951037249461 0.5452297511411683 1.3808153718475138 
0.3173777392024264 0.8100406218129494 1.1621876150623183 
0.7035089866867277 0.4617034914498202 1.5395520083943366 
0.7279404044437395 1.0762253055161768 1.7304619969536472 
0.43880309369741516 0.5084302310408653 0.9944303152737772 
0.4591814309620125 0.3603802368894875 1.2787432528692593 
0.8168903642071949 1.0886643648819432 1.4819401419132903 
0.6970936517765095 0.8479783029761837 1.603752970409697 
0.4673670108175935 0.5471954926724555 1.623496661871847 
0.47112359732764214 0.7545790557896792 1.7637164004279922 
0.25253892357261826 0.932572231559247 1.3640589003967236 
0.6082191672673875 1.1634930950707074 1.9851956085485747 
1.303957396769317 0.693858272815077 1.6666905339575901 
0.8532015917550144 0.966459713029155 1.3154654699651915 
0.973466220680325 0.7110700663614641 1.501558125810275 
0.8440868760644229 0.4939900846963815 1.6003050447658356 
0.7301039904474977 1.1573251875439285 1.7075791292025044 
0.7279404044437395 1.0762253055161768 1.7304619969536472 
0.6311908541295054 0.7838363494428847 1.645659707391549 
0.6082191672673875 1.1634930950707074 1.9851956085485747 
0.9784136267042607 1.0000774179138348 1.5945320811128891 
0.29069238302776756 0.7851684414001295 0.97556799936619 
1.4072221335329769 1.296600267704709 1.4471250323934388 
0.32037989248800636 0.6433716787147383 0.8888931081571371 
0.41932717898578925 0.7105377229609136 1.6683070335646244 
0.2872625142174366 0.7760367900923966 1.0340925146705562 
0.8882185835102285 1.3979145187146267 2.2587947707421963 
0.4731358742777395 0.3781503497918698 1.6023195750867276 
1.0420208660269743 0.20569651975053727 1.543642398648498 
0.22685833515119985 0.8799392861139848 1.6325299128883213 
1.2236239174517682 0.5952863628193763 1.6636824118518856 
0.5706003435196718 0.97805330837974 1.7990518200145837 
0.6404611725091557 0.455721786217612 1.237355400154804 
0.32236637291941106 1.1645372748246676 1.359887741491907 
0.7105284956882266 1.21133084391473 1.339528831391416 
0.315304197651433 0.36649696252428143 1.2992368598339414 
0.41606011104644763 0.8786939343765242 1.2707515483568312 
0.9304163679311073 0.5853990614032344 1.6505517542249373 
0.6502663085547826 0.33613326521223463 1.2166153446048527 
0.4048665657028061 0.6105684099969886 0.9248922034667203 
0.27836892901120147 0.7979409646777548 1.3878352417251043 
0.9470967455725925 0.6337181118105938 1.623045431402903 
0.3612923274938263 0.8183205212280953 1.3683449634041394 
0.8304740895127072 0.7536479250559576 2.0922655667179866 
0.2872625142174366 0.7760367900923966 1.0340925146705562 
1.0766502320204645 0.6094896641358332 1.3649650601526144 
0.8498691364894164 0.5451211416767414 1.1636952943327195 
0.39166238633405226 0.8723754852753912 1.4853466326603453 
0.7302293356004865 0.8667128425840709 1.9540328343907398 
0.48663660530595343 0.3936453514807034 1.1462295331471324 
0.4591814309620125 0.3603802368894875 1.2787432528692593 
0.6072914316037314 1.0707998752627148 1.555752461703364 
0.8498691364894164 0.5451211416767414 1.1636952943327195 
0.8439730910040837 1.1053387194260806 1.5764921403034569 
0.4192091543005022 0.4661041019528174 1.0842068315846545 
1.3421829416084907 0.7224472128899267 1.6232364670455757 
0.6243559949014965 1.0262761179928193 1.2681142776077485 
