0.9739573914548656 0.1654921313423049 0.36681123913894625 0.299740370718262 -0.7619646313136943 -0.07042248940493817 0.5719582602596913 0.9326325986137453 -0.22313646159576342 -0.41708993171389297 0.1156745798524115 0.17797220481809672 -0.18597679481579138 0.044505840734121144 -0.42145814453360636 0.8283443042974302 0.667423814705572 0.8649894324629878 0.1096829398889868 0.09893812113368364 0.9657395961963698 0.7862265380999303 0.37464547871312587 0.14243688771010132 -0.1669936416008183 0.7972526429791085 0.253150484550614 0.4922140253856593 -0.6013416221941346 0.5275608809381946 
0.9926494656146135 0.1563304794726109 0.35884112696613707 0.299740370718262 -0.7649102264989414 -0.07568219972904522 0.5771023622778692 0.9296835635934314 -0.21923050429005297 0.6921798736438594 0.12137977524524146 0.17797220481809672 -0.1880491824611529 0.03922746415019144 -0.43841434339627255 0.8306648643041541 -0.6910379876006965 0.8603061482951203 0.1096829398889868 0.0934358900784994 -0.810451561892119 -0.10320057691662216 0.0022437525955319075 0.14362339719806877 0.5107991440269584 0.796008458650313 -0.5029407137015562 0.4863179454624893 -0.6040894784478493 -0.30830813448223093 
0.9739573914548656 -0.7562603514683894 -0.7568141967638005 -0.4382813742088391 -0.4377952322427967 -0.052463045244315415 -0.3116682345848308 0.934447014821857 -0.4954258174942984 0.6485962675654285 -0.6388556187801882 0.18889775880992082 0.6739819379518434 0.15702035094305886 -0.43780750713467875 0.837721926389866 0.6462456488505104 -0.15474423928997885 0.17303894116864663 0.09510342757452264 -0.5302633012685389 0.7955438464442699 0.37464547871312587 0.8887914296494371 0.09961832663132594 0.7931276142661478 0.7872237179814909 0.47968476144260325 -0.594059857550653 0.8056563346993773 
0.9732306707733734 0.1582601251779202 -0.783145205501945 -0.8251726937928945 0.562977340730761 -0.08095627486957095 0.5771023622778692 -0.14460775873252876 -0.21923050429005297 0.671707419493433 -0.636635889122132 0.17586482393095157 -0.1966719033335511 0.3366724772137921 0.2922329900409394 0.8234704708703324 -0.6879605406484728 0.8531328067604912 0.1736743338219746 0.09708430361256033 -0.9116766508210643 0.7821867820338382 0.37472838587741464 0.5549239073066139 0.5142924341309053 -0.1487421951032855 0.2510512085400504 0.4885804418782393 0.2947683915032471 0.9775682008324751 
0.9870659776927428 0.1654921313423049 0.36681123913894625 -0.4285308880911529 0.562977340730761 -0.05264191663894356 0.5804748173608331 0.10389599530864481 -0.21923050429005297 0.6785565533138317 -0.6356091198693992 0.9421222031424623 0.6739819379518434 0.04844149239029381 -0.4309492879358312 0.5230186113502355 0.670462186878882 0.8649894324629878 0.12436296677276913 0.10397715073638455 -0.8069930803792941 0.9275165787624067 0.36941305531711777 0.7891241909274164 0.09227814925324439 0.8020301117457607 0.253150484550614 0.4964734498746761 0.6968603492375391 -0.11310261820697509 
0.9926494656146135 0.1654921313423049 -0.7570140068601003 0.299740370718262 -0.7629432059599272 -0.07568219972904522 0.5719582602596913 0.10389599530864481 -0.5040226462518438 0.6921798736438594 -0.6450166560557263 0.17797220481809672 -0.1880491824611529 0.565653297358813 -0.42145814453360636 0.8306648643041541 0.6615538374332574 0.8649894324629878 0.10571283121211769 0.09726657643282696 -0.810451561892119 -0.10975512874577784 -0.005722932923869714 0.7842289374731886 0.09290952266423996 0.8005828473514454 0.2566896555882661 -0.5739745945417782 -0.6094502549392742 0.8162966169409929 
0.9739573914548656 -0.5097886575063462 -0.24557934669948112 0.30559344283000545 -0.7695522891495378 -0.05921717781788395 0.5771023622778692 0.9296835635934314 -0.2331046978211656 0.6624869538854634 0.12137977524524146 0.17797220481809672 -0.9407138843516486 0.04015769455784937 -0.4286400809611512 0.8213693169376197 0.6560710738578668 0.8569380226843533 0.12639461706590427 0.09652551124642003 0.9555322431977794 0.7862265380999303 0.015722408186889948 0.025291622696935866 0.5107991440269584 0.7995853611614986 -0.8922441786156833 0.4885804418782393 0.6952480836954944 0.06094913985421707 
0.9739573914548656 -0.5097886575063462 -0.24557934669948112 0.30559344283000545 -0.7695522891495378 -0.05921717781788395 0.5771023622778692 0.9296835635934314 -0.2331046978211656 0.6624869538854634 0.12137977524524146 0.17797220481809672 -0.9407138843516486 0.04015769455784937 -0.4286400809611512 0.8213693169376197 0.6560710738578668 0.8569380226843533 0.12639461706590427 0.09652551124642003 0.9555322431977794 0.7862265380999303 0.015722408186889948 0.025291622696935866 0.5107991440269584 0.7995853611614986 -0.8922441786156833 0.4885804418782393 0.6952480836954944 0.06094913985421707 
0.9739573914548656 -0.7249575582591515 -0.7597892824062249 -0.4382813742088391 -0.7795018779015598 -0.05264191663894356 0.5904744284372778 0.7562715022147154 -0.22313646159576342 0.669573889824934 0.12137977524524146 0.18889775880992082 0.35009501973139123 0.15702035094305886 -0.41054587193535225 0.8283443042974302 0.6462456488505104 0.8534601459480725 0.11743987479056063 0.37484854336696105 -0.8069930803792941 0.787486192017648 0.37464547871312587 0.030580857880034396 0.4940260273841647 0.7858684847604589 -0.49080578902888233 0.500078991518201 0.7035718296391427 -0.11960124664157376 
0.9773311140751304 -0.7256734808314868 0.36681123913894625 0.30497378866639296 -0.46945228749135715 -0.05264191663894356 0.5804748173608331 0.7686490029904022 -0.22313646159576342 0.6624869538854634 0.12919547306770102 0.2792503902292574 0.35439038437896303 0.044505840734121144 -0.42176370487539466 0.8283443042974302 0.667423814705572 0.8534601459480725 0.11743987479056063 0.10817017761793032 -0.8069930803792941 0.7862265380999303 0.36941305531711777 0.9309265241710929 0.4940260273841647 0.7908192495907591 0.253150484550614 0.4964734498746761 0.7035718296391427 -0.11960124664157376 
0.9739573914548656 -0.7562603514683894 -0.7568141967638005 -0.4382813742088391 -0.4377952322427967 -0.052463045244315415 -0.3116682345848308 0.934447014821857 -0.4954258174942984 0.6485962675654285 -0.6388556187801882 0.18889775880992082 0.6739819379518434 0.15702035094305886 -0.43780750713467875 0.837721926389866 0.6462456488505104 -0.15474423928997885 0.17303894116864663 0.09510342757452264 -0.5302633012685389 0.7955438464442699 0.37464547871312587 0.8887914296494371 0.09961832663132594 0.7931276142661478 0.7872237179814909 0.47968476144260325 -0.594059857550653 0.8056563346993773 
0.9739573914548656 -0.7249575582591515 -0.7597892824062249 -0.4382813742088391 -0.7795018779015598 -0.05264191663894356 0.5904744284372778 0.7562715022147154 -0.22313646159576342 0.669573889824934 0.12137977524524146 0.18889775880992082 0.35009501973139123 0.15702035094305886 -0.41054587193535225 0.8283443042974302 0.6462456488505104 0.8534601459480725 0.11743987479056063 0.37484854336696105 -0.8069930803792941 0.787486192017648 0.37464547871312587 0.030580857880034396 0.4940260273841647 0.7858684847604589 -0.49080578902888233 0.500078991518201 0.7035718296391427 -0.11960124664157376 
0.9794528262669125 -0.5097886575063462 -0.7627236189366284 -0.4285308880911529 -0.7695522891495378 -0.05666838383544569 0.5955859750769218 0.7654662265273021 -0.2331046978211656 0.6556467683713008 -0.6345446434427809 0.17896248421959682 -0.9313280946388869 0.030419545430664337 -0.43636211451878576 0.5158337391620561 0.010609415005680578 0.8569380226843533 0.12639461706590427 0.10155640082989519 -0.8069930803792941 0.7862265380999303 0.377586954769411 0.03178797742454502 0.5107991440269584 0.811628283004223 -0.8982136579993435 0.500078991518201 0.6968603492375391 -0.1047350869449529 
0.9870659776927428 -0.5097886575063462 -0.783145205501945 0.30559344283000545 0.562977340730761 -0.05264191663894356 0.5955859750769218 0.9296835635934314 -0.22426921641227798 0.6785565533138317 -0.6388556187801882 0.9421222031424623 -0.9313280946388869 0.04015769455784937 -0.43636211451878576 0.8213693169376197 0.6574964427182554 0.8569380226843533 0.12639461706590427 0.10261448325652454 0.9555322431977794 0.7862265380999303 -0.20423014994609678 0.7891241909274164 0.5142215765030203 0.8029266380621195 0.253150484550614 0.4953548776905303 0.6968603492375391 -0.11310261820697509 
0.9739573914548656 -0.7562603514683894 -0.7581419642332509 -0.4285308880911529 -0.7794882618921115 -0.05921717781788395 0.5810037618792111 0.7626442625328165 -0.2331046978211656 0.6624869538854634 0.12137977524524146 0.18765352255595605 0.35009501973139123 0.028692182177011576 -0.4286400809611512 0.837721926389866 0.6560710738578668 -0.15892345956321907 0.11743987479056063 0.10440658144807315 -0.5302633012685389 0.7872941056394894 0.37464547871312587 0.030580857880034396 0.5142924341309053 0.7931276142661478 -0.49080578902888233 0.500078991518201 0.6952480836954944 0.06094913985421707 
0.9811506828441748 0.1653577428586277 -0.783145205501945 -0.4285308880911529 0.5616715241262538 -0.05264191663894356 0.5810037618792111 0.10452124843514077 -0.2331046978211656 0.6624869538854634 0.12137977524524146 0.9433194967515072 0.6704514559161326 0.04015769455784937 -0.43646858845777514 0.5230186113502355 0.670462186878882 0.8569380226843533 0.9312539800447714 0.10261448325652454 -0.5357590154195367 0.7862265380999303 -0.20423014994609678 0.7891241909274164 0.5015029498156048 0.807478370320425 -0.49080578902888233 0.4925503824290703 0.6968603492375391 0.06094913985421707 
0.9739573914548656 -0.5097886575063462 -0.24557934669948112 0.30559344283000545 -0.7720353556872894 -0.05921717781788395 0.5771023622778692 0.9296835635934314 -0.2268978571821586 0.6624869538854634 0.12137977524524146 0.17797220481809672 -0.9407138843516486 0.030932153835778284 -0.4286400809611512 0.8213693169376197 0.6560710738578668 0.8569380226843533 0.12639461706590427 0.09652551124642003 0.9500444042640255 0.7816589892182694 0.030488097947175108 0.015855871704419502 0.5053914190509634 0.7995853611614986 -0.8844148200749429 0.480680181349155 0.691256484687858 0.06094913985421707 
0.9773311140751304 -0.7256734808314868 0.36681123913894625 0.30497378866639296 -0.46945228749135715 -0.05264191663894356 0.5804748173608331 0.7686490029904022 -0.22313646159576342 0.6624869538854634 0.12919547306770102 0.2792503902292574 0.35439038437896303 0.044505840734121144 -0.42176370487539466 0.8283443042974302 0.667423814705572 0.8534601459480725 0.11743987479056063 0.10817017761793032 -0.8069930803792941 0.7862265380999303 0.36941305531711777 0.9309265241710929 0.4940260273841647 0.7908192495907591 0.253150484550614 0.4964734498746761 0.7035718296391427 -0.11960124664157376 
0.9870659776927428 -0.5097886575063462 -0.783145205501945 0.30559344283000545 0.562977340730761 -0.05264191663894356 0.5955859750769218 0.9296835635934314 -0.22426921641227798 0.6785565533138317 -0.6388556187801882 0.9421222031424623 -0.9313280946388869 0.04015769455784937 -0.43636211451878576 0.8213693169376197 0.6574964427182554 0.8569380226843533 0.12639461706590427 0.10261448325652454 0.9555322431977794 0.7862265380999303 -0.20423014994609678 0.7891241909274164 0.5142215765030203 0.8029266380621195 0.253150484550614 0.4953548776905303 0.6968603492375391 -0.11310261820697509 
0.9870659776927428 0.1654921313423049 0.36681123913894625 -0.4285308880911529 0.562977340730761 -0.05264191663894356 0.5804748173608331 0.10389599530864481 -0.21923050429005297 0.6785565533138317 -0.6356091198693992 0.9421222031424623 0.6739819379518434 0.04844149239029381 -0.4309492879358312 0.5230186113502355 0.670462186878882 0.8649894324629878 0.12436296677276913 0.10397715073638455 -0.8069930803792941 0.9275165787624067 0.36941305531711777 0.7891241909274164 0.09227814925324439 0.8020301117457607 0.253150484550614 0.4964734498746761 0.6968603492375391 -0.11310261820697509 
0.9811506828441748 0.1653577428586277 -0.783145205501945 -0.4285308880911529 0.5616715241262538 -0.05264191663894356 0.5810037618792111 0.10452124843514077 -0.2331046978211656 0.6624869538854634 0.12137977524524146 0.9433194967515072 0.6704514559161326 0.04015769455784937 -0.43646858845777514 0.5230186113502355 0.670462186878882 0.8569380226843533 0.9312539800447714 0.10261448325652454 -0.5357590154195367 0.7862265380999303 -0.20423014994609678 0.7891241909274164 0.5015029498156048 0.807478370320425 -0.49080578902888233 0.4925503824290703 0.6968603492375391 0.06094913985421707 
0.9739573914548656 -0.7562603514683894 -0.7581419642332509 -0.4285308880911529 -0.7794882618921115 -0.05921717781788395 0.5810037618792111 0.7626442625328165 -0.2331046978211656 0.6624869538854634 0.12137977524524146 0.18765352255595605 0.35009501973139123 0.028692182177011576 -0.4286400809611512 0.837721926389866 0.6560710738578668 -0.15892345956321907 0.11743987479056063 0.10440658144807315 -0.5302633012685389 0.7872941056394894 0.37464547871312587 0.030580857880034396 0.5142924341309053 0.7931276142661478 -0.49080578902888233 0.500078991518201 0.6952480836954944 0.06094913985421707 
0.9852561126812895 0.13905297238110678 -0.8152076697691681 -0.4226303579606746 0.5658830946332295 0.4351481500484732 -0.31799036671108233 0.9345684978552458 -0.49598552139709196 0.6485962675654285 -0.6426879520414461 1.0 0.6721615781242798 0.15702035094305886 -0.9517806009355798 0.28960216699514735 0.6462456488505104 -0.16222651017350648 0.11249541325362244 0.08773255536858326 0.9513091770009998 0.7998503827548947 0.9190150606316894 0.8902949206803146 -0.1669936416008183 0.7772814008621372 0.7863658974952743 0.500078991518201 -0.026881051575848438 0.868543893721428 
0.739637038730063 0.6195099182697473 0.10770290133328275 0.5003478856458984 0.9832372003847559 0.8188394401315298 0.6717469787421796 0.7666708118481456 0.628366793031309 0.33821424082475327 -0.6261062463417525 -0.3486193070612416 0.35009501973139123 -0.09989653431427797 -0.9023209707003803 0.5223751628745821 -0.20000598982008444 -0.34563694814808826 -0.0703015005027221 -0.4118729676744626 -0.5488763503052645 -0.10908117128445931 0.9435491509201044 0.4823410817642314 0.7051945889521412 -0.08004171200268814 -0.49590732742051874 -0.5583227814858535 -0.7474802088301874 -0.7283768758164403 
0.7393257190040421 0.9393185547795248 0.6927545695499213 0.9211714139101381 0.9808486520515388 0.7720446934502077 0.6150113534808614 0.651190027057292 -0.4966789608017105 0.3417201611869032 -0.6123918718472074 -0.7368126536252843 -0.723401115135971 -0.07860900096011085 -0.3767361463905543 0.5371181194880217 -0.38149427732470903 -0.24003561200183432 -0.3971966938552195 -0.4386895132213619 -0.48323729270032706 -0.9030126390311168 0.225267068662005 0.3647042407471978 -0.45381286881537036 -0.47887462296249206 0.7499746608839932 -0.5591094287574407 -0.19902741424705775 -0.6253053398377657 
0.09740563100262277 0.9393185547795248 0.6963936504708325 0.2485259373424703 0.9453926455135091 0.5411667212761723 0.6191165936549864 0.6425916226787015 0.7582580840551805 0.24080556673007267 -0.6126384213304747 0.45252446468012564 -0.7326779373770137 -0.07860900096011085 -0.4316961159474173 0.2972019876365699 -0.38149427732470903 -0.9877207682713133 -0.3971966938552195 -0.44786406894919034 0.16113461953841 -0.7485771820549822 0.2398654484265899 0.49128323206670016 -0.44584173475825517 -0.47887462296249206 0.7499746608839932 -0.47896811799631217 -0.19902741424705775 -0.7727971675378935 
0.09740563100262277 0.9393185547795248 0.6963936504708325 0.2485259373424703 0.9453926455135091 0.5411667212761723 0.6191165936549864 0.6425916226787015 0.7582580840551805 0.24080556673007267 -0.6126384213304747 0.45252446468012564 -0.7326779373770137 -0.07860900096011085 -0.4316961159474173 0.2972019876365699 -0.38149427732470903 -0.9877207682713133 -0.3971966938552195 -0.44786406894919034 0.16113461953841 -0.7485771820549822 0.2398654484265899 0.49128323206670016 -0.44584173475825517 -0.47887462296249206 0.7499746608839932 -0.47896811799631217 -0.19902741424705775 -0.7727971675378935 
0.7399277174649563 0.7452507477726578 0.6927545695499213 0.9104933335022428 0.9797570279514999 0.7691414995594869 0.6150113534808614 0.6546244680316582 -0.49981185487900776 0.354320704457281 0.26552823121767033 -0.7446821929119624 -0.7271199642196683 -0.6685947756108506 0.22320061727496104 0.5371181194880217 -0.2026607305262016 -0.6861528080682412 -0.0703015005027221 -0.4386895132213619 -0.47502562583922586 -0.9007783032970228 0.225267068662005 0.3647042407471978 -0.4312186465339441 -0.48690570803690214 -0.5022419056197598 -0.5650558575771908 -0.739062823189713 -0.6253053398377657 
0.7393257190040421 0.9393185547795248 0.6927545695499213 0.9211714139101381 0.9808486520515388 0.7720446934502077 0.6150113534808614 0.651190027057292 -0.4966789608017105 0.3417201611869032 -0.6123918718472074 -0.7368126536252843 -0.723401115135971 -0.07860900096011085 -0.3767361463905543 0.5371181194880217 -0.38149427732470903 -0.24003561200183432 -0.3971966938552195 -0.4386895132213619 -0.48323729270032706 -0.9030126390311168 0.225267068662005 0.3647042407471978 -0.45381286881537036 -0.47887462296249206 0.7499746608839932 -0.5591094287574407 -0.19902741424705775 -0.6253053398377657 
0.7399277174649563 0.7452507477726578 0.6809048385399183 0.9104933335022428 0.9702997939494027 0.7756400159464324 0.6150113534808614 0.7266432208366355 -0.01896630129338636 0.34834904928552296 0.6167972414704735 -0.7577569314593021 -0.7126979796465637 0.44453477114462436 -0.952893735718479 0.5355380270061246 -0.20000598982008444 -0.9969017307395995 -0.0703015005027221 -0.4386895132213619 -0.5562522580598888 -0.9007783032970228 -0.00203044744357038 0.3647042407471978 -0.22452781796035745 -0.48690570803690214 -0.7408753082892858 -0.5650558575771908 -0.739062823189713 -0.631251276933951 
0.7399277174649563 0.9339282647116293 0.6963936504708325 0.2582561027766484 0.9453926455135091 0.5411667212761723 0.30461071383982885 0.6546244680316582 -0.4959626051687933 0.354320704457281 -0.6260344200518799 -0.7368126536252843 -0.7219105208417982 -0.6685947756108506 -0.3798649185945944 0.5371181194880217 -0.38149427732470903 -0.6861528080682412 -0.0703015005027221 -0.4326032513783806 0.16113461953841 -0.9030126390311168 0.2398654484265899 0.3647042407471978 -0.44584173475825517 -0.48690570803690214 0.7499746608839932 -0.5650558575771908 -0.20337353533911065 -0.7671407166332669 
0.739637038730063 0.6206531095409672 0.10658030931653519 0.9168405077554036 0.9708898386025488 0.7725878588072431 0.6191165936549864 -0.1392340596990207 -0.01896630129338636 0.34834904928552296 0.6111710172870195 -0.746472299976691 0.3353654774800146 0.4374577312538682 0.20042767199093106 0.5179601633944035 -0.20000598982008444 -0.7061801533733604 -0.3882721694253939 -0.44113959298458677 -0.5508549372384075 -0.9007783032970228 -9.503590668349382E-4 0.4823410817642314 -0.22474373775727594 -0.47887462296249206 0.7499746608839932 -0.5657829655035208 -0.7563934341250865 -0.6253053398377657 
0.07823601183377876 0.9434125863713998 0.6894038800853937 0.5003478856458984 0.9702997939494027 0.7691414995594869 0.6184022477925076 0.7266432208366355 -0.4943691894770691 0.34834904928552296 0.26552823121767033 -0.7509457413901147 0.3503684776657019 -0.7679405449800337 -0.952893735718479 0.5357000688760346 -0.2026607305262016 -0.2382311473843901 -0.0703015005027221 -0.4386895132213619 -0.5534869217988938 -0.9449155017200435 0.020960184567272378 0.4815044232415145 -0.4312186465339441 -0.4761358835253352 -0.5022419056197598 -0.5812945589261639 -0.739062823189713 -0.6253053398377657 
0.7399277174649563 0.7452507477726578 0.6927545695499213 0.9104933335022428 0.9797570279514999 0.7691414995594869 0.6150113534808614 0.6546244680316582 -0.49981185487900776 0.354320704457281 0.26552823121767033 -0.7446821929119624 -0.7271199642196683 -0.6685947756108506 0.22320061727496104 0.5371181194880217 -0.2026607305262016 -0.6861528080682412 -0.0703015005027221 -0.4386895132213619 -0.47502562583922586 -0.9007783032970228 0.225267068662005 0.3647042407471978 -0.4312186465339441 -0.48690570803690214 -0.5022419056197598 -0.5650558575771908 -0.739062823189713 -0.6253053398377657 
0.08784309306343979 0.7452507477726578 0.6845600710614227 0.7335168130244942 0.9702997939494027 0.7818288146331983 0.6150113534808614 0.7266432208366355 -0.16627115096856163 0.35773570926320636 0.6167972414704735 -0.7446821929119624 -0.7265529446428292 0.44453477114462436 -0.952893735718479 0.5363662800087522 -0.21475578895263606 -0.9969017307395995 -0.0703015005027221 -0.4453037045759992 -0.5588496215949523 -0.1942642569471854 -0.00203044744357038 0.3647042407471978 -0.22452781796035745 -0.47877576106418146 -0.7387298194003136 -0.5588704497388556 -0.7465463119649949 -0.631251276933951 
0.08943981720517927 0.9393185547795248 0.699456496443784 0.940697653411494 -0.03655283664146701 0.2677267497046659 -0.38367916165459764 0.6425916226787015 -0.0337766207605803 0.24080556673007267 -0.6333584938405172 -0.7509457413901147 -0.7265529446428292 -0.367108700733853 0.21755729434837032 -0.6483800181510442 -0.2070541257805123 -0.9877207682713133 -0.0703015005027221 -0.428043873341986 -0.47502562583922586 -0.9104009389669692 0.029870816635058178 0.36738316786558256 -0.4398998411765678 -0.48339573214501474 -0.5022419056197598 -0.5762193698303872 -0.7465463119649949 -0.756365510954988 
0.7399277174649563 0.6218345352651995 0.6894038800853937 0.2583496658869054 -0.044557010208618374 0.7542031216282967 0.6170442574901954 0.6477516135521354 -0.022888032957670668 0.34834904928552296 -0.3225058338999181 -0.7446821929119624 0.35009501973139123 -0.37289060038904254 -0.952893735718479 0.5371181194880217 -0.2026607305262016 -0.2382311473843901 -0.0703015005027221 -0.3691235073730031 -0.5557686867353423 -0.9007783032970228 0.225267068662005 -0.4880552755146761 -0.4343481724813158 -0.47887462296249206 -0.5022419056197598 -0.5650558575771908 -0.7291180731795126 -0.6253053398377657 
0.7312291805566372 0.6206531095409672 0.6809048385399183 0.9168405077554036 0.9702997939494027 0.7691414995594869 0.6191165936549864 0.7266432208366355 -0.01896630129338636 0.34834904928552296 0.6167972414704735 -0.7545483627974625 -0.5641727613837642 0.44453477114462436 -0.952893735718479 0.5179601633944035 -0.20000598982008444 -0.9969017307395995 -0.0703015005027221 -0.4386895132213619 -0.5494730750598095 -0.9007783032970228 -9.503590668349382E-4 0.4815044232415145 -0.22018172495110866 -0.48946185677289616 -0.5377569900584538 -0.5812945589261639 -0.7411869333343084 -0.6193680064413372 
0.7399277174649563 0.6218345352651995 0.6894038800853937 0.2583496658869054 -0.044557010208618374 0.7542031216282967 0.6170442574901954 0.6477516135521354 -0.022888032957670668 0.34834904928552296 -0.3225058338999181 -0.7446821929119624 0.35009501973139123 -0.37289060038904254 -0.952893735718479 0.5371181194880217 -0.2026607305262016 -0.2382311473843901 -0.0703015005027221 -0.3691235073730031 -0.5557686867353423 -0.9007783032970228 0.225267068662005 -0.4880552755146761 -0.4343481724813158 -0.47887462296249206 -0.5022419056197598 -0.5650558575771908 -0.7291180731795126 -0.6253053398377657 
0.739637038730063 0.6206531095409672 0.10658030931653519 0.9168405077554036 0.9708898386025488 0.7725878588072431 0.6191165936549864 -0.1392340596990207 -0.01896630129338636 0.34834904928552296 0.6111710172870195 -0.746472299976691 0.3353654774800146 0.4374577312538682 0.20042767199093106 0.5179601633944035 -0.20000598982008444 -0.7061801533733604 -0.3882721694253939 -0.44113959298458677 -0.5508549372384075 -0.9007783032970228 -9.503590668349382E-4 0.4823410817642314 -0.22474373775727594 -0.47887462296249206 0.7499746608839932 -0.5657829655035208 -0.7563934341250865 -0.6253053398377657 
0.739637038730063 0.9393185547795248 0.10495849548666349 0.9165832943220683 0.969036788865777 0.7691414995594869 0.68540630608193 0.6461480160639931 -0.0337766207605803 -0.01560691165035084 0.04870517637280031 -0.3079566833121173 0.9414609061856962 -0.36504299752736 0.20994015480293274 -0.6483800181510442 0.507482423233073 -0.04701769715032135 0.17440400781708967 -0.37487411825993844 -0.4712545659338364 -0.9104009389669692 0.22255663127956635 -0.48916921377503525 -0.11379427369709297 -0.4879787950982082 -0.4965984286216212 -0.5651461076246997 -0.7465463119649949 0.12269208419396843 
0.07507680551134305 0.9393185547795248 0.6796898466118714 0.9165832943220683 -0.04260704758059231 0.7636843886430029 -0.3883331642878589 0.6425916226787015 -0.8962690401610693 -0.01560691165035084 -0.6333584938405172 0.4521656631987469 0.9490186391600826 -0.36547044419799174 0.23070831979553114 0.5204762286098826 -0.20793803564224417 -0.7061801533733604 0.1697970516197177 -0.4431976545041316 -0.4663776694293785 -0.9074851602408128 0.22316350985988476 0.49128323206670016 -0.22474373775727594 -0.47426109085863755 -0.5022419056197598 -0.17008769523407002 -0.7465463119649949 -0.776079121509418 
0.09189950497049468 0.9393185547795248 0.6754820642893228 0.9165832943220683 0.9734534847512424 0.2677267497046659 -0.38367916165459764 0.6425916226787015 -0.49734908081270024 0.34834904928552296 -0.6333584938405172 -0.30679530920005305 0.9414609061856962 -0.36547044419799174 0.2238334059784407 -0.6483800181510442 -0.38149427732470903 -0.7061801533733604 -0.0703015005027221 -0.4431976545041316 -0.4775726983869448 -0.9104009389669692 0.22849583380286043 0.49128323206670016 -0.11379427369709297 -0.47378574188482003 -0.5022419056197598 -0.5762193698303872 -0.7465463119649949 -0.776079121509418 
0.7399277174649563 0.7452507477726578 0.6809048385399183 0.9104933335022428 0.9702997939494027 0.7756400159464324 0.6150113534808614 0.7266432208366355 -0.01896630129338636 0.34834904928552296 0.6167972414704735 -0.7577569314593021 -0.7126979796465637 0.44453477114462436 -0.952893735718479 0.5355380270061246 -0.20000598982008444 -0.9969017307395995 -0.0703015005027221 -0.4386895132213619 -0.5562522580598888 -0.9007783032970228 -0.00203044744357038 0.3647042407471978 -0.22452781796035745 -0.48690570803690214 -0.7408753082892858 -0.5650558575771908 -0.739062823189713 -0.631251276933951 
0.08784309306343979 0.7452507477726578 0.6845600710614227 0.7335168130244942 0.9702997939494027 0.7818288146331983 0.6150113534808614 0.7266432208366355 -0.16627115096856163 0.35773570926320636 0.6167972414704735 -0.7446821929119624 -0.7265529446428292 0.44453477114462436 -0.952893735718479 0.5363662800087522 -0.21475578895263606 -0.9969017307395995 -0.0703015005027221 -0.4453037045759992 -0.5588496215949523 -0.1942642569471854 -0.00203044744357038 0.3647042407471978 -0.22452781796035745 -0.47877576106418146 -0.7387298194003136 -0.5588704497388556 -0.7465463119649949 -0.631251276933951 
0.0879329366330774 0.9333998068816718 0.6894672762696117 -0.11668561820225265 0.9818948510707234 0.5439048943849363 -0.38114082318556913 0.6425916226787015 0.33514910633244965 0.34834904928552296 0.6105256589313601 -0.7473249813566806 -0.7183152957156124 -0.36547044419799174 -0.952893735718479 -0.6373652055968307 -0.1971667708652205 -0.7540625873821356 -0.07347038274711054 -0.4442143856712951 -0.4722118051615502 -0.902099779265983 0.23543079967455277 -0.4809723739592067 -0.22474373775727594 -0.47887462296249206 -0.5022419056197598 -0.5732490317805731 -0.7455505976589363 0.12269208419396843 
0.08784309306343979 0.9393185547795248 0.6904702352138121 0.9319292088288453 -0.044557010208618374 0.8180084319315344 0.61126340862177 0.6425916226787015 -0.15998848256491494 0.34834904928552296 -0.630563482787774 -0.7446821929119624 -0.7265529446428292 -0.36547044419799174 -0.952893735718479 0.5323214255457872 -0.21475578895263606 -0.7061801533733604 -0.0703015005027221 -0.4386895132213619 -0.5557686867353423 -0.1942642569471854 0.21772927869396363 -0.4809723739592067 -0.4343481724813158 -0.47887462296249206 -0.5022419056197598 -0.5650558575771908 -0.7465463119649949 0.12269208419396843 
0.07507680551134305 0.9344889286325214 0.6796898466118714 0.9319292088288453 -0.044557010208618374 0.8000183123810296 0.03619053244729509 0.6425916226787015 -0.8863756417145957 -0.01560691165035084 0.04870517637280031 0.46034358479711207 -0.7265529446428292 -0.36547044419799174 0.20994015480293274 0.5323214255457872 -0.20027246155766903 -0.7061801533733604 0.16062924871206152 -0.37487411825993844 -0.4663776694293785 -0.9074851602408128 0.21772927869396363 -0.4809723739592067 -0.4343481724813158 -0.4711985199125844 -0.5022419056197598 -0.15800576363263735 -0.7465463119649949 0.11424334366873436 
0.08784309306343979 0.9393185547795248 0.6904702352138121 0.9319292088288453 -0.044557010208618374 0.8180084319315344 0.61126340862177 0.6425916226787015 -0.15998848256491494 0.34834904928552296 -0.630563482787774 -0.7446821929119624 -0.7265529446428292 -0.36547044419799174 -0.952893735718479 0.5323214255457872 -0.21475578895263606 -0.7061801533733604 -0.0703015005027221 -0.4386895132213619 -0.5557686867353423 -0.1942642569471854 0.21772927869396363 -0.4809723739592067 -0.4343481724813158 -0.47887462296249206 -0.5022419056197598 -0.5650558575771908 -0.7465463119649949 0.12269208419396843 
0.07507680551134305 0.9344889286325214 0.6796898466118714 0.9319292088288453 -0.044557010208618374 0.8000183123810296 0.03619053244729509 0.6425916226787015 -0.8863756417145957 -0.01560691165035084 0.04870517637280031 0.46034358479711207 -0.7265529446428292 -0.36547044419799174 0.20994015480293274 0.5323214255457872 -0.20027246155766903 -0.7061801533733604 0.16062924871206152 -0.37487411825993844 -0.4663776694293785 -0.9074851602408128 0.21772927869396363 -0.4809723739592067 -0.4343481724813158 -0.4711985199125844 -0.5022419056197598 -0.15800576363263735 -0.7465463119649949 0.11424334366873436 
0.07507680551134305 0.9393185547795248 0.11298647150472794 0.9165832943220683 -0.04260704758059231 0.7691414995594869 -0.37894379612913653 0.6425916226787015 0.6940742142803826 -0.01560691165035084 -0.6333584938405172 0.4521656631987469 0.9490186391600826 -0.36547044419799174 0.2238334059784407 0.5289955208814698 -0.21183291458305192 -0.04701769715032135 0.16644814054504886 -0.368910796136735 -0.4663776694293785 -0.9020553669483768 0.22251286503199494 -0.4880552755146761 -0.22474373775727594 -0.47426109085863755 -0.49465903444024895 -0.17008769523407002 -0.7492640210803979 0.11646613588790741 
0.08943981720517927 0.9393185547795248 0.699456496443784 0.940697653411494 -0.03655283664146701 0.2677267497046659 -0.38367916165459764 0.6425916226787015 -0.0337766207605803 0.24080556673007267 -0.6333584938405172 -0.7509457413901147 -0.7265529446428292 -0.367108700733853 0.21755729434837032 -0.6483800181510442 -0.2070541257805123 -0.9877207682713133 -0.0703015005027221 -0.428043873341986 -0.47502562583922586 -0.9104009389669692 0.029870816635058178 0.36738316786558256 -0.4398998411765678 -0.48339573214501474 -0.5022419056197598 -0.5762193698303872 -0.7465463119649949 -0.756365510954988 
0.739637038730063 0.6218345352651995 0.3040238314714296 0.26724561134596175 0.9429977497524886 0.7691414995594869 0.6210823810235668 0.70869924256483 0.6905812288934836 -0.01560691165035084 0.02837466293878759 0.4521656631987469 -0.7336382950046915 -0.7679405449800337 0.18843658523027887 0.29942426900523494 -0.2026607305262016 0.8010770762007343 -0.3742738958289039 -0.3611409687527555 -0.5474061713946162 -0.8997866625890788 -0.5916004735745102 -0.4880552755146761 -0.8742125107185417 -0.0907944745390401 -0.5052582609827145 -0.5650558575771908 -0.7291180731795126 0.12269208419396843 
0.08931429198384122 0.9315146892533311 -0.5823165321908358 0.9201507462453757 0.9413754925163513 0.7671160722462933 0.6210823810235668 -0.3373707658516456 0.6961824979423415 0.8032924042783146 0.02837466293878759 0.4521656631987469 -0.7406031055581799 -0.7679405449800337 -0.0904585445926355 0.29942426900523494 -0.2026607305262016 -0.27970905400719803 -0.3742738958289039 -0.34457908193165265 -0.4692322511122363 -0.8997866625890788 -0.5916004735745102 -0.18641261918531016 -0.8742125107185417 -0.47378574188482003 -0.5162925746239603 -0.5650558575771908 -0.7291180731795126 -0.7697613403234647 
0.739637038730063 0.9393185547795248 0.10495849548666349 0.9165832943220683 0.969036788865777 0.7691414995594869 0.68540630608193 0.6461480160639931 -0.0337766207605803 -0.01560691165035084 0.04870517637280031 -0.3079566833121173 0.9414609061856962 -0.36504299752736 0.20994015480293274 -0.6483800181510442 0.507482423233073 -0.04701769715032135 0.17440400781708967 -0.37487411825993844 -0.4712545659338364 -0.9104009389669692 0.22255663127956635 -0.48916921377503525 -0.11379427369709297 -0.4879787950982082 -0.4965984286216212 -0.5651461076246997 -0.7465463119649949 0.12269208419396843 
0.09189950497049468 0.9393185547795248 0.6754820642893228 0.9165832943220683 0.9734534847512424 0.2677267497046659 -0.38367916165459764 0.6425916226787015 -0.49734908081270024 0.34834904928552296 -0.6333584938405172 -0.30679530920005305 0.9414609061856962 -0.36547044419799174 0.2238334059784407 -0.6483800181510442 -0.38149427732470903 -0.7061801533733604 -0.0703015005027221 -0.4431976545041316 -0.4775726983869448 -0.9104009389669692 0.22849583380286043 0.49128323206670016 -0.11379427369709297 -0.47378574188482003 -0.5022419056197598 -0.5762193698303872 -0.7465463119649949 -0.776079121509418 
0.0829176549756822 0.9315146892533311 -0.5807658440093973 0.913537936009077 0.9413754925163513 0.5427747261219014 0.6094279837644601 -0.3373707658516456 0.6961824979423415 0.8011840827236965 0.032679217847449864 -0.7539525410743215 0.21540714691267526 -0.7679405449800337 -0.0945991414154379 0.2878180849336214 -0.14951630432622465 -0.8229526671867933 -0.3742738958289039 -0.35328829824483626 -0.45838345312158585 -0.9007783032970228 0.22849583380286043 -0.47893443263991853 -0.4268403223290501 -0.4823549095992076 -0.510503937937425 -0.5742219740946596 -0.20539638133656835 -0.7621760542201013 
0.07507680551134305 0.9453822798191248 0.6894672762696117 0.9165832943220683 -0.03664118495655769 0.5370731988867458 -0.38114082318556913 0.6425916226787015 0.33514910633244965 0.34456978903501156 -0.6333584938405172 -0.30679530920005305 0.9490186391600826 -0.36547044419799174 0.2238334059784407 -0.6483800181510442 -0.19354594014137633 -0.05313991516773056 -0.07347038274711054 -0.3609945844848867 -0.46828275485274207 -0.9104009389669692 0.22251286503199494 -0.4851667338482861 -0.22474373775727594 -0.47426109085863755 -0.5022419056197598 -0.9308379756201399 -0.7505505075064574 0.11646613588790741 
0.0829176549756822 0.9345330203323841 0.11298647150472794 0.9212381004289264 0.9521940087392659 0.5465498306434712 0.6094279837644601 0.6512037634657941 0.9973232306042099 -0.01560691165035084 0.032679217847449864 -0.7534583876512206 0.9490186391600826 0.13272857744342081 0.20042767199093106 0.5289955208814698 -0.15640872560959615 -0.04384518490849548 -0.3742738958289039 -0.368910796136735 -0.4663776694293785 -0.899028283266198 0.22251286503199494 -0.4880552755146761 -0.22474373775727594 -0.47008607372193945 -0.49465903444024895 -0.17008769523407002 -0.21255318866423922 -0.7621760542201013 
0.08931429198384122 0.9315146892533311 -0.5823165321908358 0.9201507462453757 0.9413754925163513 0.7671160722462933 0.6210823810235668 -0.3373707658516456 0.6961824979423415 0.8032924042783146 0.02837466293878759 0.4521656631987469 -0.7406031055581799 -0.7679405449800337 -0.0904585445926355 0.29942426900523494 -0.2026607305262016 -0.27970905400719803 -0.3742738958289039 -0.34457908193165265 -0.4692322511122363 -0.8997866625890788 -0.5916004735745102 -0.18641261918531016 -0.8742125107185417 -0.47378574188482003 -0.5162925746239603 -0.5650558575771908 -0.7291180731795126 -0.7697613403234647 
0.0829176549756822 0.9315146892533311 -0.5807658440093973 0.913537936009077 0.9413754925163513 0.5427747261219014 0.6094279837644601 -0.3373707658516456 0.6961824979423415 0.8011840827236965 0.032679217847449864 -0.7539525410743215 0.21540714691267526 -0.7679405449800337 -0.0945991414154379 0.2878180849336214 -0.14951630432622465 -0.8229526671867933 -0.3742738958289039 -0.35328829824483626 -0.45838345312158585 -0.9007783032970228 0.22849583380286043 -0.47893443263991853 -0.4268403223290501 -0.4823549095992076 -0.510503937937425 -0.5742219740946596 -0.20539638133656835 -0.7621760542201013 
0.08519019500015554 0.9315146892533311 0.11789469537161185 0.26724561134596175 -0.05136913895334204 0.7691414995594869 0.6176947791846006 -0.3373707658516456 0.6905812288934836 -0.01560691165035084 0.032679217847449864 0.4521656631987469 -0.7258913842002355 -0.36547044419799174 -0.0945991414154379 0.5371181194880217 -0.20450151724359722 -0.04701769715032135 -0.3742738958289039 -0.3611409687527555 -0.454160320731657 -0.194598612448485 0.23299326619885732 -0.4880552755146761 -0.22474373775727594 -0.0907944745390401 -0.5032773602183329 -0.5650558575771908 -0.7492640210803979 0.12269208419396843 
0.739637038730063 0.6218345352651995 0.44163713271520355 0.26724561134596175 0.9521940087392659 0.7691414995594869 0.6210823810235668 -0.32809281239660626 1.0 -0.01560691165035084 0.029846430206953087 0.4521656631987469 -0.7344798048450714 -0.7623914313706194 0.1827366868666648 0.29942426900523494 -0.14951630432622465 -0.8155723729161977 -0.37250409851438887 -0.4428253328463164 -0.5474061713946162 -0.8997866625890788 -0.5887317960582837 -0.48516530598512225 -0.8742125107185417 -0.4823549095992076 -0.49739099991387437 -0.5650558575771908 -0.7291180731795126 0.12269208419396843 
0.07507680551134305 0.6218345352651995 0.3124746181981793 0.9123581574442098 0.9704894439524476 0.7691414995594869 -0.38114082318556913 0.7049814109991225 0.6940742142803826 -0.006500962900845361 0.026250078302847896 0.4521656631987469 -0.7466099408865522 0.16446937126436142 0.18843658523027887 -0.6465041439922949 -0.2026607305262016 -0.27970905400719803 -0.3742738958289039 -0.3611409687527555 -0.46482491261587966 -0.902099779265983 0.22251286503199494 0.49128323206670016 -0.8742125107185417 -0.47378574188482003 -0.49465903444024895 0.5354127298917573 -0.7291180731795126 0.12269208419396843 
0.09014134019699242 0.9377435195105678 0.6894672762696117 0.26724561134596175 0.9429977497524886 0.7691414995594869 -0.38114082318556913 0.7049814109991225 -0.03771381266496779 0.34437506077115804 0.032679217847449864 -0.7519915241255782 0.07141860084284272 0.17702291154993982 0.18843658523027887 0.5371181194880217 -0.1930989867684661 0.7949148902420461 -0.3742738958289039 -0.4442143856712951 -0.5474061713946162 -0.9115376565805039 0.22849583380286043 0.49128323206670016 -0.8875304058659077 -0.47378574188482003 -0.5052582609827145 -0.7340493591689827 -0.19580846679994846 0.12269208419396843 
0.07507680551134305 0.9345330203323841 0.11298647150472794 -0.4608700857054733 0.9521940087392659 0.5427747261219014 -0.3762611316318216 -0.3373707658516456 0.9973232306042099 0.7990111858916162 0.032679217847449864 0.4521656631987469 -0.7344798048450714 -0.7679405449800337 0.20042767199093106 0.5289955208814698 -0.14951630432622465 -0.8155723729161977 -0.3742738958289039 -0.44113959298458677 -0.4663776694293785 -0.9020553669483768 0.23274723666254044 -0.47893443263991853 -0.21733369361576532 -0.4823549095992076 -0.5013387803504926 -0.17008769523407002 -0.20539638133656835 -0.7621760542201013 
0.20235707955742466 -0.7186881128564775 0.6277089880569737 -0.9186419651690259 -0.1859818682065663 0.7810917438090156 -0.3797101302536067 0.42331139362509956 -0.048481791766432504 -0.3696503931261822 -0.5158709163757529 -0.7303072895658727 -0.7188541692365084 0.1582760683119249 -0.9290531127320425 -0.42687027755042994 -0.7605687020384121 -0.25660642496283964 -0.5516532232940634 0.6296196759092595 -0.7985307674017086 -0.1873496960536986 0.01823552868449227 -0.8552251805249406 0.6751593154656712 0.2000096999118781 0.5792512202784068 0.5022647812484967 -0.6811938781807946 0.8547643553910776 
0.0829176549756822 0.9345330203323841 0.11298647150472794 0.9212381004289264 0.9521940087392659 0.5465498306434712 0.6094279837644601 0.6512037634657941 0.9973232306042099 -0.01560691165035084 0.032679217847449864 -0.7534583876512206 0.9490186391600826 0.13272857744342081 0.20042767199093106 0.5289955208814698 -0.15640872560959615 -0.04384518490849548 -0.3742738958289039 -0.368910796136735 -0.4663776694293785 -0.899028283266198 0.22251286503199494 -0.4880552755146761 -0.22474373775727594 -0.47008607372193945 -0.49465903444024895 -0.17008769523407002 -0.21255318866423922 -0.7621760542201013 
0.17208190941356824 0.7392530107210252 -0.7263447445854547 -0.5818465611229651 -0.1939060237461019 -0.0238982006159858 -0.3762611316318216 0.7308938400131624 -0.0337766207605803 -0.3789980743676782 -0.5118846065665025 -0.12610336452765034 -0.0712043590872832 0.16197367442605828 -0.952893735718479 -0.16482633107425948 -0.7567387238694528 -0.28920327240665045 -0.37083932499149436 -0.6721206071382937 0.3519255437108347 0.7174685161301316 -0.04421242500699523 -0.47255532293677555 0.08926504849391045 -0.897032102045394 -0.08544601671469812 -0.579833524837613 -0.6801087991235685 -0.11518890971207188 
0.20235707955742466 -0.721101541240461 -0.5289735263681561 -0.9186419651690259 -0.18502796319699003 0.7583365963098855 -0.37556506039929094 0.43571576077728397 -0.02333097596989841 -0.3745292374011439 -0.9396688594525656 -0.730535098539447 -0.7225547118599367 0.15968885457965445 -0.9322014471378143 -0.16554393468785378 -0.9653044172736496 0.0055934467789574786 -0.5455461963013618 -0.6612553120759367 -0.7985307674017086 -0.09830384770964445 -0.19145000587203387 0.6619189073301605 -0.3355322242406101 -0.48916430673158146 0.567298693555662 -0.07013604473418897 0.8389239624131359 0.8652131521840847 
0.21857018816238372 -0.721101541240461 -0.5289735263681561 -0.918462179357412 -0.1798281382740748 0.7814205870383455 -0.37556506039929094 0.43571576077728397 -0.03883731216744706 -0.6261100266703368 -0.9371641439787559 -0.7256711509689108 -0.7267797395531655 0.15412936999097251 -0.9322014471378143 0.44554336770945757 -0.9653044172736496 0.0055934467789574786 -0.5439325731741769 0.6397736335162189 -0.7985307674017086 -0.09830384770964445 -0.19145000587203387 0.6619189073301605 -0.34435316067117755 -0.48916430673158146 0.561982663744007 0.5022647812484967 0.8389239624131359 0.8557040474990756 
0.0829176549756822 0.9315146892533311 -0.5807658440093973 -0.4608700857054733 0.9413754925163513 0.5427747261219014 -0.3808895103101595 -0.3373707658516456 0.9973232306042099 0.7964301166686767 0.6093999685308993 -0.7548996983353056 -0.9170472144662309 -0.7679161132989604 -0.0945991414154379 0.5289955208814698 -0.14287257033845205 -0.8144971080330673 -0.3742738958289039 -0.44113959298458677 -0.45687482786877104 -0.9007783032970228 0.23274723666254044 0.49128323206670016 -0.4268403223290501 -0.4823549095992076 -0.510503937937425 -0.5742219740946596 -0.20539638133656835 -0.7619674009339271 
0.19636465820657897 -0.7186881128564775 -0.5807658440093973 -0.4608700857054733 -0.5427177074240365 0.7604747938971819 -0.3407788438563563 0.42345635705520085 -0.03471532958258424 -0.5129509911716179 -0.5064980652192841 -0.7372463317629517 -0.7144364253256699 -0.7679161132989604 -0.8393736557790082 0.4777577810170381 -0.9653044172736496 -0.009924235976333405 -0.3742738958289039 0.6283147053763601 -0.8003924982824951 0.42511029639979786 -0.745112409452277 0.4980247039577203 -0.43654572164682925 -0.4785105898246633 -0.510503937937425 -0.09900845555206232 -0.20539638133656835 -0.11960124664157376 
0.20235707955742466 -0.721101541240461 -0.5289735263681561 -0.9186419651690259 -0.18502796319699003 0.7583365963098855 -0.37556506039929094 0.43571576077728397 -0.02333097596989841 -0.3745292374011439 -0.9396688594525656 -0.730535098539447 -0.7225547118599367 0.15968885457965445 -0.9322014471378143 -0.16554393468785378 -0.9653044172736496 0.0055934467789574786 -0.5455461963013618 -0.6612553120759367 -0.7985307674017086 -0.09830384770964445 -0.19145000587203387 0.6619189073301605 -0.3355322242406101 -0.48916430673158146 0.567298693555662 -0.07013604473418897 0.8389239624131359 0.8652131521840847 
0.09014134019699242 0.9311036600095015 0.11169909261760318 0.8929025494762656 0.9413754925163513 0.7713071091743021 0.18054575873712064 -0.3373707658516456 0.999839174609378 0.34437506077115804 0.600284128707936 -0.7548996983353056 0.21540714691267526 -0.7681298947596695 -0.0945991414154379 0.5394582754042236 -0.1441976362915407 -0.8048072932949666 -0.5616285043343472 -0.4466212273712637 -0.5430481289292401 -0.9007783032970228 0.23274723666254044 0.49128323206670016 -0.8870286984873751 -0.47392533581516244 -0.510503937937425 -0.16151748273234703 -0.20539638133656835 -0.7621760542201013 
0.20853409373810425 -0.7206993962169592 -0.7263447445854547 -0.8964859258307634 -0.5412668436989321 -0.026956979455427906 -0.9158147534811176 0.7308938400131624 -0.014214271399510519 -0.3655331867708202 -0.515594192056524 -0.12610336452765034 -0.7225547118599367 0.13959006926195655 -0.5208195022805051 0.8912625204144258 -0.7533113133455052 -0.28920327240665045 -0.5439325731741769 -0.6627272385170975 0.2433271063359343 0.7129243290541745 0.009183240868562172 -0.47255532293677555 0.6755980777768995 0.20385907688442298 0.5827623860438039 -0.09249974526411181 0.828635821079469 0.8640382960722389 
0.20439030303617842 -0.7206993962169592 -0.5172131405381208 -0.9068693255821488 -0.1857819961546714 0.6297732826246949 -0.9158147534811176 0.41855749397836256 -0.020608985759775218 -0.36972548813566497 -0.5071904259981779 -0.12610336452765034 -0.7190359656322935 0.14387340794435352 -0.9189225466138582 0.8912625204144258 -0.7568934590409865 -0.2875313288382741 -0.5458337308335683 0.6233494446930802 -0.7138949713177432 -0.11804752550072868 0.01032413829425224 -0.8440260928365398 0.6698706638267894 0.1865686222464801 0.5827623860438039 -0.07909097979176992 0.8338174452279296 -0.11230748007602964 
0.20235707955742466 -0.7186881128564775 -0.526328955636209 -0.9186419651690259 -0.5412668436989321 0.7604747938971819 -0.9178019217896983 0.4164348575114183 -0.01951176725589555 -0.3778854387242985 -0.515594192056524 -0.7372118508435254 -0.7225547118599367 0.15968885457965445 -0.967617798666686 0.49107573312232466 0.31600170366997027 0.005911813200574569 -0.5439325731741769 -0.6612553120759367 -0.8003924982824951 -0.11779506234219257 0.00964544316903036 -0.8505678683028952 -0.3426588040709819 -0.7696834102867594 0.575001036058024 -0.07013604473418897 -0.6787801410640721 -0.125168229176221 
0.20235707955742466 -0.7186881128564775 -0.5252292453258567 -0.9186419651690259 -0.5475100410392844 0.6345749991424514 -0.9099670986591967 0.41855749397836256 -0.020608985759775218 -0.3778854387242985 -0.5099926661961693 -0.7325087489504216 -0.7282065294771087 0.15968885457965445 -0.8452498603745457 -0.15712967341815015 -0.7487818989571401 0.6599175723024923 -0.8593262646392801 0.640939559681366 -0.7834243729549888 -0.11779506234219257 0.017068826507658192 -0.8505678683028952 -0.3488506934817474 0.1865686222464801 0.5708984350430214 -0.07424897987748968 -0.6811938781807946 -0.125168229176221 
0.20235707955742466 -0.7186881128564775 0.11298647150472794 -0.9134405640426261 -0.5475100410392844 0.7604747938971819 -0.9178019217896983 0.4164348575114183 -0.03307239501332616 -0.5220164823281704 -0.514479256976134 -0.7372463317629517 -0.7225547118599367 0.16006796260019027 -0.9182274340314629 0.49107573312232466 -0.9653044172736496 -0.011894206235554273 -0.5439325731741769 0.6283147053763601 -0.8003924982824951 0.42576015496794023 0.00964544316903036 0.6590741903946133 0.6740716031501907 -0.7666688751732409 0.5704772708239393 -0.07013604473418897 0.8215966313378196 -0.11960124664157376 
0.2074979460473973 -0.7186881128564775 -0.5307115854051447 -0.8998685596874464 -0.18213660854552946 0.6516543619181834 -0.3407788438563563 0.43564547693470923 -0.03307239501332616 -0.3749075016898966 -0.5064980652192841 0.6681313364068686 -0.7225547118599367 0.1658837001061498 -0.8393736557790082 0.4777577810170381 -0.7574140763631968 0.005911813200574569 -0.5411470868361933 0.6283147053763601 -0.7925831240550495 0.4337459574421527 0.00631009004528222 0.6602093333752024 -0.33911221779178446 -0.4719676834965712 0.5652833807987093 -0.09900845555206232 0.8218650519533721 -0.10891515644089901 
0.20016241414931776 -0.7186881128564775 -0.5307115854051447 -0.8998685596874464 -0.17783023605015702 0.6516543619181834 -0.07931829638003327 0.43152931987935256 -0.020608985759775218 -0.3674573324500713 -0.511001605884204 -0.7381484059397776 -0.7137342626022567 0.18054426880252894 -0.9302549393212153 0.4777577810170381 -0.7522417132359843 0.009998184167405232 -0.8566551839068605 -0.7112013553597076 0.25003964920294064 -0.09539344740164354 0.00631009004528222 0.625319099423854 -0.35563643323392663 -0.4719676834965712 -0.05265214630869533 -0.09249974526411181 0.8172108321503335 0.8557040474990756 
0.20016241414931776 -0.7186881128564775 -0.5258371248171866 -0.9068693255821488 -0.1857819961546714 0.6353444645863158 -0.9099670986591967 0.06519097300026525 -0.6850752807628838 -0.369625550874902 -0.5158709163757529 -0.7325087489504216 -0.732518760383527 0.14387340794435352 -0.9149661230252392 0.46762189491071104 -0.7559310956273947 -0.005508973561543052 -0.5500537632737681 -0.6631398428164159 0.23838800921530687 -0.11587554945090073 0.4224898802002519 0.6602093333752024 0.6755980777768995 0.1865686222464801 -0.048087786733815197 -0.08451594253299538 0.8252737142701554 -0.11457569850100173 
0.20016241414931776 -0.7206993962169592 -0.7263447445854547 -0.8964859258307634 -0.1939060237461019 -0.026956979455427906 -0.34720758954884234 0.7308938400131624 -0.6850752807628838 -0.37407814503677916 -0.5158709163757529 -0.12610336452765034 -0.7145696423907751 0.14387340794435352 -0.958059818928736 0.8912625204144258 -0.7533113133455052 -0.28920327240665045 -0.5490832050693096 -0.6631398428164159 0.23838800921530687 0.7129243290541745 -0.04421242500699523 -0.47255532293677555 0.6755980777768995 0.20464383626630217 -0.048087786733815197 -0.09249974526411181 0.8298514596384683 0.8611390898641165 
0.18062082898846155 -0.7186881128564775 -0.5262843675420452 -0.9068693255821488 -0.17783023605015702 0.6345749991424514 -0.07931829638003327 0.4210478863401786 -0.013303058998887115 -0.6232395931461573 -0.5058178501933254 -0.7381484059397776 -0.7181283629952298 0.18184434261476415 -0.9304092808921971 0.4875152551814838 -0.7522417132359843 0.00336540270739553 -0.8566551839068605 -0.7112013553597076 0.23838800921530687 -0.10415865606718583 0.005849656009370051 0.6640576758662369 -0.3554524923858201 -0.4627214483659653 0.5708984350430214 -0.09249974526411181 0.8252737142701554 0.8557040474990756 
0.20016241414931776 -0.7186881128564775 -0.5307115854051447 -0.8998685596874464 -0.17783023605015702 0.6516543619181834 -0.07931829638003327 0.43152931987935256 -0.020608985759775218 -0.3674573324500713 -0.511001605884204 -0.7381484059397776 -0.7137342626022567 0.18054426880252894 -0.9302549393212153 0.4777577810170381 -0.7522417132359843 0.009998184167405232 -0.8566551839068605 -0.7112013553597076 0.25003964920294064 -0.09539344740164354 0.00631009004528222 0.625319099423854 -0.35563643323392663 -0.4719676834965712 -0.05265214630869533 -0.09249974526411181 0.8172108321503335 0.8557040474990756 
0.20235707955742466 -0.7288460906923029 -0.5095913848493998 -0.9068693255821488 -0.5208588118470201 0.6295111351425661 -0.898017215094625 0.42162094974490893 -0.020608985759775218 -0.6189027526544546 -0.5039664894147003 -0.7371847505141773 -0.7225547118599367 0.15240147567263565 -0.9320065583947774 0.4629913697491169 -0.7554137018408429 -0.0010878538147087394 -0.5507434291194342 0.6517404477278954 -0.7981240075665584 -0.09263399786296167 -0.17621151806672716 0.6602093333752024 0.6725069886736973 -0.349289858236864 0.5696407565835151 -0.0925249916013431 0.8306866190391969 0.8478118736585811 
0.20016241414931776 -0.7186881128564775 -0.5262843675420452 -0.9068693255821488 -0.17783023605015702 0.6345749991424514 -0.07931829638003327 0.4321211775224573 -0.020608985759775218 -0.3674573324500713 -0.5058178501933254 -0.7335833800840471 -0.7225547118599367 0.17364743847619754 -0.9304092808921971 0.4777577810170381 -0.7522417132359843 0.00336540270739553 -0.5388277250272958 0.6296196759092595 0.23838800921530687 -0.09830221542494551 -0.007101733015050362 0.6602093333752024 -0.33911221779178446 -0.4719676834965712 -0.04388882215768386 -0.09249974526411181 0.8252737142701554 0.8557040474990756 
0.20235707955742466 -0.7288460906923029 -0.5221388122769838 -0.9138979565459366 -0.18213660854552946 0.6353039955827753 -0.8933353564489637 0.43826757266742955 -0.020608985759775218 -0.3749075016898966 -0.5064980652192841 0.6681313364068686 -0.7177578365857016 -0.46970711557044464 -0.9320065583947774 0.4537066714807658 -0.7574140763631968 0.007313342896078068 -0.5411470868361933 0.6376000145501073 -0.7925831240550495 -0.08625698275859035 -0.18106758577598772 -0.842441398919233 -0.3464358688389051 -0.4719676834965712 0.5696407565835151 -0.0925249916013431 0.8306296391091541 0.8484330612224069 
0.18062082898846155 -0.7186881128564775 -0.5262843675420452 -0.9068693255821488 -0.17783023605015702 0.6345749991424514 -0.07931829638003327 0.4210478863401786 -0.013303058998887115 -0.6232395931461573 -0.5058178501933254 -0.7381484059397776 -0.7181283629952298 0.18184434261476415 -0.9304092808921971 0.4875152551814838 -0.7522417132359843 0.00336540270739553 -0.8566551839068605 -0.7112013553597076 0.23838800921530687 -0.10415865606718583 0.005849656009370051 0.6640576758662369 -0.3554524923858201 -0.4627214483659653 0.5708984350430214 -0.09249974526411181 0.8252737142701554 0.8557040474990756 
0.20235707955742466 -0.7288460906923029 -0.5095913848493998 -0.9186419651690259 -0.5208588118470201 0.6345749991424514 -0.3478577547127169 0.42162094974490893 -0.5050723569443416 -0.6189027526544546 -0.502943251769963 -0.7371847505141773 -0.7160038662983389 0.15240147567263565 -0.9320065583947774 0.4710300965719549 -0.7533113133455052 0.014325078576858613 -0.5391855046440439 0.6517404477278954 -0.7981240075665584 -0.10672427260797251 -0.17621151806672716 -0.847031271347493 0.6755980777768995 -0.49578062742022266 0.5708984350430214 -0.0925249916013431 0.824399850153197 0.8547643553910776 
0.20235707955742466 -0.7186881128564775 -0.5252292453258567 -0.9186419651690259 -0.5475100410392844 0.6345749991424514 -0.9099670986591967 0.41855749397836256 -0.020608985759775218 -0.3778854387242985 -0.5099926661961693 -0.7325087489504216 -0.7282065294771087 0.15968885457965445 -0.8452498603745457 -0.15712967341815015 -0.7487818989571401 0.6599175723024923 -0.8593262646392801 0.640939559681366 -0.7834243729549888 -0.11779506234219257 0.017068826507658192 -0.8505678683028952 -0.3488506934817474 0.1865686222464801 0.5708984350430214 -0.07424897987748968 -0.6811938781807946 -0.125168229176221 
0.20853409373810425 -0.7206993962169592 -0.7263447445854547 -0.8964859258307634 -0.5412668436989321 -0.026956979455427906 -0.9158147534811176 0.7308938400131624 -0.014214271399510519 -0.3655331867708202 -0.515594192056524 -0.12610336452765034 -0.7225547118599367 0.13959006926195655 -0.5208195022805051 0.8912625204144258 -0.7533113133455052 -0.28920327240665045 -0.5439325731741769 -0.6627272385170975 0.2433271063359343 0.7129243290541745 0.009183240868562172 -0.47255532293677555 0.6755980777768995 0.20385907688442298 0.5827623860438039 -0.09249974526411181 0.828635821079469 0.8640382960722389 
0.20439030303617842 -0.7206993962169592 -0.5172131405381208 -0.9068693255821488 -0.1857819961546714 0.6297732826246949 -0.9158147534811176 0.41855749397836256 -0.020608985759775218 -0.36972548813566497 -0.5071904259981779 -0.12610336452765034 -0.7190359656322935 0.14387340794435352 -0.9189225466138582 0.8912625204144258 -0.7568934590409865 -0.2875313288382741 -0.5458337308335683 0.6233494446930802 -0.7138949713177432 -0.11804752550072868 0.01032413829425224 -0.8440260928365398 0.6698706638267894 0.1865686222464801 0.5827623860438039 -0.07909097979176992 0.8338174452279296 -0.11230748007602964 
0.18970800537813215 -0.7207940560885522 -0.5124146977207417 -0.9068693255821488 -0.1857819961546714 0.6408192734250409 -0.3478577547127169 0.41855749397836256 -0.4952975796485015 -0.6189027526544546 -0.5214186943238185 -0.7371847505141773 -0.7190359656322935 0.14387340794435352 -0.9239215627071753 0.46762189491071104 -0.7489027261010733 0.6571785950345674 -0.5458337308335683 0.6296196759092595 -0.7902765270338253 -0.11804752550072868 -0.18445744179373716 -0.842441398919233 0.6755980777768995 -0.11446317489996138 0.5708984350430214 -0.07909097979176992 0.8338174452279296 -0.11457569850100173 
0.20235707955742466 -0.7288460906923029 -0.5095913848493998 -0.9068693255821488 -0.5208588118470201 0.6295111351425661 -0.898017215094625 0.42162094974490893 -0.020608985759775218 -0.6189027526544546 -0.5039664894147003 -0.7371847505141773 -0.7225547118599367 0.15240147567263565 -0.9320065583947774 0.4629913697491169 -0.7554137018408429 -0.0010878538147087394 -0.5507434291194342 0.6517404477278954 -0.7981240075665584 -0.09263399786296167 -0.17621151806672716 0.6602093333752024 0.6725069886736973 -0.349289858236864 0.5696407565835151 -0.0925249916013431 0.8306866190391969 0.8478118736585811 
0.19541319035370647 0.9979852657995865 -0.5207723307484982 -0.9186419651690259 -0.5244116561504685 0.6345749991424514 -0.3478577547127169 0.7142089067406048 -0.03307239501332616 -0.6189027526544546 -0.5045142507148602 -0.7302945389074625 -0.7177578365857016 0.15240147567263565 -0.9320065583947774 0.4760534527133662 -0.7533113133455052 0.014320737361450064 -0.546332592352935 0.6492525564528808 0.4936111307831754 -0.10672427260797251 0.00631009004528222 -0.847031271347493 0.6731788667468831 -0.49578062742022266 0.5708984350430214 -0.08586081393386254 0.8241378386564528 0.8547643553910776 
0.20235707955742466 0.9979852657995865 -0.5221388122769838 -0.9138979565459366 -0.5215442856920027 0.6345749991424514 -0.3478577547127169 0.7142089067406048 -0.03307239501332616 -0.6189027526544546 -0.5158709163757529 -0.7373268058054087 -0.7177578365857016 0.15702035094305886 -0.9320065583947774 0.46762189491071104 -0.7533113133455052 0.014325078576858613 -0.546332592352935 0.6450865312799957 -0.8452384976206642 -0.10136174300384261 0.00631009004528222 -0.842441398919233 0.6755980777768995 -0.49578062742022266 0.561982663744007 -0.0925249916013431 0.8241378386564528 0.8547643553910776 
0.20235707955742466 -0.7288460906923029 -0.5221388122769838 -0.9138979565459366 -0.18213660854552946 0.6353039955827753 -0.8933353564489637 0.43826757266742955 -0.020608985759775218 -0.3749075016898966 -0.5064980652192841 0.6681313364068686 -0.7177578365857016 -0.46970711557044464 -0.9320065583947774 0.4537066714807658 -0.7574140763631968 0.007313342896078068 -0.5411470868361933 0.6376000145501073 -0.7925831240550495 -0.08625698275859035 -0.18106758577598772 -0.842441398919233 -0.3464358688389051 -0.4719676834965712 0.5696407565835151 -0.0925249916013431 0.8306296391091541 0.8484330612224069 
0.20016241414931776 -0.7206993962169592 -0.5262843675420452 -0.8998685596874464 -0.5300419555406651 0.6345749991424514 -0.3407788438563563 0.7142089067406048 -0.03307239501332616 -0.6189027526544546 -0.5158709163757529 -0.7306686499035114 -0.7177578365857016 0.13501877206387494 -0.9149661230252392 0.4666703395772364 -0.7533113133455052 0.014325078576858613 -0.5458337308335683 0.7020123006867063 -0.8452384976206642 -0.10136174300384261 0.00631009004528222 -0.8419632721857034 -0.3488506934817474 0.20464383626630217 0.5652833807987093 -0.09249974526411181 0.8241378386564528 0.8679510870440165 
