5.815071358950837 3.247038991494801 
4.106115023913324 3.1195136627244224 
6.668768622666402 3.069746970030838 
6.668768622666402 3.069746970030838 
4.360646390567476 2.499677487627114 
5.89799685668583 2.8626314520758065 
6.49127173114692 3.363436087210536 
4.366218319328848 2.9188156500827285 
4.106115023913324 3.1195136627244224 
3.947676143368379 2.9648553333576766 
5.561828947795577 2.9150664009382754 
4.366218319328848 2.9188156500827285 
5.678172480331639 3.282375180182199 
4.360646390567476 2.499677487627114 
5.415967753673765 2.981847067926527 
3.5012671244208 3.3508288796290167 
4.011123603010372 2.8913918313197486 
5.415967753673765 2.981847067926527 
5.337863005895555 3.3499575249581164 
3.5554211326101806 3.053567401629457 
3.9772324234217518 3.213221490916716 
4.491912209204911 3.3473097349679755 
5.337863005895555 3.3499575249581164 
4.011123603010372 2.8913918313197486 
3.967218103754096 3.2126775381433035 
3.967218103754096 3.2126775381433035 
3.9876375659878884 3.481377839015728 
4.547639880021594 3.52630335040941 
3.9039531149772584 3.2859828044280786 
4.065168708618637 3.537803368020864 
4.491912209204911 3.3473097349679755 
3.7259258530916024 3.454752456584062 
3.9876375659878884 3.481377839015728 
4.369388171125573 3.545449535026135 
3.5062049874397787 3.525731464742695 
3.9876375659878884 3.481377839015728 
3.9876375659878884 3.481377839015728 
4.174339945713775 3.4276745817603786 
3.466920113998001 3.753731751392197 
3.707184198129048 3.772220674572848 
4.302047481264788 3.4527897316301397 
4.302047481264788 3.4527897316301397 
3.9704388429826403 4.041549373055223 
3.9704388429826403 4.041549373055223 
4.164600005501212 4.18630290679119 
4.164600005501212 4.18630290679119 
3.688909434684527 4.221013875232481 
3.7386616347275465 4.37672572966698 
3.628728063414709 4.404790103641656 
3.8239518168273836 4.414865257916664 
3.684771528312498 4.174942773911509 
3.688909434684527 4.221013875232481 
3.684771528312498 4.174942773911509 
3.187342371956337 4.401906528790723 
3.3392463358732716 4.49868282942931 
3.301707185004574 4.469669274315674 
3.1871412042350533 4.180120131336099 
3.3024569749478876 4.05106813068565 
3.3392463358732716 4.49868282942931 
3.2450497183127176 4.401068706320059 
3.2450497183127176 4.401068706320059 
3.301707185004574 4.469669274315674 
3.3024569749478876 4.05106813068565 
3.1871412042350533 4.180120131336099 
3.1259732353440732 4.488030198972712 
2.857020287469139 4.681392939992795 
2.8893883818115063 4.711518045295685 
2.2576528168881804 5.320771735407488 
3.1081774119122585 4.502693577575343 
2.8893883818115063 4.711518045295685 
2.7609791545128637 5.177733848009714 
3.1579319918441975 5.269792653825249 
2.728023248836171 4.970286997384179 
2.7609791545128637 5.177733848009714 
2.1266718904240607 5.284750512890773 
2.3071065142928724 5.430359595855939 
2.728180117225867 5.227142449216365 
2.438826318740362 5.062855442292137 
2.4987048791519912 5.467312570066138 
2.1266718904240607 5.284750512890773 
2.624080200660326 5.54163089359913 
1.9986236660770684 4.955170522192241 
2.4987048791519912 5.467312570066138 
2.438826318740362 5.062855442292137 
2.2576528168881804 5.320771735407488 
2.099108374138483 5.177492959947593 
2.099108374138483 5.177492959947593 
2.254506557073706 5.177492959947593 
2.2458972857988995 5.281017794505561 
2.0151353172787325 5.875608707675058 
2.254506557073706 5.177492959947593 
2.0151353172787325 5.79306974920352 
2.4987425360594946 5.930651460834181 
2.3181656654269687 6.158798411355839 
2.0151353172787325 5.79306974920352 
2.300221748754883 5.6638191517023175 
1.9986236660770684 4.955170522192241 
2.455925297234435 6.140008026785472 
2.4907347222238014 6.393161005932662 
2.3181656654269687 6.158798411355839 
