0.38610765852391987 1.0 0.8232658549713899 0.9043304370990708 -0.9037419639283164 0.4030360901764122 0.9444420969006437 0.4042750092511741 0.14987966945423817 0.41892468288217405 0.7552889996387117 0.29470050760920163 0.14887984285815287 0.3371392146266993 -0.20290892888673884 0.848378636375879 -0.34114460587185946 0.6123596423193756 -0.7387037258421455 0.10499086901550403 -0.9927768344457726 0.28384847354436915 1.0 -1.0 0.57981424220628 -0.44252126783483614 0.8280137609467533 0.7438933953111695 -0.18580830989855135 -0.5939909167241174 
0.7341435708090444 1.0 0.7267754951146979 1.0 0.03635994764911313 0.09570881406813309 0.3538757765051661 0.5632290091467167 0.9571555820998813 0.33946376685860546 0.6341629019505355 0.82453039328164 -0.23253621843907143 0.2418898812927916 0.844474311650015 0.3375386920220145 -0.014422671656917019 0.23120139653874403 -0.5250908624197288 0.3836410742732217 -0.868645231733499 0.22844311289619185 -0.985694365988357 -0.9803277869002727 -1.0 -0.8540992946532908 0.41678880022403686 0.1441927701382953 -0.23240636605808507 -0.9386764241132295 
0.3880466174896924 1.0 0.9097484172184909 0.9521652185495354 -1.0 0.4030360901764122 1.0 0.5926764847155997 -0.3403611883664238 0.41892468288217405 1.0 0.18768929405430335 0.14887984285815287 0.3043011693928905 -0.8457508308734096 0.848378636375879 -0.24702240671069653 0.8130971419835918 -0.8260911775084766 -0.06956621109865639 -1.0 0.33117570094884613 1.0 -1.0 1.0 -0.4235899444050086 1.0 0.7353358643250586 -0.26073896517005296 -0.4091542398454993 
0.3880466174896924 1.0 0.9097484172184909 0.9521652185495354 -1.0 0.4030360901764122 1.0 0.5926764847155997 -0.3403611883664238 0.41892468288217405 1.0 0.18768929405430335 0.14887984285815287 0.3043011693928905 -0.8457508308734096 0.848378636375879 -0.24702240671069653 0.8130971419835918 -0.8260911775084766 -0.06956621109865639 -1.0 0.33117570094884613 1.0 -1.0 1.0 -0.4235899444050086 1.0 0.7353358643250586 -0.26073896517005296 -0.4091542398454993 
0.7341435708090444 1.0 0.7267754951146979 1.0 0.03635994764911313 0.058684546863962087 0.3538757765051661 0.12401665463355688 0.9571555820998813 0.33946376685860546 0.656640083840253 0.5442342905348291 -0.23253621843907143 -0.030901049162900263 0.9703521744288759 0.3375386920220145 -0.18146418734468583 0.08405242119143794 -0.5250908624197288 0.37967521706201907 -0.8536488476016876 0.1891940187354152 -0.985694365988357 -1.0 -1.0 -0.8114491099509644 0.41678880022403686 0.1441927701382953 -0.3118652121499343 -0.9386764241132295 
0.3880466174896924 1.0 0.8615032372901449 1.0 -1.0 0.4030360901764122 0.9444420969006437 0.45254730740679117 -0.3403611883664238 0.41892468288217405 1.0 0.31245618551711707 0.14887984285815287 0.3043011693928905 -0.2591202792156022 0.848378636375879 -0.24702240671069653 0.8130971419835918 -0.8260911775084766 0.06777596292460113 -1.0 0.28384847354436915 1.0 -1.0 0.57981424220628 -0.6080538654630727 0.8280137609467533 0.7353358643250586 -0.26073896517005296 -0.5814969935400554 
0.3822297405923748 1.0 0.6716068112072611 1.0 -0.8074839278566329 0.4706178285136308 0.6935263758501155 0.27835689324100055 -0.07030910242978852 0.41892468288217405 0.8717763167544084 0.2769448297012862 -0.006345384216096719 0.11300979557379684 -0.19666207928185708 0.848378636375879 -0.4352668050330224 0.5454471424313035 -0.6513162741758144 0.13257242549772424 -0.985553668891545 0.47221704450260227 1.0 -0.898509454394974 0.3010502672606465 -0.0039652825660371205 0.6521096258819236 0.7438933953111695 -0.10687936621185862 -0.6006665155459143 
0.7341435708090444 1.0 0.26829723814590944 0.5058425212889529 0.2588930363021227 0.05496978574604811 0.2822581352666344 -0.4095955541049062 0.8251180831010865 0.028507448476849745 0.47392335114571854 0.5812331583302943 -0.13157794332742828 -0.07615051456866652 0.48149381038549777 -0.47654397958009215 -0.5783506415674617 0.050343682400573075 0.23661475920873565 0.2676357144312033 -0.838363281503139 0.0916870263692543 0.1343794948064415 -0.7336103890406271 -0.2555560746797897 -0.3009414328334862 0.18352762491256788 0.08565105202028958 -0.2662761416215686 -0.9279324394214146 
0.7341435708090444 1.0 0.7267754951146979 1.0 0.03635994764911313 0.09570881406813309 0.3538757765051661 0.5632290091467167 0.9571555820998813 0.33946376685860546 0.6341629019505355 0.82453039328164 -0.23253621843907143 0.2418898812927916 0.844474311650015 0.3375386920220145 -0.014422671656917019 0.23120139653874403 -0.5250908624197288 0.3836410742732217 -0.868645231733499 0.22844311289619185 -0.985694365988357 -0.9803277869002727 -1.0 -0.8540992946532908 0.41678880022403686 0.1441927701382953 -0.23240636605808507 -0.9386764241132295 
0.7341435708090444 1.0 0.26829723814590944 0.5058425212889529 0.2588930363021227 0.05125502462813414 -0.044223228438601256 -0.4095955541049062 0.7605625114880299 -0.20671958587441627 0.41356211863182835 0.5812331583302943 -0.054893952215473454 -0.16498920214798862 0.2443911718998415 -0.47654397958009215 -0.5783506415674617 0.4307605860551983 0.23661475920873565 0.12868112081906777 -0.8248835067931474 0.03840405496914977 0.1343794948064415 -0.5573104770832222 -0.2555560746797897 -0.3009414328334862 0.038218517133513735 0.17881926881604912 -0.4190692351202478 -0.9279324394214146 
0.38610765852391987 1.0 0.8232658549713899 1.0 -1.0 0.4030360901764122 0.9444420969006437 0.4042750092511741 -0.07030910242978852 0.41892468288217405 1.0 0.31245618551711707 0.14887984285815287 0.21810811670110442 -0.19666207928185708 0.848378636375879 -0.24702240671069653 0.6792721422074477 -0.8260911775084766 0.06777596292460113 -0.9927768344457726 0.28384847354436915 1.0 -1.0 0.57981424220628 -0.44252126783483614 0.8280137609467533 0.7438933953111695 -0.18580830989855135 -0.5873153179023205 
0.7341435708090444 1.0 0.26829723814590944 0.5058425212889529 0.2588930363021227 0.05496978574604811 0.2822581352666344 -0.4095955541049062 0.8251180831010865 0.028507448476849745 0.47392335114571854 0.5812331583302943 -0.13157794332742828 -0.07615051456866652 0.48149381038549777 -0.47654397958009215 -0.5783506415674617 0.050343682400573075 0.23661475920873565 0.2676357144312033 -0.838363281503139 0.0916870263692543 0.1343794948064415 -0.7336103890406271 -0.2555560746797897 -0.3009414328334862 0.18352762491256788 0.08565105202028958 -0.2662761416215686 -0.9279324394214146 
0.3822297405923748 1.0 0.6716068112072611 0.8086608741981417 -0.8074839278566329 0.20083748813095492 0.3821673618457724 0.27835689324100055 0.3700684413382649 0.41892468288217405 0.5105779992774233 0.2769448297012862 -0.006345384216096719 0.20167216069544236 0.18193297196609637 0.448011280502588 -0.4352668050330224 0.5454471424313035 -0.6513162741758144 0.14220577510640695 -0.985553668891545 0.47221704450260227 0.21054897760812508 -0.898509454394974 0.3010502672606465 -0.0039652825660371205 0.6521096258819236 0.30430329509715687 -0.10687936621185862 -0.6006665155459143 
0.7341435708090444 1.0 0.7267754951146979 1.0 0.03635994764911313 0.058684546863962087 0.3538757765051661 0.12401665463355688 0.9571555820998813 0.33946376685860546 0.656640083840253 0.5442342905348291 -0.23253621843907143 -0.030901049162900263 0.9703521744288759 0.3375386920220145 -0.18146418734468583 0.08405242119143794 -0.5250908624197288 0.37967521706201907 -0.8536488476016876 0.1891940187354152 -0.985694365988357 -1.0 -1.0 -0.8114491099509644 0.41678880022403686 0.1441927701382953 -0.3118652121499343 -0.9386764241132295 
0.38610765852391987 1.0 0.8232658549713899 1.0 -1.0 0.3880113555664303 0.9444420969006437 0.38493327949417794 -0.07030910242978852 0.41892468288217405 1.0 0.2606623586323151 0.14887984285815287 0.21810811670110442 -0.13372314789242662 0.848378636375879 -0.24702240671069653 0.6792721422074477 -0.8260911775084766 0.07529512678304368 -0.9927768344457726 0.28384847354436915 1.0 -1.0 0.57981424220628 -0.44252126783483614 0.8280137609467533 0.7438933953111695 -0.2248320435121 -0.5873153179023205 
0.7355977900333738 1.0 0.33456741444828514 0.5297599120141852 0.23482852728420184 0.05125502462813414 0.2369141390888344 -0.35870457063872374 0.773028340001182 -0.20671958587441627 0.5359176188124726 0.5856720778072732 -0.054893952215473454 -0.08904616387390793 0.2443911718998415 -0.47654397958009215 -0.5783506415674617 0.4140324610831802 0.21476789629215287 0.11007366777361631 -0.8266892981817042 0.03840405496914977 0.1343794948064415 -0.6080557498857353 -0.2555560746797897 -0.5711162892967823 0.1261705846659286 0.39861431892305543 -0.4190692351202478 -0.9279324394214146 
0.7341435708090444 1.0 0.8303931371061959 1.0 0.03635994764911313 0.058684546863962087 0.8898768664993058 0.6203761408706298 0.9021394832272952 0.2637344828281158 0.656640083840253 0.672386228967136 -0.20826193443938307 0.08863121128473628 0.718596448871154 1.0 -0.18146418734468583 0.08405242119143794 -0.5250908624197288 0.3879828549978874 -0.8536488476016876 0.14496999776935882 -0.985694365988357 -0.9606555738005452 -1.0 -0.6774714867212176 0.41678880022403686 0.21227788533153635 -0.11348304812288942 -0.9386764241132295 
0.38610765852391987 1.0 0.8232658549713899 1.0 -1.0 0.3880113555664303 0.9444420969006437 0.38493327949417794 -0.07030910242978852 0.41892468288217405 1.0 0.2606623586323151 0.14887984285815287 0.21810811670110442 -0.13372314789242662 0.848378636375879 -0.24702240671069653 0.6792721422074477 -0.8260911775084766 0.07529512678304368 -0.9927768344457726 0.28384847354436915 1.0 -1.0 0.57981424220628 -0.44252126783483614 0.8280137609467533 0.7438933953111695 -0.2248320435121 -0.5873153179023205 
0.38610765852391987 1.0 1.0 1.0 -1.0 0.45182505512427185 1.0 0.38493327949417794 -0.02446235336930011 0.5250622439890467 1.0 0.18242250282285172 0.2727294031298584 0.09542705946022584 -0.13372314789242662 1.0 -0.44122505133591033 0.4082718353883782 -1.0 0.07529512678304368 -0.9927768344457726 0.28384847354436915 0.794996659680855 -1.0 0.57981424220628 -0.44252126783483614 0.8280137609467533 0.9198151232818932 -0.2248320435121 -0.5873153179023205 
0.7341435708090444 1.0 0.9853662472376031 0.7529212606444764 0.03635994764911313 -0.015363987544379898 0.8898768664993058 -0.2580485681556898 0.9571555820998813 0.33946376685860546 0.7015944476196878 0.11179402347351411 -0.1650981095321667 -0.45695064962664744 0.9703521744288759 0.7466040242486406 -0.5155472187202235 -0.10711585677275884 0.006262105938877327 0.38005114057548217 -0.8236560793380647 0.06647180944780551 -0.985694365988357 -1.0 -1.0 -0.5921711173165649 -0.0013335818821889611 0.1441927701382953 -0.2724007403065879 -1.0 
0.7341435708090444 1.0 0.26829723814590944 0.6173217483962834 0.2588930363021227 -0.068942852251721 0.07080834784142936 0.22861677546341352 0.8104459851063184 0.05145936061437065 0.1493796818004382 0.8288659405860628 -0.12836339042660228 0.33399332576649343 0.5605280232140498 0.04764392462929695 0.2069411019057418 0.626053034829577 0.2051313731429509 0.15183912471508965 -0.8748703613523684 0.23893408725219428 -0.575687685350067 -0.519859513371608 -0.5294999554264513 -0.2507347808331215 -0.09618307079811331 -0.13956557060991118 -0.4190692351202478 -0.9334725676631235 
0.7341435708090444 1.0 0.7176226580141849 0.9442603864463348 0.03635994764911313 0.0927737971252389 0.2763500155518378 0.20138357366154158 0.8666828217534532 0.15740264928093156 0.8336856660353829 0.05708610976310796 -0.09162867132103786 -0.4982442708720373 0.718596448871154 0.33888802297239634 -0.25205583671555803 -0.08050630308382348 -0.271188988543574 0.43092772224177867 -0.8121447647600335 -0.04250586336535814 -0.2573028223118366 -1.0 -0.9504262166686036 -0.5422878341559887 0.5783937103757203 0.34409297852925336 -0.1557702776957397 -0.9719401402816678 
0.38610765852391987 1.0 1.0 1.0 -1.0 0.45182505512427185 1.0 0.38493327949417794 -0.02446235336930011 0.5250622439890467 1.0 0.18242250282285172 0.2727294031298584 0.09542705946022584 -0.13372314789242662 1.0 -0.44122505133591033 0.4082718353883782 -1.0 0.07529512678304368 -0.9927768344457726 0.28384847354436915 0.794996659680855 -1.0 0.57981424220628 -0.44252126783483614 0.8280137609467533 0.9198151232818932 -0.2248320435121 -0.5873153179023205 
0.7341435708090444 1.0 0.8303931371061959 1.0 0.03635994764911313 0.058684546863962087 0.8898768664993058 0.6203761408706298 0.9021394832272952 0.2637344828281158 0.656640083840253 0.672386228967136 -0.20826193443938307 0.08863121128473628 0.718596448871154 1.0 -0.18146418734468583 0.08405242119143794 -0.5250908624197288 0.3879828549978874 -0.8536488476016876 0.14496999776935882 -0.985694365988357 -0.9606555738005452 -1.0 -0.6774714867212176 0.41678880022403686 0.21227788533153635 -0.11348304812288942 -0.9386764241132295 
0.7341435708090444 1.0 0.9191935574434077 1.0 0.03635994764911313 0.058684546863962087 0.8898768664993058 0.5204897384457015 0.9571555820998813 0.33946376685860546 0.656640083840253 0.392090126220325 -0.20826193443938307 -0.030901049162900263 0.718596448871154 1.0 -0.18146418734468583 0.08405242119143794 -0.5250908624197288 0.3816208694013473 -0.8536488476016876 0.1891940187354152 -0.985694365988357 -1.0 -1.0 -0.6774714867212176 0.41678880022403686 0.4224510678928 -0.1557702776957397 -0.9386764241132295 
0.7341435708090444 1.0 0.9191935574434077 1.0 0.03635994764911313 0.058684546863962087 0.8898768664993058 0.5204897384457015 0.9571555820998813 0.33946376685860546 0.656640083840253 0.392090126220325 -0.20826193443938307 -0.030901049162900263 0.718596448871154 1.0 -0.18146418734468583 0.08405242119143794 -0.5250908624197288 0.3816208694013473 -0.8536488476016876 0.1891940187354152 -0.985694365988357 -1.0 -1.0 -0.6774714867212176 0.41678880022403686 0.4224510678928 -0.1557702776957397 -0.9386764241132295 
0.7341435708090444 1.0 0.44589807882033317 0.6041286746080825 0.2588930363021227 0.11878348530388966 0.6681600125407607 0.02884397061355684 0.9204781828514905 0.20291792867535002 0.7015944476196878 0.26827373509244085 -0.12836339042660228 -0.04851695291811914 0.718596448871154 -0.3112659853231912 -0.21676001203012193 0.2319756467911366 -0.71765318653088 0.13911515352200943 -0.9398008944197677 0.32738212918430704 -0.6123364123900908 -0.5985483657705175 -0.9752131083343019 -0.576083747297296 0.3303459554405832 0.28505956000567156 -0.5036436942659483 -0.9386764241132295 
0.7387447185135946 0.13606976227141432 -0.4533971459123486 0.6173217483962834 0.44674159620334336 -0.068942852251721 0.07080834784142936 -0.1057766381282389 0.9263951931836157 0.05145936061437065 0.11403012088177772 0.5676657870869124 -0.4202568622278184 0.19333815955114328 0.06351460189243496 0.04764392462929695 0.2452117974199498 0.1386134705456391 0.2051313731429509 0.15183912471508965 -0.8748703613523684 0.23893408725219428 -0.8454150264018792 -0.519859513371608 0.18739148088805513 -0.36965517449656304 0.2358048658982652 -0.13528680511685573 -0.4190692351202478 -0.6162492313305359 
0.7341435708090444 1.0 0.26829723814590944 0.6173217483962834 0.2588930363021227 -0.068942852251721 0.07080834784142936 0.22861677546341352 0.8104459851063184 0.05145936061437065 0.1493796818004382 0.8288659405860628 -0.12836339042660228 0.2903345258170879 0.5605280232140498 0.04764392462929695 0.06575780316399737 0.626053034829577 0.2051313731429509 0.15183912471508965 -0.8748703613523684 0.23893408725219428 -0.57890204478375 -0.519859513371608 -0.499388200593073 -0.2507347808331215 -0.09618307079811331 -0.13528680511685573 -0.4190692351202478 -0.9221141150591494 
0.7341435708090444 1.0 0.7083859338122189 1.0 0.03635994764911313 0.11878348530388966 0.4670926429534825 0.20138357366154158 0.7906866992051957 -0.037016957832220504 0.7015944476196878 0.6370258705100194 -0.12836339042660228 -0.13065306843741173 0.815957798710277 0.33888802297239634 -0.3200261167067838 0.08405242119143794 -0.271188988543574 0.43092772224177867 -0.9534722841886949 0.4853019946801227 -0.6300844487825095 -1.0 -0.9504262166686036 -0.5422878341559887 0.4111484105164249 0.34409297852925336 -0.1557702776957397 -0.9386764241132295 
0.7341435708090444 1.0 0.7176226580141849 0.9442603864463348 0.03635994764911313 0.0927737971252389 0.2763500155518378 0.20138357366154158 0.8666828217534532 0.15740264928093156 0.8336856660353829 0.05708610976310796 -0.09162867132103786 -0.4982442708720373 0.718596448871154 0.33888802297239634 -0.25205583671555803 -0.08050630308382348 -0.271188988543574 0.43092772224177867 -0.8121447647600335 -0.04250586336535814 -0.2573028223118366 -1.0 -0.9504262166686036 -0.5422878341559887 0.5783937103757203 0.34409297852925336 -0.1557702776957397 -0.9719401402816678 
0.7341435708090444 1.0 0.44589807882033317 0.6041286746080825 0.2588930363021227 0.11878348530388966 0.4670926429534825 -0.05093257058248313 0.8916245585625975 0.15740264928093156 0.7015944476196878 0.26827373509244085 -0.12836339042660228 -0.23193106085073018 0.718596448871154 -0.47654397958009215 -0.25205583671555803 0.08405242119143794 -0.5907022495928025 0.13911515352200943 -0.9398008944197677 0.1891940187354152 -0.6123364123900908 -0.5985483657705175 -0.9504262166686036 -0.5422878341559887 0.4111484105164249 0.26547003766478494 -0.5036436942659483 -0.9386764241132295 
0.7341435708090444 1.0 0.44589807882033317 0.6041286746080825 0.2588930363021227 0.11878348530388966 0.6681600125407607 0.02884397061355684 0.9204781828514905 0.20291792867535002 0.7015944476196878 0.26827373509244085 -0.12836339042660228 -0.04851695291811914 0.718596448871154 -0.3112659853231912 -0.21676001203012193 0.2319756467911366 -0.71765318653088 0.13911515352200943 -0.9398008944197677 0.32738212918430704 -0.6123364123900908 -0.5985483657705175 -0.9752131083343019 -0.576083747297296 0.3303459554405832 0.28505956000567156 -0.5036436942659483 -0.9386764241132295 
0.3822297405923748 0.9664035099780703 0.5075441642398948 0.7592873726986471 0.09897960629541433 0.11785626746787708 0.018713636271678612 0.8668291050317334 0.8207837775164886 0.41892468288217405 0.14662870312780846 1.0 0.7449820416179795 0.6820337158179515 -0.38788253072857515 0.630864005104977 -1.0 0.8022070402039168 0.17364798707716617 0.21588374026128648 -0.8183479144040624 0.43946411953523884 0.5956314105030134 -1.0 0.0025041308163667453 0.2552993387980528 0.06672735101788674 0.08968692923352833 0.269561900719234 -0.43737089241070165 
0.7345071256151268 1.0 0.7083859338122189 0.9581445662308434 0.03635994764911313 0.11878348530388966 0.4473747047219808 0.20138357366154158 0.7906866992051957 -0.14707697384883572 0.7015944476196878 0.6370258705100194 -0.10999603087382007 -0.1004497332267312 0.7217468169272295 0.33888802297239634 -0.48317351913273565 0.08405242119143794 -0.14969976733464227 0.43092772224177867 -0.9607445508995303 0.4853019946801227 -0.6253592761206082 -1.0 -0.9504262166686036 -0.5422878341559887 0.2562813041241532 0.3577233136277039 -0.1557702776957397 -0.9179735377956294 
0.7341435708090444 1.0 0.44589807882033317 0.6041286746080825 0.2588930363021227 0.11878348530388966 0.6681600125407607 0.02884397061355684 0.9204781828514905 0.20291792867535002 0.7015944476196878 0.26827373509244085 -0.12836339042660228 -0.04851695291811914 0.718596448871154 -0.3112659853231912 -0.21676001203012193 0.2319756467911366 -0.71765318653088 0.13911515352200943 -0.9398008944197677 0.32738212918430704 -0.6123364123900908 -0.5985483657705175 -0.9752131083343019 -0.576083747297296 0.3303459554405832 0.28505956000567156 -0.5036436942659483 -0.9386764241132295 
0.7341435708090444 1.0 0.44589807882033317 0.6041286746080825 0.2588930363021227 0.11878348530388966 0.6681600125407607 0.02884397061355684 0.9204781828514905 0.20291792867535002 0.7015944476196878 0.26827373509244085 -0.12836339042660228 -0.04851695291811914 0.718596448871154 -0.3112659853231912 -0.21676001203012193 0.2319756467911366 -0.71765318653088 0.13911515352200943 -0.9398008944197677 0.32738212918430704 -0.6123364123900908 -0.5985483657705175 -0.9752131083343019 -0.576083747297296 0.3303459554405832 0.28505956000567156 -0.5036436942659483 -0.9386764241132295 
0.3822297405923748 0.9544847975249029 0.5075441642398948 0.6325649469938 0.1522840829643171 0.11785626746787708 0.056772680429784686 0.8668291050317334 0.9948311037949149 0.41892468288217405 0.6132204393029226 1.0 0.7449820416179795 0.3068548046514413 -0.38788253072857515 0.630864005104977 -1.0 0.8304137238639766 0.7591341100940905 0.27333424040594395 -0.7472272641720332 0.945357955008751 0.20412025874075895 -0.7610894381363533 0.34493447164372176 0.2552993387980528 0.014024787691682514 -0.02105043904460384 0.30273181578817876 -0.39842794994027636 
0.7345071256151268 1.0 0.9330486437463567 0.9581445662308434 0.03635994764911313 0.11878348530388966 0.5501455385771851 0.20138357366154158 0.7906866992051957 -0.14707697384883572 0.7015944476196878 0.2511359550985419 -0.10999603087382007 -0.1004497332267312 0.8007810297557816 0.33888802297239634 -0.6420803390725134 0.08405242119143794 -0.14969976733464227 0.43092772224177867 -0.9597664795477481 0.34458201937134647 -0.4645596648846515 -1.0 -0.9504262166686036 -0.5422878341559887 0.2562813041241532 0.5974132054507584 -0.024120798983485653 -0.9428865504068886 
0.16703380780168176 -1.0 -1.0 -0.41268097957791006 0.6021667508776853 -0.1844551855623321 0.23585345229165225 -0.7961208914799822 -0.6713722476893355 -0.3634038517158265 -1.0 0.013788008969801951 -1.0 0.25527844835934 -0.7655289128333544 -0.9227460955385857 -0.08597038193725148 -1.0 -1.0 -1.0 -0.3595010489770628 -0.8312279248812358 -0.8226139245900486 0.8344323909682001 -0.15073842981403232 -0.3636164102103051 1.0 0.7138116787014579 -0.08424480000060097 0.007720422988891279 
0.3822297405923748 0.9544847975249029 0.5075441642398948 0.6325649469938 0.1522840829643171 0.11785626746787708 0.11689898707463772 0.8668291050317334 1.0 0.41892468288217405 0.6132204393029226 0.952887060607815 0.7449820416179795 0.3068548046514413 -0.44130200056233754 0.630864005104977 -1.0 0.8304137238639766 0.7591341100940905 0.27333424040594395 -0.7472272641720332 0.945357955008751 0.20412025874075895 -0.6655359548043539 0.41285307268198623 0.2552993387980528 0.014024787691682514 -0.02105043904460384 0.30273181578817876 -0.39842794994027636 
0.3822297405923748 0.9544847975249029 0.5075441642398948 0.6325649469938 0.1522840829643171 0.11785626746787708 0.11689898707463772 0.8668291050317334 1.0 0.41892468288217405 0.6132204393029226 0.952887060607815 0.7449820416179795 0.3068548046514413 -0.44130200056233754 0.630864005104977 -1.0 0.8304137238639766 0.7591341100940905 0.27333424040594395 -0.7472272641720332 0.945357955008751 0.20412025874075895 -0.6655359548043539 0.41285307268198623 0.2552993387980528 0.014024787691682514 -0.02105043904460384 0.30273181578817876 -0.39842794994027636 
0.16703380780168176 -1.0 -0.9720466265272216 -0.41268097957791006 0.6021667508776853 -0.1844551855623321 0.23585345229165225 -0.7961208914799822 -0.5612235990050842 -0.04074917480997887 -1.0 0.014054595709599216 -1.0 0.16103265637311015 -0.7120679645233683 -0.9227460955385857 -0.08597038193725148 -1.0 -1.0 -1.0 -0.3595010489770628 -0.8312279248812358 -0.8226139245900486 0.7133395500040017 0.2298109884633198 -0.3636164102103051 1.0 0.7138116787014579 -0.08424480000060097 0.007720422988891279 
0.16703380780168176 -1.0 -0.9720466265272216 -0.41268097957791006 0.6021667508776853 -0.1844551855623321 0.23585345229165225 -0.7961208914799822 -0.5612235990050842 -0.04074917480997887 -1.0 0.014054595709599216 -1.0 0.16103265637311015 -0.7120679645233683 -0.9227460955385857 -0.08597038193725148 -1.0 -1.0 -1.0 -0.3595010489770628 -0.8312279248812358 -0.8226139245900486 0.7133395500040017 0.2298109884633198 -0.3636164102103051 1.0 0.7138116787014579 -0.08424480000060097 0.007720422988891279 
0.16703380780168176 -0.49059440841195356 -0.31253341698553194 -0.31867468069000954 0.6021667508776853 -0.1844551855623321 0.23585345229165225 -0.38337435846041773 -0.5504449166646865 0.1265872385351514 -1.0 0.0714616447962077 -0.7241026994687458 -0.43491788996286773 -0.7120679645233683 -0.9227460955385857 -0.22101628083282682 -0.6623026490580988 -0.43957478631137015 -1.0 -0.6378670565920241 -0.9154729328394828 -0.7734858863819103 0.7133395500040017 0.1660887393562946 -0.8141252873754046 1.0 0.7138116787014579 -0.23862990867641976 0.5038602114944456 
0.16703380780168176 -0.49059440841195356 -0.31253341698553194 -0.31867468069000954 0.6021667508776853 -0.1844551855623321 0.23585345229165225 -0.38337435846041773 -0.5504449166646865 0.1265872385351514 -1.0 0.0714616447962077 -0.7241026994687458 -0.43491788996286773 -0.7120679645233683 -0.9227460955385857 -0.22101628083282682 -0.6623026490580988 -0.43957478631137015 -1.0 -0.6378670565920241 -0.9154729328394828 -0.7734858863819103 0.7133395500040017 0.1660887393562946 -0.8141252873754046 1.0 0.7138116787014579 -0.23862990867641976 0.5038602114944456 
0.08079968648091923 0.9834941080842909 0.8181108215736146 -0.0881510845401771 1.0 -0.10051671643607596 -0.08749975236034632 0.6141252547997998 -0.14221345926767376 -0.19764275193927391 0.6349536075101236 0.8275306008775939 -0.30919516120808144 1.0 -0.5307794574535547 0.5538000235443172 -0.7408499020149081 0.2748144788291504 -0.028191612006506328 0.11979186625390792 -0.9279311389011414 0.2031978192200378 -0.3330390112639726 -0.14377980814056568 -0.6394573004443809 -0.5 0.17539390571795355 -0.3701958927335054 -0.031608831028461556 -0.7887240006229731 
0.16703380780168176 -1.0 -1.0 -0.47061078428285247 0.6021667508776853 -0.1844551855623321 0.1878163606815692 -1.0 -0.6491900122203418 -0.3701520839071206 -1.0 -0.1629849595026123 -1.0 0.19693550042112817 -0.9479096004422678 -1.0 -0.08597038193725148 -1.0 -1.0 -1.0 0.010094146132675702 -0.7128564545550073 -0.7339208868850728 0.942755553116299 -0.1619279496337464 -0.42527273541755406 1.0 1.0 -0.10832360082768208 0.026669631305149405 
0.15221480405184792 -0.9597052255716711 -0.6594665477244387 -0.3923083544807988 0.6561723376307358 0.08739308591689054 0.260684691209037 0.0877716923709092 -0.6541845762379683 -0.028731025025566015 -1.0 -0.1930005682915707 -0.9072189629793523 0.37196434423576363 -0.784842832155932 -1.0 -0.013238779945946855 -1.0 0.040850884120447406 -0.336555712127271 -0.7499332385790637 -0.4358043069460622 -1.0 0.06110539804501025 0.12426399844862668 -0.19408317281109738 0.5269623455668507 0.2183032728660755 -0.2840256700962492 -0.45104024436330403 
0.16703380780168176 -1.0 -1.0 -0.47061078428285247 0.6021667508776853 -0.1844551855623321 0.23585345229165225 -1.0 -0.6849604419441224 -0.3701520839071206 -1.0 -0.1629849595026123 -1.0 0.39140878760518993 -0.9479096004422678 -1.0 -0.08597038193725148 -1.0 -1.0 -1.0 0.010094146132675702 -0.7926595436898591 -0.8717419627981868 0.942755553116299 -0.15073842981403232 -0.42527273541755406 1.0 1.0 -0.10832360082768208 0.026669631305149405 
0.08079968648091923 0.9834941080842909 0.8181108215736146 -0.0881510845401771 1.0 -0.10051671643607596 -0.08749975236034632 0.6141252547997998 -0.12432824440578344 -0.19764275193927391 0.6349536075101236 0.8275306008775939 -0.30919516120808144 1.0 -0.5307794574535547 0.5538000235443172 -0.7408499020149081 0.2748144788291504 -0.028191612006506328 0.11979186625390792 -0.9279311389011414 0.2430993637874637 -0.3330390112639726 -0.14377980814056568 -0.6394573004443809 -0.5 0.17539390571795355 -0.3701958927335054 -0.031608831028461556 -0.7887240006229731 
0.08079968648091923 0.9834941080842909 0.8181108215736146 -0.0881510845401771 1.0 -0.10051671643607596 -0.08749975236034632 0.6141252547997998 -0.14221345926767376 -0.19764275193927391 0.6349536075101236 0.8275306008775939 -0.30919516120808144 1.0 -0.5307794574535547 0.5538000235443172 -0.7408499020149081 0.2748144788291504 -0.028191612006506328 0.11979186625390792 -0.9279311389011414 0.2031978192200378 -0.3330390112639726 -0.14377980814056568 -0.6394573004443809 -0.5 0.17539390571795355 -0.3701958927335054 -0.031608831028461556 -0.7887240006229731 
0.08079968648091923 0.9834941080842909 0.8181108215736146 -0.0881510845401771 1.0 -0.10051671643607596 -0.08749975236034632 0.6141252547997998 -0.12432824440578344 -0.19764275193927391 0.6349536075101236 0.8275306008775939 -0.30919516120808144 1.0 -0.5307794574535547 0.5538000235443172 -0.7408499020149081 0.2748144788291504 -0.028191612006506328 0.11979186625390792 -0.9279311389011414 0.2430993637874637 -0.3330390112639726 -0.14377980814056568 -0.6394573004443809 -0.5 0.17539390571795355 -0.3701958927335054 -0.031608831028461556 -0.7887240006229731 
0.16703380780168176 -1.0 -1.0 -0.41268097957791006 0.6021667508776853 -0.1844551855623321 0.28264474416297153 -0.7961208914799822 -0.8117763080704161 -0.04074917480997887 -1.0 -0.1481105035936718 -1.0 0.16103265637311015 -1.0 -0.9227460955385857 -0.4326557924531491 -1.0 -1.0 -1.0 -0.3595010489770628 -0.8793751256168973 -0.7933118662135878 0.7133395500040017 0.2298109884633198 -0.27140151821104624 1.0 0.7138116787014579 -0.004981054660164047 0.007720422988891279 
0.19324256842866694 -0.9692701043707397 -0.9300714034177997 -0.2234665937504725 -0.005524920979278591 -0.4373347479195686 0.40511573456828304 -1.0 -0.6298766217607525 0.08383509611826973 -1.0 -0.19777315468521411 -0.884605447123991 0.06201128339861739 -0.9985207114909815 -1.0 -0.08597038193725148 -1.0 -1.0 -0.9488938528345928 -0.5018999582182662 -0.5921335515633919 -0.8454439150892941 1.0 0.3735593629622563 -0.841810182013128 0.6959057867010728 0.6451808003978896 -0.25177679702508016 -0.1727478898896553 
0.16703380780168176 -1.0 -0.979012388445289 -0.3180737866641913 0.6021667508776853 -0.31089496674095035 0.3672758853012869 -0.8980604457399911 -0.8117763080704161 -0.04074917480997887 -1.0 -0.15919172790130615 -0.9423027235619955 0.11152196988586377 -1.0 -0.9613730477692928 -0.4326557924531491 -1.0 -1.0 -0.9744469264172964 -0.4307005035976645 -0.7598279389579754 -0.7933118662135878 0.6496264712162847 0.2298109884633198 -0.5104984041124576 1.0 0.7138116787014579 -0.004981054660164047 -0.08251373345038202 
0.08079968648091923 0.9838051988684531 0.9142377592198241 0.08160740148684983 0.944606776562965 -0.10051671643607596 -0.0383225349686028 0.743058665524928 0.26100722249516145 -0.15789554554753707 1.0 0.6511898139647753 -0.2628046426977576 1.0 -0.4239405177860299 0.5538000235443172 -0.7413182624292822 0.2405988075626916 0.4496936829129579 0.3108555906677244 -1.0 -0.19073369228904444 -0.3330390112639726 -0.2761657448561707 -0.17049831726077552 0.0 -0.07828220137928546 -0.3701958927335054 -0.1550067022109196 -0.5774480012459462 
0.08079968648091923 0.9834941080842909 0.9142377592198241 0.08160740148684983 0.944606776562965 -0.10051671643607596 0.08193007832110327 0.743058665524928 0.3160520857783026 -0.1016124849756192 1.0 0.5569639351804052 -0.2628046426977576 1.0 -0.5307794574535547 0.5538000235443172 -0.7684462069133722 0.2405988075626916 -0.028191612006506328 -0.03459311509522289 -0.8979166808588172 -0.19073369228904444 -0.3330390112639726 -0.08505877819217178 -0.03466111518424664 0.0 0.006189519187825593 -0.3701958927335054 -0.1550067022109196 -0.5774480012459462 
0.19324256842866694 -0.9692701043707397 -0.9300714034177997 -0.2234665937504725 -0.005524920979278591 -0.4373347479195686 0.40511573456828304 -1.0 -0.6298766217607525 0.08383509611826973 -1.0 -0.19777315468521411 -0.884605447123991 0.06201128339861739 -0.9985207114909815 -1.0 -0.08597038193725148 -1.0 -1.0 -0.9488938528345928 -0.5018999582182662 -0.5921335515633919 -0.8454439150892941 1.0 0.3735593629622563 -0.841810182013128 0.6959057867010728 0.6451808003978896 -0.25177679702508016 -0.1727478898896553 
0.08079968648091923 0.9833385626922099 0.8181108215736146 -0.17303032755369058 1.0 -0.10051671643607596 -0.11208836105621808 0.6141252547997998 -0.3169959778562559 -0.21751635513514234 0.45243041126518546 0.9157009943340032 -0.30919516120808144 1.0 -0.4767951327531337 0.5538000235443172 -0.7408499020149081 0.2748144788291504 -0.028191612006506328 0.11979186625390792 -0.8918967083517122 0.4600158918257178 -0.3330390112639726 -0.07758683978276318 -0.6394573004443809 -0.5 0.17539390571795355 -0.3701958927335054 0.03009010456276747 -0.8943620003114865 
0.08079968648091923 0.9833385626922099 0.8181108215736146 -0.17303032755369058 1.0 -0.10051671643607596 -0.11208836105621808 0.6141252547997998 -0.3169959778562559 -0.21751635513514234 0.45243041126518546 0.9157009943340032 -0.30919516120808144 1.0 -0.4767951327531337 0.5538000235443172 -0.7408499020149081 0.2748144788291504 -0.028191612006506328 0.11979186625390792 -0.8918967083517122 0.4600158918257178 -0.3330390112639726 -0.07758683978276318 -0.6394573004443809 -0.5 0.17539390571795355 -0.3701958927335054 0.03009010456276747 -0.8943620003114865 
0.16703380780168176 -1.0 -0.979012388445289 -0.3180737866641913 0.6021667508776853 -0.31089496674095035 0.3672758853012869 -0.8980604457399911 -0.8117763080704161 -0.04074917480997887 -1.0 -0.15919172790130615 -0.9423027235619955 0.11152196988586377 -1.0 -0.9613730477692928 -0.4326557924531491 -1.0 -1.0 -0.9744469264172964 -0.4307005035976645 -0.7598279389579754 -0.7933118662135878 0.6496264712162847 0.2298109884633198 -0.5104984041124576 1.0 0.7138116787014579 -0.004981054660164047 -0.08251373345038202 
0.08079968648091923 0.9834941080842909 0.9142377592198241 0.08160740148684983 0.944606776562965 -0.10051671643607596 0.08193007832110327 0.743058665524928 0.3160520857783026 -0.1016124849756192 1.0 0.5569639351804052 -0.2628046426977576 1.0 -0.5307794574535547 0.5538000235443172 -0.7684462069133722 0.2405988075626916 -0.028191612006506328 -0.03459311509522289 -0.8979166808588172 -0.19073369228904444 -0.3330390112639726 -0.08505877819217178 -0.03466111518424664 0.0 0.006189519187825593 -0.3701958927335054 -0.1550067022109196 -0.5774480012459462 
0.08079968648091923 0.9838051988684531 0.9142377592198241 0.08160740148684983 0.944606776562965 -0.10051671643607596 -0.0383225349686028 0.743058665524928 0.26100722249516145 -0.15789554554753707 1.0 0.6511898139647753 -0.2628046426977576 1.0 -0.4239405177860299 0.5538000235443172 -0.7413182624292822 0.2405988075626916 0.4496936829129579 0.3108555906677244 -1.0 -0.19073369228904444 -0.3330390112639726 -0.2761657448561707 -0.17049831726077552 0.0 -0.07828220137928546 -0.3701958927335054 -0.1550067022109196 -0.5774480012459462 
0.16226857859677535 -1.0 -1.0 -0.2234665937504725 0.4567335741218231 -1.0 0.30211426326777646 -0.785535970896425 -0.3066877946522739 -0.028731025025566015 -0.4992764459935413 -0.6892438349880492 -0.9072189629793523 -0.2631170160433023 -1.0 -0.9227460955385857 -0.4878484022500773 -0.9749132285123556 -0.008069013645166323 -0.7946856005060043 -0.4015554520335972 -0.8735072681264984 -0.7585787498429672 0.8307816099007895 0.8301258466946677 0.6463426808715647 0.5826717873897285 0.7516598491849662 -0.25177679702508016 0.23191803379419282 
0.16226857859677535 -0.9692701043707397 -0.7081943289474423 -0.2234665937504725 0.4401499906185341 -1.0 0.1646105079888709 -0.0998038154091757 -0.3066877946522739 -0.028731025025566015 -0.8643228384834177 0.014054595709599216 -0.9072189629793523 0.5536917130276473 -0.9985207114909815 -0.9227460955385857 -0.4878484022500773 -0.9749132285123556 -0.501351792400561 -0.6245279803078854 -0.5829358330627918 -0.6689224389247322 -0.8454439150892941 0.7280321943336545 0.8301258466946677 -0.01657482380475639 0.5854479278982762 0.659391887248596 -0.25177679702508016 0.23191803379419282 
0.16226857859677535 -1.0 -0.6052685176915749 -0.3704943579549196 0.070371865192383 1.0 -0.0058868957425026874 -0.8864259294893126 -0.6375710233813139 0.2846888756931125 -0.6194120637652517 -0.3820128672126877 -1.0 -1.0 -0.3714236568091215 -1.0 -1.0 -1.0 -0.5312935417610749 -0.5180737358436688 -0.6372392379416107 0.46453932068085185 -0.25904061206820367 0.44946670002318956 -0.8476975717980102 0.3258350093526421 0.4687887111210395 -0.4956553248534934 -0.8230821374911845 0.4372903071967988 
0.1289119741624306 0.5171807421728633 0.3200035442422793 0.15136135286517777 -0.2553414940490664 1.0 0.09713495703006995 -0.6029398556200462 -0.8500225578814445 0.12829362294712762 -1.0 0.22172812962497124 -0.5298437628611428 -0.6229709331520157 0.12123169220806806 -0.08038396344249765 -0.4966936927993326 -0.1398696005315849 -1.0 -0.39919857622379645 -0.9824436005880344 0.3160178232130565 0.008270487403016169 1.0 -1.0 -0.32879508342130076 0.14263351622630793 -0.6731256472096955 -0.6361994499468513 -0.852372590859796 
0.09463537846319096 0.9808702424018629 0.721983883927405 -0.06869518473976649 0.911439609556387 1.0 -0.23746006393699096 0.4851918440746716 -0.5647085745898694 -0.2816548691185158 0.26990721502024717 0.9951361241674179 -0.2628046426977576 0.9080890233816348 -0.12592225962408743 0.5538000235443172 0.08427850257815916 0.3341169215832535 -0.5340827081794532 0.47949124709703445 -1.0 0.21843596611448785 -0.46575508785546516 0.24396786888891947 -0.6439386274731671 -1.0 -0.07272992036219 -0.5251935707298697 -0.7033877597701158 -1.0 
0.16226857859677535 -1.0 -0.6052685176915749 -0.3704943579549196 0.070371865192383 1.0 -0.0058868957425026874 -0.8864259294893126 -0.6375710233813139 0.2846888756931125 -0.6194120637652517 -0.3820128672126877 -1.0 -1.0 -0.3714236568091215 -1.0 -1.0 -1.0 -0.5312935417610749 -0.5180737358436688 -0.6372392379416107 0.46453932068085185 -0.25904061206820367 0.44946670002318956 -0.8476975717980102 0.3258350093526421 0.4687887111210395 -0.4956553248534934 -0.8230821374911845 0.4372903071967988 
0.16226857859677535 -1.0 -0.6052685176915749 -0.19654245434822046 0.070371865192383 1.0 0.03754744662082024 -0.7252515516742987 -0.6375710233813139 0.11240912595026276 -0.7521663026632779 -0.06751442702523647 -1.0 -0.7255284347602644 -0.3714236568091215 -1.0 -0.9028839813172915 -1.0 -0.5312935417610749 -0.5855368380988647 -0.6372392379416107 0.46453932068085185 -0.29202475736281164 0.44946670002318956 -0.8476975717980102 0.3258350093526421 0.30995744092599226 -0.4956553248534934 -0.728042930172118 0.05345766790521128 
0.1289119741624306 -0.4584640640202703 -0.46710153125044435 0.15136135286517777 -0.2553414940490664 0.6096879006201423 0.2591826624578329 -1.0 -0.69980132131273 0.2438730550885454 -1.0 -0.09103329595243942 -0.48345324435081893 0.016639140741940173 0.14184900971007375 -1.0 -0.5565484619379543 -0.8434765027440847 -0.8765427363093141 -0.8459769363448035 -0.6592015680765945 0.43058669684215356 -0.26843909146022504 1.0 -1.0 -0.6587581283191213 0.1449997789975508 0.11617582355613248 -0.6361994499468513 -0.5337016094829699 
0.16226857859677535 -1.0 -0.018402159488775882 -0.19654245434822046 0.031328596066437175 1.0 -0.09919109462693435 -0.5418407292231845 -0.6747363229496819 0.11240912595026276 -0.7344915222039476 -0.06751442702523647 -1.0 -0.7255284347602644 -0.3714236568091215 -1.0 -0.8729565967479808 -1.0 -0.5930221736064178 -0.346166214468169 -0.6372392379416107 0.46453932068085185 -0.29202475736281164 0.44946670002318956 -0.8476975717980102 0.15521407351220273 0.28762683605660616 -0.4956553248534934 -0.728042930172118 0.004522870667869883 
0.16226857859677535 -1.0 -0.6052685176915749 -0.19654245434822046 0.070371865192383 1.0 0.03754744662082024 -0.7252515516742987 -0.6375710233813139 0.11240912595026276 -0.7521663026632779 -0.06751442702523647 -1.0 -0.7255284347602644 -0.3714236568091215 -1.0 -0.9028839813172915 -1.0 -0.5312935417610749 -0.5855368380988647 -0.6372392379416107 0.46453932068085185 -0.29202475736281164 0.44946670002318956 -0.8476975717980102 0.3258350093526421 0.30995744092599226 -0.4956553248534934 -0.728042930172118 0.05345766790521128 
0.1289119741624306 0.5099761870335526 0.41968838705203204 0.15136135286517777 -0.05269693505004591 0.16974822579071122 -0.012322409900288489 -8.599603355283758E-4 -0.6845809435169246 0.20370281499099946 -1.0 0.2625126409923891 -0.48345324435081893 0.019183371250831138 -0.2060448379372818 -0.041757011211790485 -0.4966936927993326 -0.282479541716842 -1.0 -0.4186941473283068 -0.97019459876575 0.3160178232130565 -0.26843909146022504 1.0 -1.0 -0.5 0.14263351622630793 -0.6187012732005256 -0.6298079957592516 -0.7631424079153052 
0.1289119741624306 0.5195410658326212 0.2685406386143456 0.15136135286517777 -0.2553414940490664 0.512443640456427 0.16066648771409528 -0.2902159874874847 -0.6845809435169246 0.12829362294712762 -1.0 0.2625126409923891 -0.48345324435081893 0.016639140741940173 -0.19231683513286196 -0.041757011211790485 -0.4966936927993326 -0.1398696005315849 -1.0 -0.4186941473283068 -0.9552918981486249 0.3160178232130565 -0.26843909146022504 1.0 -1.0 -0.5 0.14263351622630793 -0.6731256472096955 -0.6361994499468513 -0.7631424079153052 
0.16226857859677535 -0.7792879582350127 -0.3053449575918974 -0.19654245434822046 0.031328596066437175 1.0 -0.09919109462693435 -0.32320871596555634 -0.6747363229496819 0.5482623144766989 -0.7344915222039476 -0.3664842393825133 -0.794169999915578 -0.6656872159631227 -0.4566189953428259 -1.0 -0.8729565967479808 -1.0 -0.5930221736064178 -0.28376794281791495 -0.6372392379416107 0.6130608181486472 -0.2024708008710091 0.44946670002318956 -0.8782986386334304 1.0 0.46029605661640244 -0.3908787582976313 -0.8198864103973846 0.004522870667869883 
0.1289119741624306 1.0 0.7066311851551536 0.32531325647187687 -0.3334280323009581 0.9259700460189247 -0.014294420037676295 -0.05948649001334416 -0.8735275179492499 0.20370281499099946 -0.929300878162679 0.3246271523130866 -0.07179324418197483 0.25600401593050665 -0.004493868847751881 0.1784902598699083 -0.30856224082500855 0.08962785766733627 -1.0 -0.3781755024887715 -1.0 0.3160178232130565 -0.31241795185303567 1.0 -1.0 -0.8791437059511891 0.03192991330831588 -0.3823506240083355 -0.7317737055417705 -1.0 
0.16226857859677535 -1.0 -0.3053449575918974 -0.19654245434822046 0.031328596066437175 1.0 -0.09919109462693435 -0.4385734647026266 -0.6747363229496819 0.5482623144766989 -0.7521663026632779 -0.39754149504286207 -1.0 -0.7255284347602644 -0.550530478485381 -1.0 -0.8729565967479808 -1.0 -0.5930221736064178 -0.29389760402779874 -0.6372392379416107 0.6130608181486472 -0.1804813706746038 0.44946670002318956 -0.8476975717980102 1.0 0.48797195734590043 -0.4635725140979713 -0.8198864103973846 0.004522870667869883 
0.1289119741624306 0.5099761870335526 0.41968838705203204 0.15136135286517777 -0.05269693505004591 0.16974822579071122 -0.012322409900288489 -8.599603355283758E-4 -0.6845809435169246 0.20370281499099946 -1.0 0.2625126409923891 -0.48345324435081893 0.019183371250831138 -0.2060448379372818 -0.041757011211790485 -0.4966936927993326 -0.282479541716842 -1.0 -0.4186941473283068 -0.97019459876575 0.3160178232130565 -0.26843909146022504 1.0 -1.0 -0.5 0.14263351622630793 -0.6187012732005256 -0.6298079957592516 -0.7631424079153052 
0.1289119741624306 0.6378855566296474 0.3200035442422793 0.15136135286517777 -0.23144448980868548 1.0 0.09713495703006995 -0.46707651421837065 -0.8500225578814445 0.12829362294712762 -1.0 0.22172812962497124 -0.4153311331913508 -0.6229709331520157 0.12123169220806806 -0.08038396344249765 -0.42853562798725875 -0.0824952359818546 -1.0 -0.39919857622379645 -0.9868327004410258 0.17441038912936235 0.13893766097511207 1.0 -1.0 -0.32879508342130076 0.14263351622630793 -0.6514354739380331 -0.6361994499468513 -0.852372590859796 
0.1289119741624306 1.0 0.7066311851551536 0.15136135286517777 -0.3334280323009581 0.9259700460189247 -0.014294420037676295 -0.14553797391150652 -0.7741319204494659 0.20370281499099946 -0.9646504390813395 0.3913681774334815 -0.018822529353408154 -0.11635188707504113 -0.27751217366656644 0.28861389541075766 -0.4966936927993326 0.03167005731730699 -1.0 -0.36723568908341214 -1.0 0.3160178232130565 -0.31241795185303567 1.0 -0.9212584234473262 -1.0 0.20459913386811213 -0.30840049745015463 -0.7291093860834943 -0.6315712039576526 
0.16226857859677535 -1.0 -0.3053449575918974 -0.19654245434822046 0.031328596066437175 1.0 -0.09919109462693435 -0.4385734647026266 -0.6747363229496819 0.5482623144766989 -0.7521663026632779 -0.39754149504286207 -1.0 -0.7255284347602644 -0.550530478485381 -1.0 -0.8729565967479808 -1.0 -0.5930221736064178 -0.29389760402779874 -0.6372392379416107 0.6130608181486472 -0.1804813706746038 0.44946670002318956 -0.8476975717980102 1.0 0.48797195734590043 -0.4635725140979713 -0.8198864103973846 0.004522870667869883 
0.1289119741624306 1.0 0.7066311851551536 0.32531325647187687 -0.3334280323009581 0.9259700460189247 -0.014294420037676295 -0.05948649001334416 -0.8735275179492499 0.20370281499099946 -0.929300878162679 0.3246271523130866 -0.07179324418197483 0.25600401593050665 -0.004493868847751881 0.1784902598699083 -0.30856224082500855 0.08962785766733627 -1.0 -0.3781755024887715 -1.0 0.3160178232130565 -0.31241795185303567 1.0 -1.0 -0.8791437059511891 0.03192991330831588 -0.3823506240083355 -0.7317737055417705 -1.0 
0.1289119741624306 0.5171807421728633 0.3200035442422793 0.15136135286517777 -0.2553414940490664 1.0 0.09713495703006995 -0.6029398556200462 -0.8500225578814445 0.12829362294712762 -1.0 0.22172812962497124 -0.5298437628611428 -0.6229709331520157 0.12123169220806806 -0.08038396344249765 -0.4966936927993326 -0.1398696005315849 -1.0 -0.39919857622379645 -0.9824436005880344 0.3160178232130565 0.008270487403016169 1.0 -1.0 -0.32879508342130076 0.14263351622630793 -0.6731256472096955 -0.6361994499468513 -0.852372590859796 
0.1289119741624306 1.0 0.7066311851551536 0.15136135286517777 -0.3334280323009581 0.9259700460189247 -0.014294420037676295 -0.14553797391150652 -0.7741319204494659 0.20370281499099946 -1.0 0.38674166363378404 0.03414818547515852 -0.11635188707504113 -0.17673668912180146 0.3987375309516071 -0.8344280018755275 0.03167005731730699 -1.0 -0.36723568908341214 -1.0 0.3160178232130565 -0.31241795185303567 1.0 -0.9212584234473262 -1.0 0.20459913386811213 -0.30840049745015463 -0.7291093860834943 -0.6315712039576526 
0.1289119741624306 1.0 0.7066311851551536 0.15136135286517777 -0.3334280323009581 0.9259700460189247 -0.014294420037676295 -0.14553797391150652 -0.7741319204494659 0.20370281499099946 -1.0 0.38674166363378404 0.03414818547515852 -0.11635188707504113 -0.17673668912180146 0.3987375309516071 -0.8344280018755275 0.03167005731730699 -1.0 -0.36723568908341214 -1.0 0.3160178232130565 -0.31241795185303567 1.0 -0.9212584234473262 -1.0 0.20459913386811213 -0.30840049745015463 -0.7291093860834943 -0.6315712039576526 
0.1289119741624306 1.0 0.7066311851551536 0.15136135286517777 -0.3334280323009581 0.9259700460189247 -0.014294420037676295 -0.14553797391150652 -0.7741319204494659 0.20370281499099946 -1.0 0.38674166363378404 0.03414818547515852 -0.11635188707504113 -0.17673668912180146 0.3987375309516071 -0.4966936927993326 0.03167005731730699 -1.0 -0.36723568908341214 -1.0 0.3160178232130565 -0.31241795185303567 1.0 -0.9212584234473262 -1.0 0.20459913386811213 -0.30840049745015463 -0.7291093860834943 -0.6315712039576526 
0.1289119741624306 0.5099761870335526 -0.16717797115076694 0.15136135286517777 -0.013653665924100084 0.16974822579071122 -0.012322409900288489 -8.599603355283758E-4 -0.6845809435169246 0.20370281499099946 -1.0 0.2625126409923891 -0.48345324435081893 0.019183371250831138 -0.2060448379372818 -0.041757011211790485 -0.5266210773686435 -0.282479541716842 -0.9382713681546571 -0.6580647709590025 -0.97019459876575 0.373302260027605 -0.24644966126381973 1.0 -1.0 -0.5 0.11283383879102726 -0.6187012732005256 -0.6298079957592516 -0.7142076106779638 
0.1289119741624306 1.0 0.9604382378549534 0.15136135286517777 -0.3844198035470944 0.8889550690283872 -0.07000910857154942 0.01523129624192554 -0.7361866017334766 0.20370281499099946 -1.0 0.46924843063819044 0.03414818547515852 0.13695763596344618 -0.17673668912180146 0.3987375309516071 -0.699639879743467 0.08875270396688778 -1.0 -0.35125424551322 -1.0 0.3160178232130565 -0.5380957582671095 1.0 -0.8818876351709893 -1.0 0.20459913386811213 -0.13688300920621538 -0.7291093860834943 -0.6315712039576526 
0.1289119741624306 1.0 0.7066311851551536 0.15136135286517777 -0.3334280323009581 0.9259700460189247 -0.014294420037676295 -0.14553797391150652 -0.7741319204494659 0.20370281499099946 -1.0 0.38674166363378404 0.03414818547515852 -0.11635188707504113 -0.17673668912180146 0.3987375309516071 -0.4966936927993326 0.03167005731730699 -1.0 -0.36723568908341214 -1.0 0.3160178232130565 -0.31241795185303567 1.0 -0.9212584234473262 -1.0 0.20459913386811213 -0.30840049745015463 -0.7291093860834943 -0.6315712039576526 
0.1289119741624306 1.0 0.9604382378549534 0.15136135286517777 -0.3844198035470944 0.8889550690283872 -0.07000910857154942 0.01523129624192554 -0.7361866017334766 0.20370281499099946 -1.0 0.46924843063819044 0.03414818547515852 0.13695763596344618 -0.17673668912180146 0.3436757131811824 -0.699639879743467 0.08875270396688778 -1.0 -0.35125424551322 -1.0 0.5663554846699993 -0.5380957582671095 1.0 -0.8818876351709893 -1.0 0.20459913386811213 -0.13688300920621538 -0.7291093860834943 -0.6315712039576526 
0.11699890115016462 0.25569644951034154 0.4278426068924054 -0.153717850435922 0.5240649060831802 0.7520805856384828 -0.055756752263611375 -0.4275371745861229 -0.8926924063147295 -0.032141843539031406 -0.20721025344236982 1.0 -0.061201914881477706 0.5110202491648514 -0.10176084741289804 0.04434940888006145 -0.23667138427213577 0.21683537311974 -0.9572752108136273 0.24805289070892012 -0.9251322501468194 0.3834491312923381 -0.3949667708200327 0.7724867484567175 -0.9554391394368228 -0.5 0.13510016332656133 -0.4477106434134195 -1.0 -0.9636869260039502 
0.10508582813789863 0.005193747634018475 0.3423678490860944 -0.153717850435922 0.5240649060831802 0.7520805856384828 -0.055756752263611375 -0.4275371745861229 -0.8926924063147295 -0.08562033236775107 -0.20721025344236982 1.0 -0.106699168157494 0.7660364823991963 -0.37828765821133137 0.04434940888006145 -0.028464398095115195 0.21683537311974 -0.9224574038030555 0.24805289070892012 -0.8960933329216645 0.42502104625694814 -0.3949667708200327 0.7724867484567175 -0.9554391394368228 -0.5 0.13510016332656133 -0.4477106434134195 -1.0 -1.0 
0.1289119741624306 1.0 0.9604382378549534 0.15136135286517777 -0.3844198035470944 0.8889550690283872 -0.07000910857154942 0.01523129624192554 -0.7361866017334766 0.20370281499099946 -1.0 0.46924843063819044 0.03414818547515852 0.13695763596344618 -0.17673668912180146 0.3436757131811824 -0.699639879743467 0.08875270396688778 -1.0 -0.35125424551322 -1.0 0.5663554846699993 -0.5380957582671095 1.0 -0.8818876351709893 -1.0 0.20459913386811213 -0.13688300920621538 -0.7291093860834943 -0.6315712039576526 
0.1289119741624306 0.5061991513866646 0.5133173646987164 0.17277365482132698 -0.38122204078171995 1.0 0.019703097314535387 -0.33121317281669516 -0.8617750379153473 0.02133664528968826 -0.532906004883864 0.3246271523130866 -0.11244146542489636 0.25600401593050665 0.17476596338553535 0.1784902598699083 -0.44487837044915635 -0.02512087143212431 -0.9920930178241992 -0.388687039356284 -0.9541711673719744 0.34187721632772805 -0.38667650663114217 0.8808072141793436 -0.9777195697184113 -0.6039693946862449 0.03192991330831588 -0.2968553091147825 -0.9168697076621446 -0.9273738520079005 
0.1289119741624306 1.0 0.7066311851551536 0.15136135286517777 -0.3334280323009581 0.9259700460189247 -0.014294420037676295 -0.14553797391150652 -0.7741319204494659 0.20370281499099946 -0.9646504390813395 0.3913681774334815 -0.018822529353408154 -0.11635188707504113 -0.27751217366656644 0.28861389541075766 -0.4966936927993326 0.03167005731730699 -1.0 -0.36723568908341214 -1.0 0.3160178232130565 -0.31241795185303567 1.0 -0.9212584234473262 -1.0 0.20459913386811213 -0.30840049745015463 -0.7291093860834943 -0.6315712039576526 
0.46591180275632665 0.566745255903182 0.19235350962836817 -0.78198823265705 -0.0877558668278734 0.9421471991230929 0.8822762648596211 -0.983752971430148 0.02785486469416154 -0.8723106055051341 -0.3847707173128071 0.396846838545193 -0.5965996418777367 0.9094877854239555 -0.77697220798331 -0.23539802844269886 -1.0 -0.18114508280720343 -1.0 0.03774065862426795 -0.5007324847461925 0.8766612840463139 0.010741622135865728 -0.9210927117046637 -0.9475548084230038 0.8818374859353119 0.15093431174929095 -0.7648259310966276 -0.6839926261147158 -0.6244441098975394 
0.10508582813789863 0.005193747634018475 0.6710154883676298 -0.153717850435922 0.5045432715202074 0.569771699288391 -0.0843753385693077 -0.4275371745861229 -0.5362069503954412 -0.13061273160421608 -0.18953547298303958 1.0 -0.06645699679798035 0.8711338084843602 -0.37828765821133137 0.04434940888006145 0.06560132789204684 0.23132482320724732 -0.9224574038030555 0.24777202085376948 -0.819607171803484 0.42502104625694814 -0.33887498900164365 0.7724867484567175 -0.9751245335749912 -0.6397814585196884 0.09193285818661226 -0.3750168876130795 -1.0 -1.0 
0.10508582813789863 0.005193747634018475 0.3423678490860944 -0.153717850435922 0.5240649060831802 0.7520805856384828 -0.055756752263611375 -0.4275371745861229 -0.8926924063147295 -0.08562033236775107 -0.20721025344236982 1.0 -0.106699168157494 0.7660364823991963 -0.37828765821133137 0.04434940888006145 -0.028464398095115195 0.21683537311974 -0.9224574038030555 0.24805289070892012 -0.8960933329216645 0.42502104625694814 -0.3949667708200327 0.7724867484567175 -0.9554391394368228 -0.5 0.13510016332656133 -0.4477106434134195 -1.0 -1.0 
