0.11393580580197651 0.09337490387010092 0.9943992216391602 
0.11212507623822528 0.07955527499834589 0.9941796367707699 
0.11465107107776601 0.1105429905340504 0.9938512810530399 
0.11481953892797554 0.1119686012613164 0.9941442875466482 
0.11432452511134765 0.09472254137648287 0.9939244379951757 
0.11504396514223145 0.10813599561537636 0.99399962262298 
0.11463047775123218 0.11743384339839812 0.9943828019479538 
0.11482791793555523 0.07104931721538534 0.994091777003225 
0.11211106995812523 0.0883710795214876 0.9941351444940176 
0.11485373783816409 0.09976517305664036 0.9938873670888115 
0.11393580580197651 0.09337490387010092 0.9943992216391602 
0.11485373783816409 0.09976517305664036 0.9938873670888115 
0.11465107107776601 0.1105429905340504 0.9938512810530399 
0.11370996919145775 0.08986702951837369 0.994377733873979 
0.11178555975229883 0.1009631319099718 0.9943916202122446 
0.11211106995812523 0.0883710795214876 0.9941351444940176 
0.11178555975229883 0.1009631319099718 0.9943916202122446 
0.11469702018535013 0.08326311280317553 0.9943246910960857 
0.11432452511134765 0.09472254137648287 0.9939244379951757 
0.11469702018535013 0.08326311280317553 0.9943246910960857 
0.11507735477930792 0.10929627154396099 0.9937938407067107 
0.11630416502732363 0.08695942065291842 0.9945795660260704 
0.11605674094274422 0.10525979517341807 0.9937988050312825 
0.11694191411111307 0.1033684835820173 0.9945867791921932 
0.11547274185554951 0.09020241039289881 0.9941423306792073 
0.11233956792801186 0.10255424413767719 0.994379393436735 
0.11521440116495918 0.09605290079015605 0.994049845596293 
0.11550018190889624 0.08780476026641458 0.9945019950739832 
0.11353569013646107 0.06880502082197501 0.9944073793362894 
0.11233956792801186 0.10255424413767719 0.994379393436735 
0.11182740443990134 0.11537883120888823 0.9947554115021247 
0.11440493415672938 0.07463256242344543 0.9941111023261575 
0.11559886993414219 0.11486790459455373 0.9940037809293963 
0.10937922229525528 0.08584966912644959 0.9947239113905028 
0.11509106412744402 0.10873199619354088 0.9938566307295841 
0.11583166660460882 0.09460447619641975 0.9943801725084435 
0.10998033747716014 0.07246244186214774 0.9946389662372318 
0.11495957095581973 0.11200405101450346 0.9940872599598659 
0.11570152354995034 0.10666464505686601 0.9948380395881317 
0.11440493415672938 0.07463256242344543 0.9941111023261575 
0.11643704428210665 0.0915422067230525 0.9943863798723709 
0.11418953087194302 0.12730985451385785 0.9945512454575696 
0.1145533788470748 0.07318197019491007 0.9944323150686853 
0.11574813291159251 0.07147665331221792 0.9941724158637175 
0.11565173130689209 0.10641532022537734 0.9948946634541299 
0.11424823518590647 0.10137889893988912 0.9942581742227791 
0.11748690271419063 0.12470014749592286 0.9935093017295104 
0.11496467842947018 0.08271858267055979 0.9949651900808713 
0.11577702385957218 0.10282146657851798 0.9939227967278574 
0.11694191411111307 0.1033684835820173 0.9945867791921932 
0.11452927264722916 0.08509060082773634 0.9947048801624927 
0.1168563955124922 0.0938829153953467 0.9945884383759536 
0.11509553925223273 0.09691701945767212 0.9940647459744963 
0.11737947960584512 0.08921818420157678 0.9938650827035665 
0.11499127760599745 0.10422151572426647 0.9941073301246107 
0.11647075417398303 0.10296030061339907 0.9938050918220078 
0.11519769024216647 0.10375294932358443 0.9943802222761448 
0.11565173130689209 0.10641532022537734 0.9948946634541299 
0.11682211403800517 0.0886871347056209 0.9935779932115273 
0.11501100913109097 0.1115722224211895 0.9940817540255654 
0.11503176557532473 0.0528526626207614 0.9941928126709458 
0.11418953087194302 0.12730985451385785 0.9945512454575696 
0.11605674094274422 0.10525979517341807 0.9937988050312825 
0.11770722656161867 0.08321352474208339 0.9942471995891308 
0.11647075417398303 0.10296030061339907 0.9938050918220078 
0.11766618875355987 0.11303414552866481 0.9938453148751262 
0.11726473572742332 0.11159885356871788 0.9940232226869926 
0.11629510707398455 0.11375903103407331 0.9938525723635816 
0.11452437674001713 0.1123883301889512 0.9940948615117892 
0.11476177336782162 0.10372927021269433 0.994034349754707 
0.11730024934595283 0.0893429667437351 0.9941096912825661 
0.11559832705135559 0.11848241051884222 0.9935932402161505 
0.11304690531628583 0.12191437725090622 0.9948915796909629 
0.11724588903841456 0.11801264822676016 0.9938526880794986 
0.11688436838849062 0.05947061247483047 0.9937998167952142 
0.1159613689182894 0.12311165394763765 0.9936703266651187 
0.11462613855141622 0.11747286606775507 0.9945935731654416 
0.11425419184131586 0.1130694288898342 0.9948575843397435 
0.11426688505172744 0.11342049038565633 0.9937981522599956 
0.11353015576472406 0.11074464488805655 0.9944705960085686 
0.11684457707398213 0.11631450961339124 0.993956310321912 
0.11315143198709986 0.10844313048001644 0.9941031117049336 
0.11604030274664472 0.10057800629344105 0.9936993747751857 
0.11626012246395458 0.10576540657770887 0.9945793936108654 
0.11559886993414219 0.11486790459455373 0.9940037809293963 
0.11732910837275173 0.059772519821822724 0.9937985028900591 
0.11714163165108836 0.09033853320294277 0.9943387603759063 
0.11775523164706206 0.07958191383640577 0.9947472001038756 
0.11635920365467835 0.09565244887059987 0.9944722901671815 
0.11635835617598962 0.12119217713195052 0.99450662481486 
0.11620641808769046 0.08444160451129508 0.994620172409923 
0.11505366091718532 0.09926558553974718 0.9940989937455833 
0.11577702385957218 0.10282146657851798 0.9939227967278574 
0.11521440116495918 0.09605290079015605 0.994049845596293 
0.11458664517783283 0.10297852460417663 0.9938113846233046 
0.11708739807293611 0.07746583728873006 0.993614886066063 
0.11575829317046431 0.08461759346638423 0.9935162763580204 
0.11622265596302905 0.10601451733202946 0.9941051229023479 
0.11498020760522171 0.10773592626540597 0.9944111788386132 
0.11759718291053659 0.11337427494036906 0.9940624525071892 
0.1165112150464353 0.098695047593013 0.9948286787980533 
0.11675461784675964 0.11771371103674216 0.9936295316427028 
0.11684457707398213 0.11631450961339124 0.993956310321912 
0.11730024934595283 0.0893429667437351 0.9941096912825661 
0.11220617375323672 0.11707297449877407 0.9941572308513488 
0.1142960578192205 0.1112168799631561 0.9940783518041199 
0.11553313364952701 0.0840346875888453 0.9939123973195795 
0.11629510707398455 0.11375903103407331 0.9938525723635816 
0.11531815103375138 0.12022067174502563 0.9940730873143145 
0.11759718291053659 0.11337427494036906 0.9940624525071892 
0.1159022798131865 0.09991522344860466 0.9941795741957118 
0.11615997278767029 0.12572325618859678 0.9939256589428518 
0.11770722656161867 0.08321352474208339 0.9942471995891308 
0.11476177336782162 0.10372927021269433 0.994034349754707 
0.11353569013646107 0.06880502082197501 0.9944073793362894 
0.11531815103375138 0.12022067174502563 0.9940730873143145 
0.11643704428210665 0.0915422067230525 0.9943863798723709 
0.11428791806262467 0.09972202317555594 0.9944228777163244 
0.11262641930314722 0.09719552181388492 0.9947095396878155 
0.1154540600434116 0.07114485112658014 0.9942419787659587 
0.11759970174991385 0.10869401283005184 0.9941074475679175 
0.11754115984252747 0.1260045688895502 0.9935740117260212 
0.11600454665528273 0.07451734858739772 0.9944250983013636 
0.11708739807293611 0.07746583728873006 0.993614886066063 
0.11503176557532473 0.0528526626207614 0.9941928126709458 
0.1164931949729114 0.10901397082476447 0.9946267986614679 
0.11292597653560016 0.08329910949452368 0.9943329981971116 
0.11635920365467835 0.09565244887059987 0.9944722901671815 
0.11547274185554951 0.09020241039289881 0.9941423306792073 
0.11697426052773163 0.10104181855825227 0.9941948130649697 
0.11512337220326684 0.11181272129042186 0.9942456517236816 
0.11630416502732363 0.08695942065291842 0.9945795660260704 
0.11343532744074043 0.11576644100809141 0.9943332500258911 
0.11448148617215141 0.11339357835785431 0.9948897490341522 
0.11501100913109097 0.1115722224211895 0.9940817540255654 
0.11519769024216647 0.10375294932358443 0.9943802222761448 
0.11730222616540756 0.09916685695991481 0.9941051949250186 
0.11688436838849062 0.05947061247483047 0.9937998167952142 
0.11499127760599745 0.10422151572426647 0.9941073301246107 
0.11311092336452885 0.10105106944150971 0.993958168453341 
0.11604030274664472 0.10057800629344105 0.9936993747751857 
0.11557533861283387 0.10715746726094941 0.9947022988583077 
0.1154540600434116 0.07114485112658014 0.9942419787659587 
0.11426688505172744 0.11342049038565633 0.9937981522599956 
0.11513214377277982 0.08426524451477073 0.9941903659375435 
0.11305318314447413 0.10674743208841227 0.9945318079793053 
0.11498645649335498 0.1051657821335208 0.9943096306119377 
0.116524843489396 0.08561425904689206 0.993935423155405 
0.11594202410823391 0.0625884394524429 0.99383515357739 
0.1136832106008651 0.0914260769963245 0.994379450015072 
0.11661979390247823 0.11515454556522736 0.9944762034702211 
0.11434245039650741 0.08634901685601522 0.9938189858687071 
0.1157247846679985 0.07361201973661496 0.9947029136454946 
0.11671159030769426 0.09773600079054592 0.9943830932833706 
0.11428791806262467 0.09972202317555594 0.9944228777163244 
0.11671159030769426 0.09773600079054592 0.9943830932833706 
0.11570152354995034 0.10666464505686601 0.9948380395881317 
0.11608110226111328 0.08820985794423539 0.9944070739810211 
0.11507735477930792 0.10929627154396099 0.9937938407067107 
0.11661979390247823 0.11515454556522736 0.9944762034702211 
0.11675461784675964 0.11771371103674216 0.9936295316427028 
0.11304690531628583 0.12191437725090622 0.9948915796909629 
0.11353015576472406 0.11074464488805655 0.9944705960085686 
0.11522728401875268 0.07423824931286402 0.9942737382079128 
0.11682211403800517 0.0886871347056209 0.9935779932115273 
0.11505366091718532 0.09926558553974718 0.9940989937455833 
0.11594202410823391 0.0625884394524429 0.99383515357739 
0.11619241113264817 0.1119178837650572 0.9943385993449249 
0.11592271363351528 0.08105907489800267 0.9939753272651389 
0.11500127241925265 0.11279696987720196 0.993772578025441 
0.11368194866467357 0.11048302652814362 0.9942737669851268 
0.1164931949729114 0.10901397082476447 0.9946267986614679 
0.11556641133278983 0.07682388877133606 0.9942397853030221 
0.11760945825283509 0.0829008150083295 0.9943037401594949 
0.11682092792135347 0.0913855364304393 0.9942035268293474 
0.11315143198709986 0.10844313048001644 0.9941031117049336 
0.11767002586894758 0.10053011417838606 0.9946068640296353 
0.11445175575673948 0.08230952518013539 0.9949836009173645 
0.1142960578192205 0.1112168799631561 0.9940783518041199 
0.11311092336452885 0.10105106944150971 0.993958168453341 
0.11697426052773163 0.10104181855825227 0.9941948130649697 
0.11292597653560016 0.08329910949452368 0.9943329981971116 
0.11615997278767029 0.12572325618859678 0.9939256589428518 
0.11512337220326684 0.11181272129042186 0.9942456517236816 
0.11574813291159251 0.07147665331221792 0.9941724158637175 
0.11682092792135347 0.0913855364304393 0.9942035268293474 
0.11369372333346447 0.07999342866638724 0.9949834569294486 
0.1159613689182894 0.12311165394763765 0.9936703266651187 
0.11452437674001713 0.1123883301889512 0.9940948615117892 
0.11500127241925265 0.11279696987720196 0.993772578025441 
0.11730222616540756 0.09916685695991481 0.9941051949250186 
0.11355921797387832 0.07649391538788258 0.994959163993265 
0.11592271363351528 0.08105907489800267 0.9939753272651389 
0.11338005257635253 0.10257979305892123 0.9940800536053058 
0.11766623479147369 0.09446365391183438 0.9942299007758594 
0.11495957095581973 0.11200405101450346 0.9940872599598659 
0.11458664517783283 0.10297852460417663 0.9938113846233046 
0.11500320973802847 0.08562816295223145 0.9943794286325427 
0.11559832705135559 0.11848241051884222 0.9935932402161505 
0.116524843489396 0.08561425904689206 0.993935423155405 
0.11557533861283387 0.10715746726094941 0.9947022988583077 
0.11553313364952701 0.0840346875888453 0.9939123973195795 
0.11672040749369007 0.09714613193166656 0.9946539031204369 
0.11489376915624439 0.11213379244679125 0.994084528041694 
0.11434245039650741 0.08634901685601522 0.9938189858687071 
0.11519817285283039 0.11478774602924585 0.9943093456874944 
0.11498645649335498 0.1051657821335208 0.9943096306119377 
0.11724588903841456 0.11801264822676016 0.9938526880794986 
0.11513214377277982 0.08426524451477073 0.9941903659375435 
0.11343311907625128 0.12272413200908124 0.9945313568632714 
