0.6302762339565345 0.7317348724238413 0.668090085941085 0.7400587867480138 0.6792550342027671 0.7269785214252127 0.6448300839001744 0.5514060699265848 0.43046293360469434 0.6198462245720775 0.5835017324868648 0.5947875791960626 0.5323880989927154 0.5897266475529901 0.5864681612656681 0.5708734453596289 0.4597730017288616 0.5069485213690625 0.5889178485368425 0.5479679598113982 0.5753037498586502 0.45657391154471305 0.3901830893115797 0.44795536556948007 0.4161180531528217 0.43672555779239297 0.3431415211749486 0.33543470123555735 0.475226642589155 0.41843817546712814 
0.6233899796822426 0.7222787010549481 0.6784666717762406 0.7400587867480138 0.7154132369443409 0.7236113205833719 0.6571628300306944 0.5434419706943601 0.6666947529597059 0.6346889641393955 0.5835017324868648 0.628817199802005 0.5542577769618362 0.5597657200551251 0.5864681612656681 0.5328705114661167 0.5023679436582831 0.508179828837705 0.5863348129488187 0.5479679598113982 0.5931997201072365 0.48153004690524176 0.3901830893115797 0.44795536556948007 0.44434195078796707 0.4053100187683961 0.3446346177879003 0.3256168382297726 0.47242501977711693 0.40805454995480284 
0.6302762339565345 0.7317348724238413 0.668090085941085 0.7400587867480138 0.6792550342027671 0.7269785214252127 0.6448300839001744 0.5514060699265848 0.43046293360469434 0.6198462245720775 0.5835017324868648 0.5947875791960626 0.5323880989927154 0.5897266475529901 0.5864681612656681 0.5708734453596289 0.4597730017288616 0.5069485213690625 0.5889178485368425 0.5479679598113982 0.5753037498586502 0.45657391154471305 0.3901830893115797 0.44795536556948007 0.4161180531528217 0.43672555779239297 0.3431415211749486 0.33543470123555735 0.475226642589155 0.41843817546712814 
0.603007371429668 0.7720211269351285 0.6788149460631911 0.7259978131743172 0.6322776033761496 0.5805381018165647 0.6655686305054452 0.539023567691205 0.5339889270698459 0.5983918802441528 0.5239292953328454 0.5574186077582537 0.6202742058881138 0.576267537578825 0.5261002395230132 0.5425265998819533 0.3649512296349685 0.5095879014098557 0.5141688501325281 0.5086791196018732 0.5001393522231675 0.41666766195909377 0.46530161450969376 0.448347217675027 0.3505815231826984 0.39060664425776676 0.36708691508993263 0.3295644092355019 0.4355364871322278 0.3755676124125391 
0.603007371429668 0.7720211269351285 0.6788149460631911 0.7259978131743172 0.6322776033761496 0.5805381018165647 0.6655686305054452 0.539023567691205 0.5339889270698459 0.5983918802441528 0.5239292953328454 0.5574186077582537 0.6202742058881138 0.576267537578825 0.5261002395230132 0.5425265998819533 0.3649512296349685 0.5095879014098557 0.5141688501325281 0.5086791196018732 0.5001393522231675 0.41666766195909377 0.46530161450969376 0.448347217675027 0.3505815231826984 0.39060664425776676 0.36708691508993263 0.3295644092355019 0.4355364871322278 0.3755676124125391 
0.5823290276596231 0.7586368395518722 0.682106378398549 0.7259978131743172 0.6622576900177577 0.5557160341095337 0.6651611473658003 0.539023567691205 0.5625322733641542 0.6027180813156305 0.5239292953328454 0.5574186077582537 0.5630723657402332 0.5351071577621889 0.5761992888606143 0.5014298452918913 0.39984802161918115 0.5103911538053709 0.5120494816793526 0.49391038532298526 0.4592737952438656 0.4154564616326431 0.5083351655113044 0.4521293779106844 0.35361278740675167 0.3507369875047001 0.36708691508993263 0.33325848814707154 0.39656728773773614 0.3653532426325027 
0.5823290276596231 0.7578942317632502 0.682106378398549 0.7311048881944278 0.6632431092397073 0.5557160341095337 0.6845921971442426 0.5360611205902193 0.5686361839033344 0.6027180813156305 0.5526374219241335 0.5536314978164426 0.5630723657402332 0.5351071577621889 0.5761992888606143 0.49779290603236426 0.39984802161918115 0.5102571897888342 0.5120494816793526 0.49391038532298526 0.4515087857743412 0.4154564616326431 0.5028350836477703 0.4521293779106844 0.3513543710351106 0.3507369875047001 0.36708691508993263 0.33325848814707154 0.4001617897497495 0.36340053406008443 
0.5784067176121637 0.7504850669567658 0.6772175301664378 0.717720606080536 0.6250811401959242 0.5500683769773358 0.6623401935658353 0.5244784327469829 0.5749285198247069 0.5861510160754627 0.5576995208076663 0.5553475383104584 0.5232938224842429 0.49874916387321877 0.5326165418664608 0.5115783861910069 0.44717314376974593 0.5011697956922678 0.5226463239452299 0.4776685175444177 0.45594523736761366 0.40602660596505746 0.46261107354265496 0.4376112857509743 0.4005543683638999 0.36660311782671984 0.37409069328729116 0.3307851979244867 0.40493253813967506 0.35754240834282963 
0.5790137383111734 0.7077916203959858 0.6784486605433798 0.7241460485128279 0.6444970267386357 0.6982114233971171 0.6534027022140684 0.49870594954787417 0.5446363187819276 0.5841007878311715 0.5328273626473865 0.5620746974410824 0.5510091977807607 0.5322416105866141 0.5520339137481483 0.5109035303758808 0.5319023990556591 0.5124208300502469 0.5350285553717666 0.46135473394140636 0.43492190062510105 0.42423717624959634 0.4668946400420454 0.45205605162174317 0.38287355479599494 0.33826360951987866 0.345448293559321 0.31645580577333376 0.3794821810219543 0.35915151875813417 
0.5784067176121637 0.7504850669567658 0.6772175301664378 0.717720606080536 0.6250811401959242 0.5500683769773358 0.6623401935658353 0.5244784327469829 0.5749285198247069 0.5861510160754627 0.5576995208076663 0.5553475383104584 0.5232938224842429 0.49874916387321877 0.5326165418664608 0.5115783861910069 0.44717314376974593 0.5011697956922678 0.5226463239452299 0.4776685175444177 0.45594523736761366 0.40602660596505746 0.46261107354265496 0.4376112857509743 0.4005543683638999 0.36660311782671984 0.37409069328729116 0.3307851979244867 0.40493253813967506 0.35754240834282963 
0.5790137383111734 0.7077916203959858 0.6747909426882106 0.7222942838513386 0.6444970267386357 0.6982114233971171 0.6534027022140684 0.49870594954787417 0.5446363187819276 0.5841007878311715 0.5328273626473865 0.566730787123911 0.5510091977807607 0.5322416105866141 0.5278685386356823 0.5203772154598703 0.5319023990556591 0.5144505062951229 0.5350285553717666 0.46135473394140636 0.4105700060063366 0.4330178908665496 0.4254541145727863 0.45205605162174317 0.41213432218523827 0.33826360951987866 0.32380967202870936 0.299653123399596 0.3794821810219543 0.35294979488376566 
0.5729746306492145 0.7475759532795472 0.6770883684007031 0.7175657524410826 0.6091143228041653 0.5831619703025906 0.6667910799243799 0.5097587796090728 0.5629091241285392 0.5647450051700026 0.5600100711155569 0.5624680876806687 0.5310750408089232 0.49874916387321877 0.5069423377438818 0.5244198057970418 0.4607327110694536 0.5066422881571626 0.5205269554920544 0.4614266497658501 0.46654872973315253 0.40602660596505746 0.4388873090281421 0.4418080687167779 0.3309319112254211 0.35595741024510974 0.37409069328729116 0.31849455278519323 0.39774353411564844 0.3536369911979931 
0.5729746306492145 0.7475759532795472 0.6770883684007031 0.7175657524410826 0.6091143228041653 0.5831619703025906 0.6667910799243799 0.5097587796090728 0.5629091241285392 0.5647450051700026 0.5600100711155569 0.5624680876806687 0.5310750408089232 0.49874916387321877 0.5069423377438818 0.5244198057970418 0.4607327110694536 0.5066422881571626 0.5205269554920544 0.4614266497658501 0.46654872973315253 0.40602660596505746 0.4388873090281421 0.4418080687167779 0.3309319112254211 0.35595741024510974 0.37409069328729116 0.31849455278519323 0.39774353411564844 0.3536369911979931 
0.5729746306492145 0.7449546238206032 0.6772175301664378 0.7135045757139187 0.5939503943154363 0.5637913450738643 0.6649738411622482 0.5142378683391176 0.5751169452068995 0.5647450051700026 0.575739908699022 0.5553475383104584 0.5232938224842429 0.49874916387321877 0.49382327031708995 0.5241848467789831 0.44717314376974593 0.4992953628681636 0.5226463239452299 0.4614266497658501 0.45958270461225714 0.40602660596505746 0.4278871453010738 0.4376112857509743 0.3309319112254211 0.3692133291969247 0.37409069328729116 0.3307851979244867 0.40493253813967506 0.35168428262557483 
0.5729746306492145 0.7475759532795472 0.6770883684007031 0.7175657524410826 0.6091143228041653 0.5831619703025906 0.6667910799243799 0.5097587796090728 0.5629091241285392 0.5647450051700026 0.5600100711155569 0.5624680876806687 0.5310750408089232 0.49874916387321877 0.5069423377438818 0.5244198057970418 0.4607327110694536 0.5066422881571626 0.5205269554920544 0.4614266497658501 0.46654872973315253 0.40602660596505746 0.4388873090281421 0.4418080687167779 0.3309319112254211 0.35595741024510974 0.37409069328729116 0.31849455278519323 0.39774353411564844 0.3536369911979931 
0.5714648537337248 0.7475759532795472 0.6770883684007031 0.7175657524410826 0.599996198256782 0.5831619703025906 0.6704284425586263 0.5185424388754742 0.5629091241285392 0.5599060595047103 0.5600100711155569 0.5614024128198581 0.5310750408089232 0.49874916387321877 0.49861274576187276 0.5266427664678437 0.5161041465865772 0.5066422881571626 0.5205269554920544 0.4614266497658501 0.46654872973315253 0.40602660596505746 0.4388873090281421 0.4418080687167779 0.3309319112254211 0.35595741024510974 0.37409069328729116 0.31849455278519323 0.39774353411564844 0.3536369911979931 
0.5555364570188026 0.7452193730553188 0.6885021481923235 0.5985203532637748 0.6480077865291891 0.5513421711766524 0.6235735770547893 0.59054165868245 0.5361151933735322 0.5578996451494715 0.5311432088674267 0.5625829401840657 0.5185263880407318 0.49874916387321877 0.4671779254828028 0.4619907631000814 0.47461533412750434 0.49291443466279244 0.4728871748508333 0.44701747708314216 0.4259534938933188 0.32794731037393654 0.3887080669992363 0.4359265563694915 0.3309319112254211 0.3646079789343681 0.3312923812642404 0.28418135923690857 0.376393273587996 0.3030731156741707 
0.5555364570188026 0.7452193730553188 0.6885021481923235 0.5985203532637748 0.6480077865291891 0.5513421711766524 0.6235735770547893 0.59054165868245 0.5361151933735322 0.5578996451494715 0.5311432088674267 0.5625829401840657 0.5185263880407318 0.49874916387321877 0.4671779254828028 0.4619907631000814 0.47461533412750434 0.49291443466279244 0.4728871748508333 0.44701747708314216 0.4259534938933188 0.32794731037393654 0.3887080669992363 0.4359265563694915 0.3309319112254211 0.3646079789343681 0.3312923812642404 0.28418135923690857 0.376393273587996 0.3030731156741707 
0.5591242063500301 0.758453803919884 0.6773466919321725 0.6992292489465338 0.5908780737093986 0.5551113600616155 0.6740658051928727 0.5187169570691623 0.572045526801845 0.5550671138394181 0.5471787815303177 0.5507517289014554 0.5310750408089232 0.4731047247493902 0.4902831537798638 0.5239498877609245 0.43719815960779174 0.4919484375791646 0.5205269554920544 0.4614266497658501 0.44897921224671833 0.40602660596505746 0.42825935802816 0.43668407726429526 0.3240865477130508 0.35595741024510974 0.37409069328729116 0.3303697332294381 0.3933189271194557 0.3536369911979931 
0.5729746306492145 0.7449546238206032 0.6770883684007031 0.7277799024813035 0.5939503943154363 0.5724713300861131 0.6493899495995212 0.5097587796090728 0.5751169452068995 0.5647450051700026 0.6043010358677263 0.5599433477194613 0.5232938224842429 0.49874916387321877 0.497363386854316 0.5244198057970418 0.4571481279317001 0.5066422881571626 0.5247656923984053 0.4614266497658501 0.470186196977796 0.40602660596505746 0.4278871453010738 0.43853849423765334 0.3309319112254211 0.3692133291969247 0.37409069328729116 0.3307851979244867 0.40493253813967506 0.3497315740531566 
0.5555364570188026 0.7452193730553188 0.6885021481923235 0.5985203532637748 0.6480077865291891 0.5513421711766524 0.6235735770547893 0.59054165868245 0.5361151933735322 0.5578996451494715 0.5311432088674267 0.5625829401840657 0.5185263880407318 0.49874916387321877 0.4671779254828028 0.4619907631000814 0.47461533412750434 0.49291443466279244 0.4728871748508333 0.44701747708314216 0.4259534938933188 0.32794731037393654 0.3887080669992363 0.4359265563694915 0.3309319112254211 0.3646079789343681 0.3312923812642404 0.28418135923690857 0.376393273587996 0.3030731156741707 
0.5591242063500301 0.758453803919884 0.6773466919321725 0.6992292489465338 0.5908780737093986 0.5551113600616155 0.6740658051928727 0.5187169570691623 0.572045526801845 0.5550671138394181 0.5471787815303177 0.5507517289014554 0.5310750408089232 0.4731047247493902 0.4902831537798638 0.5239498877609245 0.43719815960779174 0.4919484375791646 0.5205269554920544 0.4614266497658501 0.44897921224671833 0.40602660596505746 0.42825935802816 0.43668407726429526 0.3240865477130508 0.35595741024510974 0.37409069328729116 0.3303697332294381 0.3933189271194557 0.3536369911979931 
0.5555364570188026 0.7452193730553188 0.6885021481923235 0.5985203532637748 0.6480077865291891 0.5513421711766524 0.6235735770547893 0.59054165868245 0.5361151933735322 0.5578996451494715 0.5311432088674267 0.5625829401840657 0.5185263880407318 0.49874916387321877 0.4671779254828028 0.4619907631000814 0.47461533412750434 0.49291443466279244 0.4728871748508333 0.44701747708314216 0.4259534938933188 0.32794731037393654 0.3887080669992363 0.4359265563694915 0.3309319112254211 0.3646079789343681 0.3312923812642404 0.28418135923690857 0.376393273587996 0.3030731156741707 
0.5505737553028307 0.7452193730553188 0.6828598391793806 0.6000261905004194 0.6629207714423562 0.5575667581252584 0.64543804583669 0.6340899496120062 0.5556160692902159 0.5544769651392059 0.5220977163825342 0.5684537694876372 0.46993859478258404 0.4813920803216798 0.4503151365284331 0.4930878049395323 0.4304108251631371 0.48770211171243094 0.4210086573032613 0.42540371805908017 0.39853539616831085 0.2889076625783761 0.3887080669992363 0.43200864956724877 0.33002122639180825 0.3576999535405332 0.31097332712001824 0.3039093322095852 0.36212364131215646 0.24424198504751546 
0.5505737553028307 0.7452193730553188 0.6828598391793806 0.6000261905004194 0.6629207714423562 0.5575667581252584 0.64543804583669 0.6340899496120062 0.5556160692902159 0.5544769651392059 0.5220977163825342 0.5684537694876372 0.46993859478258404 0.4813920803216798 0.4503151365284331 0.4930878049395323 0.4304108251631371 0.48770211171243094 0.4210086573032613 0.42540371805908017 0.39853539616831085 0.2889076625783761 0.3887080669992363 0.43200864956724877 0.33002122639180825 0.3576999535405332 0.31097332712001824 0.3039093322095852 0.36212364131215646 0.24424198504751546 
0.5380982833883907 0.7452193730553188 0.699915927983944 0.5985203532637748 0.6480077865291891 0.509083853357731 0.5871413838464925 0.59054165868245 0.5361151933735322 0.5510542851289404 0.4816557180767453 0.5789204082002115 0.5113752363754653 0.4640349967701408 0.4369924641112895 0.399561720403121 0.39340779606703424 0.4843989041187838 0.4210086573032613 0.4326083044004342 0.3817207908088417 0.32794731037393654 0.3887080669992363 0.4333146185013297 0.3291105415581954 0.3600026286718115 0.2884940692411896 0.3064253482556756 0.34785400903631697 0.25641465729518487 
0.5380982833883907 0.7452193730553188 0.6885021481923235 0.5985203532637748 0.6480077865291891 0.5513421711766524 0.6235735770547893 0.59054165868245 0.5361151933735322 0.5510542851289404 0.5311432088674267 0.5720714704244408 0.5185263880407318 0.4813920803216798 0.4369924641112895 0.4619907631000814 0.4304108251631371 0.49291443466279244 0.4210086573032613 0.4326083044004342 0.3817207908088417 0.32794731037393654 0.3887080669992363 0.4333146185013297 0.33002122639180825 0.3600026286718115 0.2884940692411896 0.28060741286579616 0.34785400903631697 0.25641465729518487 
0.5468173702035967 0.7452193730553188 0.6828598391793806 0.6560124644888468 0.6480077865291891 0.5575667581252584 0.6442737091085188 0.59054165868245 0.5556160692902159 0.5544769651392059 0.5534415587832244 0.5684537694876372 0.5209101052624874 0.4813920803216798 0.4503151365284331 0.4930878049395323 0.4304108251631371 0.49291443466279244 0.4210086573032613 0.4326083044004342 0.39853539616831085 0.32794731037393654 0.3887080669992363 0.4333146185013297 0.33002122639180825 0.3600026286718115 0.309893225252715 0.3039093322095852 0.36212364131215646 0.25641465729518487 
0.5380982833883907 0.7304667122744144 0.699915927983944 0.5985203532637748 0.6519783441212136 0.509083853357731 0.594741659787076 0.59054165868245 0.5361151933735322 0.5510542851289404 0.5053260542863635 0.5736412232710026 0.5089915191537099 0.4640349967701408 0.4595716625999692 0.399561720403121 0.38314206973949433 0.4896112270691453 0.4210086573032613 0.4326083044004342 0.3817207908088417 0.3288157267505619 0.3887080669992363 0.4333146185013297 0.3291105415581954 0.3541080555657331 0.2884940692411896 0.33298721856407254 0.3562598616772158 0.25641465729518487 
0.5380982833883907 0.7304667122744144 0.699915927983944 0.5985203532637748 0.6519783441212136 0.509083853357731 0.594741659787076 0.59054165868245 0.5361151933735322 0.5510542851289404 0.5053260542863635 0.5736412232710026 0.5089915191537099 0.4640349967701408 0.4595716625999692 0.399561720403121 0.38314206973949433 0.4896112270691453 0.4210086573032613 0.4326083044004342 0.3817207908088417 0.3288157267505619 0.3887080669992363 0.4333146185013297 0.3291105415581954 0.3541080555657331 0.2884940692411896 0.33298721856407254 0.3562598616772158 0.25641465729518487 
0.5380982833883907 0.7452193730553188 0.6885021481923235 0.5985203532637748 0.6480077865291891 0.5513421711766524 0.6235735770547893 0.59054165868245 0.5361151933735322 0.5510542851289404 0.5311432088674267 0.5720714704244408 0.5185263880407318 0.4813920803216798 0.4369924641112895 0.4619907631000814 0.4304108251631371 0.49291443466279244 0.4210086573032613 0.4326083044004342 0.3817207908088417 0.32794731037393654 0.3887080669992363 0.4333146185013297 0.33002122639180825 0.3600026286718115 0.2884940692411896 0.28060741286579616 0.34785400903631697 0.25641465729518487 
0.5230727429914546 0.7215239519567636 0.6996244315102625 0.6829917499597347 0.6575771675790028 0.5879340102508674 0.6105009879222312 0.5648514401415314 0.5388276099722038 0.5438297221393847 0.5390697867177185 0.5523933305646 0.5310489359429367 0.4640349967701408 0.48699322123972644 0.4582806220114882 0.47497567346339786 0.5000358729698683 0.4049911635713916 0.42198114492849215 0.38991205686670427 0.34413466394742787 0.4023140502120577 0.42901063214436574 0.35844581381866913 0.3558242948301913 0.2841736617719767 0.35525374870270887 0.37280501754949125 0.309010763430699 
0.5200725517091029 0.7452193730553188 0.6996410179813686 0.6039468473634246 0.6843352516580096 0.5513421711766524 0.6235735770547893 0.59054165868245 0.5361151933735322 0.5510542851289404 0.5311432088674267 0.5720714704244408 0.5185263880407318 0.48511358097586255 0.4369924641112895 0.4277472426893013 0.4304108251631371 0.49291443466279244 0.4210086573032613 0.40997560158159685 0.3564506247155561 0.3009204110174819 0.3802958222765344 0.42541213797294564 0.3357086697064408 0.3604629990123418 0.2884940692411896 0.29632245414494823 0.327163589851391 0.22183601869876823 
0.5230727429914546 0.7204491228577707 0.6996244315102625 0.7100822371458334 0.6635330039670395 0.561334705495802 0.6173166706155042 0.5679572239020237 0.5382808500089091 0.5438297221393847 0.5458682567116592 0.5523933305646 0.5088395644785506 0.48054772605775575 0.45755863309110745 0.45546284693936434 0.45340991245607076 0.5486168461591375 0.40693304170760236 0.4161612441281755 0.3984388800601472 0.35197280725214813 0.4114348685827562 0.4208791162075271 0.3354614343423159 0.3568781509261704 0.27146403254406426 0.36179981578774223 0.35193808874960375 0.2844797140051598 
0.5200725517091029 0.7452193730553188 0.6996410179813686 0.6039468473634246 0.6843352516580096 0.5513421711766524 0.6235735770547893 0.59054165868245 0.5361151933735322 0.5510542851289404 0.5311432088674267 0.5720714704244408 0.5185263880407318 0.48511358097586255 0.4369924641112895 0.4277472426893013 0.4304108251631371 0.49291443466279244 0.4210086573032613 0.40997560158159685 0.3564506247155561 0.3009204110174819 0.3802958222765344 0.42541213797294564 0.3357086697064408 0.3604629990123418 0.2884940692411896 0.29632245414494823 0.327163589851391 0.22183601869876823 
0.5154750759832903 0.6966620743166341 0.7034779685763162 0.6109206344931005 0.6526923699817087 0.5837470562727488 0.6072455983032309 0.5524283050995622 0.5467966928249816 0.5448273708246523 0.48996522243161966 0.5680933182832872 0.47483960415806736 0.43269824672275903 0.40999978428705747 0.3783662607488336 0.44919901274314794 0.49982581390080383 0.39674118238436495 0.49364047340739603 0.3681712361884516 0.3140287802351575 0.37948881069487256 0.4028609763256429 0.32071558523138327 0.35586138537248757 0.31276767504629654 0.295752529020242 0.33133770935923834 0.3246391382486651 
0.5133442407112668 0.735060683646238 0.7010015885085457 0.6376336583543785 0.6513063880986596 0.47830019591050194 0.5846170366328363 0.5416557261446747 0.5460900524672512 0.5689311187850664 0.5534386313849738 0.5458890603292014 0.506851693835739 0.4515836832865927 0.44962448131302746 0.3420371373138328 0.42109767347737825 0.3336025756110145 0.41133312182167725 0.41234740016720106 0.37520070759500823 0.32289309480735995 0.326885015445439 0.42199911065691453 0.3166486182240651 0.35332616851073123 0.31252251837603856 0.3168068443724355 0.24572098153120492 0.2959520772599472 
0.5168112255960253 0.7010298589533939 0.7029283570415725 0.574560664443803 0.6507042109591675 0.5046010056543384 0.591489421572053 0.5483503961933787 0.5467531757243267 0.5455462551936578 0.500790914312016 0.5751323446091161 0.4796918871234954 0.40165939619863944 0.4129382267579369 0.3578654528969444 0.398984959897714 0.36066341447413885 0.4040371521030211 0.504260187969405 0.35721867277961294 0.32146847282254165 0.3340217988975768 0.39122903715375723 0.31086575971750235 0.3339279073616632 0.351606513884582 0.3168152779686686 0.27088420742028757 0.24109167740890108 
0.5154750759832903 0.6966620743166341 0.7034779685763162 0.6109206344931005 0.6526923699817087 0.5837470562727488 0.6072455983032309 0.5524283050995622 0.5467966928249816 0.5448273708246523 0.48996522243161966 0.5680933182832872 0.47483960415806736 0.43269824672275903 0.40999978428705747 0.3783662607488336 0.44919901274314794 0.49982581390080383 0.39674118238436495 0.49364047340739603 0.3681712361884516 0.3140287802351575 0.37948881069487256 0.4028609763256429 0.32071558523138327 0.35586138537248757 0.31276767504629654 0.295752529020242 0.33133770935923834 0.3246391382486651 
0.5168112255960253 0.7030723248166726 0.7032031628089443 0.563288981869249 0.6507042109591675 0.5113648179795796 0.591489421572053 0.5483503961933787 0.5467531757243267 0.5455462551936578 0.49183588468685446 0.5751323446091161 0.4877964590641967 0.41717882146069923 0.4114690055224972 0.3670886022881815 0.398984959897714 0.3868309828550008 0.4040371521030211 0.5075542624782314 0.36179008304347604 0.31738257782441714 0.3340217988975768 0.39122903715375723 0.31086575971750235 0.3339279073616632 0.351606513884582 0.32019021493298033 0.301110958389763 0.24109167740890108 
0.5154750759832903 0.6966620743166341 0.7034779685763162 0.5882415886904224 0.6526923699817087 0.5181286303048207 0.5943036226585334 0.5524283050995622 0.5393631283419114 0.5448273708246523 0.48996522243161966 0.5689904673659172 0.495901031004898 0.43269824672275903 0.40999978428705747 0.3783662607488336 0.4118767128481606 0.4166091652213769 0.39674118238436495 0.4888236010267505 0.3681712361884516 0.3140287802351575 0.3417742933115632 0.3921805820400473 0.29981698743408125 0.35586138537248757 0.34543479361641516 0.295752529020242 0.33133770935923834 0.3246391382486651 
0.5168112255960253 0.7030723248166726 0.7032031628089443 0.563288981869249 0.6507042109591675 0.5113648179795796 0.591489421572053 0.5483503961933787 0.5467531757243267 0.5455462551936578 0.49183588468685446 0.5751323446091161 0.4877964590641967 0.41717882146069923 0.4114690055224972 0.3670886022881815 0.398984959897714 0.3868309828550008 0.4040371521030211 0.5075542624782314 0.36179008304347604 0.31738257782441714 0.3340217988975768 0.39122903715375723 0.31086575971750235 0.3339279073616632 0.351606513884582 0.32019021493298033 0.301110958389763 0.24109167740890108 
0.5168112255960253 0.6925771425900766 0.7029283570415725 0.6107849538395306 0.6510916260837036 0.5046010056543384 0.5889641098351074 0.5483503961933787 0.5467531757243267 0.5455462551936578 0.5078752816819426 0.507311284377847 0.4796918871234954 0.40165939619863944 0.4129382267579369 0.3599199619663594 0.398984959897714 0.36427402845965307 0.4022131596733571 0.48223545200909756 0.3590284156607254 0.3222005702314066 0.3340217988975768 0.39066903992906354 0.282702819227137 0.3339279073616632 0.351606513884582 0.28900265509161854 0.27088420742028757 0.32565853118788674 
0.5168112255960253 0.6925771425900766 0.7029283570415725 0.6107849538395306 0.6510916260837036 0.5046010056543384 0.5889641098351074 0.5483503961933787 0.5467531757243267 0.5455462551936578 0.5078752816819426 0.507311284377847 0.4796918871234954 0.40165939619863944 0.4129382267579369 0.3599199619663594 0.398984959897714 0.36427402845965307 0.4022131596733571 0.48223545200909756 0.3590284156607254 0.3222005702314066 0.3340217988975768 0.39066903992906354 0.282702819227137 0.3339279073616632 0.351606513884582 0.28900265509161854 0.27088420742028757 0.32565853118788674 
0.5107582866206078 0.6888510190896412 0.7023787455068288 0.5681827901649832 0.651952782887566 0.4784888057997839 0.5813881746242706 0.5416557261446747 0.5530579121086774 0.5764864451925341 0.5102309821386697 0.5738725543181395 0.4927961993320805 0.4515836832865927 0.4278428061369848 0.3420371373138328 0.38878543449868574 0.3336025756110145 0.41133312182167725 0.4085335562062266 0.35021048924662135 0.32289309480735995 0.3285857633470417 0.42968742767406887 0.3166486182240651 0.35332616851073123 0.35349825444205485 0.25803299623231357 0.3345862051884697 0.2959520772599472 
0.5168112255960253 0.7010298589533939 0.7029283570415725 0.574560664443803 0.6507042109591675 0.5046010056543384 0.591489421572053 0.5483503961933787 0.5467531757243267 0.5455462551936578 0.500790914312016 0.5751323446091161 0.4796918871234954 0.40165939619863944 0.4129382267579369 0.3578654528969444 0.398984959897714 0.36066341447413885 0.4040371521030211 0.504260187969405 0.35721867277961294 0.32146847282254165 0.3340217988975768 0.39122903715375723 0.31086575971750235 0.3339279073616632 0.351606513884582 0.3168152779686686 0.27088420742028757 0.32565853118788674 
0.5128115318932609 0.7519661163728726 0.7014153612403153 0.5651850795629234 0.6511558438137866 0.48999055066411884 0.5846170366328363 0.5399820586324988 0.5520072144759254 0.5689311187850664 0.5439899305584474 0.6809012856462513 0.48442665088430215 0.4515836832865927 0.4699968056590003 0.33792811917500276 0.4006443030045498 0.31285092820842386 0.4149811066810053 0.4085335562062266 0.36807713006628756 0.32214121098203924 0.3246148203312973 0.4231191051063019 0.3729744992047958 0.35332616851073123 0.3253380025042788 0.3724320901265356 0.2901535933598373 0.2959520772599472 
0.5168112255960253 0.7520718272545883 0.7019649727750592 0.5726392886831781 0.6507042109591675 0.5045067007096974 0.591489421572053 0.5039666002315059 0.5448454299997012 0.5515721921837613 0.4999411055627734 0.5751323446091161 0.49501806172423335 0.40165939619863944 0.432015964653202 0.35420724137003257 0.41514107938706024 0.36066341447413885 0.4076851369623492 0.48223545200909756 0.35721867277961294 0.3218170773317659 0.3340217988975768 0.39122903715375723 0.31086575971750235 0.3339279073616632 0.351606513884582 0.34342607139881254 0.2428866103740987 0.32565853118788674 
0.5128115318932609 0.7519661163728726 0.7014153612403153 0.5651850795629234 0.6511558438137866 0.48999055066411884 0.5846170366328363 0.5399820586324988 0.5520072144759254 0.5689311187850664 0.5439899305584474 0.6809012856462513 0.48442665088430215 0.4515836832865927 0.4699968056590003 0.33792811917500276 0.4006443030045498 0.31285092820842386 0.4149811066810053 0.4085335562062266 0.36807713006628756 0.32214121098203924 0.3246148203312973 0.4231191051063019 0.3729744992047958 0.35332616851073123 0.3253380025042788 0.3724320901265356 0.2901535933598373 0.2959520772599472 
0.5168112255960253 0.7010298589533939 0.7029283570415725 0.574560664443803 0.6507042109591675 0.5046010056543384 0.591489421572053 0.5483503961933787 0.5467531757243267 0.5455462551936578 0.500790914312016 0.5751323446091161 0.4796918871234954 0.40165939619863944 0.4129382267579369 0.3578654528969444 0.398984959897714 0.36066341447413885 0.4040371521030211 0.504260187969405 0.35721867277961294 0.32146847282254165 0.3340217988975768 0.39122903715375723 0.31086575971750235 0.3339279073616632 0.351606513884582 0.3168152779686686 0.27088420742028757 0.32565853118788674 
0.5133442407112668 0.735060683646238 0.7010015885085457 0.6376336583543785 0.6513063880986596 0.47830019591050194 0.5846170366328363 0.5416557261446747 0.5460900524672512 0.5689311187850664 0.5534386313849738 0.5458890603292014 0.506851693835739 0.4515836832865927 0.44962448131302746 0.3420371373138328 0.42109767347737825 0.3336025756110145 0.41133312182167725 0.41234740016720106 0.37520070759500823 0.32289309480735995 0.326885015445439 0.42199911065691453 0.3166486182240651 0.35332616851073123 0.31252251837603856 0.3168068443724355 0.24572098153120492 0.2959520772599472 
0.5168112255960253 0.7289669949762899 0.7026535512742007 0.5726392886831781 0.6507042109591675 0.5046010056543384 0.591489421572053 0.5039666002315059 0.5467531757243267 0.5553498553874952 0.4999411055627734 0.5751323446091161 0.4879903144724041 0.40165939619863944 0.4173989822204187 0.35420724137003257 0.398984959897714 0.36066341447413885 0.4076851369623492 0.504260187969405 0.35721867277961294 0.3218170773317659 0.3340217988975768 0.39122903715375723 0.31086575971750235 0.3339279073616632 0.351606513884582 0.3140391473287516 0.2713937227606856 0.32565853118788674 
0.5168112255960253 0.6870612909419458 0.7030657599252584 0.5755213523241155 0.6507042109591675 0.5537963695807777 0.591489421572053 0.570542294174315 0.5467531757243267 0.5406444550967392 0.500790914312016 0.5751323446091161 0.4796918871234954 0.40165939619863944 0.4129382267579369 0.3596945586604003 0.398984959897714 0.36066341447413885 0.402213159673357 0.504260187969405 0.35721867277961294 0.32146847282254165 0.3340217988975768 0.39122903715375723 0.31086575971750235 0.3339279073616632 0.351606513884582 0.3182033432886271 0.27088420742028757 0.24109167740890108 
0.5168112255960253 0.7010298589533939 0.7029283570415725 0.574560664443803 0.6507042109591675 0.5046010056543384 0.591489421572053 0.5483503961933787 0.5467531757243267 0.5455462551936578 0.500790914312016 0.5751323446091161 0.4796918871234954 0.40165939619863944 0.4129382267579369 0.3578654528969444 0.398984959897714 0.36066341447413885 0.4040371521030211 0.504260187969405 0.35721867277961294 0.32146847282254165 0.3340217988975768 0.39122903715375723 0.31086575971750235 0.3339279073616632 0.351606513884582 0.3168152779686686 0.27088420742028757 0.24109167740890108 
0.5168112255960253 0.7289669949762899 0.7026535512742007 0.5726392886831781 0.6507042109591675 0.5046010056543384 0.591489421572053 0.5039666002315059 0.5467531757243267 0.5553498553874952 0.4999411055627734 0.5751323446091161 0.4879903144724041 0.40165939619863944 0.4173989822204187 0.35420724137003257 0.398984959897714 0.36066341447413885 0.4076851369623492 0.504260187969405 0.35721867277961294 0.3218170773317659 0.3340217988975768 0.39122903715375723 0.31086575971750235 0.3339279073616632 0.351606513884582 0.3140391473287516 0.2713937227606856 0.32565853118788674 
0.510317771223558 0.735060683646238 0.7010015885085457 0.6376336583543785 0.6519306740628588 0.47830019591050194 0.5795664131589451 0.5383083911203228 0.5492424206594265 0.5689311187850664 0.5581586652983007 0.5452591651837131 0.506851693835739 0.47654582683056934 0.4570767710025514 0.3420371373138328 0.42109767347737825 0.3200721561794523 0.41133312182167725 0.36448408428561185 0.37169661582851243 0.3236054057997691 0.326885015445439 0.42199911065691453 0.3166486182240651 0.35332616851073123 0.313468388654775 0.3168068443724355 0.27757198041529596 0.2959520772599472 
0.5168112255960253 0.6870612909419458 0.7030657599252584 0.5755213523241155 0.6507042109591675 0.5537963695807777 0.591489421572053 0.570542294174315 0.5467531757243267 0.5406444550967392 0.500790914312016 0.5751323446091161 0.4796918871234954 0.40165939619863944 0.4129382267579369 0.3596945586604003 0.398984959897714 0.36066341447413885 0.402213159673357 0.504260187969405 0.35721867277961294 0.32146847282254165 0.3340217988975768 0.39122903715375723 0.31086575971750235 0.3339279073616632 0.351606513884582 0.3182033432886271 0.27088420742028757 0.24109167740890108 
0.35673104151899876 0.5640658377853711 0.5880965394323168 0.5373436531301075 0.5806296498666216 0.47049876218213904 0.5025543773575714 0.46470860717667034 0.428342931324631 0.5638390090626448 0.4255626399202083 0.5040599001456673 0.40813396472367935 0.40622013114769506 0.24748049705126102 0.29768551918103564 0.2374419560291629 0.3119965960563961 0.2527682295405843 0.07318256366776074 0.26099987281201975 0.3413652911251634 0.1806262391034006 0.32624954097922554 0.24907533337284665 0.15422091372007063 0.24114105320376233 0.239598757204929 0.11905805969778796 0.1327419709831481 
0.5168112255960253 0.7520718272545883 0.7019649727750592 0.5726392886831781 0.6507042109591675 0.5045067007096974 0.591489421572053 0.5039666002315059 0.5448454299997012 0.5515721921837613 0.4999411055627734 0.5751323446091161 0.49501806172423335 0.40165939619863944 0.432015964653202 0.35420724137003257 0.41514107938706024 0.36066341447413885 0.4076851369623492 0.48223545200909756 0.35721867277961294 0.3218170773317659 0.3340217988975768 0.39122903715375723 0.31086575971750235 0.3339279073616632 0.351606513884582 0.34342607139881254 0.2428866103740987 0.32565853118788674 
0.35673104151899876 0.5640658377853711 0.5880965394323168 0.5373436531301075 0.5806296498666216 0.47049876218213904 0.5025543773575714 0.46470860717667034 0.428342931324631 0.5638390090626448 0.4255626399202083 0.5040599001456673 0.40813396472367935 0.40622013114769506 0.24748049705126102 0.29768551918103564 0.2374419560291629 0.3119965960563961 0.2527682295405843 0.07318256366776074 0.26099987281201975 0.3413652911251634 0.1806262391034006 0.32624954097922554 0.24907533337284665 0.15422091372007063 0.24114105320376233 0.239598757204929 0.11905805969778796 0.1327419709831481 
0.35502238509260353 0.4477321314371011 0.5880965394323168 0.4658534134111652 0.4791678780920726 0.44160891870645336 0.4455942869526984 0.4574251785918301 0.4180574759405476 0.5609004776850355 0.39888848145228956 0.3853952346816227 0.35398035098647973 0.40622013114769506 0.26053699250263845 0.29768551918103564 0.18699123497442338 0.2507227485974074 0.1877151986585064 0.0975784887447837 0.2678040915033266 0.30435602314936205 0.20462399654158314 0.3955417930743959 0.1978816470485818 0.14540397272935035 0.24114105320376233 0.13639839074569257 0.060707401437415195 0.1327419709831481 
0.35673104151899876 0.4477321314371011 0.5880965394323168 0.5039693933376619 0.49600747080103197 0.43620790882065763 0.4319519776199612 0.46470860717667034 0.4153078803630261 0.5625245625439572 0.4255626399202083 0.4128430897411311 0.3581159431057638 0.40622013114769506 0.24748049705126102 0.29768551918103564 0.1795178643057363 0.29120778347446585 0.2527682295405843 0.07318256366776074 0.22582233417926048 0.32091772582453393 0.1806262391034006 0.32624954097922554 0.19287386175848245 0.1170237766263359 0.24114105320376233 0.239598757204929 0.05047463919996356 0.1327419709831481 
0.35673104151899876 0.4094798380043287 0.5880965394323168 0.5039693933376619 0.49600747080103197 0.4522272144986505 0.3741867222841202 0.4610668928842502 0.4345000919977739 0.5625245625439572 0.4256007612668562 0.40324332812970365 0.3581159431057638 0.40622013114769506 0.24748049705126102 0.32041982107644207 0.14722419658173694 0.29120778347446585 0.22024171409954535 0.06953480802509707 0.22035924288427952 0.333014481440112 0.19473719344373758 0.33412483616847377 0.19774934235625832 0.06695320363313603 0.2240519452986499 0.20641431274803285 0.09260551815269917 0.1327419709831481 
0.35441373185393715 0.5282070412907773 0.5565325643548878 0.4972469050227308 0.4831225622884401 0.34816175908990155 0.4221834167139177 0.4510814767582405 0.361400969853189 0.5618612889415407 0.35680173243031776 0.38056555316738594 0.3724012073050058 0.335356453141272 0.24659741758739265 0.24284252296934133 0.22399251926662672 0.24920346309571542 0.18520034611116043 0.10720775646616716 0.2813490624641878 0.408707546784857 0.19151072312023742 0.375658675759464 0.10362666464518586 0.17791558780021705 0.2124955179995402 0.21238128405803913 0.04259912351381778 0.06050874095630803 
0.33757514285189627 0.5125126343280747 0.5291520059913761 0.4928722610728285 0.4855587015739182 0.3659734229944975 0.3795636757293005 0.39229852933970877 0.32829503238991053 0.4869956015803619 0.3834758908982365 0.34208456390414366 0.3366421781160933 0.3431368248630321 0.24659741758739265 0.22738365872571872 0.12179334266680486 0.2465460145345879 0.15155455867934736 0.0 0.20642611905812197 0.41316875621876736 0.15459476056856042 0.3643079110090839 0.1226894303076874 0.19673615186336513 0.17047836210907508 0.1953282059094979 0.04259912351381778 0.0 
0.33757514285189627 0.5125126343280747 0.5291520059913761 0.4928722610728285 0.4855587015739182 0.3659734229944975 0.3795636757293005 0.39229852933970877 0.32829503238991053 0.4869956015803619 0.3834758908982365 0.34208456390414366 0.3366421781160933 0.3431368248630321 0.24659741758739265 0.22738365872571872 0.12179334266680486 0.2465460145345879 0.15155455867934736 0.0 0.20642611905812197 0.41316875621876736 0.15459476056856042 0.3643079110090839 0.1226894303076874 0.19673615186336513 0.17047836210907508 0.1953282059094979 0.04259912351381778 0.0 
0.31627575515437595 0.4091370038429737 0.5774746829576629 0.35951413790306574 0.5523119173349085 0.19071325376115605 0.3318691275014495 0.37812004404674815 0.3009844852569681 0.5189427883578426 0.31461140882513927 0.25816580021216273 0.3396786071673158 0.2304277528472288 0.25591484378090684 0.1602865745160406 0.18215405866935083 0.24579219665794544 0.23862096789324128 0.11439972327830433 0.1735811964774509 0.16991460432279284 0.09923739547968788 0.38421262918726695 0.2126847509799316 0.17261052652842424 0.08274964099546243 0.10682697033607388 0.010212579764624093 0.09539110503524913 
0.31627575515437595 0.4091370038429737 0.5774746829576629 0.35951413790306574 0.5523119173349085 0.19071325376115605 0.3318691275014495 0.37812004404674815 0.3009844852569681 0.5189427883578426 0.31461140882513927 0.25816580021216273 0.3396786071673158 0.2304277528472288 0.25591484378090684 0.1602865745160406 0.18215405866935083 0.24579219665794544 0.23862096789324128 0.11439972327830433 0.1735811964774509 0.16991460432279284 0.09923739547968788 0.38421262918726695 0.2126847509799316 0.17261052652842424 0.08274964099546243 0.10682697033607388 0.010212579764624093 0.09539110503524913 
0.3194929172486287 0.4742603408953023 0.5291520059913761 0.4928722610728285 0.49267151174527457 0.3659734229944975 0.3727425210629319 0.3959402436321289 0.32829503238991053 0.4869956015803619 0.3958442860072299 0.34208456390414366 0.3366421781160933 0.3431368248630321 0.24659741758739265 0.22738365872571872 0.12179334266680486 0.2465460145345879 0.15155455867934736 0.0 0.20642611905812197 0.43354636317193135 0.15459476056856042 0.3643079110090839 0.11781394970991153 0.19673615186336513 0.17047836210907508 0.1953282059094979 4.682445610821734E-4 0.0 
0.3194929172486287 0.4742603408953023 0.5291520059913761 0.4928722610728285 0.49267151174527457 0.3659734229944975 0.3727425210629319 0.3959402436321289 0.32829503238991053 0.4869956015803619 0.3958442860072299 0.34208456390414366 0.3366421781160933 0.3431368248630321 0.24659741758739265 0.22738365872571872 0.12179334266680486 0.2465460145345879 0.15155455867934736 0.0 0.20642611905812197 0.43354636317193135 0.15459476056856042 0.3643079110090839 0.11781394970991153 0.19673615186336513 0.17047836210907508 0.1953282059094979 4.682445610821734E-4 0.0 
0.3000579604953668 0.3481433476318687 0.581789332706353 0.3589016207938019 0.5537711729823768 0.2116823571285834 0.3846721451806955 0.4726969745060249 0.3449709366452383 0.5523502290568261 0.315069339796062 0.24236962750052032 0.3413329395394049 0.20526230835672887 0.2694777098374191 0.30722743039372974 0.15611075952705647 0.24654497552173954 0.21155575908396723 0.07920495448758136 0.10395653906533858 0.18643643904510607 0.06199802208518505 0.3241918494421303 0.14789571595574516 0.19497460639224057 0.1277870927000418 0.20203359971314344 0.011014643654965076 0.08574818088117309 
0.3000579604953668 0.3481433476318687 0.581789332706353 0.3589016207938019 0.5537711729823768 0.2116823571285834 0.3846721451806955 0.4726969745060249 0.3449709366452383 0.5523502290568261 0.315069339796062 0.24236962750052032 0.3413329395394049 0.20526230835672887 0.2694777098374191 0.30722743039372974 0.15611075952705647 0.24654497552173954 0.21155575908396723 0.07920495448758136 0.10395653906533858 0.18643643904510607 0.06199802208518505 0.3241918494421303 0.14789571595574516 0.19497460639224057 0.1277870927000418 0.20203359971314344 0.011014643654965076 0.08574818088117309 
0.30566931143685405 0.5125126343280747 0.5923905242081523 0.4942965555277579 0.5050471121033091 0.3659734229944975 0.3542159312771729 0.39229852933970877 0.32829503238991053 0.4869956015803619 0.3881379907302034 0.34208456390414366 0.3366421781160933 0.3431368248630321 0.24659741758739265 0.17243318356024584 0.09237834769000444 0.2545789062224428 0.15137499005921384 0.011539082812466524 0.20642611905812197 0.4210337288524554 0.12583933042381718 0.386324466244065 0.1226894303076874 0.15839510849853763 0.1740300348540903 0.18067347372436668 0.04259912351381778 0.0 
0.2802019053998209 0.487745594578997 0.4912188282950517 0.40409401549771384 0.4829605681281294 0.26936468521588197 0.4221834167139177 0.39252697218097427 0.37859070316388826 0.5277695554970006 0.13526614777986756 0.27183393323923977 0.32340847438313536 0.1432842366986582 0.24446289358819595 0.34373135866163046 0.14661279740673613 0.28807804240688295 0.10602812918364804 0.052577513525067454 0.14811585463753135 0.1847344670137241 0.15776262050409023 0.37570591548035276 0.09369106342756445 0.1915023084725077 0.1543679559589787 0.17290875235730677 0.0 0.0 
0.26226050475977747 0.33401602287387 0.5527232586078661 0.3023879745862964 0.5523119173349085 0.19071325376115605 0.3318691275014495 0.31726717550979383 0.3009844852569681 0.5514882591752387 0.18718744121945652 0.25816580021216273 0.35023013427632566 0.2304277528472288 0.22817872419894028 0.1602865745160406 0.18215405866935083 0.2595742697381613 0.23862096789324128 0.11439972327830433 0.1004743256242129 0.16991460432279284 0.06501154282938902 0.3499586847984927 0.21721097865504427 0.17787689834363304 0.08274964099546243 0.16170105511794058 0.010212579764624093 0.09539110503524913 
0.2717474751237654 0.38189663020723846 0.5345291067491382 0.30186723905065244 0.5537711729823768 0.31622116620574503 0.34290019669122446 0.4726969745060249 0.3123696295049022 0.5381771307064829 0.2775501656050622 0.20461425745915557 0.3249206467446968 0.19084631477563346 0.26634400333364777 0.22708414313570946 0.14158841807103714 0.32548486894301765 0.22450692925092203 0.019282091905788362 0.12716028272782876 0.17871475943563697 0.09922277253937437 0.3305826214308964 0.15645787666716438 0.19497460639224057 0.1277870927000418 0.20203359971314344 0.01181670754530606 0.08574818088117309 
0.26226050475977747 0.38694050505974925 0.5310681193808229 0.35350136280982714 0.5169066149077848 0.19071325376115605 0.3318691275014495 0.31726717550979383 0.3009844852569681 0.5514882591752387 0.18718744121945652 0.29177563810220486 0.34947404809554494 0.20664671380874117 0.21723816932621437 0.15144344523503242 0.18215405866935083 0.24087085647009393 0.1793815678596043 0.11439972327830433 0.1004743256242129 0.16991460432279284 0.09428146681174696 0.37252033182322086 0.1858275720352443 0.17614074938376661 0.08274964099546243 0.14713863144002226 0.004304225991971063 0.052517014594662584 
0.26017970622460174 0.3622706723898673 0.48392152075855577 0.3858484715894207 0.5474181874034971 0.10714354805142179 0.31572028849696254 0.24803614342300798 0.3524244083985856 0.5343494519347629 0.23943561095887464 0.23829021830153252 0.35774523233411304 0.180096863866229 0.1931648335484668 0.20794084317837241 0.15698848557055883 0.20440618896217227 0.20725376502254284 0.024728093791070008 0.08075279540284841 0.1794210432027389 0.07603912264556355 0.3121020752177297 0.07858045325644605 0.16284004377497346 0.008055203075048187 0.1864284438165954 0.0 0.0 
0.24053420030019787 0.3622706723898673 0.46495493191039355 0.34145934880186335 0.5215132566484932 0.10714354805142179 0.3404407363224555 0.24803614342300798 0.3775722437855744 0.5547364288930823 0.10914654184519348 0.23829021830153252 0.35774523233411304 0.180096863866229 0.19209757154886845 0.20794084317837241 0.16939821294052448 0.2251722028983198 0.1844905502746932 0.024728093791070008 0.08075279540284841 0.05501509512363528 0.07603912264556355 0.31780107745336417 0.07858045325644605 0.16284004377497346 0.0 0.17521871704049985 0.0 0.0 
0.2291033895580885 0.3720836512985529 0.4810482940908938 0.30186723905065244 0.5318961385452334 0.2116823571285834 0.32222956896980803 0.43901062736575724 0.3449709366452383 0.5381771307064829 0.14865257652233232 0.21633102097181017 0.3413329395394049 0.19084631477563346 0.22017099746538515 0.17700364806249375 0.14734889691417466 0.32548486894301765 0.2044987397628076 0.012364046895535004 0.08694645357842093 0.15447124510385465 0.06335992268084495 0.32496737717879853 0.15645787666716438 0.18445677882419884 0.1277870927000418 0.14790895022945533 0.0 0.08574818088117309 
0.2291033895580885 0.3720836512985529 0.4810482940908938 0.30186723905065244 0.5318961385452334 0.2116823571285834 0.32222956896980803 0.43901062736575724 0.3449709366452383 0.5381771307064829 0.14865257652233232 0.21633102097181017 0.3413329395394049 0.19084631477563346 0.22017099746538515 0.17700364806249375 0.14734889691417466 0.32548486894301765 0.2044987397628076 0.012364046895535004 0.08694645357842093 0.15447124510385465 0.06335992268084495 0.32496737717879853 0.15645787666716438 0.18445677882419884 0.1277870927000418 0.14790895022945533 0.0 0.08574818088117309 
0.2295446420626993 0.3622706723898673 0.46495493191039355 0.3786199344392898 0.522134559640278 0.17991123398956466 0.30739945739696145 0.24803614342300798 0.3791325664755682 0.5547364288930823 0.10914654184519348 0.280520845641797 0.35774523233411304 0.2459382668989571 0.19112517842345952 0.20794084317837241 0.16939821294052448 0.2741101606950196 0.1844905502746932 0.024728093791070008 0.06021237735164596 0.11836477893197853 0.07232309168160972 0.3155419482544787 0.07858045325644605 0.16284004377497346 0.0 0.22080158653091048 0.0 0.01746506882028346 
0.24053420030019787 0.41267321714949123 0.46495493191039355 0.3667556751458067 0.5215132566484932 0.10714354805142179 0.3855978809286896 0.24803614342300798 0.4163753527390345 0.5428770770539633 0.10914654184519348 0.22831936587004997 0.35774523233411304 0.180096863866229 0.19209757154886845 0.34220904532058255 0.15162758230921713 0.2251722028983198 0.1844905502746932 0.0 0.08075279540284841 0.062425026469100905 0.07603912264556355 0.31780107745336417 0.032512198952606125 0.16284004377497346 0.0 0.17521871704049985 0.0 0.039301234847414546 
0.24053420030019787 0.3622706723898673 0.46495493191039355 0.34145934880186335 0.5215132566484932 0.10714354805142179 0.3404407363224555 0.24803614342300798 0.3775722437855744 0.5547364288930823 0.10914654184519348 0.23829021830153252 0.35774523233411304 0.180096863866229 0.19209757154886845 0.20794084317837241 0.16939821294052448 0.2251722028983198 0.1844905502746932 0.024728093791070008 0.08075279540284841 0.05501509512363528 0.07603912264556355 0.31780107745336417 0.07858045325644605 0.16284004377497346 0.0 0.17521871704049985 0.0 0.0 
0.21767257881597915 0.38189663020723846 0.49714165627139406 0.30186723905065244 0.5422790204419736 0.31622116620574503 0.30401840161716065 0.43901062736575724 0.3123696295049022 0.5381771307064829 0.18815861119947114 0.21633102097181017 0.3249206467446968 0.19084631477563346 0.22017099746538515 0.14606645294661508 0.14734889691417466 0.32548486894301765 0.22450692925092203 0.0 0.09314011175399345 0.15447124510385465 0.05068072271612635 0.33213367690423284 0.15645787666716438 0.2060735138734242 0.1277870927000418 0.14790895022945533 0.0 0.08574818088117309 
0.21767257881597915 0.38189663020723846 0.49714165627139406 0.30186723905065244 0.5422790204419736 0.31622116620574503 0.30401840161716065 0.43901062736575724 0.3123696295049022 0.5381771307064829 0.18815861119947114 0.21633102097181017 0.3249206467446968 0.19084631477563346 0.22017099746538515 0.14606645294661508 0.14734889691417466 0.32548486894301765 0.22450692925092203 0.0 0.09314011175399345 0.15447124510385465 0.05068072271612635 0.33213367690423284 0.15645787666716438 0.2060735138734242 0.1277870927000418 0.14790895022945533 0.0 0.08574818088117309 
0.17442625919300717 0.38189663020723846 0.4582028066934365 0.22791132085120847 0.551617320106198 0.30233047823506703 0.24832523052250738 0.43901062736575724 0.26534103560798067 0.5397013606611518 0.1121490928374569 0.21633102097181017 0.3249206467446968 0.19084631477563346 0.22191131119139762 0.0 0.15310937575731218 0.3171413905360197 0.22450692925092203 0.0 0.10429755370687067 0.15447124510385465 0.04518167281045867 0.33213367690423284 0.15645787666716438 0.2104251649753925 0.12493167721277601 0.1608258550739435 0.0 0.08574818088117309 
0.17442625919300717 0.38189663020723846 0.4582028066934365 0.22791132085120847 0.551617320106198 0.30233047823506703 0.24832523052250738 0.43901062736575724 0.26534103560798067 0.5397013606611518 0.1121490928374569 0.21633102097181017 0.3249206467446968 0.19084631477563346 0.22191131119139762 0.0 0.15310937575731218 0.3171413905360197 0.22450692925092203 0.0 0.10429755370687067 0.15447124510385465 0.04518167281045867 0.33213367690423284 0.15645787666716438 0.2104251649753925 0.12493167721277601 0.1608258550739435 0.0 0.08574818088117309 
0.1635976825081929 0.38933462201393443 0.4597542057936499 0.30186723905065244 0.5099564156969429 0.24112212277101872 0.30401840161716065 0.31392164346290946 0.26534103560798067 0.5378516718460675 0.07828890911720812 0.21633102097181017 0.30176011158264116 0.19084631477563346 0.15221175072586013 0.09436548432812755 0.15310937575731218 0.27150399921983887 0.17215662602645865 0.0 0.12446553081880743 0.15447124510385465 0.05068072271612635 0.33213367690423284 0.12973778189479168 0.19495799549520318 0.1277870927000418 0.1608258550739435 0.0 0.08574818088117309 
0.1635976825081929 0.38933462201393443 0.4597542057936499 0.30186723905065244 0.5099564156969429 0.12144362897875455 0.15031867291867992 0.1977962201469431 0.17991640600605868 0.5378516718460675 0.07828890911720812 0.21633102097181017 0.27546630865627436 0.16311786485651097 0.14796048554241714 0.1940932605516521 0.1415874874829931 0.27150399921983887 0.13750549435095877 0.02543532345945509 0.09435934214298444 0.15512225631205717 0.05269185174526189 0.33213367690423284 0.06386683906583533 0.19495799549520318 0.1277870927000418 0.1608258550739435 0.053396345269062145 0.07484343310181922 
0.1635976825081929 0.38933462201393443 0.4597542057936499 0.30186723905065244 0.5099564156969429 0.24112212277101872 0.30401840161716065 0.31392164346290946 0.26534103560798067 0.5378516718460675 0.07828890911720812 0.21633102097181017 0.30176011158264116 0.19084631477563346 0.15221175072586013 0.09436548432812755 0.15310937575731218 0.27150399921983887 0.17215662602645865 0.0 0.12446553081880743 0.15447124510385465 0.05068072271612635 0.33213367690423284 0.12973778189479168 0.19495799549520318 0.1277870927000418 0.1608258550739435 0.0 0.08574818088117309 
0.1635976825081929 0.38933462201393443 0.4597542057936499 0.30186723905065244 0.5099564156969429 0.12144362897875455 0.15031867291867992 0.1977962201469431 0.17991640600605868 0.5378516718460675 0.07828890911720812 0.21633102097181017 0.27546630865627436 0.16311786485651097 0.14796048554241714 0.1940932605516521 0.1415874874829931 0.27150399921983887 0.13750549435095877 0.02543532345945509 0.09435934214298444 0.15512225631205717 0.05269185174526189 0.33213367690423284 0.06386683906583533 0.19495799549520318 0.1277870927000418 0.1608258550739435 0.053396345269062145 0.07484343310181922 
0.1248712606590572 0.3495624448694396 0.23611721442727898 0.2047623223435768 0.31284831688595216 0.0346868331303716 0.07684986434924036 0.04048596984456254 0.27450991902114596 0.5314792663243221 0.05493485104113151 0.2671979124592462 0.30220647383914523 0.16682378060443884 0.21872790401805758 0.3794904057854597 0.1443032937302794 0.02699043486158939 0.17264729130004347 0.07953696316187928 0.0 0.1193412957442823 0.09016531332623379 0.3677201625367711 0.04629551880066452 0.005557759189110514 0.0028554154872657764 0.08626411798715448 0.12459147229447834 0.005452373889676933 
0.09783381250516407 0.45342781295240275 0.3823664420386069 0.2627148597088145 0.44765807177054384 0.050355251868015066 0.0 3.95128335604622E-4 0.2652330603396722 0.5270480720577045 0.03311322989229348 0.2716388901867631 0.32268682843229063 0.05753639825706086 0.16077938794126156 0.2622791396163502 0.1610888958806138 0.0 0.12104607671780235 0.04780185725768335 0.0 0.17097323130826636 0.09016531332623379 0.3267701445203748 0.01763506605030221 0.0 0.0 0.20414082095863806 0.0711951270254162 0.0 
0.1248712606590572 0.3495624448694396 0.23611721442727898 0.2047623223435768 0.31284831688595216 0.0346868331303716 0.07684986434924036 0.04048596984456254 0.27450991902114596 0.5314792663243221 0.05493485104113151 0.2671979124592462 0.30220647383914523 0.16682378060443884 0.21872790401805758 0.3794904057854597 0.1443032937302794 0.02699043486158939 0.17264729130004347 0.07953696316187928 0.0 0.1193412957442823 0.09016531332623379 0.3677201625367711 0.04629551880066452 0.005557759189110514 0.0028554154872657764 0.08626411798715448 0.12459147229447834 0.005452373889676933 
0.09783381250516407 0.3495624448694396 0.23611721442727898 0.2047623223435768 0.31284831688595216 0.0346868331303716 0.0 0.04048596984456254 0.2082833072717242 0.5313165368941144 0.0 0.2671979124592462 0.277479304794934 0.1529595556448776 0.18262264805657358 0.3794904057854597 0.1414225890146886 0.0 0.17264729130004347 0.09225462489160682 0.0 0.11966680134838356 0.09016531332623379 0.3677201625367711 0.0 0.0 0.0028554154872657764 0.09272257040939857 0.12459147229447834 0.0 
0.09783381250516407 0.3495624448694396 0.23611721442727898 0.2047623223435768 0.31284831688595216 0.0346868331303716 0.0 0.04048596984456254 0.2082833072717242 0.5313165368941144 0.0 0.2671979124592462 0.277479304794934 0.1529595556448776 0.18262264805657358 0.3794904057854597 0.1414225890146886 0.0 0.17264729130004347 0.09225462489160682 0.0 0.11966680134838356 0.09016531332623379 0.3677201625367711 0.0 0.0 0.0028554154872657764 0.09272257040939857 0.12459147229447834 0.0 
0.07621065269367808 0.3495624448694396 0.23611721442727898 0.2047623223435768 0.31751746671806436 0.0346868331303716 0.0 0.04048596984456254 0.18476901032326343 0.5313165368941144 0.0 0.2671979124592462 0.277479304794934 0.1529595556448776 0.18262264805657358 0.3064571793121521 0.14430282843625736 0.0 0.17264729130004347 0.09225462489160682 0.0 0.11966680134838356 0.09016531332623379 0.3677201625367711 0.0 0.0021758255509841395 0.0014277077436328847 0.09918102283164267 0.12459147229447834 0.0 
0.04332871769216366 0.38160904033867377 0.1974233325497575 0.2047623223435768 0.31751746671806436 0.0 0.0 0.04048596984456254 0.18476901032326343 0.5313165368941144 0.0 0.2948518470667226 0.277479304794934 0.1529595556448776 0.1869064666642743 0.3064571793121521 0.14829258849790816 0.0 0.1470920166457153 0.1161555535204485 0.0 0.12791779445058943 0.09016531332623379 0.36503839634484203 0.0 0.0021758255509841395 0.0 0.09918102283164267 0.12459147229447834 0.0 
0.04332871769216366 0.38160904033867377 0.1974233325497575 0.2047623223435768 0.31751746671806436 0.0 0.0 0.04048596984456254 0.18476901032326343 0.5313165368941144 0.0 0.2948518470667226 0.277479304794934 0.1529595556448776 0.1869064666642743 0.3064571793121521 0.14829258849790816 0.0 0.1470920166457153 0.1161555535204485 0.0 0.12791779445058943 0.09016531332623379 0.36503839634484203 0.0 0.0021758255509841395 0.0 0.09918102283164267 0.12459147229447834 0.0 
