0.9885661158717292 0.07242024243229234 
0.8993644315860625 0.07295579692023992 
0.8970463484118079 0.07741314214826597 
0.8960430418798067 0.08898073461771679 
0.8958418765577865 0.09307214939656641 
0.8970463484118079 0.07741314214826597 
0.8960161051649163 0.09537744258180149 
0.8962221528492018 0.11062653348784288 
0.8958418765577865 0.09307214939656641 
0.8950582841740184 0.10409231887816328 
0.8950732580421975 0.11402377766022956 
0.8959076553675769 0.088592017992946 
0.8956356806691775 0.130779899183451 
0.8959076553675769 0.088592017992946 
0.8950582841740184 0.10409231887816328 
0.8951802141432662 0.12161987306737088 
0.8951802141432662 0.12161987306737088 
0.8959509146905035 0.14143006094836122 
0.8951542682797256 0.09718611997823237 
0.8959491762712783 0.1775645512243771 
0.8969899320998425 0.19986293754544004 
0.8959491762712783 0.1775645512243771 
0.7763020869130431 0.2528947634265468 
0.6671553785926648 0.2528784742460085 
0.6481523826482799 0.25308679149586955 
0.6888762665901998 0.25267096916657455 
0.6671553785926648 0.2528784742460085 
0.6415103978662958 0.2527333750990106 
0.6888762665901998 0.25267096916657455 
0.6645460791087953 0.2529218913151274 
0.6481523826482799 0.25308679149586955 
0.6297959754918994 0.25545194153426476 
0.6297959754918994 0.25545194153426476 
0.6189158717247335 0.25835306178259115 
0.5883384321805656 0.26479877361715753 
0.5883384321805656 0.26479877361715753 
0.5824368197700168 0.2690532249389027 
0.5796508075449895 0.27155331643212566 
0.571890543779873 0.2763150503931959 
0.5678564146982653 0.28578440115532555 
0.5659578388919858 0.27916187577521945 
0.5675364033455355 0.2951159197003803 
0.5672554970450275 0.2847574136595207 
0.5658853774584661 0.2934523682737705 
0.5659578388919858 0.27916187577521945 
0.5671217945423098 0.29514399985468887 
0.5675364033455355 0.2951159197003803 
0.5654373416964323 0.29250487084516963 
0.565656267557135 0.36239709797797526 
0.565656267557135 0.36239709797797526 
0.5652409874336211 0.3437108644535217 
0.5660000643897746 0.3544279090496493 
0.5658853774584661 0.2934523682737705 
0.5669436559503611 0.4275619827024757 
0.5669436559503611 0.4275619827024757 
0.5654373416964323 0.29250487084516963 
0.5652409874336211 0.3437108644535217 
0.5663538232275344 0.4150860732524153 
0.529042481011243 0.5286873893607416 
0.529042481011243 0.5286873893607416 
0.34948081842994594 0.5298113313862245 
0.5053100238942455 0.5307437976486722 
0.3393016511703927 0.529861982458621 
0.461222470794897 0.5304893804973481 
0.4830703780347576 0.5303249507094211 
0.34948081842994594 0.5298113313862245 
0.3600326084137128 0.5284339622887837 
0.3687398598012851 0.5317143380092735 
0.3687398598012851 0.5317143380092735 
0.35243657851918003 0.530590180419365 
0.4039580715639398 0.5298781589398175 
0.34380372381479724 0.5282414488552708 
0.4039580715639398 0.5298781589398175 
0.3393016511703927 0.529861982458621 
0.3600326084137128 0.5284339622887837 
0.3270719879262749 0.530432121931754 
0.3633272508699011 0.5326824823088653 
0.33524292854419196 0.531515925934837 
0.34380372381479724 0.5282414488552708 
0.3167108785981885 0.5320916788614226 
0.33524292854419196 0.531515925934837 
0.32639674456210865 0.5324613507473611 
0.3260441334093729 0.5330416240204864 
0.3081525442793901 0.5321187346252416 
0.2750738343314327 0.5330423390715525 
0.2750738343314327 0.5330423390715525 
0.2983433182137352 0.5334200134322827 
0.2827154753728006 0.5347761799590077 
0.2827154753728006 0.5347761799590077 
0.2746615152832309 0.5331837981139773 
0.26787303298117127 0.5358680065187694 
0.25420471473685075 0.5494307772031838 
0.26787303298117127 0.5358680065187694 
0.2549875556203953 0.5369841804266271 
0.2525986905601408 0.547677847280744 
0.24816541214613944 0.5664469918681831 
0.24625149196733429 0.5495776210542503 
0.23511179760176001 0.6084340522392852 
0.23511179760176001 0.6084340522392852 
0.23171380245704584 0.6152571109689743 
