0.9110822719910935 -0.9229431766703946 -0.9713387091004879 -0.9484337100215599 -0.887807616004635 -0.7469176414605995 -0.7851953062279529 -0.6106448347948856 -0.6583321974973058 -0.43233134122033257 -0.4707084258382486 -0.4106981219998365 -0.2783282065236337 -0.20103371482489577 -0.11484503614095334 -0.006858288237712156 0.13118341960403446 0.21594560484094572 0.029032995351954 0.4065728100876229 0.49476031408178195 0.5953810203720697 0.3045689922862949 0.7552886281880861 0.794335895451259 0.8714647534573683 0.9244512397131097 0.9225762131418467 -0.051842227626695436 0.9615796306390647 
0.9110822719910935 -0.9229431766703946 -0.9621022531017683 -0.9484337100215599 -0.8834511087921924 -0.7469176414605995 -0.7786014821615659 -0.6106448347948856 -0.6654783534945679 -0.4281170692777193 -0.4720972903825446 -0.41954493878094384 -0.289562722120121 -0.20103371482489577 -0.11022477183156913 -0.006858288237712156 -0.3515296194065791 0.21594560484094572 0.33252136080286054 0.3867815937754356 0.4978039359481755 0.5953810203720697 0.3006664490123958 0.7552886281880861 0.7944307931557435 0.8714647534573683 0.9244512397131097 0.9225762131418467 1.0 0.9780519487461832 
0.9110822719910935 -0.9229431766703946 -0.9621022531017683 -0.9484337100215599 -0.8834511087921924 -0.7469176414605995 -0.7786014821615659 -0.6106448347948856 -0.6654783534945679 -0.4281170692777193 -0.4720972903825446 -0.41954493878094384 -0.289562722120121 -0.20103371482489577 -0.11022477183156913 -0.006858288237712156 -0.3515296194065791 0.21594560484094572 0.33252136080286054 0.3867815937754356 0.4978039359481755 0.5953810203720697 0.3006664490123958 0.7552886281880861 0.7944307931557435 0.8714647534573683 0.9244512397131097 0.9225762131418467 1.0 0.9780519487461832 
0.9110822719910935 -0.9227781335686631 -0.9713387091004879 -0.9484337100215599 -0.887807616004635 -0.7469176414605995 -0.7855250359394893 -0.6106448347948856 -0.6654783534945679 -0.4281170692777193 -0.47686809425275595 -0.41954493878094384 -0.2858662594380799 -0.20103371482489577 -0.11484503614095334 -0.006858288237712156 0.13118341960403446 0.21594560484094572 0.029032995351954 0.4065728100876229 0.4978039359481755 0.5802917689498945 0.3045689922862949 0.7552886281880861 0.7944307931557435 0.8714647534573683 0.9170700119859914 0.9178292306795993 1.0 0.9615796306390647 
0.9104815095404035 -0.9232332559443363 -0.9815870889462776 -0.960372148951851 -0.8793510367595188 -0.7395094809511776 -0.7879403786402909 -0.6106448347948856 -0.6683407416869643 -0.4281170692777193 -0.4965946644211034 -0.417669563517105 -0.07983649461354103 -0.19661789467829677 -0.056254579953876796 -0.006858288237712156 0.11913217659308174 0.20751076814546798 0.324561367916351 0.3914721415577 0.5061758376643617 0.5822941161014329 0.4832931703398229 0.7634218372311167 0.9149028104123434 0.8753641842986278 0.9165034016518943 0.9225762131418467 1.0 0.9874015033748083 
0.9110822719910935 -0.9229431766703946 -0.9847123966030287 -0.9605982323499356 -0.8941623758366616 -0.7445721288826004 -0.7907785013909043 -0.6225369237741457 -0.6654783534945679 -0.418350544109205 -0.5103379925550164 -0.417669563517105 -0.07983649461354103 -0.20728396238454921 -0.056254579953876796 -0.006858288237712156 0.12655248643949785 0.20751076814546798 0.02223281900744718 0.379267842682967 0.5061758376643617 0.5822941161014329 0.6903005257353784 0.7692149325725204 0.7944307931557435 0.8893937273332486 0.9222055305172463 0.9225762131418467 1.0 0.9911132500733463 
0.9104815095404035 -0.9232332559443363 -0.9815870889462776 -0.960372148951851 -0.8793510367595188 -0.7395094809511776 -0.7879403786402909 -0.6106448347948856 -0.6683407416869643 -0.4281170692777193 -0.4965946644211034 -0.417669563517105 -0.07983649461354103 -0.19661789467829677 -0.056254579953876796 -0.006858288237712156 0.11913217659308174 0.20751076814546798 0.324561367916351 0.3914721415577 0.5061758376643617 0.5822941161014329 0.4832931703398229 0.7634218372311167 0.9149028104123434 0.8753641842986278 0.9165034016518943 0.9225762131418467 1.0 0.9874015033748083 
0.9104815095404035 -0.9232332559443363 -0.971954120946997 -0.9484337100215599 -0.8816744497285309 -0.736567882874637 -0.7879209711751171 -0.6225369237741457 -0.659177510190557 -0.4104415096802732 -0.4938034143346263 -0.4222110304936916 -0.5653487716909089 -0.20103371482489577 -0.10662500656379875 -0.006858288237712156 0.15906441776817656 0.20297618478640808 0.3723168202872537 0.38788013812862915 0.5138692398468622 0.5686177210113238 0.6811940457129004 0.7626654281065235 0.8036885457430931 0.8360886404086112 0.9260416028981324 0.9363294395923645 0.7475186528363145 0.9804656095267533 
0.9110822719910935 -0.9317855982113123 -0.9702446593818661 -0.9666825717450217 -0.89494214640373 -0.750203479798682 -0.7754749738704979 -0.6106448347948856 -0.6525088743156516 -0.4118428563093911 -0.47446278978743783 -0.42554778227177426 -0.27739095590105534 -0.19661789467829677 -0.11122804164973454 -0.006858288237712156 -0.08859587192371565 0.21594560484094572 0.32624257228277703 0.3966736229071058 0.5022784399481927 0.5708807579114398 0.6903005257353784 0.7509726576583632 0.9217084923050538 0.8801918104583744 0.9218012567332182 0.9225762131418467 0.9716987025596693 0.9787628760861848 
0.9104815095404035 -0.9232332559443363 -0.9766137764358332 -0.9484337100215599 -0.8911044848806478 -0.736567882874637 -0.8097135278475749 -0.6225369237741457 -0.659177510190557 -0.4104415096802732 -0.4938034143346263 -0.4105693441717421 -0.5653487716909089 -0.22132155876409712 -0.05349191121397627 -0.006858288237712156 0.1215588124733106 0.21029875497545922 0.3678298742070014 0.38788013812862915 0.515413497825153 0.5686177210113238 0.6811940457129004 0.7626654281065235 0.8036885457430931 0.8874194326870282 0.9222055305172463 0.9431405826859407 0.978829590698987 0.9804656095267533 
0.9104815095404035 -0.9232332559443363 -0.971954120946997 -0.9484337100215599 -0.8816744497285309 -0.736567882874637 -0.7879209711751171 -0.6225369237741457 -0.659177510190557 -0.4104415096802732 -0.4938034143346263 -0.4222110304936916 -0.5653487716909089 -0.20103371482489577 -0.10662500656379875 -0.006858288237712156 0.15906441776817656 0.20297618478640808 0.3723168202872537 0.38788013812862915 0.5138692398468622 0.5686177210113238 0.6811940457129004 0.7626654281065235 0.8036885457430931 0.8360886404086112 0.9260416028981324 0.9363294395923645 0.7475186528363145 0.9804656095267533 
0.9117040701464707 -0.9229431766703946 -0.9785156678797678 -0.9605982323499356 -0.8911044848806478 -0.7382273042627734 -0.7907785013909043 -0.6211079540272512 -0.6654783534945679 -0.4104415096802732 -0.8439132775410503 -0.41562463564200863 -0.2850682643592355 -0.20103371482489577 -0.056254579953876796 -0.01221124146240427 0.1503074249501008 0.22030077731763018 0.33252136080286054 0.379267842682967 0.510299885053837 0.5802917689498945 0.6558705182457212 0.7594011227365787 0.7759384530597142 0.8360886404086112 0.9160543704435208 0.9225762131418467 1.0 0.9911132500733463 
0.9104815095404035 -0.9232332559443363 -0.9766137764358332 -0.9484337100215599 -0.8911044848806478 -0.736567882874637 -0.8097135278475749 -0.6225369237741457 -0.659177510190557 -0.4104415096802732 -0.4938034143346263 -0.4105693441717421 -0.5653487716909089 -0.22132155876409712 -0.05349191121397627 -0.006858288237712156 0.1215588124733106 0.21029875497545922 0.3678298742070014 0.38788013812862915 0.515413497825153 0.5686177210113238 0.6811940457129004 0.7626654281065235 0.8036885457430931 0.8874194326870282 0.9222055305172463 0.9431405826859407 0.978829590698987 0.9804656095267533 
0.9117040701464707 -0.9267061321115674 -0.9785156678797678 -0.9484337100215599 -0.8971159376068263 -0.736567882874637 -0.7810506858031468 -0.908312488834192 -0.662414650320763 -0.4104415096802732 -0.5079964535262395 -0.4105693441717421 -0.2991511437909265 -0.22132155876409712 -0.05349191121397627 -0.02386234896967629 0.1282510313377693 0.22500236892055114 0.31065629936742684 0.3806535866555649 0.515413497825153 0.5686177210113238 0.6625627059389944 0.7509726576583632 0.7759384530597142 0.8615565716406405 0.9210890461517044 0.9431405826859407 0.9624033546241061 0.9804656095267533 
0.9117040701464707 -0.9267061321115674 -0.9785156678797678 -0.9484337100215599 -0.8971159376068263 -0.736567882874637 -0.7810506858031468 -0.908312488834192 -0.662414650320763 -0.4104415096802732 -0.5079964535262395 -0.4105693441717421 -0.2991511437909265 -0.22132155876409712 -0.05349191121397627 -0.02386234896967629 0.1282510313377693 0.22500236892055114 0.31065629936742684 0.3806535866555649 0.515413497825153 0.5686177210113238 0.6625627059389944 0.7509726576583632 0.7759384530597142 0.8615565716406405 0.9210890461517044 0.9431405826859407 0.9624033546241061 0.9804656095267533 
0.9110822719910935 -0.9232332559443363 -0.9702446593818661 -0.9751327513966596 -0.8911044848806478 -0.736567882874637 -0.8097135278475749 -0.6225369237741457 -0.6525088743156516 -0.4104415096802732 -0.5103379925550164 -0.41954493878094384 -0.29035275174726355 -0.2006563640107465 -0.11318470252085694 -0.006858288237712156 0.12491385214576332 0.21029875497545922 0.3634686880334444 0.3493516551499489 0.510299885053837 0.5802917689498945 0.6903005257353784 0.7692149325725204 0.7944307931557435 0.8874194326870282 0.9222055305172463 0.9431405826859407 0.9626337805734544 0.9786091668165549 
0.9110822719910935 -0.9317855982113123 -0.9702446593818661 -0.960372148951851 -0.8882220944722491 -0.7714017652476081 -0.797574376755379 -0.6099270500806797 -0.662414650320763 -0.4118428563093911 -0.5047352330540159 -0.41954493878094384 -0.289562722120121 -0.19661789467829677 -0.10562689732179184 -0.024447240760262542 0.12491385214576332 0.21004491852258717 0.31065629936742684 0.33229622006272574 0.5022784399481927 0.5708807579114398 0.6472006433659454 0.7509726576583632 0.7845385354176241 0.8714647534573683 0.9218012567332182 0.9313792560870454 0.9716987025596693 0.9860034492019489 
0.9110822719910935 -0.9317855982113123 -0.9702446593818661 -0.960372148951851 -0.8882220944722491 -0.7714017652476081 -0.797574376755379 -0.6099270500806797 -0.662414650320763 -0.4118428563093911 -0.5047352330540159 -0.41954493878094384 -0.289562722120121 -0.19661789467829677 -0.10562689732179184 -0.024447240760262542 0.12491385214576332 0.21004491852258717 0.31065629936742684 0.33229622006272574 0.5022784399481927 0.5708807579114398 0.6472006433659454 0.7509726576583632 0.7845385354176241 0.8714647534573683 0.9218012567332182 0.9313792560870454 0.9716987025596693 0.9860034492019489 
0.9110822719910935 -0.9285112060976999 -0.9815870889462776 -0.979848298235166 -0.8849495248820801 -0.7577745979815205 -0.794690585431395 -0.6099203427277723 -0.6649787441875199 -0.4234804581458383 -0.4965946644211034 -0.4387948794765821 -0.2843148324813984 -0.19661789467829677 -0.10029097266377213 -0.02904495812900904 0.11913217659308174 0.21594560484094572 0.33383501825417894 0.3501501285898141 0.5609016665493671 0.5445920279463217 0.633646734579105 0.7572341270012026 0.8095959576021009 0.8714647534573683 0.9222911399449437 0.9117139276778267 0.9716987025596693 0.9874015033748083 
0.9124523119405902 -0.9289429226730855 -0.9766137764358332 -0.9484337100215599 -0.8863292614265071 -0.750203479798682 -0.8097135278475749 -0.6019476839276617 -0.650114897815314 -0.4104415096802732 -0.49785471507727563 -0.4275979110125139 -0.2858528726410955 -0.22132155876409712 -0.10562689732179184 -0.006858288237712156 0.12454262951346773 0.21269395002041872 0.3482044937922187 0.38788013812862915 0.5189287853060075 0.5686177210113238 0.6797892186518791 0.7557852637276244 0.8036885457430931 0.8401386534069262 0.9222055305172463 0.9431405826859407 0.978829590698987 0.9915656443037766 
0.9123476105229161 -0.939319793812897 -0.9801213977818467 -0.9751327513966596 -0.8911044848806478 -0.750203479798682 -0.7956266010781095 -0.6225369237741457 -0.6658822263180924 -0.4104415096802732 -0.4938034143346263 -0.41954493878094384 -0.2799665241965523 -0.2280574068030652 -0.05349191121397627 -0.01221124146240427 0.12762285778298676 0.21342177701620746 0.35030099112381635 0.4320307911361904 0.510299885053837 0.571328001053201 0.6884149577139146 0.7692149325725204 0.8036885457430931 0.8496147025126978 0.9222055305172463 0.9431405826859407 0.9793695739536926 0.9915656443037766 
0.9123476105229161 -0.939319793812897 -0.9801213977818467 -0.9751327513966596 -0.8911044848806478 -0.750203479798682 -0.7956266010781095 -0.6225369237741457 -0.6658822263180924 -0.4104415096802732 -0.4938034143346263 -0.41954493878094384 -0.2799665241965523 -0.2280574068030652 -0.05349191121397627 -0.01221124146240427 0.12762285778298676 0.21342177701620746 0.35030099112381635 0.4320307911361904 0.510299885053837 0.571328001053201 0.6884149577139146 0.7692149325725204 0.8036885457430931 0.8496147025126978 0.9222055305172463 0.9431405826859407 0.9793695739536926 0.9915656443037766 
0.9124523119405902 -0.9289429226730855 -0.9766137764358332 -0.9484337100215599 -0.8863292614265071 -0.750203479798682 -0.8097135278475749 -0.6019476839276617 -0.650114897815314 -0.4104415096802732 -0.49785471507727563 -0.4275979110125139 -0.2858528726410955 -0.22132155876409712 -0.10562689732179184 -0.006858288237712156 0.12454262951346773 0.21269395002041872 0.3482044937922187 0.38788013812862915 0.5189287853060075 0.5686177210113238 0.6797892186518791 0.7557852637276244 0.8036885457430931 0.8401386534069262 0.9222055305172463 0.9431405826859407 0.978829590698987 0.9915656443037766 
0.9110822719910935 -0.9655905399111155 -0.9853598741633152 -0.9751327513966596 -0.8882220944722491 -0.7717268568935521 -0.797574376755379 -0.858674269213884 -0.662414650320763 -0.5753227544862229 -0.5047352330540159 -0.4666835081435833 -0.2835446811642315 -0.2248594755195516 -0.10562689732179184 -0.006858288237712156 0.12491385214576332 0.20595670749910813 0.31065629936742684 0.3493516551499489 0.5022784399481927 0.5802917689498945 0.6822031561463178 0.7844329782937521 0.8134842015677002 0.8714647534573683 0.9271622375108808 0.9512177287640757 0.9659020222472254 0.9897165830420834 
0.9123278675368461 -0.9220040232060458 -0.9695009768050943 -0.9585196486479359 -0.9065267235405847 -0.7602112996321174 -0.7913679063636817 -0.5777341957527008 -0.6573162619153179 -0.4281170692777193 -0.47686809425275595 -0.4666835081435833 -0.30140574443089574 -0.2087123988088227 -0.08391255233793461 -0.02151209981582122 0.11746227976701151 0.20473196558981815 0.32014092338342065 0.43334576839754274 0.5130179565909221 0.5453545726047501 0.6896674437996084 0.7594011227365787 0.7921370838376726 0.8589115829035463 0.9248246301042451 0.9155092307667374 0.9825566391644286 0.9860034492019489 
0.9123476105229161 -0.9655905399111155 -0.977299570249771 -0.9416149297960651 -0.8996055213745456 -0.7717268568935521 -0.789984881823392 -0.8185197140106215 -0.652065973493147 -0.5636698710808095 -0.48005420816883015 -0.4666835081435833 -0.2918916235705866 -0.22564287004540493 -0.0758355784409911 0.12506457951105474 0.13072689320019132 0.0686410958928302 0.35030099112381635 0.44194339681236455 0.528275808452396 0.6398711711999413 0.6822031561463178 0.7908006854807261 0.8134842015677002 0.8671210649615988 0.9211632132086937 0.8762811103427294 0.9845086431553782 0.9915656443037766 
0.9123476105229161 -0.9655905399111155 -0.969581407202048 -0.9416149297960651 -0.896490705341255 -0.7774894370287301 -0.7894591024124442 -0.6314883567226888 -0.6620131546039895 -0.4489041890285419 -0.48005420816883015 -0.32182515710396253 -0.28470626440563407 -0.22564287004540493 -0.08618611123336722 -0.014670288327483436 0.13692147022424767 0.0686410958928302 0.32470142079041375 0.562867486507507 0.5244851008379682 0.6469693096504704 0.6831625949988949 0.7908006854807261 0.8134842015677002 0.8700377465179547 0.9175041729592706 0.9016422664721578 0.9802379174164799 0.9667690854308626 
0.9123476105229161 -0.9655905399111155 -0.9702568201436927 -0.7953616095735154 -0.910114992494034 -0.7785372511777405 -0.7879708951780717 -0.7315578191732384 -0.6469653490088109 -0.5597732513390173 -0.48005420816883015 -0.40889704348984934 -0.285064231068823 -0.2528529189186152 -0.08368438875662608 -0.014670288327483436 0.13692147022424767 0.07468249120169904 0.3293615912593172 0.5794608695208205 0.5162659619028491 0.6459795306442592 0.6896674437996084 0.7908006854807261 0.8134842015677002 0.859716601107722 0.9175041729592706 0.8762811103427294 0.9822015429384005 0.9830228166706001 
0.9123476105229161 -0.9655905399111155 -0.9702568201436927 -0.7953616095735154 -0.910114992494034 -0.7785372511777405 -0.7879708951780717 -0.7315578191732384 -0.6469653490088109 -0.5597732513390173 -0.48005420816883015 -0.40889704348984934 -0.285064231068823 -0.2528529189186152 -0.08368438875662608 -0.014670288327483436 0.13692147022424767 0.07468249120169904 0.3293615912593172 0.5794608695208205 0.5162659619028491 0.6459795306442592 0.6896674437996084 0.7908006854807261 0.8134842015677002 0.859716601107722 0.9175041729592706 0.8762811103427294 0.9822015429384005 0.9830228166706001 
0.9123476105229161 -0.9379232736171622 -0.9702568201436927 -0.7953616095735154 -0.906585421779563 -0.6947310706611969 -0.7843161445758786 -0.7257204334365488 -0.6469653490088109 -0.5597732513390173 -0.48005420816883015 -0.4041747344073677 -0.2927746338296283 -0.23008392714182033 -0.08368438875662608 0.12506457951105474 0.13250559569637418 0.06462776638991598 0.3345742166348346 0.4351961904025857 0.5171838475723498 0.6459795306442592 0.6896674437996084 0.7651340142695805 0.8134842015677002 0.85890334184373 0.9211632132086937 0.9570513064107782 0.9822015429384005 0.9868460895999838 
0.9123476105229161 -0.9492388214142101 -0.969581407202048 -0.9416149297960651 -0.9013570390004937 -0.7646424814002213 -0.7941551774933948 -0.6239350559904723 -0.6549814765723727 -0.45328796086105116 -0.47427867334132334 -0.32182515710396253 -0.29059715842570555 -0.2510955719699086 -0.07978391007350816 -0.014670288327483436 0.12256319881382183 0.43816032585451076 0.3274755089330303 0.5409177780091357 0.5240721419177223 0.6469693096504704 0.6831625949988949 0.7629203175930799 0.8240951104834442 0.8899957308314029 0.9175041729592706 0.9018717698443718 0.9840495185653383 0.972706833196231 
0.9123476105229161 -0.939319793812897 -0.977299570249771 -0.7953616095735154 -0.906585421779563 -0.6983740148628922 -0.7927188061178646 -0.7257204334365488 -0.6469653490088109 -0.5550732330737957 -0.48005420816883015 -0.4009678964584909 -0.28470626440563407 -0.2528529189186152 -0.0758355784409911 0.12506457951105474 0.12256319881382183 0.06462776638991598 0.33446260838670494 0.4301057781960947 0.5162659619028491 0.6398711711999413 0.6849063045811289 0.7651340142695805 0.8134842015677002 0.8671210649615988 0.9211632132086937 0.8762811103427294 0.9822015429384005 0.9868460895999838 
0.9123476105229161 -0.9285661734692406 -0.9711564943266122 -0.8010596706610336 -0.9050847397173208 -0.7063323871650632 -0.7894591024124442 -0.5777341957527008 -0.6469653490088109 -0.4489041890285419 -0.4843713030034534 -0.46531268511284013 -0.28470626440563407 -0.2528529189186152 -0.08945023728946869 0.2272081325827049 0.1316502094387484 0.06462776638991598 0.32470142079041375 0.4301057781960947 0.5311923219974558 0.6369551000669035 0.677377821503504 0.7814543412933739 0.820899313696519 0.8589115829035463 0.9213439354714351 0.8903628301769987 0.9768168265755689 0.9868460895999838 
0.9122894898713607 -0.8828437634225546 -0.9743214489548062 -0.9416149297960651 -0.901191221094468 -0.7137953428129038 -0.7908572610816386 -0.561060750926644 -0.6469653490088109 -0.45225355763998754 -0.4823845819443593 -0.40827766670190435 -0.2917928308907701 -0.23318927768284697 -0.07951042010593021 -0.12805129374486657 0.12749328495969484 0.43078795905403994 0.3257409847158882 0.416432133619973 0.5177599731640631 0.6483712310897929 0.692203488878947 0.7814543412933739 0.820899313696519 0.7819330532140574 0.9239967208529547 0.8931431286337339 0.9792363970168647 0.9722870709963946 
0.9123476105229161 -0.9492388214142101 -0.969581407202048 -0.9416149297960651 -0.9013570390004937 -0.7646424814002213 -0.7941551774933948 -0.6239350559904723 -0.6549814765723727 -0.45328796086105116 -0.47427867334132334 -0.32182515710396253 -0.29059715842570555 -0.2510955719699086 -0.07978391007350816 -0.014670288327483436 0.12256319881382183 0.43816032585451076 0.3274755089330303 0.5409177780091357 0.5240721419177223 0.6469693096504704 0.6831625949988949 0.7629203175930799 0.8240951104834442 0.8899957308314029 0.9175041729592706 0.9018717698443718 0.9840495185653383 0.972706833196231 
0.9122894898713607 -0.939319793812897 -0.9711564943266122 -0.797528652165207 -0.906585421779563 -0.6947310706611969 -0.7927188061178646 -0.5745572963594906 -0.6494729569680855 -0.5534831858350875 -0.47427867334132334 -0.4666835081435833 -0.28206055063996266 -0.23549007740812034 -0.08945023728946869 -0.12805129374486657 0.13250559569637418 0.07739181640124464 0.3345742166348346 0.416432133619973 0.5162659619028491 0.6459795306442592 0.6896674437996084 0.7651340142695805 0.8171906500354658 0.60767827384546 0.9208460012529986 0.8902850347568015 0.9854156610143251 0.9476606844817634 
0.9123476105229161 -0.939319793812897 -0.9711564943266122 -0.9278213643272012 -0.906585421779563 -0.7646424814002213 -0.7927188061178646 -0.6239350559904723 -0.6494729569680855 -0.4489041890285419 -0.47427867334132334 -0.12725738552030652 -0.28206055063996266 -0.23835564457526162 -0.08945023728946869 -0.12805129374486657 0.1256626201660898 0.43816032585451076 0.3345742166348346 0.4203185514488459 0.5240721419177223 0.6452901007885704 0.6896674437996084 0.7814543412933739 0.820899313696519 0.604125872323848 0.9217173321578117 0.8903628301769987 0.9854156610143251 0.9822404259429274 
0.9123476105229161 -0.9437534288697765 -0.9743214489548062 -0.7951728823557033 -0.906585421779563 -0.7646424814002213 -0.7991498130346907 -0.6239350559904723 -0.6562502842676855 -0.4483717653314517 -0.4763706772463498 -0.31410303868570894 -0.28206055063996266 -0.2574738027608408 -0.07978391007350816 -0.023494201414386726 0.1256626201660898 0.43816032585451076 0.3202325191072065 0.5029018936414105 0.5240721419177223 0.8187919849344096 0.6896674437996084 0.7814543412933739 0.820899313696519 0.8948956737565841 0.9226093213267869 0.9018717698443718 0.9854156610143251 0.9822404259429274 
0.9123476105229161 -0.9437534288697765 -0.9743214489548062 -0.7951728823557033 -0.906585421779563 -0.7646424814002213 -0.7991498130346907 -0.6239350559904723 -0.6562502842676855 -0.4483717653314517 -0.4763706772463498 -0.31410303868570894 -0.28206055063996266 -0.2574738027608408 -0.07978391007350816 -0.023494201414386726 0.1256626201660898 0.43816032585451076 0.3202325191072065 0.5029018936414105 0.5240721419177223 0.8187919849344096 0.6896674437996084 0.7814543412933739 0.820899313696519 0.8948956737565841 0.9226093213267869 0.9018717698443718 0.9854156610143251 0.9822404259429274 
0.9123278675368461 -0.9275869941689349 -0.9711564943266122 -0.7924457094788674 -0.9039532250226674 -0.7097036932964018 -0.7927188061178646 -0.5777341957527008 -0.6497892337602976 -0.5564359491259817 -0.48110963055229417 -0.4666835081435833 -0.29395406429223053 -0.2510955719699086 -0.08391255233793461 -0.014670288327483436 0.12256319881382183 0.6070406713131986 0.33446260838670494 0.4301057781960947 0.5307600696421187 0.9293946820234671 0.6896674437996084 0.7715981871295617 0.8159813292544452 0.8589115829035463 0.9208460012529986 0.8762811103427294 0.9825566391644286 0.9864391801116271 
0.9123476105229161 -0.939319793812897 -0.9711564943266122 -0.9278213643272012 -0.906585421779563 -0.7646424814002213 -0.7927188061178646 -0.6239350559904723 -0.6494729569680855 -0.4489041890285419 -0.47427867334132334 -0.12725738552030652 -0.28206055063996266 -0.23835564457526162 -0.08945023728946869 -0.12805129374486657 0.1256626201660898 0.43816032585451076 0.3345742166348346 0.4203185514488459 0.5240721419177223 0.6452901007885704 0.6896674437996084 0.7814543412933739 0.820899313696519 0.604125872323848 0.9217173321578117 0.8903628301769987 0.9854156610143251 0.9822404259429274 
0.9122894898713607 -0.8828437634225546 -0.9743214489548062 -0.9416149297960651 -0.901191221094468 -0.7137953428129038 -0.7908572610816386 -0.561060750926644 -0.6469653490088109 -0.45225355763998754 -0.4823845819443593 -0.40827766670190435 -0.2917928308907701 -0.23318927768284697 -0.07951042010593021 -0.12805129374486657 0.12749328495969484 0.43078795905403994 0.3257409847158882 0.416432133619973 0.5177599731640631 0.6483712310897929 0.692203488878947 0.7814543412933739 0.820899313696519 0.7819330532140574 0.9239967208529547 0.8931431286337339 0.9792363970168647 0.9722870709963946 
0.9122894898713607 -0.8870999087582128 -0.9743214489548062 -0.8048616426379669 -0.8990231836304243 -0.6947310706611969 -0.800219265236495 -0.5745572963594906 -0.6494729569680855 -0.45225355763998754 -0.4823845819443593 -0.40827766670190435 -0.2917928308907701 -0.23835564457526162 -0.08206653309328864 -0.12805129374486657 0.12906754427945538 -0.15276140188504006 0.3351882410387641 0.416432133619973 0.5162659619028491 0.8187919849344096 0.6896674437996084 0.7814543412933739 0.820899313696519 0.5130410917504498 0.9239967208529547 0.8902850347568015 0.9792363970168647 0.9758442714187298 
0.9123476105229161 -0.8781592819807689 -0.969581407202048 -0.9342397756871397 -0.906585421779563 -0.6921994551311547 -0.7941551774933948 -0.5726183330484955 -0.6541690212647394 -0.45225355763998754 -0.47427867334132334 -0.32182515710396253 -0.28206055063996266 -0.23820241897269762 -0.08184977028634982 -0.014670288327483436 0.13250559569637418 -0.15276140188504006 0.333772492360983 0.41964434708001447 0.5240721419177223 0.8181227714567887 0.6896674437996084 0.7548224396825414 0.8213286639878293 0.5130410917504498 0.9247651521376798 0.9490282465034585 0.9792363970168647 0.9758442714187298 
0.9123476105229161 -0.8781592819807689 -0.969581407202048 -0.9342397756871397 -0.906585421779563 -0.6921994551311547 -0.7941551774933948 -0.5726183330484955 -0.6541690212647394 -0.45225355763998754 -0.47427867334132334 -0.32182515710396253 -0.28206055063996266 -0.23820241897269762 -0.08184977028634982 -0.014670288327483436 0.13250559569637418 -0.15276140188504006 0.333772492360983 0.41964434708001447 0.5240721419177223 0.8181227714567887 0.6896674437996084 0.7548224396825414 0.8213286639878293 0.5130410917504498 0.9247651521376798 0.9490282465034585 0.9792363970168647 0.9758442714187298 
0.9122894898713607 -0.9392538155030107 -0.9721286623831884 -0.33555367687461457 -0.906585421779563 -0.6947310706611969 -0.7964095083419876 -0.5662995683018157 -0.6579594679189811 -0.5547034445796273 -0.47427867334132334 -0.2963547705686691 -0.28206055063996266 -0.24204407592349395 -0.08184977028634982 -0.13060857683258795 0.13250559569637418 0.4460893449475959 0.333772492360983 0.41604753852029464 0.5228254420057373 0.6214523595887168 0.6896674437996084 0.7548224396825414 0.8281085246584446 0.8671210649615988 0.9215246993751269 0.895992823084246 0.981250643553992 0.9574500914394681 
0.9122894898713607 -0.8870999087582128 -0.9743214489548062 -0.8048616426379669 -0.8990231836304243 -0.6947310706611969 -0.800219265236495 -0.5745572963594906 -0.6494729569680855 -0.45225355763998754 -0.4823845819443593 -0.40827766670190435 -0.2917928308907701 -0.23835564457526162 -0.08206653309328864 -0.12805129374486657 0.12906754427945538 -0.15276140188504006 0.3351882410387641 0.416432133619973 0.5162659619028491 0.8187919849344096 0.6896674437996084 0.7814543412933739 0.820899313696519 0.5130410917504498 0.9239967208529547 0.8902850347568015 0.9792363970168647 0.9758442714187298 
0.9123476105229161 -0.8866468554142009 -0.9733170351001631 -0.7909998511844347 -0.9020573918286631 -0.7013291888190113 -0.794731142743402 -0.5737145944618828 -0.6568694067058989 0.046450375565645796 -0.47427867334132334 -0.41508594609562915 -0.2820194485872995 -0.22018196199271137 -0.08184977028634982 -0.020325645961268488 0.13072689320019132 0.009513189474620834 0.3324234767442213 0.416432133619973 0.5150068636110007 0.8193790905904308 0.6840846826298229 0.7576997118819903 0.8277791192979223 0.7334962822688568 0.9191704235522555 0.8686056267144491 0.9859267092854705 0.9432245962540825 
0.9123476105229161 -0.8866468554142009 -0.9733170351001631 -0.7909998511844347 -0.9020573918286631 -0.7013291888190113 -0.794731142743402 -0.5737145944618828 -0.6568694067058989 0.046450375565645796 -0.47427867334132334 -0.41508594609562915 -0.2820194485872995 -0.22018196199271137 -0.08184977028634982 -0.020325645961268488 0.13072689320019132 0.009513189474620834 0.3324234767442213 0.416432133619973 0.5150068636110007 0.8193790905904308 0.6840846826298229 0.7576997118819903 0.8277791192979223 0.7334962822688568 0.9191704235522555 0.8686056267144491 0.9859267092854705 0.9432245962540825 
0.9123476105229161 -0.8781592819807689 -0.9733170351001631 -0.8195250016141279 -0.9020573918286631 -0.6947310706611969 -0.7884937667677234 -0.5745572963594906 -0.6484620373407897 0.04308877561856334 -0.47427867334132334 -0.40827766670190435 -0.28206055063996266 -0.23835564457526162 -0.08184977028634982 -0.004933675280367764 0.13659536922553359 0.2059454398359939 0.3324234767442213 0.41964434708001447 0.5162659619028491 0.8187919849344096 0.6852560984295961 0.7869813440748421 0.8277791192979223 0.7334962822688568 0.9191704235522555 0.8686056267144491 0.9867703331486125 0.9432245962540825 
0.28405270639094604 -0.6566272433941498 -0.16574778992746259 -0.4902285724337332 -0.46412772423727416 -0.28933305413653143 -0.18000904170324322 -0.09508181352681369 0.029351375566858733 0.11600325044707277 0.10540852427684588 0.3270856419139738 0.2054787488214391 0.49980984137552537 0.6781291095160416 0.6845552258320715 0.8137342119086336 0.8169305469445848 0.8904654556147116 0.9136269104209486 0.8767745391268011 0.965142670772609 0.9523725736444357 0.9904442172803706 0.9454587630657179 0.9791097631156288 0.9831855365736961 0.8927524543650388 0.3711798025382307 0.8010678812210867 
0.28420690474058635 -0.6552810571075297 -0.728236445005138 -0.48822673025015656 -0.8467108026366965 -0.2899836636023796 -0.26941773950129805 -0.09508181352681369 0.04080814890423485 0.12116516039584208 0.1431409974083042 0.3193688457349646 0.14309034775772234 0.5259778154300145 0.34485015490828896 0.6853196519200766 0.8137342119086336 0.8166636526856553 0.8810442535412535 0.9167963449370871 0.8784226989740082 0.9608474707545922 0.9590734371949214 0.9958383482302821 0.9424711063403417 0.9791097631156288 0.9832540682722345 0.8983119171820018 0.8099527458606615 0.7968653604356666 
0.28420690474058635 -0.6544092228783047 -0.7211941469576566 -0.4862601650470315 -0.297569451654821 -0.29754690427915237 -0.21695488510306327 -0.09508181352681369 0.03305727043838138 0.11286224585408795 0.15228004855971367 0.3193688457349646 0.14309034775772234 0.5046392612190342 0.5109931373103848 0.6853196519200766 0.8163931861527637 0.8227165183852293 0.8810442535412535 0.915607314898555 0.8950169008662385 0.9671405499620656 0.7252765064220525 1.0 0.9209216955968316 0.9831423606273682 0.99156786812062 0.8927524543650388 0.8038019409057668 0.7968653604356666 
0.28405270639094604 -0.6627789557443808 -0.16574778992746259 -0.4900407691332078 -0.4533257030436492 -0.2884988433907262 -0.18000904170324322 -0.08548000554395577 0.03815155698824367 0.12427024772755127 0.2813991038258019 0.3270856419139738 0.2054787488214391 0.5046392612190342 0.6781291095160416 0.6819576568969337 0.8088944961336392 0.8169305469445848 0.8908905934248994 0.9099223387469146 0.8950169008662385 0.9671405499620656 0.589460293074487 1.0 0.959320825993243 0.9831423606273682 0.9648055037446807 0.8927524543650388 0.8517201664233943 0.8036435609046452 
0.28405270639094604 -0.6627789557443808 -0.16574778992746259 -0.4900407691332078 -0.4533257030436492 -0.2884988433907262 -0.18000904170324322 -0.08548000554395577 0.03815155698824367 0.12427024772755127 0.2813991038258019 0.3270856419139738 0.2054787488214391 0.5046392612190342 0.6781291095160416 0.6819576568969337 0.8088944961336392 0.8169305469445848 0.8908905934248994 0.9099223387469146 0.8950169008662385 0.9671405499620656 0.589460293074487 1.0 0.959320825993243 0.9831423606273682 0.9648055037446807 0.8927524543650388 0.8517201664233943 0.8036435609046452 
0.28405270639094604 -0.6612304009336802 -0.7142248025032693 -0.4778168184204285 -0.45705818581358065 -0.2940553501550152 -0.17053113735506747 -0.09548221264328452 0.034397514280931775 0.12417409747199815 0.1994143774748795 0.32042257393364254 0.36843077723172013 0.5053024429366035 0.34485015490828896 0.6853196519200766 0.30153631603458697 0.8258412916817764 0.8636648974030539 0.9034226590150045 0.8849368885268375 0.9703777709025639 0.9439861821150214 1.0 0.9454587630657179 0.9766439500130925 0.9850728659955116 0.8927524543650388 0.8221181409031137 0.8002527637136485 
0.28420690474058635 -0.6544092228783047 -0.16574778992746259 -0.48822673025015656 -0.4673813352174687 -0.2975470096493011 -0.21478945839213717 -0.08548000554395577 0.03815155698824367 0.12427024772755127 0.1994143774748795 0.32042257393364254 0.2054787488214391 0.5046392612190342 0.6781291095160416 0.6853196519200766 0.8088944961336392 0.8227165183852293 0.8131710575199496 0.9034226590150045 0.8950169008662385 0.9671405499620656 0.9439861821150214 1.0 0.9210142770768815 0.9831423606273682 0.9201520217337755 0.8927524543650388 0.8128693348677863 0.8036435609046452 
0.28405270639094604 -0.660774698518337 -0.709184288686084 -0.4895394623265606 -0.30095276073515653 -0.2976446165966982 -0.2600257916221025 -0.08733066675012674 0.09025945781322031 0.11059439368015753 0.21330520704990696 0.31671080818314 0.4502568767150111 0.5008584705154409 0.8319708343185127 0.6853196519200766 0.8137342119086336 0.8248156238975903 0.8683899861113613 0.9253941348714857 0.8431923698317776 0.9623797486978298 0.9668826656795607 0.9954933385479375 0.9293948196212602 0.9844211844866607 0.9871099248840495 0.8920920275347016 0.8190487105541844 0.7968653604356666 
0.28405270639094604 -0.6608991986469852 -0.7142248025032693 -0.48822673025015656 -0.46412772423727416 -0.29689791260834697 -0.17053113735506747 -0.09508181352681369 0.03305727043838138 0.11592112099773576 0.14379213666573465 0.31571691426101184 0.11395009086589725 0.49980984137552537 0.34485015490828896 0.6853196519200766 0.8195096216249473 0.8082940637306882 0.8636648974030539 0.9099803048995001 0.8849368885268375 0.9703777709025639 0.9490327707924168 1.0 0.9454587630657179 0.9831423606273682 0.9871099248840495 0.8927524543650388 0.8038019409057668 0.7888353033633797 
0.28405270639094604 -0.660774698518337 -0.7248096609447017 -0.48822673025015656 -0.20944858828254875 -0.2976446165966982 -0.2177578214068004 -0.09508181352681369 0.04080814890423485 0.12400742459122976 0.10540852427684588 0.3270856419139738 0.14309034775772234 0.49980984137552537 0.34485015490828896 0.6845552258320715 0.8137342119086336 0.8248156238975903 0.8876975063183817 0.9170657345208099 0.8767745391268011 0.9608474707545922 0.9517777979983126 0.9954933385479375 0.9424711063403417 0.9791097631156288 0.9831855365736961 0.8914451297457645 0.8297154871493915 0.7968653604356666 
0.28405270639094604 -0.6608991986469852 -0.7142248025032693 -0.48822673025015656 -0.46412772423727416 -0.29689791260834697 -0.17053113735506747 -0.09508181352681369 0.03305727043838138 0.11592112099773576 0.14379213666573465 0.31571691426101184 0.11395009086589725 0.49980984137552537 0.34485015490828896 0.6853196519200766 0.8195096216249473 0.8082940637306882 0.8636648974030539 0.9099803048995001 0.8849368885268375 0.9703777709025639 0.9490327707924168 1.0 0.9454587630657179 0.9831423606273682 0.9871099248840495 0.8927524543650388 0.8038019409057668 0.7888353033633797 
0.28405270639094604 -0.6612304009336802 -0.5620257830042453 -0.4837451665046053 -0.46412772423727416 -0.28933305413653143 -0.1799986117839259 -0.09508181352681369 0.029351375566858733 0.11592112099773576 0.15289972134878982 0.3270856419139738 0.36125853521718887 0.5010634980127424 0.34485015490828896 0.6774634450925076 0.8137342119086336 0.8082940637306882 0.8636648974030539 0.9253941348714857 0.8849368885268375 0.969192705936218 0.9501448219318156 0.9958383482302821 0.9454587630657179 0.9766439500130925 0.9850728659955116 0.8920920275347016 0.8221181409031137 0.7976703574612224 
0.28405270639094604 -0.6612304009336802 -0.5620257830042453 -0.4837451665046053 -0.46412772423727416 -0.28933305413653143 -0.1799986117839259 -0.09508181352681369 0.029351375566858733 0.11592112099773576 0.15289972134878982 0.3270856419139738 0.36125853521718887 0.5010634980127424 0.34485015490828896 0.6774634450925076 0.8137342119086336 0.8082940637306882 0.8636648974030539 0.9253941348714857 0.8849368885268375 0.969192705936218 0.9501448219318156 0.9958383482302821 0.9454587630657179 0.9766439500130925 0.9850728659955116 0.8920920275347016 0.8221181409031137 0.7976703574612224 
0.28405270639094604 -0.6592228996013896 -0.5616792165023358 -0.4816185939100344 -0.3868590152299752 -0.28933305413653143 -0.36217777113883254 -0.08768172383135123 0.02281634097914164 0.11457223958951764 0.15465647280285708 0.31671080818314 0.4502568767150111 0.5098739573508035 0.8891593322457034 0.6722190473669432 0.8137342119086336 0.8027265766763583 0.8821674911648059 0.9318758754761736 0.8823164124894228 0.969109225586632 0.94316222134562 0.9924450439608768 0.9435427778352149 0.9766439500130925 0.9774843183608818 0.8934177622358273 0.8261014327183211 0.8064536264638491 
0.28405270639094604 -0.6608991986469852 -0.7207209455467954 -0.48822673025015656 -0.30095276073515653 -0.2976446165966982 -0.1799986117839259 -0.09345722796826493 0.029000421782593603 0.11592112099773576 0.13723081563979073 0.3270856419139738 0.14309034775772234 0.49980984137552537 0.5068523883436464 0.6853196519200766 0.8137342119086336 0.8248156238975903 0.8816625279034053 0.9216665169812344 0.8767745391268011 0.9608474707545922 0.9501448219318156 1.0 0.9293948196212602 0.9844211844866607 0.9871099248840495 0.8920920275347016 0.812385292675843 0.7873637136004284 
0.28405270639094604 -0.6592228996013896 -0.5616792165023358 -0.4816185939100344 -0.3868590152299752 -0.28933305413653143 -0.36217777113883254 -0.08768172383135123 0.02281634097914164 0.11457223958951764 0.15465647280285708 0.31671080818314 0.4502568767150111 0.5098739573508035 0.8891593322457034 0.6722190473669432 0.8137342119086336 0.8027265766763583 0.8821674911648059 0.9318758754761736 0.8823164124894228 0.969109225586632 0.94316222134562 0.9924450439608768 0.9435427778352149 0.9766439500130925 0.9774843183608818 0.8934177622358273 0.8261014327183211 0.8064536264638491 
0.28405270639094604 -0.6563626071386103 -0.5615104761387434 -0.4816185939100344 -0.38484413243613014 -0.29059075281317065 -0.36217777113883254 -0.08827305165912563 -0.17261399634713293 0.12035201824787625 0.15465647280285708 0.3325343360421396 0.4442585798760309 0.5151956279062015 0.670889241237407 0.6700546528845908 0.8070178306832761 0.8089158934105104 0.8810482366193773 0.9327688436928037 0.8509236888481797 0.9825487870672531 0.9521930465847814 1.0 0.9411792988262678 0.9652469910411591 0.9826665752021916 0.8799355676442119 0.8622438516080628 0.7979234470857992 
0.28405270639094604 -0.6557555950754442 -0.5620257830042453 -0.4816185939100344 -0.38484413243613014 -0.28933305413653143 -0.36217777113883254 -0.09508181352681369 0.029351375566858733 0.11592112099773576 0.15465647280285708 0.3270856419139738 0.4402651948588156 0.5087951368033581 0.681266775260972 0.6774634450925076 0.8137342119086336 0.8070862469668894 0.8727994981707256 0.9342108066248184 0.8849368885268375 0.9903944138223253 0.9501448219318156 0.9924450439608768 0.9381426931001308 0.9766439500130925 0.9826665752021916 0.8934177622358273 0.8221181409031137 0.796083991585257 
0.28405270639094604 -0.6557555950754442 -0.5620257830042453 -0.4816185939100344 -0.38484413243613014 -0.28933305413653143 -0.36217777113883254 -0.09508181352681369 0.029351375566858733 0.11592112099773576 0.15465647280285708 0.3270856419139738 0.4402651948588156 0.5087951368033581 0.681266775260972 0.6774634450925076 0.8137342119086336 0.8070862469668894 0.8727994981707256 0.9342108066248184 0.8849368885268375 0.9903944138223253 0.9501448219318156 0.9924450439608768 0.9381426931001308 0.9766439500130925 0.9826665752021916 0.8934177622358273 0.8221181409031137 0.796083991585257 
0.28405270639094604 -0.6563626071386103 -0.5708820440126559 -0.4875626435468808 -0.38484413243613014 -0.2934708885449426 -0.36217777113883254 -0.08768172383135123 0.027442435019484603 0.12035201824787625 0.13246037041797917 0.3325343360421396 0.46382262643416344 0.5053676380092169 0.6474954043097163 0.6700546528845908 0.767366467757208 0.804319521922513 0.8998545247495203 0.9111729651325946 0.8849368885268375 0.9903944138223253 0.9759472122247643 0.9733897800347533 0.9435427778352149 0.9652469910411591 0.9826665752021916 0.8934177622358273 0.8624724876934196 0.7979234470857992 
0.28405270639094604 -0.6563626071386103 -0.5708820440126559 -0.4875626435468808 -0.38484413243613014 -0.2934708885449426 -0.36217777113883254 -0.08768172383135123 0.027442435019484603 0.12035201824787625 0.13246037041797917 0.3325343360421396 0.46382262643416344 0.5053676380092169 0.6474954043097163 0.6700546528845908 0.767366467757208 0.804319521922513 0.8998545247495203 0.9111729651325946 0.8849368885268375 0.9903944138223253 0.9759472122247643 0.9733897800347533 0.9435427778352149 0.9652469910411591 0.9826665752021916 0.8934177622358273 0.8624724876934196 0.7979234470857992 
0.28405270639094604 -0.6563626071386103 -0.5615104761387434 -0.4816185939100344 -0.40203264439114683 -0.29059075281317065 -0.19799594950578436 -0.10325360065835404 0.029000421782593603 0.13213659092505428 0.13246037041797917 0.3310702660882874 0.46382262643416344 0.5071392805768621 0.6796962214015128 0.6700546528845908 0.767366467757208 0.804319521922513 0.8947271307047318 0.9342108066248184 0.8509236888481797 0.9792044701550593 0.9521930465847814 0.9611047822431424 0.9435427778352149 0.9883765037200122 0.9915765279707421 0.8920920275347016 0.8622438516080628 0.7976703574612224 
0.28405270639094604 -0.660774698518337 -0.5959100189795954 -0.4816185939100344 -0.38484413243613014 -0.28933305413653143 -0.2600257916221025 -0.09347075090637312 0.023957346600377526 0.11457223958951764 0.21330520704990696 0.31671080818314 0.4502568767150111 0.5008584705154409 0.6946794836638314 0.6721260319888149 0.8172864354204745 0.8248156238975903 0.8683899861113613 0.9253558205065245 0.8800333415819868 0.9595357961449724 0.9668826656795607 0.9989440222110629 0.9454587630657179 0.9823514976610134 0.9826665752021916 0.8920920275347016 0.8184682529120711 0.7968653604356666 
0.28405270639094604 -0.6665608876318307 -0.5722102291814154 -0.4875345577300015 -0.4035205565104219 -0.2998958137137282 -0.21518709144275008 -0.09380211964226023 0.022102128188364073 0.13041345623305728 0.2122786336704133 0.3203790001467664 0.4470239084682892 0.5151956279062015 0.5980912982719432 0.6791711582273331 0.7947643811303713 0.8212074262018868 0.888814319962815 0.8690670903402347 0.8364420568540026 0.955919589495265 0.9410825857340737 0.9633002894525083 0.9364163127667254 0.9801210999323816 0.9820941945953341 0.8895544186407036 0.8191721716073083 0.7976703574612224 
0.28405270639094604 -0.6581922653196628 -0.5616792165023358 -0.4875626435468808 -0.40203264439114683 -0.2907311060844544 -0.21518709144275008 -0.08768172383135123 0.03880678164046652 0.13213659092505428 0.2122786336704133 0.3310702660882874 0.4442585798760309 0.5151956279062015 0.6555513652897333 0.6676753019758075 0.7936897041386918 0.804319521922513 0.8821674911648059 0.9021216536977521 0.8437213477448482 0.9714593233843644 0.94316222134562 0.9643585634111197 0.9435427778352149 0.9801210999323816 0.9915765279707421 0.8706514326776406 0.8566419055440135 0.7976703574612224 
0.28405270639094604 -0.6581922653196628 -0.5616792165023358 -0.4875626435468808 -0.40203264439114683 -0.2907311060844544 -0.21518709144275008 -0.08768172383135123 0.03880678164046652 0.13213659092505428 0.2122786336704133 0.3310702660882874 0.4442585798760309 0.5151956279062015 0.6555513652897333 0.6676753019758075 0.7936897041386918 0.804319521922513 0.8821674911648059 0.9021216536977521 0.8437213477448482 0.9714593233843644 0.94316222134562 0.9643585634111197 0.9435427778352149 0.9801210999323816 0.9915765279707421 0.8706514326776406 0.8566419055440135 0.7976703574612224 
0.28405270639094604 -0.656400318238215 -0.5616792165023358 -0.47324365314368866 -0.40203264439114683 -0.2626460667805164 -0.22425209940263993 -0.08768172383135123 0.022102128188364073 0.13041345623305728 0.2110819191691293 0.31671080818314 0.4573975554349128 0.5002718596357439 0.5957147309118185 0.6644573782797567 0.7898303652453063 0.8248156238975903 0.8619459904384766 0.9021216536977521 0.9242487128102549 0.9714593233843644 0.9601567221941876 0.9633002894525083 0.9973446880681061 0.9801210999323816 0.9826665752021916 0.8670591269788309 0.8488057206481805 0.7976703574612224 
0.2832345206880679 -0.5362321966828105 -0.5909031409275824 -0.495670306714012 -0.4039397883113327 -0.17447759656349682 -0.20525935567806022 -0.09220456783660172 0.008016023378289045 0.12667505459254272 0.20980298811495832 0.13319030149044905 0.43926648236647725 0.5192879915932007 0.6010318500429471 0.6853196519200766 0.7630873922069089 0.8299673206402584 0.42444238641707055 0.9676702170630416 0.9319324405967789 0.9550537141729784 0.9455651698542892 0.9660518959915885 0.9973964795922075 0.9941670004179705 0.9467097986485973 0.8639279716575547 0.8507520239534536 0.8027595653361762 
0.28405270639094604 -0.656400318238215 -0.5616792165023358 -0.47324365314368866 -0.40203264439114683 -0.2626460667805164 -0.22425209940263993 -0.08768172383135123 0.022102128188364073 0.13041345623305728 0.2110819191691293 0.31671080818314 0.4573975554349128 0.5002718596357439 0.5957147309118185 0.6644573782797567 0.7898303652453063 0.8248156238975903 0.8619459904384766 0.9021216536977521 0.9242487128102549 0.9714593233843644 0.9601567221941876 0.9633002894525083 0.9973446880681061 0.9801210999323816 0.9826665752021916 0.8670591269788309 0.8488057206481805 0.7976703574612224 
0.28420690474058635 -0.6658452551512732 -0.5731875511349624 -0.4857511484759045 -0.39571057138683297 -0.2936728752583107 -0.21951563397345314 -0.09380211964226023 -0.038177215840612885 0.2682442615934002 0.2073366121468727 0.3203790001467664 0.4470239084682892 0.5243311951714 0.5957147309118185 0.6869332335788676 0.760070511738657 0.8212074262018868 0.888814319962815 0.7427683219853787 0.9198058641145711 0.955919589495265 0.9410825857340737 0.9733897800347533 1.0 0.9652469910411591 0.9917169276997293 0.8895544186407036 0.8191721716073083 0.7994520714728302 
0.28420690474058635 -0.6617004999654114 -0.5983652889426458 -0.47993997748171047 -0.4139630543092918 -0.17893594843108662 -0.21951563397345314 -0.2097207332549993 2.1318421543861047E-4 0.1302215253189385 0.20995097895054046 0.13748622132396737 0.43926648236647725 0.5072271332630489 0.5957147309118185 0.6644573782797567 0.792604578522146 0.8038586506663876 0.888814319962815 0.7427683219853787 0.924033055478442 0.9599377637585788 0.946656390887479 0.9898158460251875 0.9904807107532585 0.9941670004179705 0.9617323484196095 0.87487053269667 0.8547706301303396 0.7968223528371445 
0.28420690474058635 -0.656400318238215 -0.5616792165023358 -0.4732644080244695 -0.4139630543092918 -0.2907311060844544 -0.21518709144275008 -0.2284067630587936 0.009906801194155046 0.13041345623305728 0.2122786336704133 0.13368513837627924 0.4489746666301636 0.5151956279062015 0.5966119570340513 0.6644573782797567 0.792604578522146 0.804319521922513 0.8821674911648059 0.9021216536977521 0.9276008727351188 0.9724047452257661 0.9540819709557984 0.9566868829177865 0.9435427778352149 0.9909224442894067 0.9467097986485973 0.8706514326776406 0.8943120783337137 0.7489739827190833 
0.2832345206880679 -0.6608194963580024 -0.5912419582628174 -0.495670306714012 -0.4039397883113327 -0.17893594843108662 -0.20689407325234033 -0.09220456783660172 -0.0026018788154669294 0.13414630865244925 0.21473177011329997 0.17028338261047554 0.41376807272988675 0.5188412876707053 0.607318814292158 0.6853196519200766 0.7630365158401649 0.8213229270788761 0.42444238641707055 0.9334343270545854 0.9286187951480855 0.9613702022059983 0.946762784236233 0.975433444639996 0.993316643514144 0.9832923897137298 0.9545194449638832 0.8896339948694215 0.8543271922836237 0.818415974877634 
0.2832345206880679 -0.6608194963580024 -0.5912419582628174 -0.495670306714012 -0.4039397883113327 -0.17893594843108662 -0.20689407325234033 -0.09220456783660172 -0.0026018788154669294 0.13414630865244925 0.21473177011329997 0.17028338261047554 0.41376807272988675 0.5188412876707053 0.607318814292158 0.6853196519200766 0.7630365158401649 0.8213229270788761 0.42444238641707055 0.9334343270545854 0.9286187951480855 0.9613702022059983 0.946762784236233 0.975433444639996 0.993316643514144 0.9832923897137298 0.9545194449638832 0.8896339948694215 0.8543271922836237 0.818415974877634 
0.28405270639094604 -0.6536601018587039 -0.5793814508112797 -0.5765964934989953 -0.4060446656061734 -0.285150295416007 -0.21479176621704485 -0.38681697171066176 2.1318421543861047E-4 0.1373892237259926 0.21647769933862399 0.13319030149044905 0.43926648236647725 0.5016608016215643 0.59314921348107 0.6644573782797567 0.792604578522146 0.8360166446013195 0.8763132961610468 0.9126020864382474 0.9207280053018053 0.9634319968903885 0.946656390887479 0.9677808806354076 1.0 0.9941670004179705 0.9467097986485973 0.8713023919176973 0.835044534345351 0.8021557066262254 
0.28405270639094604 -0.6536601018587039 -0.5837199962305875 -0.5553896201440709 -0.40234784538279683 -0.29485816763358813 -0.21479176621704485 -0.38630118163950067 2.1318421543861047E-4 0.1373892237259926 0.22103142494128852 0.13319030149044905 0.43847945514352504 0.5132072121375956 0.5858309741778747 0.6853196519200766 0.7630873922069089 0.8299673206402584 0.8800252302666326 0.9104017104288032 0.9207280053018053 0.9578386984053424 0.9384306077851455 0.9724949390112773 0.9897917935310914 0.9941670004179705 0.9467097986485973 0.8781762975277628 0.8507520239534536 0.8157503440253009 
0.28405270639094604 -0.6536601018587039 -0.5793814508112797 -0.5765964934989953 -0.4060446656061734 -0.285150295416007 -0.21479176621704485 -0.38681697171066176 2.1318421543861047E-4 0.1373892237259926 0.21647769933862399 0.13319030149044905 0.43926648236647725 0.5016608016215643 0.59314921348107 0.6644573782797567 0.792604578522146 0.8360166446013195 0.8763132961610468 0.9126020864382474 0.9207280053018053 0.9634319968903885 0.946656390887479 0.9677808806354076 1.0 0.9941670004179705 0.9467097986485973 0.8713023919176973 0.835044534345351 0.8021557066262254 
0.28405270639094604 -0.5362321966828105 -0.5801337418259369 -0.4235550044986811 -0.40234784538279683 -0.285150295416007 -0.21479176621704485 -0.38630118163950067 2.1318421543861047E-4 0.13229780870840888 0.2175527134201168 0.13319030149044905 0.43926648236647725 0.5016608016215643 0.5926124665318675 0.6853196519200766 0.7962813870675709 0.8299673206402584 0.8594799203551702 0.9021216536977521 0.920836484046485 0.9578386984053424 0.9601567221941876 0.9660518959915885 0.9897917935310914 0.9941670004179705 0.9467097986485973 0.8639279716575547 0.8507520239534536 0.8077552759877124 
0.28405270639094604 -0.6536601018587039 -0.5837199962305875 -0.5553896201440709 -0.40234784538279683 -0.29485816763358813 -0.21479176621704485 -0.38630118163950067 2.1318421543861047E-4 0.1373892237259926 0.22103142494128852 0.13319030149044905 0.43847945514352504 0.5132072121375956 0.5858309741778747 0.6853196519200766 0.7630873922069089 0.8299673206402584 0.8800252302666326 0.9104017104288032 0.9207280053018053 0.9578386984053424 0.9384306077851455 0.9724949390112773 0.9897917935310914 0.9941670004179705 0.9467097986485973 0.8781762975277628 0.8507520239534536 0.8157503440253009 
0.2832345206880679 -0.6536601018587039 -0.5995061389974186 -0.5473648675032701 -0.39422666473308704 -0.27572678101224557 -0.21046959554899342 -0.38681697171066176 0.00998243167280364 0.13695677360121197 0.22011907977629683 0.2392562126388933 0.433250660536448 0.5120640764962703 0.5891282479074441 0.6767704062068992 0.7630873922069089 0.8411067763794823 0.8848372499245535 0.9126020864382474 0.9207280053018053 0.9628358507340244 0.946656390887479 0.9497486346240889 1.0 0.9941670004179705 0.9452760834151417 0.8639279716575547 0.835044534345351 0.7597833430606629 
0.2832345206880679 -0.36014604209066636 -0.6009845611680126 -0.48578784248656137 -0.4002446483544549 -0.28562826677361886 -0.21942173247561378 -0.18494362636941908 -0.00606706603003689 0.1456063399889182 0.20046875952112447 0.17028338261047554 0.44364462676969796 0.5012088024359228 0.59067821414347 0.6853196519200766 0.7630365158401649 0.7922871446962603 0.8645737775851674 0.9023349363561859 0.9296040276180205 0.9599377637585788 0.9455651698542892 0.9733897800347533 0.9973964795922075 0.9941670004179705 0.9467097986485973 0.8815305269240353 0.8543271922836237 0.7675700769632151 
0.2832345206880679 -0.5362321966828105 -0.5912419582628174 -0.4884295159486607 -0.39618836032139404 -0.285150295416007 -0.21060220999156437 -0.39742520393913106 -0.00606706603003689 0.13695677360121197 0.20702909029546274 0.13273885834270685 0.41376807272988675 0.5120640764962703 0.6010318500429471 0.6853196519200766 0.7630873922069089 0.8260692775371651 0.8613965497667999 0.7467085038604164 0.9286187951480855 0.9599377637585788 0.9455651698542892 0.9656164626853917 0.9973964795922075 0.9941670004179705 0.9428879367720671 0.8639279716575547 0.8543271922836237 0.763744360892542 
0.2832345206880679 -0.5924522478409491 -0.5912419582628174 -0.4884295159486607 -0.4039397883113327 -0.2813756165134423 -0.20917159776228827 -0.09178942240389229 -0.008256589482915062 0.14429505941543042 0.21473177011329997 0.17028338261047554 0.41580226988793245 0.5120640764962703 0.598494103894498 0.6853196519200766 0.7630365158401649 0.8183075807568494 0.8594095351473423 0.7467085038604164 0.9296040276180205 0.9609405731159242 0.9455651698542892 0.9733897800347533 0.992473836865937 1.0 0.9370063668877331 0.8816461015214454 0.8543271922836237 0.7597833430606629 
0.2832345206880679 -0.6536601018587039 -0.5962137467206495 -0.4884295159486607 -0.4039397883113327 -0.285150295416007 -0.21046959554899342 -0.09097559310888019 2.1318421543861047E-4 0.13695677360121197 0.21473177011329997 0.2105645922025765 0.41376807272988675 0.5120640764962703 0.5992225663859035 0.6853196519200766 0.7630873922069089 0.8238172234456835 0.8754338926727872 0.7467085038604164 0.9263984673848994 0.9628358507340244 0.9446477647036133 0.9656164626853917 0.9957205711166744 1.0 0.9452760834151417 0.8639279716575547 0.8460718281644609 0.7597833430606629 
0.2832345206880679 -0.6536601018587039 -0.5962137467206495 -0.4884295159486607 -0.4039397883113327 -0.285150295416007 -0.21046959554899342 -0.09097559310888019 2.1318421543861047E-4 0.13695677360121197 0.21473177011329997 0.2105645922025765 0.41376807272988675 0.5120640764962703 0.5992225663859035 0.6853196519200766 0.7630873922069089 0.8238172234456835 0.8754338926727872 0.7467085038604164 0.9263984673848994 0.9628358507340244 0.9446477647036133 0.9656164626853917 0.9957205711166744 1.0 0.9452760834151417 0.8639279716575547 0.8460718281644609 0.7597833430606629 
0.2832345206880679 -0.6536601018587039 -0.5839112120889991 -0.5546891719008159 -0.4055605035903645 -0.2942440601204967 -0.20367563926861942 -0.3816662291913684 0.01347124644263573 0.12812147490891937 0.21473177011329997 0.1773818969955065 0.410182856056294 0.5162261278120267 0.6001871939966552 0.6882270484968425 0.7630873922069089 0.8335089291069171 0.8613965497667999 0.7467085038604164 0.9286187951480855 0.949690840015384 0.9408013377911788 0.9747724091418429 0.9973964795922075 1.0 0.9428879367720671 0.39703890123209984 0.8543271922836237 0.7553020671472416 
0.2832345206880679 -0.5924522478409491 -0.5912419582628174 -0.4884295159486607 -0.4039397883113327 -0.2813756165134423 -0.20917159776228827 -0.09178942240389229 -0.008256589482915062 0.14429505941543042 0.21473177011329997 0.17028338261047554 0.41580226988793245 0.5120640764962703 0.598494103894498 0.6853196519200766 0.7630365158401649 0.8183075807568494 0.8594095351473423 0.7467085038604164 0.9296040276180205 0.9609405731159242 0.9455651698542892 0.9733897800347533 0.992473836865937 1.0 0.9370063668877331 0.8816461015214454 0.8543271922836237 0.7597833430606629 
0.2832345206880679 -0.6673027344462101 -0.5912419582628174 -0.495670306714012 -0.4039397883113327 0.6878047180536293 -0.20689407325234033 -0.09097559310888019 2.1318421543861047E-4 0.12818325420798396 0.21473177011329997 0.17783151048654963 0.41376807272988675 0.5072271332630489 0.5957147309118185 0.6853196519200766 0.7630365158401649 0.8238172234456835 0.8668797625155857 0.7427683219853787 0.9286187951480855 0.9599377637585788 0.9542589092768144 0.9846714435213552 0.9957205711166744 0.9976538667830556 0.9545194449638832 0.87487053269667 0.8542154050554642 0.818388460813428 
0.2832345206880679 -0.6673027344462101 -0.5912419582628174 -0.495670306714012 -0.4039397883113327 0.6878047180536293 -0.20689407325234033 -0.09097559310888019 2.1318421543861047E-4 0.12818325420798396 0.21473177011329997 0.17783151048654963 0.41376807272988675 0.5072271332630489 0.5957147309118185 0.6853196519200766 0.7630365158401649 0.8238172234456835 0.8668797625155857 0.7427683219853787 0.9286187951480855 0.9599377637585788 0.9542589092768144 0.9846714435213552 0.9957205711166744 0.9976538667830556 0.9545194449638832 0.87487053269667 0.8542154050554642 0.818388460813428 
0.2832345206880679 -0.6723320528993828 -0.5912419582628174 -0.4857511484759045 -0.39618836032139404 0.6811218883973112 -0.21534308485030593 0.9162745991519616 -0.0011829001504725283 0.12818325420798396 0.21473177011329997 0.17783151048654963 0.41376807272988675 0.5162261278120267 0.6001871939966552 0.6853196519200766 0.7534057946567645 0.8238172234456835 0.8606080723358069 0.7467085038604164 0.9276277005704628 0.9578386984053424 0.9687833989843655 0.9733897800347533 0.9957205711166744 0.9905882837169642 0.9486584877628431 0.8787079311713177 0.8562630443501515 0.7631909779607101 
