1.2443354404197646 0.12672672450896377 
1.2443354404197646 0.12672672450896377 
0.9932141795398315 0.10736455407132142 
0.9890372510012978 0.13001407305656015 
0.9610891388777744 0.14229351759197306 
0.9610891388777744 0.14229351759197306 
0.983583209803356 0.14053632734008475 
0.9860875860721149 0.15379215892432305 
0.9860875860721149 0.15379215892432305 
0.9875834382981415 0.13909177178213245 
0.983583209803356 0.14053632734008475 
0.9647618649435326 0.17234397401003723 
0.9578344870684997 0.22975807966539366 
0.9625949315341056 0.22099024246761184 
0.9610426806652921 0.23184180483959133 
0.9610426806652921 0.23184180483959133 
0.962151176003748 0.2420072370504979 
0.7222813310271486 0.28702805522117747 
0.6898648776846518 0.29832501013760326 
0.6905346206853147 0.3024419881828621 
0.7696513049034793 0.2996444261566431 
0.6905346206853147 0.3024419881828621 
0.6269411486758619 0.2988084671867047 
0.6718983084185314 0.30421470886251845 
0.6718983084185314 0.30421470886251845 
0.6485466748290676 0.31072523496257537 
0.6403669592478151 0.31157738458964024 
0.6459116859924265 0.3140666305281369 
0.6244023595546195 0.3122759753377369 
0.6403669592478151 0.31157738458964024 
0.6392257944738058 0.3368802410868852 
0.6403582004367104 0.3621768011905786 
0.6306536745266769 0.37542468874369106 
0.6308663988283718 0.37584207546458054 
0.6269411486758619 0.2988084671867047 
0.6306536745266769 0.37542468874369106 
0.6247659004293994 0.4319979621614388 
0.6308663988283718 0.37584207546458054 
0.6081139766022752 0.42288966182931476 
0.6081139766022752 0.42288966182931476 
0.617148457869712 0.4492770607892256 
0.5818443131218671 0.5091452243063661 
0.5818443131218671 0.5091452243063661 
0.5378436195668751 0.5038988701723218 
0.3725385654297674 0.5141732270754853 
0.5378436195668751 0.5038988701723218 
0.4152911361674255 0.5163342057463773 
0.4829351962550721 0.5113406311040813 
0.4829351962550721 0.5113406311040813 
0.4177801177333418 0.5140739964568446 
0.3946009256842751 0.5135420246342026 
0.3694481232768231 0.5058120858839186 
0.3946637223395758 0.5152828479780086 
0.39971742372304975 0.5210196250625218 
0.39971742372304975 0.5210196250625218 
0.3946009256842751 0.5135420246342026 
0.3703818731514586 0.5257954937465364 
0.3694481232768231 0.5058120858839186 
0.3530632844366544 0.5308078242125258 
0.3506673837744977 0.5378697700113568 
0.34621416909485775 0.5482888715511502 
0.3237029189875927 0.5578160815316361 
0.3237029189875927 0.5578160815316361 
0.3028116787923185 0.561875935991793 
0.30245066109266167 0.5629593748000574 
0.30245066109266167 0.5629593748000574 
0.2917838261015353 0.5718619618863268 
0.29478104285756146 0.5735767721528208 
0.28121185174188906 0.5998857015404073 
0.27826490917815694 0.6350490918032607 
0.27826490917815694 0.6350490918032607 
0.27617242096303474 0.6357627149488205 
0.25299702938637925 0.6292989828631371 
0.24899684768601774 0.6612205685387116 
0.25299702938637925 0.6292989828631371 
0.24899684768601774 0.6612205685387116 
0.16283995517773875 0.6919545830117593 
0.21560479228692345 0.6993353905733614 
0.21501278792262973 0.7053699831971876 
0.16283995517773875 0.6919545830117593 
0.1972699445931184 0.7044859692579386 
0.19165791882048172 0.706667862796909 
0.14915832327872305 0.6946504396792598 
0.17908983872085932 0.6949232421422141 
0.16779372352283625 0.7079683042902182 
0.1543398980732884 0.7371386355458229 
0.14915832327872305 0.6946504396792598 
0.14679720551746117 0.7654209637979864 
0.14679720551746117 0.7654209637979864 
0.12044783584768298 0.8022782929606174 
0.13201145583464044 0.8325150773598753 
0.12044783584768298 0.8022782929606174 
0.06486274928190164 0.8988013809460068 
0.066622381794142 0.9000548753636983 
0.06486274928190164 0.8988013809460068 
0.06818527123621893 0.8751735287047274 
0.07984077077434049 0.9432720940181316 
0.07541460804415293 0.9501706466263216 
0.06818527123621893 0.8751735287047274 
0.06369959162467419 0.9521374934589794 
