1.0 1.9709236470835716 1.7465916229989458 -2.0 1.9534711480990654 0.5879956241382298 1.9628557696948543 -1.880514011544789 -1.9994294057339967 1.9325916363577542 -1.8809254855779205 -1.2541569227602194 -2.0 -1.5909800504177656 -2.0 -2.0 -1.4663429880370875 -1.8570679394108156 -1.994274436502069 0.8737528391583459 0.804758909011225 -1.2776298209612853 -1.895953616175429 -1.9322940777597486 -1.9932756578618471 -1.8880754134494788 1.9626526151136878 -1.9998957505384878 -1.9759688598783833 0.0 
0.9971084695604264 0.20637082209471125 2.0 1.9999152263101925 1.9999752657601173 0.5256622863812118 2.0 -2.0 -1.9990206827388306 1.9922984296248183 -2.0 -1.973732834869039 -2.0 -1.9614677689636375 -2.0 -2.0 -2.0 -1.9620141567737521 -1.9997668567169726 -2.0 0.858731987576911 -1.9314287989912162 -1.9337425705062699 -1.9881979792990518 -1.9934587947085545 -1.9724354718456654 1.9794296608338195 -1.9987490064618525 -1.9977162911345516 -1.8297273292226408 
0.9917550713300864 0.20637082209471125 2.0 2.0 1.9999752657601173 0.4233713266440503 2.0 -2.0 -1.9979099376211407 1.9961492148124091 -2.0 -1.987756183014695 -2.0 -1.9614677689636375 -2.0 -1.9219111792777541 -2.0 -1.9620141567737521 -1.9997668567169726 -2.0 0.8457778462710184 -1.9085768200791025 -1.9719961262807675 -1.9847687757288885 -1.9934587947085545 -1.9284134984629104 2.0 -1.9810672799499485 -1.9990194723591599 -1.9887334691060659 
0.9856384522871315 2.0 1.9991825736986857 -1.7679254426221713 2.0 0.3471817306513757 2.0 -1.744339865905341 -1.9878015934692996 1.9070116457169601 -2.0 -1.411103002842788 -2.0 -1.5268928625059486 -2.0 -1.8438223585555082 -2.0 -1.9106133803207839 -1.9832953398332005 0.9284450428483217 0.9438068877447799 -1.5136966658151456 -1.7698770204972982 -1.9931415928596734 -1.9451462876736991 -1.9119560532344901 1.9998327636090838 -1.9995830021539511 -1.950720926687849 -1.9388141691718035 
0.982746921847558 1.6412857630477349 1.999395924279598 -1.9399422579060261 1.9991420520052638 0.3471817306513757 1.9651893067951112 -1.691270677183553 -1.989797566085514 1.9147132160921418 -2.0 -1.5232860250518339 -2.0 -1.5248590054970697 -2.0 -2.0 -1.9857978514229582 -1.9106133803207839 -1.7674983673865003 0.9122816595666654 0.9322443034845056 -1.6231437135874516 -1.749034490998711 -1.9958439524720197 -1.9347262144308672 -1.9119560532344901 1.9998327636090838 -1.953070214969066 -1.9481145642386322 -1.7425518984144919 
0.9726975118041024 2.0 1.9992941987366302 2.0 1.9993175777806844 2.0 1.9753075580738932 -1.6525642070516997 -1.9787570834950858 1.9152827258730019 -2.0 -1.938932726846513 -2.0 -1.9359185211640213 -2.0 -1.9640355257315987 -1.995390979757263 -1.975389968508447 -1.9869902261329606 0.9938145114962047 0.9953606499402128 -1.9801099280241161 -1.9026503589524175 -1.8713865455033925 -1.986917589417109 -1.9101447946753711 0.8623956150922041 -1.9877299841276659 -1.9994195228433895 -2.0 
0.964882245782996 2.0 1.9995075493175425 2.0 1.9995450518537896 2.0 1.9817952290742757 -1.7220513656413599 -1.9787570834950858 1.9383874369985468 -2.0 -1.9657780833351912 -2.0 -1.9359185211640213 -2.0 -1.9640355257315987 -1.995390979757263 -1.8946577710742365 -1.9869902261329606 0.9938145114962047 0.9953606499402128 -1.9801099280241161 -1.9026503589524175 -1.905525089177557 -1.986917589417109 -1.9854018007820677 0.8974245219540167 -1.9993745032309262 -1.9948615171214399 -2.0 
0.9590991849038487 2.0 1.9995732988381754 2.0 1.9995450518537896 2.0 1.987024657999235 -1.86102568282068 -1.982177404691447 1.9537905777489102 -2.0 -1.9463092870226435 -2.0 -1.9549941427333575 -2.0 -1.7387944146634695 -1.995390979757263 -1.8860962189899197 -1.9913529642138714 0.9614877449328919 0.9807563654113153 -1.9362569100519216 -1.9443354179495917 -1.931722912651671 -1.984750910965937 -1.849485987786607 0.9079441108559158 -1.9765545876012112 -1.99743075856072 -1.8861192592497837 
0.9533161240247015 1.4783234359994917 2.0 2.0 1.9999788015125959 1.9386563157606365 1.99419819806898 -2.0 -1.9908787550345108 1.9691937184992734 -2.0 -1.9410772018412041 -2.0 -1.9699841848968427 -2.0 -1.7913750306673328 -2.0 -1.887388910588799 -1.995715702294782 0.9291609783695791 0.9661520808824178 -1.8910870510198505 -1.986020476946766 -1.9560277439428844 -1.9725774782849608 -1.7135701747911463 0.9250936603952575 -1.8835290132314408 -2.0 -1.7441763180032281 
0.9483923884431686 1.1007404181825322 1.9999426368500186 1.9553216802576439 2.0 1.7131059317785873 2.0 -2.0 -2.0 2.0 -2.0 -2.0 -2.0 -2.0 -2.0 -2.0 -2.0 -2.0 -2.0 -2.0 0.9432854985392557 -2.0 -2.0 -2.0 -2.0 -1.9743618909778915 0.9813169048982624 -1.9317768992831332 -2.0 -2.0 
0.9434686528616358 1.2676089025134551 2.0 1.7032891919936881 2.0 1.8442623654592036 2.0 -2.0 -2.0 1.7676461934204584 -2.0 -2.0 -2.0 -1.9904532565212854 -2.0 -2.0 -1.9997554700596856 -2.0 -2.0 -2.0 0.9118980322044425 -1.7798001932719667 -2.0 -2.0 -1.9913332861953124 -2.0 0.978001924579541 -2.0 -1.9888050109372408 -1.72463988383381 
0.9418481149063765 1.0499607027640432 2.0 2.0 2.0 0.8717823608170391 2.0 -2.0 -2.0 2.0 -2.0 -2.0 -2.0 -1.9904532565212854 -2.0 -2.0 -1.9997554700596856 -1.9109265682694696 -2.0 -2.0 0.9006306151980275 -1.725799890022512 -2.0 -2.0 -1.9913332861953124 -2.0 0.9725557367301525 -1.9998436258077317 -1.9883218391120059 -1.7582771090928875 
0.9339347362453005 0.5959039917089394 1.9995616568847492 1.8197683217616785 2.0 1.847953418645009 2.0 -1.96303848834844 -1.9966390787626909 2.0 -2.0 -2.0 -2.0 -2.0 -2.0 -1.9132453787971704 -2.0 -2.0 -2.0 -2.0 0.8096619553681046 -1.8981915601227972 -2.0 -1.9131545254754352 -2.0 -2.0 1.007771036990404 -2.0 -1.9941573735584104 -2.0 
0.9276418955394838 1.4263069837878375 1.9969876860621598 1.1001497424805573 1.9999772054707816 1.9591674969797332 1.9476377475994127 -2.0 -1.9971901170743172 1.9952964130969442 -2.0 -1.993611532103126 -2.0 -2.0 -1.9955235832622762 -1.826470330782946 -2.0 -1.9687814286270586 -1.9961819888608368 0.6689054844882928 0.7363589591220439 -2.0 -2.0 -1.9332851781074336 -2.0 -1.922279225205594 0.9955242609157609 -1.9987490064618527 -1.9999858160096298 -1.890632248737336 
0.9244008196289653 0.9785034950597917 2.0 2.0 2.0 0.896891683096266 1.9990279444276071 -2.0 -2.0 2.0 -2.0 -1.9734128481218982 -2.0 -2.0 -2.0 -2.0 -2.0 -2.0 -2.0 -2.0 0.6989049945401156 -2.0 -2.0 -2.0 -2.0 -2.0 0.9846318852169837 -1.9658884496415667 -2.0 -2.0 
0.9244008196289653 0.6416672215935354 2.0 2.0 2.0 0.5288839185211647 2.0 -2.0 -2.0 2.0 -2.0 -2.0 -2.0 -2.0 -2.0 -2.0 -2.0 -1.9821586911509075 -2.0 -2.0 0.6989049945401156 -1.923340562485866 -2.0 -1.9994581876232727 -2.0 -2.0 0.9846318852169837 -1.9984362580773158 -2.0 -2.0 
0.9244008196289653 0.1720752835707431 2.0 1.9531450594955087 2.0 0.11972007957251857 2.0 -2.0 -2.0 2.0 -2.0 -2.0 -2.0 -2.0 -2.0 -2.0 -2.0 -1.9821586911509075 -2.0 -2.0 0.6989049945401156 -1.923340562485866 -2.0 -2.0 -2.0 -2.0 0.9846318852169837 -2.0 -2.0 -1.9719377995036607 
0.9244008196289653 0.6416672215935354 2.0 1.9531450594955087 2.0 0.5288839185211647 2.0 -2.0 -2.0 2.0 -2.0 -2.0 -2.0 -1.9809065130425707 -2.0 -2.0 -2.0 -1.9821586911509075 -2.0 -1.2254882051499054 0.6989049945401156 -1.923340562485866 -2.0 -1.9994581876232727 -2.0 -2.0 0.9846318852169837 -1.9984362580773158 -2.0 -1.9719377995036607 
0.9244008196289653 0.6416672215935354 2.0 2.0 2.0 0.5288839185211647 2.0 -2.0 -2.0 2.0 -2.0 -2.0 -2.0 -1.9809065130425707 -2.0 -2.0 -2.0 -1.9821586911509075 -2.0 -1.3803905641199243 0.6989049945401156 -1.923340562485866 -2.0 -1.9994581876232727 -2.0 -2.0 0.9846318852169837 -1.9984362580773158 -2.0 -2.0 
0.9244008196289653 0.6416672215935354 2.0 1.9531450594955087 2.0 0.5288839185211647 2.0 -2.0 -2.0 2.0 -2.0 -2.0 -2.0 -1.9809065130425707 -2.0 -2.0 -2.0 -1.9821586911509075 -2.0 -1.2254882051499054 0.6989049945401156 -1.923340562485866 -2.0 -1.9994581876232727 -2.0 -2.0 0.9846318852169837 -1.9984362580773158 -2.0 -1.9719377995036607 
0.9244008196289653 0.6416672215935354 2.0 2.0 2.0 0.5288839185211647 2.0 -2.0 -2.0 2.0 -2.0 -2.0 -2.0 -1.9809065130425707 -2.0 -2.0 -2.0 -1.9821586911509075 -2.0 -1.3803905641199243 0.6989049945401156 -1.923340562485866 -2.0 -1.9994581876232727 -2.0 -2.0 0.9846318852169837 -1.9984362580773158 -2.0 -2.0 
0.8859362034390708 2.0 -1.9993928230175797 1.0810349228614242 1.991371029947878 1.795418080525677 1.958969199334328 2.0 -0.9200115112523656 -1.8776907665098503 2.0 1.9734128481218982 2.0 1.9979963264463187 2.0 1.971890869687556 -1.999199058988828 -1.8712987947522923 2.0 2.0 -2.0 -1.961670281242933 -1.9998560109463956 -1.5975343683773964 0.4526078096792443 1.9952657736981207 1.9966850196812786 -2.0 2.0 2.0 
0.8717472907060079 2.0 -1.9992789703282048 -0.8782655933257135 1.9967878180818677 2.0 2.0 1.9815192441742202 -0.9229187043642955 -2.0 2.0 1.9971675402446636 2.0 1.9984989853183133 2.0 2.0 -0.7024080076615551 -2.0 2.0 2.0 -2.0 -0.16452201385326076 -0.0730137311877217 -1.9069150834256339 0.18322510963644575 1.987744462128377 2.0 -1.9488026911986864 1.8538289566022372 1.9789533496277456 
0.8696459772623921 2.0 -1.9992789703282048 -0.8782655933257135 1.907708297728482 1.986792582351179 2.0 1.9815192441742202 -0.904021801784746 -2.0 2.0 2.0 2.0 1.9984989853183133 2.0 1.7582931839473352 -0.7077238984654799 -2.0 1.9826147763006552 2.0 -2.0 -0.3149085627523837 -0.05033727070999994 -1.9069150834256339 0.18322510963644575 1.9892487244423258 2.0 -1.9488026911986864 1.8538289566022372 1.9789533496277456 
0.8621766269502165 1.9910382927219796 -1.9989389690093657 -0.8782655933257135 1.9942501455104815 2.0 2.0 1.9876794961161468 -0.9501871864025291 -2.0 2.0 1.9912280570529897 2.0 2.0 1.9549328085380528 2.0 -0.7323392717564955 -2.0 1.9997408288304572 2.0 -2.0 -0.3149085627523837 -0.18678500167620615 -1.9381239930759984 0.0907196425715846 1.9881909592313514 1.9810576009326177 -1.9488026911986864 1.8538289566022372 1.9859688997518303 
0.8571970600754326 2.0 -1.9985989676905267 -0.7701360107157378 1.992558363796224 1.756375435367103 1.9938899805584964 2.0 -0.9963525710203123 -2.0 1.9844149150275359 1.9860133639791968 1.6723036362929786 1.9997712890657784 1.9098656170761055 1.363847386284673 -0.7922017999463764 -1.6731871432598835 1.988966453843601 1.4459576498482023 -2.0 -0.353560601839844 -0.3005562721646906 -2.0 -0.10098663366758104 1.987133194020377 1.8933375085101107 -1.947593628710305 1.8808785085116877 2.0 
0.8571970600754326 1.9840652033836443 -1.9985989676905267 -0.9025668699000176 1.992558363796224 1.7555837427940542 1.960077513666578 2.0 -0.9963525710203123 -2.0 1.9480790652628042 1.9824561141059793 2.0 2.0 1.9098656170761055 1.4593567682223747 -0.7922017999463764 -1.6731871432598835 1.988966453843601 1.5987971780996717 -2.0 -0.3236890954387634 -0.2868767733733928 -1.9756565597131301 -0.10098663366758104 1.987133194020377 1.9621152018652355 -1.9537491271339764 1.8809722810758347 1.9986102019443646 
0.8430425092871646 2.0 -2.0 -2.0 1.9973040605926884 1.8803412323057658 1.9934788482021477 2.0 -0.9205334025775647 -1.8221706235149076 2.0 1.9938209238073843 1.3446072725859572 2.0 2.0 1.7374947952107378 -0.9447366699073252 -2.0 2.0 2.0 -2.0 1.763267162486256 -0.5000250182475301 -2.0 -1.9966523289452782 2.0 1.9314578038187917 -1.987584753691145 2.0 1.99922344443135 
0.8364742617075265 2.0 -2.0 -2.0 1.99647913109649 1.978151674218788 2.0 2.0 -0.8178943236237721 -1.8409561637489065 2.0 1.9977311572684773 1.6723036362929786 2.0 2.0 2.0 -0.927951874906874 -1.9539051134614724 1.9881315493788547 2.0 -2.0 1.8912160109323948 -0.6565780429794622 -2.0 -2.0 2.0 2.0 -1.9644805564016559 2.0 1.9953735800400398 
0.8299060141278882 1.957021267428185 -2.0 -2.0 1.989699952259054 1.9944328642704359 1.9949229309797756 2.0 -0.7577503468525543 -1.8857530102553977 2.0 1.999092462907391 2.0 1.9969979706366263 2.0 1.488557529883694 -0.9942539323200017 -2.0 1.9652295526013104 1.8834616867453056 -2.0 1.615211576869124 -0.7094483621336177 -2.0 -0.7284144882649162 2.0 2.0 -2.0 2.0 1.964829872469461 
0.8213245555208979 2.0 -1.999848205754395 -2.0 1.9925902498503816 1.973585164702358 1.9651577412293073 2.0 -0.6331024842243487 -1.9555313626570499 2.0 1.9943350804893272 2.0 1.9969979706366263 1.819731234152211 1.5165863678946705 -0.9975308791855608 -2.0 1.9652295526013104 2.0 -2.0 1.9808351406214664 -0.8076716022432168 -2.0 -0.730646268968064 1.9969914753721025 2.0 -2.0 2.0 2.0 
0.8171219286336664 2.0 -2.0 -2.0 2.0 2.0 1.9521154376336025 2.0 -0.5953086790652498 -1.93879050110898 2.0 2.0 2.0 2.0 1.6394624683044219 1.0813128473095266 -0.9868990975777113 -1.9769525567307362 2.0 2.0 -2.0 1.6800620428232205 -0.8530245231986603 -2.0 -0.7239509268586206 2.0 2.0 -1.7437314474758088 2.0 1.9828918039881018 
0.8171219286336664 2.0 -2.0 -2.0 2.0 2.0 1.9521154376336025 2.0 -0.5953086790652498 -1.93879050110898 2.0 2.0 2.0 2.0 2.0 2.0 -0.9868990975777113 -2.0 2.0 2.0 -2.0 0.5095884586315195 -0.8530245231986603 -2.0 -0.7239509268586206 2.0 2.0 -2.0 2.0 2.0 
0.7893019939959836 1.8763615883193892 -2.0 -2.0 1.970788852017554 2.0 1.9850200279304377 1.8880914355704694 -1.792288448091535 -1.9058439144787849 2.0 1.948036732132287 1.8396727646599338 2.0 1.8360865676595146 1.7365895693736006 -0.8243156278063655 -0.7307565586875544 2.0 1.8301227096166812 -2.0 -0.9675286328399344 -1.0633434894807572 -1.0084478759487407 -1.0146400511699263 1.998245519772447 1.9952282862907358 -1.8718657237379044 1.9895664607019734 1.5771550527957785 
0.7849231622762247 2.0 -2.0 -2.0 1.9710124631836596 2.0 2.0 1.8880914355704694 -2.0 -1.9759730624873322 2.0 2.0 2.0 1.9984989853183133 2.0 2.0 -0.7643597235212432 -0.8941629870576127 1.9881315493788547 2.0 -2.0 -0.8381554522806183 -0.9991349400877406 -1.0084478759487407 -1.0213353932793696 2.0 2.0 -2.0 2.0 1.5001037665071812 
0.7849231622762247 2.0 -2.0 -1.9249506623980093 1.970996520156581 0.7441272009846134 2.0 2.0 0.0 -1.9759730624873322 2.0 2.0 2.0 2.0 1.9098656170761055 2.0 -0.7643597235212432 1.1891713367261572 2.0 1.8940568212931475 -2.0 -2.0 -0.9991349400877406 0.9915521240512593 2.0 2.0 1.9286572205651682 -1.9897784837088461 2.0 1.51337132422815 
0.7792861354010561 2.0 -2.0 -2.0 2.0 2.0 2.0 2.0 -2.0 -2.0 2.0 2.0 2.0 1.8293728743631092 2.0 2.0 -0.6971479282680397 -2.0 2.0 2.0 -2.0 -2.0 -1.0022009423878513 -2.0 -1.0034811476541874 2.0 2.0 -2.0 1.83584852792894 1.8877511980146429 
0.7792861354010561 1.847882513753724 -2.0 -2.0 2.0 2.0 1.9661647189131604 2.0 -2.0 -2.0 2.0 2.0 2.0 2.0 2.0 2.0 -0.6971479282680397 -1.9732604566336807 2.0 2.0 -2.0 -2.0 -1.0022009423878513 -2.0 -1.0034811476541874 2.0 2.0 -2.0 2.0 1.8877511980146429 
0.7202430528684088 0.8903414827262841 2.0 0.9902118986209985 -0.39341253163219836 0.9995039190372913 -1.9569096108795847 -2.0 0.8831233382001288 2.0 -2.0 -1.9931681546836697 -2.0 -2.0 -1.819731234152211 -2.0 -0.27178874432572303 -2.0 -1.9826147763006552 -1.952092721502182 1.9424524291262504 2.0 -0.36511899955849103 2.0 0.7284144882649163 -2.0 -0.616698774318879 -0.7152049235295436 -2.0 -0.8142018665847468 
0.7307116624301861 1.0216854775729063 0.9799392148177586 0.9902118986209986 -0.40601862190061244 0.9995039190372913 -1.9548361810875443 -1.9380891521921777 0.9056729332762824 1.9836819373255694 -2.0 -1.9922606175910607 -2.0 -1.653749295171555 -2.0 -2.0 0.13254787686868477 -0.03140923240100724 -2.0 -1.911129836917057 1.9741700923454586 2.0 -0.32548113244290655 2.0 1.9910728771874089 -2.0 -0.6770794458001512 -0.6947618909472357 -1.9960874227632401 -0.821447080617713 
0.7239989766280618 1.0216854775729063 0.9799392148177586 0.9902118986209986 -0.4060086498738684 0.9995039190372913 -1.9488813989446363 -1.9380891521921777 0.9056729332762824 1.9836819373255694 -2.0 -1.9922606175910607 -2.0 -1.653749295171555 -2.0 -2.0 0.13254787686868477 -0.03140923240100724 -2.0 -1.911129836917057 1.978419660922344 2.0 -0.32548113244290655 2.0 1.9910728771874089 -2.0 -0.6770794458001512 -0.6947618909472357 -1.9973916151754934 -0.821447080617713 
0.7239989766280618 0.984560579490956 0.9799392148177586 0.6379974542454379 -2.0 0.9995039190372913 -2.0 -1.9393169655043683 0.9056729332762824 1.1408098997619287 -2.0 -1.9402973497233476 -2.0 -2.0 -2.0 -1.9592905372144191 0.19786562408284736 -2.0 -2.0 -2.0 2.0 2.0 -2.0 2.0 2.0 -1.998245519772447 -0.768470950684453 1.3616274486961153 -2.0 -0.824209337603084 
0.7215684308976598 0.8537793252682524 0.9799392148177586 1.3452298833441148 -0.39413901615467173 0.9995039190372913 -1.9529464315864895 -1.9952712477191334 0.8937447964525859 0.8166151917527884 -2.0 -1.8883340818556344 -2.0 -1.651279522319583 -2.0 -1.730090860369752 0.31939429553513 -0.708545643201343 -1.8960909994867223 -2.0 2.0 0.009945035987942052 -0.326630883305448 2.0 1.9953823017757066 -1.9964910395448938 -0.616698774318879 -0.6019393050647698 -2.0 -0.8300983734938905 
0.6797299574405915 2.0 2.0 -2.0 2.0 2.0 0.751732080568988 -2.0 -2.0 0.9626453408909995 -2.0 -2.0 -2.0 -2.0 -2.0 -2.0 -2.0 -2.0 -2.0 2.0 1.4753840497960478 2.0 -2.0 -2.0 -2.0 -2.0 2.0 -2.0 -2.0 -0.24585759397730378 
0.6797299574405915 2.0 2.0 -2.0 2.0 2.0 0.8261081438175906 -2.0 -2.0 0.9626453408909995 -2.0 -2.0 -2.0 -2.0 -2.0 -2.0 -2.0 -2.0 -2.0 2.0 2.0 2.0 -2.0 -2.0 -2.0 -2.0 2.0 -1.9731005116187155 -2.0 -0.24585759397730378 
0.6730172716384673 2.0 2.0 -2.0 2.0 2.0 0.7948748943361974 -2.0 -2.0 0.9626453408909995 -2.0 -2.0 -2.0 -2.0 -2.0 -2.0 -2.0 -2.0 -2.0 2.0 2.0 2.0 -2.0 -2.0 -2.0 -2.0 2.0 -1.9865502558093577 -2.0 -0.24585759397730378 
0.6464387872716874 2.0 2.0 0.0 1.9795321798805128 2.0 2.0 -2.0 -1.9787570834950858 2.0 -2.0 -2.0 -2.0 -2.0 -2.0 -1.9640355257315987 -2.0 -1.975389968508447 -2.0 0.9938145114962047 0.994132795545982 -1.9801099280241161 -0.8092578581143144 -0.8678802449861496 -1.986917589417109 -1.8960564189948805 2.0 -1.8662542260803408 -2.0 -2.0 
0.6437235054295827 2.0 2.0 0.0 1.9795321798805128 2.0 2.0 -2.0 -1.9787570834950858 2.0 -2.0 -2.0 -2.0 -2.0 -2.0 -1.9640355257315987 -2.0 -1.975389968508447 -2.0 0.9938145114962047 0.9953606499402128 -1.9801099280241161 -0.8092578581143144 -0.8678802449861496 -1.986917589417109 -1.904240274291047 2.0 -1.8662542260803408 -2.0 -2.0 
0.638460885411375 2.0 2.0 0.0 1.9795371658938847 2.0 2.0 -2.0 -1.9787570834950858 2.0 -2.0 -2.0 -2.0 -2.0 -2.0 -1.9640355257315987 -2.0 -1.975389968508447 -2.0 0.9938145114962047 0.9953606499402128 -1.6584168865985534 -0.8092578581143144 -0.8678802449861496 -1.986917589417109 -1.904240274291047 2.0 -1.8662542260803408 -2.0 -2.0 
0.6320533400522531 2.0 2.0 -2.0 2.0 2.0 2.0 -2.0 -2.0 2.0 -2.0 -2.0 -1.9906760578205809 -2.0 -2.0 -2.0 -2.0 -2.0 -2.0 2.0 0.9829307861657339 2.0 -2.0 -2.0 -1.9955364385937044 -2.0 2.0 -2.0 -1.9973916151754934 -2.0 
0.6232005823701107 1.9431789654121965 2.0 -2.0 2.0 2.0 2.0 -2.0 -2.0 2.0 -2.0 -2.0 -2.0 -2.0 -2.0 -2.0 -2.0 -2.0 -2.0 2.0 0.9829307861657339 2.0 -2.0 -2.0 -2.0 -2.0 2.0 -1.9948255481058905 -2.0 -2.0 
0.615585688357286 1.9171624320416147 1.94480480881883 -2.0 2.0 2.0 2.0 -1.8245530019124323 -2.0 2.0 -2.0 -2.0 -2.0 -2.0 -2.0 -2.0 -1.9944473803431506 -2.0 -2.0 1.8723156827625407 0.8039540977822062 2.0 -2.0 -2.0 -2.0 -2.0 0.9999199821519866 -1.9974127740529453 -2.0 -1.2762521231507848 
0.6060996401429769 1.2496671481736694 2.0 -2.0 2.0 2.0 2.0 -2.0 -2.0 2.0 -2.0 -2.0 -2.0 -2.0 -2.0 -2.0 -1.9772274455825851 -2.0 -2.0 1.797079863655877 0.7263969375204182 2.0 -2.0 -2.0 -2.0 -2.0 1.022510961299869 -2.0 -2.0 -1.2762521231507848 
0.5968487844289988 2.0 2.0 -2.0 2.0 2.0 2.0 -2.0 -2.0 1.9988029132494964 -2.0 -2.0 -1.9953380289102904 -2.0 -2.0 -2.0 -1.9907125823103218 -2.0 -2.0 2.0 0.7493148379548423 2.0 -2.0 -2.0 -1.9805959636511885 -2.0 0.9817333784810973 -1.9526695242941887 -1.9986958075877466 -1.2762521231507848 
0.5398301200549003 2.0 -1.4578233401953016 2.0 2.0 -0.9648197078829097 -1.0021455122913543 1.8676276372616507 1.7472286815434974 -0.9161684553224414 2.0 2.0 -0.9649732098827205 2.0 1.9622380261083032 1.9609614547113914 -1.9790958029260635 1.784862480174823 2.0 2.0 -2.0 -2.0 2.0 0.11718530162092367 1.9688934599013093 2.0 -1.2247501984719324 -2.0 2.0 -2.0 
0.5343995563706909 1.9507678370755956 -1.2370425754706222 2.0 2.0 -0.9648197078829097 -1.0036342078270812 1.8676276372616507 1.748077198801165 -0.9161684553224414 2.0 2.0 -0.9696351809724301 2.0 1.9626414446635816 1.9609614547113914 -1.9970753563638655 1.784862480174823 2.0 1.864719909103918 -1.941734335356673 -2.0 2.0 0.13998761020473383 1.9707585699548944 2.0 -1.261123405813711 -1.9053390485883772 2.0 -1.5193429200907707 
0.5343995563706909 2.0 -2.0 2.0 2.0 -2.0 -0.9961907301484462 2.0 1.7438346125128272 -0.9161684553224414 2.0 2.0 -0.971420987493658 2.0 1.9622380261083032 1.9609614547113914 -1.965560130478869 2.0 2.0 2.0 -1.9975442912115384 -2.0 2.0 1.1985802610151959 2.0 1.9836322894076672 -2.0 -2.0 1.9947832303509867 -2.0 
0.5206322588086283 2.0 -2.0 2.0 2.0 -2.0 -0.8603863543913012 1.9723466361760278 1.7472286815434974 -0.9161684553224414 2.0 2.0 -0.9719172301249601 2.0 1.9614311889977467 1.9609614547113914 -1.9569574279626842 1.9980950515143219 2.0 2.0 -1.7683235286616248 -2.0 2.0 1.2625818152960404 1.9814346904816051 2.0 -2.0 -2.0 2.0 -1.9222594954327676 
0.5040369860559549 2.0 -2.0 2.0 2.0 -2.0 -0.8299587149227837 2.0 2.0 -0.9161684553224414 2.0 1.762354315872725 -0.9765792012146697 2.0 2.0 2.0 -1.9604116597498897 2.0 2.0 2.0 -2.0 -2.0 2.0 2.0 2.0 2.0 -2.0 -2.0 2.0 -1.800518767108889 
0.487623820095741 0.023790996727123037 -2.0 2.0 -2.0 -2.0 -1.9117682614043834 2.0 2.0 -2.0 2.0 2.0 2.0 2.0 2.0 2.0 -1.9910092799823285 2.0 2.0 2.0 -2.0 -2.0 2.0 2.0 2.0 2.0 -2.0 -0.4354126832803221 2.0 -2.0 
0.4850648896273368 2.0 -1.9847856523866478 2.0 -2.0 -2.0 -0.5535360876714533 2.0 2.0 -2.0 2.0 2.0 2.0 2.0 2.0 2.0 -2.0 2.0 2.0 2.0 -2.0 -2.0 2.0 1.9315930742485694 1.9544381881793664 2.0 -0.5465058720512506 -0.4614423080108405 2.0 -2.0 
0.4784012872427118 2.0 -2.0 2.0 -0.0821149870990473 -2.0 -0.3202319523407083 2.0 2.0 -2.0 2.0 2.0 2.0 2.0 2.0 2.0 -2.0 2.0 2.0 2.0 -2.0 -2.0 2.0 2.0 2.0 2.0 -0.5916878303470154 -0.5636347474054034 2.0 -2.0 
0.4784012872427118 2.0 -2.0 2.0 -0.11628934418325232 -2.0 -0.3175866164173889 2.0 2.0 -2.0 2.0 2.0 2.0 2.0 1.9997982907223608 2.0 -2.0 2.0 2.0 2.0 -2.0 -2.0 2.0 2.0 2.0 1.9918161447038336 -0.6029833199209567 -0.5636347474054034 2.0 -2.0 
0.4464897461033138 2.0 -2.0 2.0 -2.0 -2.0 -1.6495633820490192 2.0 2.0 -2.0 2.0 2.0 2.0 1.9535990896930464 2.0 2.0 -2.0 2.0 2.0 2.0 -2.0 -2.0 1.952393991171575 2.0 1.875573839605237 1.9999458849167167 -1.3014916599604782 -0.926898090407283 2.0 -2.0 
0.4355551210231035 2.0 -2.0 2.0 -1.9708852024524977 -2.0 -2.0 2.0 2.0 -2.0 2.0 2.0 2.0 1.9535990896930464 1.9989914536118043 2.0 -2.0 2.0 2.0 2.0 -2.0 -2.0 1.9047879823431502 2.0 1.8133607594078556 1.9988730404196342 -2.0 -0.9911156032084141 2.0 -2.0 
0.38029641096468486 -2.0 0.38024823362245475 0.9405531265257623 -1.058144672091626 0.9896092293304952 -1.1459029581530737 -2.0 -0.24494880756302162 0.928065803770532 -2.0 -2.0 -2.0 -2.0 -1.953524347746519 -2.0 1.3655137815416314 -1.999047525757161 -1.9166014725813838 -2.0 2.0 2.0 -2.0 2.0 2.0 -2.0 -2.0 1.9358889679374593 -2.0 -2.0 
0.38029641096468486 -2.0 0.8254982861943915 0.9405531265257623 -2.0 0.9896092293304952 -1.1459029581530737 -2.0 -1.5649360973666746 0.9232857029985038 -2.0 -2.0 -2.0 -2.0 -2.0 -2.0 1.3655137815416314 -2.0 -1.9166014725813838 -2.0 2.0 2.0 -2.0 2.0 2.0 -2.0 -2.0 2.0 -2.0 -2.0 
0.37637243004008014 -2.0 0.8254982861943915 0.9405531265257623 -1.9931879214386412 0.9881735729150906 -1.7840698983672743 -2.0 -0.639974579607306 0.9771214178485785 -2.0 -2.0 -1.976658624610047 -1.9923972612504377 -1.9650676198307746 -2.0 1.6827568907708157 -2.0 -1.958300736290692 -2.0 2.0 2.0 -2.0 1.9647511177158798 2.0 -1.9975874738788206 -2.0 2.0 -2.0 -1.917006928582879 
0.3724484491154754 -2.0 0.8254982861943915 0.9405531265257623 -1.9931879214386412 0.9881735729150906 -1.7840698983672743 -2.0 -1.0350003516515904 1.0309571326986533 -2.0 -2.0 -1.953317249220094 -1.9923972612504377 -1.9767117465538497 -2.0 1.6827568907708157 -2.0 -1.958300736290692 -2.0 2.0 2.0 -2.0 1.9647511177158798 2.0 -1.998391649252547 -2.0 2.0 -2.0 -1.917006928582879 
0.36383410146923884 -2.0 0.7789158374793903 0.8081222673414825 -2.0 0.965458445891785 -2.0 -2.0 -1.1106297699079222 1.0847928475487283 -2.0 -2.0 -1.8505044511476711 -2.0 -1.999837989046994 -2.0 2.0 -2.0 -2.0 -2.0 2.0 2.0 -1.8659290494216303 1.975894277964304 2.0 -1.998391649252547 -2.0 2.0 -1.9999935772739867 -1.8976872183268072 
0.35050900473501245 -2.0 2.0 0.6756914081572029 -2.0 2.0 -1.9734058668818353 -2.0 -2.0 2.0 -2.0 -2.0 -2.0 -2.0 -2.0 -2.0 2.0 -2.0 -2.0 -2.0 2.0 2.0 -2.0 2.0 2.0 -2.0 -2.0 2.0 -2.0 -1.913945904561786 
0.3343109565454755 -2.0 2.0 0.4108296897886434 -2.0 2.0 -2.0 -2.0 -2.0 2.0 -2.0 -2.0 -2.0 -2.0 -2.0 -2.0 2.0 -2.0 -2.0 -2.0 2.0 0.6862566090264337 -1.914513879561412 2.0 2.0 -2.0 -2.0 2.0 -1.999812454871706 -1.9167255006730568 
0.30519839621861866 -2.0 2.0 -0.09291738572268166 2.0 2.0 -1.9012724910028402 -2.0 -2.0 2.0 -2.0 -2.0 -1.4020178045906846 -2.0 -1.9993519561879753 -2.0 1.972434444602972 -2.0 -2.0 -2.0 2.0 2.0 -2.0 0.9142158711116757 2.0 -2.0 -1.7591529188998867 2.0 -2.0 -1.9227087119238695 
0.3014501754519042 -2.0 2.0 -0.0814400088303388 2.0 2.0 -1.9012724910028402 -2.0 -2.0 2.0 -2.0 -2.0 -1.7010089022953423 -2.0 -1.9996759780939877 -2.0 1.9888061171331142 -2.0 -2.0 -2.0 2.0 2.0 -1.9795553644720796 0.9169608851714899 2.0 -2.0 -1.8795764594499433 1.9606552183903787 -2.0 -1.89153533293628 
0.20422861420117705 2.0 -2.0 2.0 1.962372011035712 -0.9725977401795306 -2.0 2.0 1.8805365722261498 -0.9810156382637558 2.0 2.0 2.0 2.0 1.757108888979058 2.0 -2.0 2.0 2.0 2.0 -1.9222204347913854 -2.0 1.9956230326893634 0.08025521546138203 2.0 2.0 1.0208157544947225 -2.0 2.0 -2.0 
0.20422861420117705 2.0 -2.0 2.0 2.0 -0.9725977401795306 -2.0 2.0 2.0 -0.9810156382637558 2.0 2.0 2.0 2.0 2.0 2.0 -2.0 2.0 2.0 2.0 -2.0 -2.0 2.0 0.08025521546138203 1.9018893306661049 2.0 1.1169789730882884 -2.0 2.0 -2.0 
0.20422861420117705 2.0 -2.0 2.0 2.0 -0.9725977401795306 -2.0 2.0 2.0 -0.9810156382637558 2.0 2.0 2.0 2.0 2.0 2.0 -2.0 2.0 2.0 2.0 -2.0 -2.0 2.0 0.08025521546138203 1.9018893306661049 2.0 1.1169789730882884 -2.0 2.0 -2.0 
0.20422861420117705 2.0 -2.0 2.0 1.962372011035712 -0.9725977401795306 -2.0 2.0 1.8805365722261498 -0.9810156382637558 2.0 2.0 2.0 2.0 1.757108888979058 2.0 -2.0 2.0 2.0 2.0 -1.9222204347913854 -2.0 1.9956230326893634 0.08025521546138203 2.0 2.0 1.0208157544947225 -2.0 2.0 -2.0 
0.20422861420117705 2.0 -2.0 2.0 2.0 -0.9725977401795306 -2.0 2.0 2.0 -0.9810156382637558 2.0 2.0 1.953317249220094 2.0 2.0 2.0 -2.0 2.0 2.0 2.0 -2.0 -2.0 2.0 0.06888860795848761 2.0 2.0 0.45733929436969956 -2.0 2.0 -2.0 
0.20422861420117705 2.0 -2.0 2.0 2.0 -0.9648197078829097 -0.9080611354446437 2.0 2.0 -0.9810156382637558 2.0 2.0 -0.9649732098827205 2.0 2.0 2.0 -2.0 2.0 2.0 2.0 -2.0 -2.0 2.0 2.0 0.10773576181542577 2.0 -1.807673562812868 -2.0 2.0 -2.0 
0.19885824189087345 2.0 -2.0 2.0 2.0 -0.9186336578834238 -0.9080611354446437 2.0 2.0 -0.9810156382637558 2.0 2.0 -0.9649732098827205 2.0 2.0 2.0 -2.0 2.0 2.0 2.0 -2.0 -2.0 2.0 2.0 0.10773576181542577 2.0 -1.9038367814064339 -2.0 2.0 -2.0 
0.17397612202781892 2.0 -1.81898798525154 2.0 1.9247440220714238 -0.6912590797930204 -2.0 2.0 1.7610731444522998 -0.9115994177260792 2.0 2.0 -0.9649732098827205 2.0 1.514217777958116 2.0 -1.9940237791017448 2.0 2.0 2.0 -2.0 -2.0 1.9912460653787267 2.0 1.987397443457917 1.9991242543294678 -2.0 -2.0 1.9991487206222702 -1.907989948541285 
0.16520511909567523 2.0 -2.0 2.0 1.8463464124655502 -0.5777755011174921 -2.0 2.0 1.7610731444522998 -0.8423473768430367 2.0 2.0 -0.9649732098827205 2.0 1.028435555916232 2.0 -1.9880475582034896 2.0 2.0 1.9460209910567272 -2.0 -2.0 1.7282048981563007 2.0 1.8037786613322098 1.9982485086589359 -2.0 -2.0 1.9990947921560727 -1.907989948541285 
0.16126563571874825 2.0 -2.0 2.0 2.0 -0.46777351785092747 -2.0 2.0 2.0 -2.0 2.0 2.0 -0.9649732098827205 2.0 2.0 2.0 -2.0 2.0 2.0 2.0 -2.0 -2.0 1.8891882522487136 2.0 2.0 2.0 -2.0 -2.0 2.0 -1.9656725463782057 
0.056014301784188786 -2.0 -1.4263827413757488 -2.0 -1.9059300275892799 0.9922493361794288 -0.943670158916892 0.9473545211858367 -1.735938776866539 0.861701770570338 -1.9693312682662851 -2.0 -1.765877903679463 -2.0 -1.9894975187832902 2.0 -2.0 2.0 2.0 -2.0 2.0 2.0 -2.0 2.0 -1.9745809590032395 2.0 0.03086897862439153 2.0 1.41001410285463 -2.0 
0.056014301784188786 -2.0 -1.4263827413757488 -2.0 -1.9059300275892799 0.9922493361794288 -0.943670158916892 0.9473545211858367 -1.735938776866539 0.861701770570338 -1.9693312682662851 -2.0 -1.765877903679463 -2.0 -1.9894975187832902 2.0 -2.0 2.0 2.0 -2.0 2.0 2.0 -2.0 2.0 -1.9745809590032395 2.0 0.03086897862439153 2.0 1.41001410285463 -2.0 
0.056014301784188786 -2.0 -1.4043950304772168 -2.0 -1.9054064223097302 0.9922493361794288 -0.943670158916892 0.9473545211858367 -1.8489464079495295 0.861701770570338 -1.9693312682662851 -2.0 -1.8829389518397315 -2.0 -1.9894975187832902 2.0 -2.0 2.0 2.0 -2.0 2.0 2.0 -2.0 2.0 -2.0 2.0 0.03086897862439153 2.0 1.339120229381689 -2.0 
0.056014301784188786 -2.0 -1.4483704522742809 -2.0 -1.9059300275892799 0.9922493361794288 -0.943670158916892 0.9473545211858367 -2.0 0.861701770570338 -1.9693312682662851 -2.0 -1.765877903679463 -2.0 -1.9894975187832902 2.0 -2.0 2.0 2.0 -2.0 2.0 2.0 -2.0 2.0 -2.0 2.0 0.03086897862439153 2.0 1.2067503303767637 -2.0 
0.056014301784188786 -2.0 -1.4043950304772168 -2.0 -1.9054064223097302 0.9922493361794288 -0.943670158916892 0.9473545211858367 -1.8489464079495295 0.861701770570338 -1.9693312682662851 -2.0 -1.8829389518397315 -2.0 -1.9894975187832902 2.0 -2.0 2.0 2.0 -2.0 2.0 2.0 -2.0 2.0 -2.0 2.0 0.03086897862439153 2.0 1.339120229381689 -2.0 
0.056014301784188786 -2.0 -1.4043950304772168 -2.0 -1.9054064223097302 0.9922493361794288 -0.943670158916892 0.9473545211858367 -1.697892815899059 0.861701770570338 -1.989299546321842 -2.0 -1.8829389518397315 -2.0 -1.9894975187832902 2.0 -2.0 2.0 2.0 -2.0 2.0 2.0 -2.0 2.0 -1.9491619180064788 2.0 0.03086897862439153 2.0 1.1283776612988676 -2.0 
0.056014301784188786 -2.0 -1.4483704522742809 -2.0 -1.9059300275892799 0.9922493361794288 -0.943670158916892 0.9473545211858367 -2.0 0.861701770570338 -1.9693312682662851 -2.0 -1.765877903679463 -2.0 -1.9894975187832902 2.0 -2.0 2.0 2.0 -2.0 2.0 2.0 -2.0 2.0 -2.0 2.0 0.03086897862439153 2.0 1.2067503303767637 -2.0 
0.056014301784188786 -2.0 -1.4043950304772168 -2.0 -1.9054064223097302 0.9922493361794288 -0.943670158916892 0.9473545211858367 -1.697892815899059 0.861701770570338 -1.989299546321842 -2.0 -1.8829389518397315 -2.0 -1.9894975187832902 2.0 -2.0 2.0 2.0 -2.0 2.0 2.0 -2.0 2.0 -1.9491619180064788 2.0 0.03086897862439153 2.0 1.1283776612988676 -2.0 
0.056014301784188786 -2.0 -1.4483704522742809 -2.0 -2.0 0.9922493361794288 -0.943670158916892 0.9473545211858367 -2.0 0.861701770570338 -1.9693312682662851 -2.0 -2.0 -2.0 -1.9894975187832902 2.0 -2.0 2.0 2.0 -2.0 2.0 2.0 -2.0 2.0 -2.0 2.0 1.0463034679365872 2.0 0.8767630489895719 -2.0 
0.056014301784188786 -2.0 -1.7021975152386084 -2.0 -1.9527032111548652 0.9999014369662165 -1.1881924516114135 0.9643937013273541 -2.0 0.8748220475857581 -1.983855748598891 -2.0 -1.9751096029783544 -2.0 -1.9942655810485368 2.0 -2.0 1.9879037155179053 1.9997545898322109 -1.9986794819104436 2.0 2.0 -0.287364663592232 1.899768294794302 -1.9434068210362399 1.9788504888034169 -0.6684174973536509 2.0 1.7029436798056514 -2.0 
0.056014301784188786 -2.0 -1.7021975152386084 -2.0 -1.9527032111548652 0.9999014369662165 -1.1881924516114135 0.9643937013273541 -2.0 0.8748220475857581 -1.983855748598891 -2.0 -1.9751096029783544 -2.0 -1.9942655810485368 2.0 -2.0 1.9879037155179053 1.9997545898322109 -1.9986794819104436 2.0 2.0 -0.287364663592232 1.899768294794302 -1.9434068210362399 1.9788504888034169 -0.6684174973536509 2.0 1.7029436798056514 -2.0 
0.0044103718384851665 -2.0 2.0 -2.0 -2.0 2.0 -1.5467672632205982 -2.0 -2.0 2.0 -2.0 -2.0 -2.0 -2.0 -2.0 -2.0 1.9987105606975493 -2.0 -2.0 -2.0 1.0641521738972481 0.6862566090264337 -1.793925302299781 2.0 -1.9660713799073501 -2.0 -2.0 2.0 -2.0 -2.0 
0.0044103718384851665 -2.0 2.0 -2.0 -2.0 2.0 -1.5467672632205982 -2.0 -2.0 2.0 -2.0 -2.0 -2.0 -2.0 -2.0 -2.0 1.9987105606975493 -2.0 -2.0 -2.0 1.0641521738972481 0.6862566090264337 -1.793925302299781 2.0 -1.9660713799073501 -2.0 -2.0 2.0 -2.0 -2.0 
0.0044103718384851665 -2.0 2.0 -2.0 -2.0 2.0 -1.6037935226779299 -2.0 -2.0 2.0 -2.0 -2.0 -2.0 -2.0 -2.0 -2.0 2.0 -2.0 -2.0 -2.0 0.5962282608458722 0.6862566090264337 -1.793925302299781 2.0 -2.0 -2.0 -2.0 2.0 -2.0 -2.0 
0.0044103718384851665 -2.0 2.0 -2.0 -2.0 2.0 -1.8165586155778122 -2.0 -2.0 2.0 -2.0 -2.0 -2.0 -2.0 -1.9538269116629778 -2.0 2.0 -2.0 -2.0 -2.0 0.749769729610156 0.6862566090264337 -2.0 2.0 -1.649290892325153 -2.0 -2.0 2.0 -1.9999257579801264 -2.0 
0.0 -1.9955553665287984 2.0 -2.0 -2.0 2.0 -2.0 -2.0 -1.9662101841753663 2.0 -2.0 -2.0 -2.0 -2.0 -2.0 -2.0 2.0 -2.0 -2.0 -2.0 0.8222693046254529 -0.7266419880608481 -2.0 2.0 -2.0 -2.0 -2.0 2.0 -2.0 -2.0 
