0.567961749167765 0.8659574406513612 0.5359228575766886 0.5332923217021307 0.6716085091112913 0.846942496309582 0.8436900579942057 0.6521198211172305 0.32396510933669564 0.5768317101990696 0.5182163076905995 0.5439316244488946 0.5546615555055344 0.44776833394215176 0.583553588287431 0.5248115230632017 0.4157468477470915 0.45445367122400626 0.302131550028529 0.29101207622582065 0.5066899306125853 0.33642689060012304 0.4221093274414732 0.4176551868298571 0.12476694201238209 0.35029183722458496 0.4751386546866371 0.3619430972378487 0.3611930769467867 0.33284270240972064 
0.5563975504654749 0.867326365342721 0.5359228575766886 0.8423818712546717 0.6699724875311606 0.8607273097374245 0.6298305883815251 0.6172689044773102 0.5808397926359957 0.5744284120864754 0.5524603262627688 0.5281955195509502 0.44628303283366894 0.45105937615927116 0.25763270702118135 0.5220379221207176 0.4026612009878295 0.4655126266964442 0.2970465401369574 0.3014502591812682 0.5198364221280138 0.4048810304297443 0.6262020174875261 0.430701806269685 0.546217210443627 0.3597099787176498 0.08646625311931694 0.3653271921936692 0.3611930769467867 0.35118191094906553 
0.5610590414737369 0.867326365342721 0.5359228575766886 0.8423818712546717 0.6770323603654921 0.8593050897635746 0.6277868295252746 0.6106540861169601 0.5944298729650518 0.568140393411727 0.19599190611117823 0.5330741139864686 0.5416782933959434 0.45105937615927116 0.5039359758390557 0.5220379221207176 0.4058022003316684 0.4714537087573355 0.30849947868176264 0.3014502591812682 0.511265697989357 0.40822281612985295 0.6325908036475559 0.42374783280301814 0.5446497785498843 0.3597099787176498 0.4620134689337189 0.3719405481220683 0.35560431004602744 0.32306220043743367 
0.5610590414737369 0.867326365342721 0.5359228575766886 0.8423818712546717 0.6770323603654921 0.8593050897635746 0.6277868295252746 0.6106540861169601 0.5944298729650518 0.568140393411727 0.19599190611117823 0.5330741139864686 0.5416782933959434 0.45105937615927116 0.5039359758390557 0.5220379221207176 0.4058022003316684 0.4714537087573355 0.30849947868176264 0.3014502591812682 0.511265697989357 0.40822281612985295 0.6325908036475559 0.42374783280301814 0.5446497785498843 0.3597099787176498 0.4620134689337189 0.3719405481220683 0.35560431004602744 0.32306220043743367 
0.5563975504654749 0.867326365342721 0.5359228575766886 0.8423818712546717 0.6699724875311606 0.8607273097374245 0.6298305883815251 0.6172689044773102 0.5808397926359957 0.5744284120864754 0.5524603262627688 0.5281955195509502 0.44628303283366894 0.45105937615927116 0.25763270702118135 0.5220379221207176 0.4026612009878295 0.4655126266964442 0.2970465401369574 0.3014502591812682 0.5198364221280138 0.4048810304297443 0.6262020174875261 0.430701806269685 0.546217210443627 0.3597099787176498 0.08646625311931694 0.3653271921936692 0.3611930769467867 0.35118191094906553 
0.5616579219371167 0.8661650049686668 0.542211124142879 0.5332923217021307 0.6699724875311606 0.6589144007253598 0.8506231559433766 0.6603986057995084 0.3276876665114637 0.48599970460730424 0.5402943077442064 0.5367285712943329 0.45490697482462006 0.44776833394215176 0.5035164528082938 0.5249060068578693 0.4058022003316684 0.4545555446749433 0.3027153689040733 0.3057639078111639 0.5022922083344212 0.6179506052084109 0.6325908036475559 0.430701806269685 0.48628578552113344 0.3597099787176498 0.4620134689337189 0.36148322300865393 0.35583089625021896 0.32306220043743367 
0.5552489461191557 0.8596319328330259 0.9171491127990521 0.52684146149161 0.6686072141430561 0.48308533853883073 0.6301921357154923 0.6122630004805188 0.5992635615867317 0.5598102062943937 0.1949079635912 0.6020095432126589 0.4691667528075578 0.4490858228828023 0.49452163283750195 0.5311767258562768 0.4058022003316684 0.4545555446749433 0.30069726726346296 0.28803614987162646 0.4947506043652231 0.3310207544630904 0.5016100466392807 0.42714733533882976 0.48381065176537974 0.3439633356983611 0.46334542088472047 0.3707508146971842 0.3611930769467867 0.3534598820608825 
0.5610010792492277 0.8587367255686529 0.5359228575766886 0.8423818712546717 0.6699724875311606 0.48308533853883073 0.6298305883815251 0.6599331006917444 0.5780677421063988 0.566226366612691 0.5524603262627688 0.5836714368156617 0.5559686660654983 0.33635699848599565 0.5035164528082938 0.5447648806424427 0.4058022003316684 0.46311808433187973 0.2970465401369574 0.3172506687914594 0.5092237143224856 0.33585061990373205 0.6715890877195638 0.41099853866826036 0.5446497785498843 0.3559189292113739 0.4620134689337189 0.3787238823762852 0.3611930769467867 0.35118191094906553 
0.5455499547185303 0.8702155186668922 0.9171491127990521 0.8453090928547209 0.6770323603654921 0.868142561414093 0.6277868295252746 0.6599331006917444 0.33154076592226206 0.5674117946768797 0.3262183992338662 0.6023903042223606 0.5416782933959434 0.4507954501189133 0.5014126240722523 0.5255752369563239 0.4058022003316684 0.4594775833203335 0.3027153689040733 0.39172697630034636 0.5092237143224856 0.3343385035183355 0.6325908036475559 0.4464472309145195 0.25781031268898336 0.35390375952916053 0.4620134689337189 0.3719405481220683 0.35609642846037753 0.36756614725229036 
0.5552489461191557 0.8702155186668922 0.9171491127990521 0.8453090928547209 0.6770323603654921 0.868142561414093 0.6277868295252746 0.6172689044773102 0.5946618376494567 0.5674117946768797 0.33120435585917346 0.5367285712943329 0.5416782933959434 0.45105937615927116 0.5039359758390557 0.5248115230632017 0.4058022003316684 0.4545555446749433 0.3027153689040733 0.2979410782349164 0.511265697989357 0.40822281612985295 0.6325908036475559 0.430701806269685 0.5446497785498843 0.3597099787176498 0.4620134689337189 0.3719405481220683 0.35583089625021896 0.32306220043743367 
0.557340491450207 0.8596319328330259 0.9171491127990521 0.52684146149161 0.6778716788534163 0.48308533853883073 0.6345466155318399 0.6599331006917444 0.5992635615867317 0.5598102062943937 0.3262183992338662 0.6020095432126589 0.4691667528075578 0.45105937615927116 0.49641895810439834 0.521666195703906 0.5514248471116907 0.456755766377645 0.3027153689040733 0.3950950377818083 0.5005551937062016 0.3310207544630904 0.5016100466392807 0.19332931469705214 0.48381065176537974 0.3439633356983611 0.46334542088472047 0.3719405481220683 0.3611930769467867 0.3534598820608825 
0.5394966687779548 0.8745863724435282 0.5430395479947242 0.561340515531019 0.7013956826884324 0.6872850236548612 0.6220284030115413 0.6172689044773102 0.5829105369694727 0.5674117946768797 0.5570040535822182 0.5361211605113846 0.5537199989379218 0.4587826709326343 0.4929032707447403 0.5249060068578693 0.5476866002088899 0.4473312432833932 0.30173273328824135 0.3045005254131264 0.33342604357104605 0.3921110959309562 0.41096066669383413 0.4379364385370352 0.03773426564736748 0.3658744364210647 0.4620134689337189 0.3719405481220683 0.35609642846037753 0.32306220043743367 
0.557340491450207 0.5341410679083298 0.915256541486872 0.8498942157649336 0.6738716688066083 0.8291492368036636 0.6277868295252746 0.6575401877352474 0.5904260448428652 0.5506234568184039 0.33723563089417513 0.5367285712943329 0.5322309714895156 0.45069276039449097 0.5035164528082938 0.5249060068578693 0.5544173567179703 0.4545555446749433 0.4701318438243386 0.2979410782349164 0.5045628025589882 0.40822281612985295 0.6796005341928285 0.430701806269685 0.5446497785498843 0.3568978584293486 0.4588613688597756 0.3719405481220683 0.35583089625021896 0.3169779757987514 
0.5552489461191557 0.5829583448666243 0.5430395479947242 0.561340515531019 0.6960275000234957 0.8615019805352795 0.6347719916066876 0.6172689044773102 0.5695482573430458 0.5674117946768797 0.33120435585917346 0.5361211605113846 0.450309641851762 0.4587826709326343 0.5130051043041839 0.538081512722334 0.40387831184501943 0.4473312432833932 0.30173273328824135 0.2979410782349164 0.33055960789207217 0.344865544261444 0.6384403233636723 0.4379364385370352 0.5371286357553965 0.3615235868418287 0.4620134689337189 0.3812367435700348 0.35583089625021896 0.32306220043743367 
0.5446649967393101 0.8702155186668922 0.5359228575766886 0.8453090928547209 0.682451330425595 0.8603512895289361 0.6202237547605775 0.6618051507708338 0.5780677421063988 0.5674117946768797 0.5570040535822182 0.5855878821465023 0.5537199989379218 0.4507954501189133 0.5014126240722523 0.5249060068578693 0.5476866002088899 0.4594775833203335 0.3027153689040733 0.3046654701607256 0.33342604357104605 0.3343385035183355 0.41096066669383413 0.29566795118032196 0.547332719539765 0.3658744364210647 0.4620134689337189 0.3719405481220683 0.35609642846037753 0.36756614725229036 
0.5552489461191557 0.5829583448666243 0.5430395479947242 0.561340515531019 0.6960275000234957 0.8615019805352795 0.6347719916066876 0.6172689044773102 0.5695482573430458 0.5674117946768797 0.33120435585917346 0.5361211605113846 0.450309641851762 0.4587826709326343 0.5130051043041839 0.538081512722334 0.40387831184501943 0.4473312432833932 0.30173273328824135 0.2979410782349164 0.33055960789207217 0.344865544261444 0.6384403233636723 0.4379364385370352 0.5371286357553965 0.3615235868418287 0.4620134689337189 0.3812367435700348 0.35583089625021896 0.32306220043743367 
0.5446649967393101 0.8702155186668922 0.5359228575766886 0.8453090928547209 0.682451330425595 0.8603512895289361 0.6202237547605775 0.6618051507708338 0.5780677421063988 0.5674117946768797 0.5570040535822182 0.5855878821465023 0.5537199989379218 0.4507954501189133 0.5014126240722523 0.5249060068578693 0.5476866002088899 0.4594775833203335 0.3027153689040733 0.3046654701607256 0.33342604357104605 0.3343385035183355 0.41096066669383413 0.29566795118032196 0.547332719539765 0.3658744364210647 0.4620134689337189 0.3719405481220683 0.35609642846037753 0.36756614725229036 
0.5455499547185303 0.867326365342721 0.80559577788661 0.8423818712546717 0.6770323603654921 0.6968016757538441 0.6277868295252746 0.8093776721709613 0.5944298729650518 0.619538376511464 0.5254173460265018 0.5250660366570477 0.5625616015559238 0.4507954501189133 0.4929032707447403 0.5318060693576576 0.4058022003316684 0.4714537087573355 0.30309275703126015 0.2964599158793031 0.5092237143224856 0.4018178560827828 0.4131910889123264 0.42374783280301814 0.5446497785498843 0.3580507978330768 0.43449815593734425 0.3719405481220683 0.35609642846037753 0.3765440484716804 
0.557340491450207 0.8596319328330259 0.9171491127990521 0.52684146149161 0.6778716788534163 0.48308533853883073 0.6345466155318399 0.6599331006917444 0.5992635615867317 0.5598102062943937 0.3262183992338662 0.6020095432126589 0.4691667528075578 0.45105937615927116 0.49641895810439834 0.521666195703906 0.5514248471116907 0.456755766377645 0.3027153689040733 0.3950950377818083 0.5005551937062016 0.3310207544630904 0.5016100466392807 0.19332931469705214 0.48381065176537974 0.3439633356983611 0.46334542088472047 0.3719405481220683 0.3611930769467867 0.3534598820608825 
0.5437853573379107 0.5400023822321574 0.5430395479947242 0.561340515531019 0.7034105636286706 0.8776921944618276 0.6266537073894293 0.6676040614119938 0.5695482573430458 0.566226366612691 0.5524603262627688 0.34775167362576187 0.450309641851762 0.34855772089668097 0.5026070739979898 0.5194466429328566 0.402608736531858 0.4473312432833932 0.3085903604832928 0.31033256539884146 0.33055960789207217 0.33861700729964866 0.41797274682564967 0.41208000182411514 0.11822024381726999 0.3615235868418287 0.4620134689337189 0.38453994353124044 0.3725386079545867 0.32306220043743367 
0.5437853573379107 0.5400023822321574 0.5430395479947242 0.561340515531019 0.7034105636286706 0.8776921944618276 0.6266537073894293 0.6676040614119938 0.5695482573430458 0.566226366612691 0.5524603262627688 0.34775167362576187 0.450309641851762 0.34855772089668097 0.5026070739979898 0.5194466429328566 0.402608736531858 0.4473312432833932 0.3085903604832928 0.31033256539884146 0.33055960789207217 0.33861700729964866 0.41797274682564967 0.41208000182411514 0.11822024381726999 0.3615235868418287 0.4620134689337189 0.38453994353124044 0.3725386079545867 0.32306220043743367 
0.5394966687779548 0.8745863724435282 0.5430395479947242 0.561340515531019 0.7013956826884324 0.6872850236548612 0.6220284030115413 0.6172689044773102 0.5829105369694727 0.5674117946768797 0.5570040535822182 0.5361211605113846 0.5537199989379218 0.4587826709326343 0.4929032707447403 0.5249060068578693 0.5476866002088899 0.4473312432833932 0.30173273328824135 0.3045005254131264 0.33342604357104605 0.3921110959309562 0.41096066669383413 0.4379364385370352 0.03773426564736748 0.3658744364210647 0.4620134689337189 0.3719405481220683 0.35609642846037753 0.32306220043743367 
0.5518550870053283 0.5400023822321574 0.8097800216345118 0.561340515531019 0.7000479260915802 0.8607273097374245 0.6217341372332457 0.664250583613362 0.5695482573430458 0.566226366612691 0.5336797100839228 0.5073206575947453 0.548247423555956 0.44663632135162523 0.43171280386111616 0.5194466429328566 0.5476866002088899 0.4060334864322012 0.29149418988956083 0.31033256539884146 0.33055960789207217 0.3269928280405798 0.08018323497156765 0.41208000182411514 0.11822024381726999 0.3615235868418287 0.3049555905598541 0.2393639014340961 0.3725386079545867 0.3766410789619067 
0.5518550870053283 0.862450630389935 0.5457559329303815 0.563777197488377 0.6770323603654921 0.8776921944618276 0.637295326554355 0.6532837399552528 0.5760887471912399 0.5783170651938868 0.3388152694712718 0.4988360812527753 0.450309641851762 0.44473159273896784 0.496339603763763 0.28218336894668106 0.402608736531858 0.4655126266964442 0.31024042192734647 0.31316331048692186 0.49963978002312914 0.34979474696417795 0.41153680359283573 0.2819143225373695 0.47970554054686243 0.08622354570622859 0.4563553295856833 0.2473670463645179 0.35650747117528175 0.32678822662465 
0.5446649967393101 0.5332113837956557 0.5441706519060593 0.8453090928547209 0.6974566791738085 0.8607273097374245 0.6298305883815251 0.6599331006917444 0.5780677421063988 0.566226366612691 0.5524603262627688 0.5836714368156617 0.5498635753808256 0.34441847033700357 0.5100728025552427 0.5194466429328566 0.5476866002088899 0.41886934006718923 0.29912915448942695 0.3046654701607256 0.33055960789207217 0.3310032218351494 0.41797274682564967 0.41208000182411514 0.11822024381726999 0.3615235868418287 0.4620134689337189 0.36273992022787416 0.37382503146265306 0.3493410803973023 
0.5518550870053283 0.5422626356089377 0.8097800216345118 0.561340515531019 0.7000479260915802 0.8560180130414576 0.6217341372332457 0.664250583613362 0.5644969875866328 0.5616994029385648 0.5336797100839228 0.5088248681189123 0.44628303283366894 0.4452091186329057 0.4132772134388346 0.5093902102846527 0.5476866002088899 0.4060334864322012 0.29149418988956083 0.2997577954424733 0.33055960789207217 0.4038609642537632 0.39800218374793794 0.41208000182411514 0.46854001373194365 0.08565584405109627 0.3049555905598541 0.2393639014340961 0.3590955125342255 0.3766410789619067 
0.5446649967393101 0.7762690325299523 0.5359228575766886 0.563777197488377 0.6974566791738085 0.3251071714576169 0.637295326554355 0.6495678898934822 0.5802377342386751 0.44798851820289304 0.543859940318221 0.590606768470749 0.5532297766282315 0.4507954501189133 0.5014126240722523 0.5194466429328566 0.4075472932026762 0.4594775833203335 0.29636504290284565 0.3046654701607256 0.33342604357104605 0.3398805827236398 0.4129135339884903 0.4037427312066277 0.549365426180133 0.08836059842541624 0.4620134689337189 0.3719405481220683 0.37578842412195007 0.3766410789619067 
0.5518550870053283 0.5400023822321574 0.80559577788661 0.563777197488377 0.6974566791738085 0.8571337242420238 0.6292082982889188 0.6621294540568071 0.584811670375799 0.44798851820289304 0.5406224697551691 0.5023323743399867 0.5625616015559238 0.44663632135162523 0.5063031370459607 0.5194466429328566 0.5476866002088899 0.4060334864322012 0.29872445421330934 0.3046654701607256 0.33055960789207217 0.34515693329013497 0.41797274682564967 0.41208000182411514 0.11822024381726999 0.5035798983874051 0.3049555905598541 0.17566739502112722 0.3725386079545867 0.3766410789619067 
0.5518550870053283 0.5422626356089377 0.8097800216345118 0.561340515531019 0.7000479260915802 0.8560180130414576 0.6217341372332457 0.664250583613362 0.5644969875866328 0.5616994029385648 0.5336797100839228 0.5088248681189123 0.44628303283366894 0.4452091186329057 0.4132772134388346 0.5093902102846527 0.5476866002088899 0.4060334864322012 0.29149418988956083 0.2997577954424733 0.33055960789207217 0.4038609642537632 0.39800218374793794 0.41208000182411514 0.46854001373194365 0.08565584405109627 0.3049555905598541 0.2393639014340961 0.3590955125342255 0.3766410789619067 
0.5446649967393101 0.7762690325299523 0.5359228575766886 0.563777197488377 0.6974566791738085 0.3251071714576169 0.637295326554355 0.6495678898934822 0.5802377342386751 0.44798851820289304 0.543859940318221 0.590606768470749 0.5532297766282315 0.4507954501189133 0.5014126240722523 0.5194466429328566 0.4075472932026762 0.4594775833203335 0.29636504290284565 0.3046654701607256 0.33342604357104605 0.3398805827236398 0.4129135339884903 0.4037427312066277 0.549365426180133 0.08836059842541624 0.4620134689337189 0.3719405481220683 0.37578842412195007 0.3766410789619067 
0.5518550870053283 0.8661650049686668 0.8115125580381514 0.563777197488377 0.6614776825200527 0.3251071714576169 0.637295326554355 0.6495678898934822 0.5780677421063988 0.44798851820289304 0.5590466672212101 0.4988360812527753 0.450309641851762 0.44776833394215176 0.496339603763763 0.5194466429328566 0.402608736531858 0.47490796803878915 0.2916869074732892 0.3057639078111639 0.49963978002312914 0.34515693329013497 0.4129135339884903 0.4037427312066277 0.5545433277496699 0.08622354570622859 0.4563553295856833 0.25101799061515123 0.354652213894308 0.3766410789619067 
0.5518550870053283 0.8661650049686668 0.8115125580381514 0.563777197488377 0.6614776825200527 0.3251071714576169 0.637295326554355 0.6495678898934822 0.5780677421063988 0.44798851820289304 0.5590466672212101 0.4988360812527753 0.450309641851762 0.44776833394215176 0.496339603763763 0.5194466429328566 0.402608736531858 0.47490796803878915 0.2916869074732892 0.3057639078111639 0.49963978002312914 0.34515693329013497 0.4129135339884903 0.4037427312066277 0.5545433277496699 0.08622354570622859 0.4563553295856833 0.25101799061515123 0.354652213894308 0.3766410789619067 
0.5518550870053283 0.8822001187895565 0.8093280717420174 0.8453090928547209 0.6770323603654921 0.8507405143443257 0.6292082982889188 0.6498556940875421 0.5795644886270763 0.44491809874826094 0.523278847561557 0.4962416369518602 0.43903859390327965 0.3275802651593647 0.4134908992778688 0.5354865926674293 0.402608736531858 0.4655126266964442 0.30210338140939913 0.31316331048692186 0.33055960789207217 0.4076203363887713 0.16736065624289242 0.2819143225373695 0.5666795180176157 0.08750945068710324 0.28792499342803324 0.202937054844696 0.35349907958377735 0.21111796829910187 
0.5518550870053283 0.8822001187895565 0.8093280717420174 0.8453090928547209 0.6770323603654921 0.8507405143443257 0.6292082982889188 0.6498556940875421 0.5795644886270763 0.44491809874826094 0.523278847561557 0.4962416369518602 0.43903859390327965 0.3275802651593647 0.4134908992778688 0.5354865926674293 0.402608736531858 0.4655126266964442 0.30210338140939913 0.31316331048692186 0.33055960789207217 0.4076203363887713 0.16736065624289242 0.2819143225373695 0.5666795180176157 0.08750945068710324 0.28792499342803324 0.202937054844696 0.35349907958377735 0.21111796829910187 
0.5455499547185303 0.867326365342721 0.80559577788661 0.8423818712546717 0.6770323603654921 0.6968016757538441 0.6277868295252746 0.8093776721709613 0.5944298729650518 0.619538376511464 0.5254173460265018 0.5250660366570477 0.5625616015559238 0.4507954501189133 0.4929032707447403 0.5318060693576576 0.4058022003316684 0.4714537087573355 0.30309275703126015 0.2964599158793031 0.5092237143224856 0.4018178560827828 0.4131910889123264 0.42374783280301814 0.5446497785498843 0.3580507978330768 0.43449815593734425 0.3719405481220683 0.35609642846037753 0.3765440484716804 
0.5518550870053283 0.5400023822321574 0.80559577788661 0.5779036520324324 0.6911833391664812 0.6935665068272853 0.6221528977741084 0.821119083793438 0.4312433893913731 0.44491809874826094 0.5254173460265018 0.5834628542200035 0.5625616015559238 0.3275802651593647 0.4134908992778688 0.5225178386865174 0.3938638733897436 0.46930008344248586 0.30309275703126015 0.3046654701607256 0.33055960789207217 0.40822281612985295 0.4112366439140255 0.31447178514681373 0.11822024381726999 0.712976560551732 0.43449815593734425 0.20371631872995866 0.3725386079545867 0.20998989479036045 
0.5518550870053283 0.5400023822321574 0.80559577788661 0.5779036520324324 0.6911833391664812 0.6935665068272853 0.6221528977741084 0.821119083793438 0.4312433893913731 0.44491809874826094 0.5254173460265018 0.5834628542200035 0.5625616015559238 0.3275802651593647 0.4134908992778688 0.5225178386865174 0.3938638733897436 0.46930008344248586 0.30309275703126015 0.3046654701607256 0.33055960789207217 0.40822281612985295 0.4112366439140255 0.31447178514681373 0.11822024381726999 0.712976560551732 0.43449815593734425 0.20371631872995866 0.3725386079545867 0.20998989479036045 
0.552363701176747 0.5493242649695212 0.8027049440682563 0.8342389495321725 0.6850481853079424 0.6935665068272853 0.6292082982889188 0.6661507481284645 0.42235600014148034 0.44798851820289304 0.5274679599420967 0.5924737831809215 0.569394789302205 0.31936707538578757 0.4134908992778688 0.5340287310324613 0.40223324247623876 0.4648731216090257 0.3014271335432783 0.31724193539593115 0.33055960789207217 0.3597747102643986 0.39665571591966403 0.31438189003746886 0.5575234838251136 0.7476485822591099 0.43449815593734425 0.20371631872995866 0.37807226036224206 0.20704116352726645 
0.5518550870053283 0.5365314023291735 0.8027049440682563 0.8416114074744638 0.6983954180549624 0.6935665068272853 0.6292082982889188 0.8244830832785447 0.4294328156088685 0.44491809874826094 0.5254173460265018 0.5834628542200035 0.569394789302205 0.31947873610444244 0.4177398311107368 0.5127398594531993 0.40223324247623876 0.4648731216090257 0.30309275703126015 0.31724193539593115 0.33055960789207217 0.35302893062266205 0.4044387609503445 0.3114608198825206 0.5575234838251136 0.712976560551732 0.43449815593734425 0.20371631872995866 0.3725386079545867 0.21111796829910187 
0.5518550870053283 0.5365314023291735 0.8027049440682563 0.8416114074744638 0.6983954180549624 0.6935665068272853 0.6292082982889188 0.8244830832785447 0.4294328156088685 0.44491809874826094 0.5254173460265018 0.5834628542200035 0.569394789302205 0.31947873610444244 0.4177398311107368 0.5127398594531993 0.40223324247623876 0.4648731216090257 0.30309275703126015 0.31724193539593115 0.33055960789207217 0.35302893062266205 0.4044387609503445 0.3114608198825206 0.5575234838251136 0.712976560551732 0.43449815593734425 0.20371631872995866 0.3725386079545867 0.21111796829910187 
0.4319494987577093 0.864634642582215 0.7056107483771962 0.5388229018417046 0.6614266188693078 0.7645619558319507 0.6851998217680648 0.429818159131041 0.36593553276323676 0.5497374389801577 0.15739634211945153 0.21498678272084903 0.518571044010487 0.3622141889889902 0.43173298590821946 0.3934478061886661 0.5302311270561114 0.27420330835987183 0.28928453677324606 0.22308871603138103 0.34691080839379257 0.32966808528852815 0.06863036565600704 0.3511351929859149 0.1345355240164017 0.13250382282881978 0.4626431376979744 0.2520219743869728 0.12198804549981282 0.02177649046925552 
0.4436714724394731 0.864634642582215 0.5596729130162705 0.5388229018417046 0.6833756814976918 0.7630423846347412 0.6851998217680648 0.5853935490864768 0.4213461920341565 0.5419621802432939 0.15739634211945153 0.23653639225676273 0.27457562718763057 0.41683219547089007 0.43033340531178915 0.32392405067880725 0.38500684282208625 0.27633824259963713 0.2650673617216284 0.22743958421777644 0.34096442641822433 0.32966808528852815 0.07140649595944912 0.3502306270378039 0.13704582552761174 0.13250382282881978 0.45529143398605315 0.261129536447659 0.1223360387706339 0.0243579165567555 
0.4319494987577093 0.8671197413643732 0.7038606318579556 0.5388229018417046 0.6241801243284809 0.6741352263156023 0.6851998217680648 0.5853935490864768 0.4213461920341565 0.5485764554080804 0.32689995002802247 0.2303865418091443 0.518571044010487 0.36521684852257563 0.4203307255751777 0.38393819051182326 0.4022854348706748 0.26722418057579145 0.5430812890382221 0.31033256539884146 0.35385141696056294 0.3344597473539599 0.40940906893444107 0.3511351929859149 0.13704582552761174 0.33351174359872715 0.4626431376979744 0.21783528599917704 0.11892947620430179 0.02177649046925552 
0.4251592813651729 0.8608399320853309 0.5464329517379545 0.5351911674591038 0.668642244226027 0.6728185736444519 0.6396448225235937 0.429818159131041 0.3729132931236223 0.551565376315711 0.15739634211945153 0.2303865418091443 0.518571044010487 0.4162322888181044 0.43173298590821946 0.3751792775498609 0.4022854348706748 0.26944374669261495 0.2956374637528429 0.3153109024726795 0.35626604391278516 0.3269928280405798 0.05949327100580121 0.3511351929859149 0.15069362581701648 0.35605295935059705 0.08140148102438967 0.23010347176356807 0.11892947620430179 0.02177649046925552 
0.43140565074577614 0.8662462278742116 0.545870861472561 0.5403790720333836 0.6785162903741999 0.5104910758343666 0.622639920386301 0.43950685251752564 0.36500845631319667 0.6734737982023986 0.4573691818683238 0.22641416405869635 0.5592538381342653 0.39409867767724377 0.09063745699369496 0.375738647465758 0.38724246428137965 0.27842049581124423 0.26961663928696145 0.210020943546106 0.45275665202909593 0.34188456043417326 0.09118860254177523 0.35889255417013 0.14657227603629344 0.12624312834933826 0.4309665202688018 0.22415401677194166 0.10990085647891078 0.029580480939739452 
0.43140565074577614 0.8662462278742116 0.545870861472561 0.5403790720333836 0.6785162903741999 0.5104910758343666 0.622639920386301 0.43950685251752564 0.36500845631319667 0.6734737982023986 0.4573691818683238 0.22641416405869635 0.5592538381342653 0.39409867767724377 0.09063745699369496 0.375738647465758 0.38724246428137965 0.27842049581124423 0.26961663928696145 0.210020943546106 0.45275665202909593 0.34188456043417326 0.09118860254177523 0.35889255417013 0.14657227603629344 0.12624312834933826 0.4309665202688018 0.22415401677194166 0.10990085647891078 0.029580480939739452 
0.4251592813651729 0.8644262116532748 0.5566137617841808 0.518658947449509 0.668642244226027 0.6806517692550651 0.6396448225235937 0.5800734839518269 0.36500845631319667 0.551565376315711 0.2034343032013641 0.2303865418091443 0.5241014987795435 0.40773082712416153 0.42283421452504144 0.5246089222252318 0.4013224471625931 0.27420330835987183 0.29149418988956083 0.31033256539884146 0.35010964510835446 0.3269928280405798 0.05949327100580121 0.3511351929859149 0.13522868066048974 0.35865879300633485 0.09676973320605392 0.2393639014340961 0.11892947620430179 0.02177649046925552 
0.4510214433612818 0.5507972367757611 0.8546158255767783 0.5504053758275568 0.6911833391664812 0.4777456713352842 0.6255360060689737 0.3336218549693567 0.35803763249202825 0.5509024496536178 0.5167466293697589 0.6435291405184562 0.5462736065168485 0.4411728240070608 0.4134908992778688 0.3388237199135245 0.3907067817187698 0.2763577218485314 0.3014271335432783 0.39719399722950505 0.33055960789207217 0.32893343849818635 0.41797274682564967 0.34584926917410413 0.11822024381726999 0.35633364867427664 0.4220357541225087 0.21854017752844726 0.13110621572464512 0.33581769683181245 
0.4251592813651729 0.8608399320853309 0.5620542801421976 0.5351911674591038 0.6614266188693078 0.6806517692550651 0.6377593570117017 0.429818159131041 0.36500845631319667 0.5498442740731327 0.15739634211945153 0.23653639225676273 0.518571044010487 0.41683219547089007 0.43173298590821946 0.5246089222252318 0.4013224471625931 0.27420330835987183 0.28928453677324606 0.31033256539884146 0.34691080839379257 0.3291949494453607 0.06863036565600704 0.3511351929859149 0.1345355240164017 0.35865879300633485 0.40854738372004784 0.2393639014340961 0.11892947620430179 0.02177649046925552 
0.4251592813651729 0.8727348354720392 0.5822417610988901 0.5316324864095238 0.6170825427892 0.6820979820977594 0.6240546982005114 0.36955157350372775 0.36229150584549136 0.5498442740731327 0.23269275189627306 0.21372161410869195 0.5482663225098818 0.41683219547089007 0.5688489053298708 0.32392405067880725 0.3907067817187698 0.27420330835987183 0.2744531703831698 0.218880036114785 0.34691080839379257 0.3438893616023292 0.06863036565600704 0.3494837654584719 0.11339714956745646 0.2776535015123318 0.07295448300542749 0.2393639014340961 0.1401183741825278 0.012797682811884679 
0.43489354233285815 0.8746161829889667 0.5725567155472872 0.5364972144884099 0.6170825427892 0.26137017384999867 0.6240546982005114 0.5796342855331025 0.33506191582374134 0.5332076718863 0.23608251973244745 0.21372161410869195 0.5482663225098818 0.42307139602715815 0.49386201663875084 0.32185856335311014 0.3781801923002399 0.31010508017607197 0.2933354506207315 0.19527689207921284 0.3426841521043375 0.31617694756914677 0.24990017790557956 0.3494837654584719 0.11339714956745646 0.2776535015123318 0.44608290654314336 0.20379056966781786 0.1401183741825278 0.0087322110859601 
0.4368192550478429 0.8640554098915951 0.5531795710649101 0.5364972144884099 0.6244013301343251 0.76046667993009 0.6443832380402539 0.45444001416050095 0.36229150584549136 0.5914368179458038 0.46723423420673166 0.1992260748400449 0.5664284642694989 0.44749103291814324 0.2655097528291966 0.32039839668805353 0.39360581658655763 0.27842049581124423 0.28396895508271286 0.21187904308825883 0.3493944978343269 0.34188456043417326 0.2491315462555187 0.35189236579789873 0.12244798188708289 0.35825431312523676 0.49919634883705466 0.2682693884091791 0.13110621572464512 0.032845819477231954 
0.4251592813651729 0.8727348354720392 0.5822417610988901 0.5316324864095238 0.6170825427892 0.6820979820977594 0.6240546982005114 0.36955157350372775 0.36229150584549136 0.5498442740731327 0.23269275189627306 0.21372161410869195 0.5482663225098818 0.41683219547089007 0.5688489053298708 0.32392405067880725 0.3907067817187698 0.27420330835987183 0.2744531703831698 0.218880036114785 0.34691080839379257 0.3438893616023292 0.06863036565600704 0.3494837654584719 0.11339714956745646 0.2776535015123318 0.07295448300542749 0.2393639014340961 0.1401183741825278 0.012797682811884679 
0.4445696205397306 0.8640554098915951 0.5517475913424544 0.5377817567275196 0.6753696483062483 0.6767561236649831 0.6452994267701208 0.3266538945182441 0.373572744083141 0.6734737982023986 0.5342636289734826 0.22746638617053602 0.5592538381342653 0.42638194588574674 0.317650305160553 0.3750181394782689 0.3808159298573637 0.27189401420934056 0.2650673617216284 0.4005688809956058 0.4564727202012156 0.3327568836604689 0.08847583425704464 0.3511351929859149 0.15069362581701648 0.35865879300633485 0.08140148102438967 0.24215395408083462 0.11892947620430179 0.02177649046925552 
0.422138622811029 0.8662462278742116 0.545870861472561 0.5417938926386408 0.6798999957502692 0.6842236185294942 0.6288205476077288 0.43950685251752564 0.36500845631319667 0.6734737982023986 0.5424094872849544 0.2303865418091443 0.5592538381342653 0.4162322888181044 0.31987011686978983 0.375738647465758 0.3973722368366659 0.27420330835987183 0.29149418988956083 0.2135474683794053 0.4567229593411023 0.33623160840357075 0.08847583425704464 0.3511351929859149 0.148221479427986 0.36114765064858395 0.08140148102438967 0.22415401677194166 0.11892947620430179 0.029580480939739452 
0.43140565074577614 0.5596031739799946 0.5531795710649101 0.5364972144884099 0.5996816039712713 0.47606826484955816 0.6300573379881034 0.4461933882393887 0.354607053673104 0.5509024496536178 0.46723423420673166 0.1992260748400449 0.5462736065168485 0.3905456053267909 0.2655097528291966 0.10129371127892217 0.38724246428137965 0.27009853026214947 0.28396895508271286 0.39719399722950505 0.33055960789207217 0.32893343849818635 0.24533163824696208 0.34584926917410413 0.11822024381726999 0.35633364867427664 0.4220357541225087 0.2264475685195012 0.12126212465918723 0.33581769683181245 
0.43140565074577614 0.5596031739799946 0.5531795710649101 0.5364972144884099 0.5996816039712713 0.47606826484955816 0.6300573379881034 0.4461933882393887 0.354607053673104 0.5509024496536178 0.46723423420673166 0.1992260748400449 0.5462736065168485 0.3905456053267909 0.2655097528291966 0.10129371127892217 0.38724246428137965 0.27009853026214947 0.28396895508271286 0.39719399722950505 0.33055960789207217 0.32893343849818635 0.24533163824696208 0.34584926917410413 0.11822024381726999 0.35633364867427664 0.4220357541225087 0.2264475685195012 0.12126212465918723 0.33581769683181245 
0.4436714724394731 0.8640554098915951 0.5604107134534124 0.532964487580213 0.6234086994140323 0.76046667993009 0.6255360060689737 0.37744543619244464 0.36229150584549136 0.5419621802432939 0.46814980809389006 0.6519209627895017 0.3255589231878506 0.41210859963251767 0.33785656240469575 0.32392405067880725 0.3907067817187698 0.30162057108110224 0.5003727237870271 0.218880036114785 0.34096442641822433 0.338914928624936 0.25038579284096696 0.34584926917410413 0.13750110671662744 0.13250382282881978 0.07295448300542749 0.2682693884091791 0.13110621572464512 0.0061372772383681586 
0.43140565074577614 0.8586462983299132 0.5531795710649101 0.5417475874068767 0.5996816039712713 0.5104910758343666 0.622639920386301 0.4474894405487725 0.36500845631319667 0.5797688598541606 0.46723423420673166 0.1992260748400449 0.5664284642694989 0.3905456053267909 0.2684340683035158 0.3256675311277401 0.38724246428137965 0.27842049581124423 0.26961663928696145 0.210020943546106 0.34096442641822433 0.34188456043417326 0.24829838926934777 0.35332486278826 0.12244798188708289 0.12624312834933826 0.4309665202688018 0.20577569374993793 0.11892947620430179 0.01944677250297951 
0.4425648198633343 0.8527519892174658 0.5447367557096584 0.5417938926386408 0.6187849787211476 0.7439464598470172 0.6255360060689737 0.439820278232716 0.43933774732269737 0.5419621802432939 0.521502741748293 0.21372161410869195 0.5462736065168485 0.4218719887092243 0.3271024666183438 0.32392405067880725 0.3941264698230379 0.30686308862804146 0.28396895508271286 0.19697224173191413 0.34096442641822433 0.338914928624936 0.24990017790557956 0.35256110073085106 0.11456727801413896 0.12452905017106684 0.07213325547951488 0.20577569374993793 0.1411845463925377 0.007351778447784208 
0.43140565074577614 0.8586462983299132 0.5531795710649101 0.5417475874068767 0.5996816039712713 0.5104910758343666 0.622639920386301 0.4474894405487725 0.36500845631319667 0.5797688598541606 0.46723423420673166 0.1992260748400449 0.5664284642694989 0.3905456053267909 0.2684340683035158 0.3256675311277401 0.38724246428137965 0.27842049581124423 0.26961663928696145 0.210020943546106 0.34096442641822433 0.34188456043417326 0.24829838926934777 0.35332486278826 0.12244798188708289 0.12624312834933826 0.4309665202688018 0.20577569374993793 0.11892947620430179 0.01944677250297951 
0.4251592813651729 0.8608399320853309 0.5620542801421976 0.5369732983330144 0.6614266188693078 0.6740606399546561 0.6531177793673657 0.5951068358048734 0.36500845631319667 0.551565376315711 0.4025613198491419 0.23653639225676273 0.518571044010487 0.36521684852257563 0.43173298590821946 0.5246089222252318 0.4022854348706748 0.27420330835987183 0.29149418988956083 0.31033256539884146 0.45616322702568657 0.3344597473539599 0.40940906893444107 0.34560562740996165 0.15069362581701648 0.35050408845610587 0.08140148102438967 0.24714467810003624 0.12611558392981262 0.014926759853133263 
0.43208538924656537 0.8661813833987184 0.5545139665191512 0.5417938926386408 0.6234086994140323 0.258570313994474 0.6282229279884468 0.4474894405487725 0.36229150584549136 0.5674117946768797 0.46814980809389006 0.6572093007969168 0.5702579273616109 0.46862064724248503 0.33785656240469575 0.32810695308438964 0.3907067817187698 0.2795439341169236 0.2744531703831698 0.218880036114785 0.34096442641822433 0.34188456043417326 0.25378375942049936 0.34584926917410413 0.11339714956745646 0.12513279380108377 0.07295448300542749 0.11881571724606704 0.13110621572464512 0.0061372772383681586 
0.40246498851473356 0.8746161829889667 0.5725567155472872 0.5399127060524895 0.6083064838434245 0.25470321460619594 0.6240546982005114 0.5853935490864768 0.33506191582374134 0.5511679964064067 0.23608251973244745 0.4896699929936365 0.5486742838813486 0.43648160505042594 0.3163396515481225 0.32185856335311014 0.3781801923002399 0.27402691968221193 0.2848293498501293 0.19527689207921284 0.3396258693394202 0.34799543735321287 0.24829838926934777 0.3511351929859149 0.2855546300075903 0.12452905017106684 0.44438695686263796 0.20379056966781786 0.1401183741825278 0.001422378324525736 
0.43349237618454495 0.8605168483335016 0.5531795710649101 0.5364972144884099 0.6187849787211476 0.25633221543400087 0.6354922022183672 0.4564109991135251 0.44916678667850973 0.5914368179458038 0.5292649495276228 0.49169940385412986 0.560736486310522 0.44233703806723357 0.31987011686978983 0.32043062937230155 0.38724246428137965 0.3597885416561904 0.28396895508271286 0.20411103162531602 0.34096442641822433 0.34188456043417326 0.23229076338917332 0.35256110073085106 0.12244798188708289 0.35825431312523676 0.07213325547951488 0.2682693884091791 0.1401183741825278 0.032845819477231954 
0.43208538924656537 0.8661813833987184 0.5545139665191512 0.5417938926386408 0.6234086994140323 0.258570313994474 0.6282229279884468 0.4474894405487725 0.36229150584549136 0.5674117946768797 0.46814980809389006 0.6572093007969168 0.5702579273616109 0.46862064724248503 0.33785656240469575 0.32810695308438964 0.3907067817187698 0.2795439341169236 0.2744531703831698 0.218880036114785 0.34096442641822433 0.34188456043417326 0.25378375942049936 0.34584926917410413 0.11339714956745646 0.12513279380108377 0.07295448300542749 0.11881571724606704 0.13110621572464512 0.0061372772383681586 
0.428480922357303 0.8583431272099609 0.5555339461604065 0.5417938926386408 0.6097611123279777 0.258570313994474 0.622639920386301 0.4474894405487725 0.36631640422285205 0.5674117946768797 0.46723423420673166 0.2082795576319625 0.5664284642694989 0.46862064724248503 0.49628845220581874 0.18928218384426093 0.38724246428137965 0.27402691968221193 0.26961663928696145 0.20820734112084477 0.3370846184989999 0.34188456043417326 0.24990017790557956 0.3494837654584719 0.12244798188708289 0.12513279380108377 0.10573886419360794 0.1113016756003492 0.11308719820005789 0.0087322110859601 
0.43349237618454495 0.8605168483335016 0.5531795710649101 0.5364972144884099 0.6187849787211476 0.25633221543400087 0.6354922022183672 0.4564109991135251 0.44916678667850973 0.5914368179458038 0.5292649495276228 0.49169940385412986 0.560736486310522 0.44233703806723357 0.31987011686978983 0.32043062937230155 0.38724246428137965 0.3597885416561904 0.28396895508271286 0.20411103162531602 0.34096442641822433 0.34188456043417326 0.23229076338917332 0.35256110073085106 0.12244798188708289 0.35825431312523676 0.07213325547951488 0.2682693884091791 0.1401183741825278 0.032845819477231954 
0.40246498851473356 0.8605168483335016 0.5471408878985301 0.5437833296980609 0.6116404229701724 0.2528341634722699 0.6354922022183672 0.4462480032386323 0.44916678667850973 0.5435069268169934 0.4692633474021676 0.2144384606797618 0.5551689736139995 0.3972286593651604 0.3190398202077337 0.3064388373394215 0.4009118106690523 0.07002230284751988 0.28396895508271286 0.20411103162531602 0.34096442641822433 0.34892307788651583 0.2486796203273634 0.35256110073085106 0.10112462501484588 0.13900515586867268 0.08140148102438967 0.20577569374993793 0.06709593972060002 0.0 
0.41104581013217223 0.8417717815895296 0.5685364197346632 0.5331383825388466 0.6187849787211476 0.2541679437163604 0.5899880788861307 0.6062736242518041 0.36631640422285205 0.549509896633655 0.46723423420673166 0.3430780230861602 0.2791170588951489 0.40361169951252734 0.49628845220581874 0.3238039335668481 0.4016090262659672 0.27105221017842956 0.26961663928696145 0.318452211106895 0.3426841521043375 0.3444835658709682 0.24990017790557956 0.37586976509224923 0.1432033484009884 0.13137456766026168 0.046506764199868135 0.2585428207725197 0.2516835396195269 0.0087322110859601 
0.41104581013217223 0.8417717815895296 0.5685364197346632 0.5331383825388466 0.6187849787211476 0.2541679437163604 0.5899880788861307 0.6062736242518041 0.36631640422285205 0.549509896633655 0.46723423420673166 0.3430780230861602 0.2791170588951489 0.40361169951252734 0.49628845220581874 0.3238039335668481 0.4016090262659672 0.27105221017842956 0.26961663928696145 0.318452211106895 0.3426841521043375 0.3444835658709682 0.24990017790557956 0.37586976509224923 0.1432033484009884 0.13137456766026168 0.046506764199868135 0.2585428207725197 0.2516835396195269 0.0087322110859601 
0.40755430884629174 0.8505866558153711 0.5555339461604065 0.526967949301728 0.6021680253996092 0.24327311428139747 0.6275328603014537 0.44158103507618357 0.36631640422285205 0.5435069268169934 0.47142723920490776 0.20646630407495228 0.28107230067722794 0.46862064724248503 0.31987011686978983 0.19788956808997912 0.38724246428137965 0.27105221017842956 0.2927576009065777 0.318452211106895 0.3426841521043375 0.34188456043417326 0.24990017790557956 0.35169243624901075 0.12473293376717287 0.12513279380108377 0.027094453079753132 0.2554601570096618 0.13110621572464512 0.024734065065067035 
0.40755430884629174 0.8583431272099609 0.5511707652823367 0.3265532429041189 0.6215628583769285 0.2528341634722699 0.6275328603014537 0.5341892691253217 0.4510241911949725 0.42531053829006105 0.5366559995139449 0.2082795576319625 0.5612299807454609 0.4526805488599445 0.31987011686978983 0.32059305783848496 0.3978920519091382 0.482598485269362 0.2840496790275076 0.1901563582724669 0.33313304184648135 0.3444340225622411 0.25295461554798687 0.3597740590097258 0.10112462501484588 0.130889648907189 0.08140148102438967 0.2578081355044866 0.13110621572464512 0.02891254180184057 
0.40755430884629174 0.8505866558153711 0.5569613719530044 0.5417938926386408 0.6187849787211476 0.2541679437163604 0.6275328603014537 0.4025896580383766 0.36631640422285205 0.5435069268169934 0.46723423420673166 0.2082795576319625 0.27471914358304267 0.46862064724248503 0.49628845220581874 0.19788956808997912 0.3867824701159847 0.27105221017842956 0.26961663928696145 0.318452211106895 0.3426841521043375 0.3393541482794096 0.24990017790557956 0.37586976509224923 0.13831863626081897 0.12513279380108377 0.028695208538029315 0.2578081355044866 0.11308719820005789 0.0087322110859601 
0.40755430884629174 0.8505866558153711 0.5555339461604065 0.526967949301728 0.6021680253996092 0.24327311428139747 0.6275328603014537 0.44158103507618357 0.36631640422285205 0.5435069268169934 0.47142723920490776 0.20646630407495228 0.28107230067722794 0.46862064724248503 0.31987011686978983 0.19788956808997912 0.38724246428137965 0.27105221017842956 0.2927576009065777 0.318452211106895 0.3426841521043375 0.34188456043417326 0.24990017790557956 0.35169243624901075 0.12473293376717287 0.12513279380108377 0.027094453079753132 0.2554601570096618 0.13110621572464512 0.024734065065067035 
0.40755430884629174 0.8821560435466467 0.5738633671018967 0.5331383825388466 0.6116404229701724 0.25878025336656174 0.6275328603014537 0.4473919135305078 0.44916678667850973 0.549509896633655 0.4606927062637725 0.2082795576319625 0.4397084009692174 0.3972286593651604 0.49628845220581874 0.3238039335668481 0.3948642939952598 0.482598485269362 0.26961663928696145 0.20411103162531602 0.34096442641822433 0.3444835658709682 0.24728213512601033 0.3574607712027674 0.14252038179905213 0.13137456766026168 0.028695208538029315 0.2578081355044866 0.11308719820005789 0.002616175115804298 
0.40755430884629174 0.8583431272099609 0.5511707652823367 0.3265532429041189 0.6215628583769285 0.2528341634722699 0.6275328603014537 0.5341892691253217 0.4510241911949725 0.42531053829006105 0.5366559995139449 0.2082795576319625 0.5612299807454609 0.4526805488599445 0.31987011686978983 0.32059305783848496 0.3978920519091382 0.482598485269362 0.2840496790275076 0.1901563582724669 0.33313304184648135 0.3444340225622411 0.25295461554798687 0.3597740590097258 0.10112462501484588 0.130889648907189 0.08140148102438967 0.2578081355044866 0.13110621572464512 0.02891254180184057 
0.34726417480199234 0.8600206415167477 0.5447367557096584 0.5437833296980609 0.6109865766967314 0.24756932246705865 0.6255360060689737 0.4473919135305078 0.44916678667850973 0.5435069268169934 0.46814980809389006 0.21372161410869195 0.5543102212133912 0.3972286593651604 0.39150099398794147 0.32392405067880725 0.3948642939952598 0.31297266147391867 0.28396895508271286 0.2198283861884228 0.34096442641822433 0.3444835658709682 0.24990017790557956 0.3574607712027674 0.1097999518397565 0.12496478207549579 0.2851818838656255 0.20577569374993793 0.1411845463925377 0.0 
0.34726417480199234 0.8746161829889667 0.5471408878985301 0.5417938926386408 0.6116404229701724 0.2528341634722699 0.6439940238063355 0.4473919135305078 0.4453079679129588 0.5435069268169934 0.47661282434460084 0.2157773016503824 0.5551689736139995 0.3972286593651604 0.3956614198420126 0.4099529974366731 0.3948642939952598 0.06480108787153609 0.28396895508271286 0.20411103162531602 0.34476760348007673 0.34148306022582764 0.2486796203273634 0.35256110073085106 0.10465959336124066 0.12452905017106684 0.08140148102438967 0.2578081355044866 0.1411845463925377 5.985944396120872E-5 
0.3575152856614916 0.8541447752632401 0.5511707652823367 0.6879467556468702 0.33472075362746867 0.7031139172596282 0.4298331085499714 0.5341892691253217 0.4129576291272733 0.43215718852754925 0.5336951174741184 0.49392255390602147 0.5516097225308373 0.2790480526518124 0.3030478376298523 0.19025983252362547 0.18026623436944295 0.48921382093433086 0.2813290504756781 0.18888940597554077 0.34365644669288337 0.3402427881975387 0.2683543268412982 0.39663509659275537 0.1348984022938233 0.130889648907189 0.2851818838656255 0.20667884158669567 0.14068735606887242 0.009132501292975772 
0.4012142047177895 0.30055751189945956 0.5511707652823367 0.6910552587042023 0.6103186655921733 0.2528341634722699 0.4203060191416901 0.5341892691253217 0.42168642512259324 0.42531053829006105 0.5336951174741184 0.4848173040416645 0.27400968981683205 0.2790480526518124 0.2838148429261389 0.19025983252362547 0.18291501330881724 0.482598485269362 0.25911547498803356 0.1901563582724669 0.34096442641822433 0.33636309934838937 0.2683543268412982 0.3511351929859149 0.1348984022938233 0.130889648907189 0.08862822044393778 0.26910863308167865 0.2516835396195269 0.02848856656231629 
0.3575152856614916 0.8541447752632401 0.5539447065989134 0.5437833296980609 0.6109865766967314 0.25038868860358293 0.6255360060689737 0.4473919135305078 0.4179660683068915 0.43215718852754925 0.46814980809389006 0.21372161410869195 0.5516097225308373 0.2806785450832273 0.389365982519988 0.32980606970868137 0.18219740114583463 0.31297266147391867 0.2900487648680332 0.38847830485245927 0.3315803147106724 0.3351596209075468 0.24990017790557956 0.3574607712027674 0.1097999518397565 0.12496478207549579 0.2851818838656255 0.20577569374993793 0.14068735606887242 5.985944396120872E-5 
0.3848986597353453 0.8735256830039871 0.5738633671018967 0.7450259981065717 0.6116404229701724 0.2528341634722699 0.5899880788861307 0.6062736242518041 0.4165751461455689 0.42531053829006105 0.46814980809389006 0.4882881863084859 0.5514278991650671 0.2790480526518124 0.2838148429261389 0.179534091675785 0.3773466969648303 0.482598485269362 0.24676164458525487 0.2047134267638633 0.2957875962206463 0.33229561391123563 0.2683543268412982 0.37805594588104807 0.1432033484009884 0.12452905017106684 0.11198373570416123 0.2578081355044866 0.2516835396195269 0.007576920682456262 
0.3848986597353453 0.8735256830039871 0.5738633671018967 0.7450259981065717 0.6116404229701724 0.2528341634722699 0.5899880788861307 0.6062736242518041 0.4165751461455689 0.42531053829006105 0.46814980809389006 0.4882881863084859 0.5514278991650671 0.2790480526518124 0.2838148429261389 0.179534091675785 0.3773466969648303 0.482598485269362 0.24676164458525487 0.2047134267638633 0.2957875962206463 0.33229561391123563 0.2683543268412982 0.37805594588104807 0.1432033484009884 0.12452905017106684 0.11198373570416123 0.2578081355044866 0.2516835396195269 0.007576920682456262 
0.3797671998954608 0.879738789527835 0.5738633671018967 0.7467805121332032 0.6187849787211476 0.2528341634722699 0.5899880788861307 0.5974150292045128 0.42168642512259324 0.5443100974414522 0.46814980809389006 0.4882881863084859 0.5514278991650671 0.28178793006969055 0.25058324657819386 0.179534091675785 0.3817084113687778 0.482598485269362 0.24676164458525487 0.1931633284025758 0.31887642830557095 0.3231298616188363 0.26284492877936855 0.3836770669966843 0.1432033484009884 0.12452905017106684 0.11198373570416123 0.2578081355044866 0.13114499639609656 0.009932886160055266 
0.3797671998954608 0.879738789527835 0.5738633671018967 0.7467805121332032 0.6187849787211476 0.2528341634722699 0.5899880788861307 0.5974150292045128 0.42168642512259324 0.5443100974414522 0.46814980809389006 0.4882881863084859 0.5514278991650671 0.28178793006969055 0.25058324657819386 0.179534091675785 0.3817084113687778 0.482598485269362 0.24676164458525487 0.1931633284025758 0.31887642830557095 0.3231298616188363 0.26284492877936855 0.3836770669966843 0.1432033484009884 0.12452905017106684 0.11198373570416123 0.2578081355044866 0.13114499639609656 0.009932886160055266 
0.3578630700541738 0.30055751189945956 0.5458044563368989 0.5464698103641884 0.597949035315955 0.858003101359858 0.4277439303353776 0.4473919135305078 0.42168642512259324 0.5085482676365485 0.5468529322537352 0.21372161410869195 0.5516097225308373 0.41410906708793427 0.2905936144492613 0.33546134529887733 0.18291501330881724 0.3090728389056995 0.2685993688846613 0.19523327952218045 0.30844802754837364 0.36207804238152824 0.29513242086591174 0.35798153318886194 0.1097999518397565 0.10811757027021202 0.2827272910362946 0.26910863308167865 0.14068735606887242 0.014448604752935131 
0.3570285296452853 0.9088034734496067 0.5531795710649101 0.5562487582085291 0.6152288612734262 0.2564383310233878 0.4203060191416901 0.6062736242518041 0.41476411554248144 0.42531053829006105 0.5213531223387001 0.505276756944252 0.5543102212133912 0.2750254968792346 0.3020870738905896 0.19025983252362547 0.18291501330881724 0.48921382093433086 0.2813290504756781 0.19523327952218045 0.34096442641822433 0.35480020713949717 0.2661546965982762 0.39663509659275537 0.1272571064718411 0.13070065104939554 0.2827272910362946 0.26910863308167865 0.13114499639609656 0.0 
0.35623567880889756 0.25486503056016474 0.5458044563368989 0.7629379032815957 0.622116089955069 0.8518647522210411 0.43762261827792603 0.6933747628738939 0.42168642512259324 0.43945426637989976 0.5376234373334903 0.21372161410869195 0.5516097225308373 0.41756290573438626 0.29736455522019023 0.19025983252362547 0.18291501330881724 0.31664102816365125 0.26754479540488635 0.1942465577982091 0.30499827167128335 0.3978463442217359 0.29513242086591174 0.3845923241901557 0.1331933559338598 0.10997493455876006 0.2827272910362946 0.26910863308167865 0.11308719820005789 0.0 
0.3580929241046188 0.3944135849971281 0.6863410363738096 0.34369954680036824 0.6034769619713408 0.8536320615411365 0.43520574120805816 0.4025896580383766 0.35611683637799324 0.5085482676365485 0.5445728774821799 0.5137352954217823 0.29005344720702786 0.27743090854131636 0.2985452760178428 0.322651633048357 0.17789320200851721 0.05263730182931989 0.2590246634269761 0.20058488172298541 0.3116210509896008 0.3978463442217359 0.2356241648192293 0.3511351929859149 0.1432033484009884 0.10997493455876006 0.10886608589740081 0.23137835567785908 0.12883620377800417 0.0058223029370939716 
0.3572507446041515 0.9088034734496067 0.5554349835874784 0.5562487582085291 0.6187849787211476 0.2561497114618146 0.4163787644753203 0.6062736242518041 0.4242527354835916 0.5443100974414522 0.5416920831187173 0.49257431444288735 0.26207292641506796 0.4056218646333733 0.3890838358495639 0.19025983252362547 0.3817084113687778 0.48865153482867635 0.2813290504756781 0.1901563582724669 0.3322703131901403 0.34188456043417326 0.2661546965982762 0.3799345452222131 0.1272571064718411 0.12452905017106684 0.2851818838656255 0.2578081355044866 0.2468511165556488 0.0 
0.36069448785632796 0.3904959564614404 0.6939300466469677 0.7599717297778554 0.599825713759628 0.8507320493266542 0.43081119825438857 0.3982405046106757 0.42168642512259324 0.5085482676365485 0.5468529322537352 0.5137118259986985 0.2900284378487898 0.26688045606593 0.2841104012250639 0.322651633048357 0.18291501330881724 0.48892588226427525 0.2669296634190489 0.19523327952218045 0.30019202865350114 0.3978463442217359 0.285929562522905 0.3511351929859149 0.1404182185203884 0.11988300428189157 0.2783700280423635 0.2278754697959906 0.12889759147684637 0.0 
0.3493716263084728 0.9088034734496067 0.691850584449696 0.711800077091288 0.599825713759628 0.858003101359858 0.43520574120805816 0.4025896580383766 0.3542737329582619 0.5085482676365485 0.5468529322537352 0.6405662654703597 0.29005344720702786 0.27743090854131636 0.2905936144492613 0.322651633048357 0.18291501330881724 0.04289373026867029 0.25919508385760565 0.1940708740986133 0.30019202865350114 0.3978463442217359 0.2356241648192293 0.3511351929859149 0.1432033484009884 0.10997493455876006 0.08862822044393778 0.2278754697959906 0.12883620377800417 0.008836951028662924 
0.3580929241046188 0.3944135849971281 0.6863410363738096 0.34369954680036824 0.6034769619713408 0.8536320615411365 0.43520574120805816 0.4025896580383766 0.35611683637799324 0.5085482676365485 0.5445728774821799 0.5137352954217823 0.29005344720702786 0.27743090854131636 0.2985452760178428 0.322651633048357 0.17789320200851721 0.05263730182931989 0.2590246634269761 0.20058488172298541 0.3116210509896008 0.3978463442217359 0.2356241648192293 0.3511351929859149 0.1432033484009884 0.10997493455876006 0.10886608589740081 0.23137835567785908 0.12883620377800417 0.0058223029370939716 
0.35623567880889756 0.900188707168644 0.5554349835874784 0.7703986540370362 0.6187849787211476 0.8741896904734474 0.43061921391259045 0.693375684556072 0.42168642512259324 0.5443100974414522 0.5376234373334903 0.6650375746173366 0.30119087169971187 0.4056218646333733 0.2920192335647212 0.19025983252362547 0.3817084113687778 0.48892588226427525 0.26754479540488635 0.19523327952218045 0.3237317086712165 0.3978463442217359 0.285929562522905 0.3845923241901557 0.1269971390426306 0.10997493455876006 0.2827272910362946 0.26910863308167865 0.13114499639609656 0.0 
0.35899466811195946 0.13923509457204722 0.6863410363738096 0.33620104344505614 0.6034769619713408 0.8486913802441358 0.5899880788861307 0.4025896580383766 0.3542737329582619 0.42531053829006105 0.2519940300286826 0.5137352954217823 0.29346270559052656 0.45933696005222213 0.2870080375339825 0.1804253192396626 0.18291501330881724 0.044780069042037095 0.2590246634269761 0.20058488172298541 0.2877151873585831 0.3978463442217359 0.19775769793557144 0.3511351929859149 0.1432033484009884 0.12496478207549579 0.10886608589740081 0.22171175250833114 0.12872219814570807 0.007576920682456262 
0.3578630700541738 0.29928641949576895 0.5458044563368989 0.7703986540370362 0.6034769619713408 0.858003101359858 0.4218868454018789 0.6933747628738939 0.35472703656189086 0.43945426637989976 0.5416920831187173 0.662411046167234 0.29537635416348285 0.41410906708793427 0.2905936144492613 0.19025983252362547 0.18381779096112896 0.4848909790831227 0.26754479540488635 0.19523327952218045 0.30499827167128335 0.3978463442217359 0.2304827473015458 0.39217995652874815 0.1432033484009884 0.10997493455876006 0.08862822044393778 0.26910863308167865 0.11308719820005789 0.009740914083159585 
0.35623567880889756 0.900188707168644 0.5554349835874784 0.7703986540370362 0.6187849787211476 0.8741896904734474 0.43061921391259045 0.693375684556072 0.42168642512259324 0.5443100974414522 0.5376234373334903 0.6650375746173366 0.30119087169971187 0.4056218646333733 0.2920192335647212 0.19025983252362547 0.3817084113687778 0.48892588226427525 0.26754479540488635 0.19523327952218045 0.3237317086712165 0.3978463442217359 0.285929562522905 0.3845923241901557 0.1269971390426306 0.10997493455876006 0.2827272910362946 0.26910863308167865 0.13114499639609656 0.0 
0.35899466811195946 0.13923509457204722 0.6863410363738096 0.33620104344505614 0.6034769619713408 0.8486913802441358 0.5899880788861307 0.4025896580383766 0.3542737329582619 0.42531053829006105 0.2519940300286826 0.5137352954217823 0.29346270559052656 0.45933696005222213 0.2870080375339825 0.1804253192396626 0.18291501330881724 0.044780069042037095 0.2590246634269761 0.20058488172298541 0.2877151873585831 0.3978463442217359 0.19775769793557144 0.3511351929859149 0.1432033484009884 0.12496478207549579 0.10886608589740081 0.22171175250833114 0.12872219814570807 0.007576920682456262 
0.3578630700541738 0.29928641949576895 0.5458044563368989 0.7703986540370362 0.6034769619713408 0.858003101359858 0.4218868454018789 0.6933747628738939 0.35472703656189086 0.43945426637989976 0.5416920831187173 0.662411046167234 0.29537635416348285 0.41410906708793427 0.2905936144492613 0.19025983252362547 0.18381779096112896 0.4848909790831227 0.26754479540488635 0.19523327952218045 0.30499827167128335 0.3978463442217359 0.2304827473015458 0.39217995652874815 0.1432033484009884 0.10997493455876006 0.08862822044393778 0.26910863308167865 0.11308719820005789 0.009740914083159585 
