1.0388832775135683 0.053465760851618256 
1.034166630699516 0.06144001142725297 
1.027628931987692 0.0721802961641527 
1.0247230903578437 0.07953494489031265 
1.019397311921952 0.09479015546147074 
1.0179705500676932 0.0982618838501965 
1.0175652464732763 0.1064397344413574 
1.0133624411629203 0.12369275803216664 
1.0111851875050917 0.13342989383068934 
1.0088464216877475 0.14555091543929055 
1.0038560583928686 0.16208074340535522 
0.9989393521320611 0.17221039228185625 
0.998391272145475 0.1740240407978724 
0.9966017745430432 0.19778299282157924 
0.9945783743647205 0.20796797689750213 
0.9762918734611361 0.22206179662931141 
0.9717886443627385 0.2317161442935825 
0.9621026105675805 0.23981375646073164 
0.9511989492669964 0.2538317815502352 
0.9377085298991764 0.26630549416135607 
0.9363080968660324 0.27897481677764313 
0.9256212363011248 0.29228509182097223 
0.9256212363011248 0.29228509182097223 
0.9256212363011248 0.2954487124236637 
0.9224430044558944 0.3367661349803889 
0.9175310368428594 0.34207464855575415 
0.9009937934492647 0.3617708516950402 
0.894973248494655 0.3691136033013427 
0.8893645879257895 0.39021482129942475 
0.8872497463016286 0.39248708212072964 
0.8724036096007558 0.4136203462729131 
0.8724036096007558 0.4136203462729131 
0.8708261988575484 0.4371820885620493 
0.8467628831568338 0.46405967644046137 
0.8369877518194048 0.47454575900488183 
0.8262144366697242 0.48317114472271605 
0.8093686868270284 0.4948981931065239 
0.7970677564781854 0.5096009909958976 
0.7937853311892973 0.5228326161954099 
0.7843308378738041 0.5413228860778281 
0.7779430251094268 0.5499622231773331 
0.7576096346298111 0.5623786985603273 
0.7440921411627316 0.5767424174160483 
0.7335844290813692 0.5877698223081782 
0.7266092916913216 0.6000258330094251 
0.7150793198990045 0.6177735630803385 
0.7018112207057473 0.6300919836716714 
0.6989183825549301 0.6484496743075105 
0.6918713427651764 0.6714807799573828 
0.6839056646507371 0.683642979496259 
0.6695565419576833 0.7074359216026994 
0.6695565419576833 0.7115165420378968 
0.6605892014446774 0.7451674690908424 
0.6418406483628016 0.7516754438882816 
0.6238096663916267 0.7593997773906837 
0.6080419259339328 0.7688366199052943 
0.593845143145067 0.7753341050036551 
0.5674492176476101 0.7942094010571488 
0.5674492176476101 0.7942094010571488 
0.5516067157258127 0.8089851708548038 
0.5378156371885776 0.830307759974101 
0.5267795768389661 0.8436444363998891 
0.5189705639666402 0.861311636209203 
0.5119454608892744 0.8780015508403585 
0.47549775512409115 0.8936765956652966 
0.47589658622837766 0.8936765956652966 
0.4572813438369228 0.8971791602474849 
0.4410899814952261 0.9042501183011852 
0.4086857919699329 0.9200942223545031 
0.4086857919699329 0.9200942223545031 
0.40015142270933485 0.9296933227464078 
0.37852159364592797 0.9439739698359214 
0.3772144655754732 0.95623909992272 
0.36061047088324644 0.9689997309779045 
0.35241521294499195 0.9839243805509352 
0.3234354414428975 1.0111326486441188 
0.3234354414428975 1.0111326486441188 
0.30263040857980955 1.01355737675692 
0.290632656014237 1.0165973937928092 
0.2772809814386165 1.0209268308975576 
0.2617746954393412 1.0230688494034637 
0.25150112586335616 1.0251758470903625 
0.2184814254950851 1.0309021443573985 
0.2184814254950851 1.0309021443573985 
0.21185655603280612 1.0368758182681854 
0.11010247401276187 1.042756177470096 
0.11851930397790264 1.0408947132762585 
0.11861261327889244 1.0408947132762585 
0.11851930397790264 1.0408947132762585 
0.11861261327889244 1.0408947132762585 
0.11052229300382582 1.041957213882099 
0.11052229300382582 1.041957213882099 
0.11010247401276187 1.042756177470096 
0.09801008736883796 1.0471459545076813 
0.08678850929728346 1.0475951471940752 
0.07497917912682822 1.0501942188805276 
0.06703167378130798 1.0510677088744351 
0.055451549039803 1.0547910193052334 
0.04027706767498721 1.058164965253021 
0.03652194495810462 1.0685904344313126 
