1.0254498295289514 0.013966746279783365 
1.0019069902598197 0.01480478903512163 
1.0010983829623334 0.018086077366446254 
1.0019069902598197 0.01480478903512163 
0.9962647787081815 0.02271570561265735 
0.9893624934603314 0.02422557657637022 
0.9893023542925738 0.025553898450111474 
0.9893023542925738 0.025553898450111474 
0.9892336964626479 0.02951783789824209 
0.989301020750327 0.02723453635967743 
0.9892486321026241 0.030988967591482678 
0.989209119883907 0.034496723939616954 
0.989209119883907 0.034496723939616954 
0.9892082386912825 0.04164556363761816 
0.9892082386912825 0.04164556363761816 
0.9892258842515059 0.04297767057745769 
0.9892183673301372 0.051264604101569765 
0.9892039573433076 0.040948297224493294 
0.9892039573433076 0.040948297224493294 
0.9892003744969413 0.057953416267869366 
0.9892128341913019 0.05940000541839628 
0.9892003744969413 0.057953416267869366 
0.9891731540649631 0.07246481858864154 
0.9892039763943242 0.07474696668163391 
0.9891843394783708 0.07675316897366673 
0.9891731540649631 0.07246481858864154 
0.9891843394783708 0.07675316897366673 
0.9891910336688452 0.04826001494471765 
0.9633803775614829 0.09727180469958055 
0.9633803775614829 0.09727180469958055 
0.9113605330779881 0.09726257787742866 
0.9464364380881495 0.0972864305187729 
0.923116998956602 0.09729732096494569 
0.923116998956602 0.09729732096494569 
0.9227117929279435 0.09731422516654177 
0.9113605330779881 0.09726257787742866 
0.9089549676845874 0.09739406777040674 
0.9089549676845874 0.09739406777040674 
0.904238700416072 0.09897509091223959 
0.9029657203849235 0.1015261168388353 
0.9028331121995552 0.10413546473558827 
0.902693550053346 0.10527361490004397 
0.9026350898371236 0.10991254776619307 
0.9024797248883857 0.11634016161691817 
0.9024367607935644 0.11576615654814168 
0.9024367607935644 0.11576615654814168 
0.9024791923632736 0.109160229199239 
0.9024791923632736 0.109160229199239 
0.9024659406907948 0.1350359743931845 
0.9023763634767943 0.13164857167881894 
0.9023341363715787 0.13407792221632525 
0.9024021208636507 0.15101688320259163 
0.9024295714098526 0.1561292717674569 
0.9024021208636507 0.15101688320259163 
0.9023257622845088 0.1545846638584879 
0.9024112177421553 0.16905194848655988 
0.9023341363715787 0.13407792221632525 
0.9024112177421553 0.16905194848655988 
0.9023763634767943 0.13164857167881894 
0.9023257622845088 0.1545846638584879 
0.9023995511228674 0.19923397222276903 
0.9023995511228674 0.19923397222276903 
0.8705946094841309 0.23101268507692213 
0.8705946094841309 0.23101268507692213 
0.8242497930065183 0.23104721133241782 
0.8242497930065183 0.23104721133241782 
0.8377779818580732 0.23103512831168535 
0.8407674089717744 0.23114609794440247 
0.8425447877298807 0.2310450147048248 
0.8059027382349242 0.23111417281401495 
0.8407674089717744 0.23114609794440247 
0.8257706770265361 0.23113215993557368 
0.8472620568311003 0.23117195913991334 
0.8425447877298807 0.2310450147048248 
0.8205997675648413 0.23116425341734836 
0.8215053672290659 0.23116534247112183 
0.809332756714337 0.23119920946759606 
0.7962984927379286 0.23125574438267135 
0.8215053672290659 0.23116534247112183 
0.809332756714337 0.23119920946759606 
0.8021293699491144 0.23115808182911504 
0.8134972073725938 0.2313535407449331 
0.8059027382349242 0.23111417281401495 
0.8034958639248502 0.23134251348609366 
0.8034958639248502 0.23134251348609366 
0.8012195416710955 0.23137025082120902 
0.797439549856314 0.23125610458738466 
0.7878453400042228 0.23138438682593018 
0.7890938909731701 0.23145767696857067 
0.7890938909731701 0.23145767696857067 
0.7811216181699395 0.23121739602580102 
0.7844663099378754 0.23148660902055895 
0.7811216181699395 0.23121739602580102 
0.7765023685829039 0.2315375844152786 
0.779337344284441 0.23156642232559793 
0.7765023685829039 0.2315375844152786 
0.7753536986495412 0.23183854732428627 
0.7731053026549376 0.23215833866150662 
0.7703490645216315 0.2338690835202216 
0.7686218093619268 0.5612059919785175 
