1.5561915376446946 0.13394679351180644 
1.5561915376446946 0.13394679351180644 
1.1519534822467163 0.16874034236638172 
1.1182465239830839 0.16890320762538966 
1.0819764806283887 0.17681844748938547 
1.0802929168322364 0.19125325324313155 
1.0635262750455017 0.20481381125144385 
1.061785559853815 0.21043181933503613 
1.0393149075154349 0.22871392577728178 
1.0393149075154349 0.22871392577728178 
1.0401074092626168 0.232515404934181 
1.0092168958961014 0.242448967396553 
1.0092168958961014 0.242448967396553 
1.0027157296115763 0.23686369082117392 
0.7734533257843321 0.29873935514294986 
0.7734533257843321 0.29873935514294986 
0.7766170563443934 0.30702113795316743 
0.7234193404068388 0.3058925134373864 
0.7196950409579692 0.3017265414460509 
0.7234193404068388 0.3058925134373864 
0.7196950409579692 0.3017265414460509 
0.7143969489003084 0.30895932155772127 
0.6918621429960712 0.32490563697358 
0.6866834689855715 0.32869450478186135 
0.6659538764732758 0.341311047937896 
0.6714952835897616 0.3391303650822649 
0.5789179232072228 0.3655181592248865 
0.5789179232072228 0.3655181592248865 
0.554735344686352 0.364121771780303 
0.5791502438335656 0.38478797495880535 
0.5596684349820304 0.38047656023964316 
0.5614025901575213 0.38505672091549875 
0.554735344686352 0.364121771780303 
0.5243546619883102 0.3927614993809381 
0.5243546619883102 0.3927614993809381 
0.5069764952801432 0.39968315952794786 
0.47642411153309694 0.4055103645251067 
0.47642411153309694 0.4055103645251067 
0.48529285655819265 0.407607754866311 
0.4709854335641102 0.42480696825845865 
0.46279681813022233 0.42780342784080155 
0.46264575872569536 0.4327587187793048 
0.4569061295401917 0.44481812674882365 
0.4455027344235853 0.45353121050199047 
0.4455027344235853 0.45353121050199047 
0.44597708473534253 0.4571446617731881 
0.4326090411130784 0.4799826135324497 
0.4233005252701585 0.48731901921478843 
0.4164506619603421 0.4882259014919525 
0.4089829161436148 0.5002929399703931 
0.40862081631894337 0.5024241381589436 
0.407076069330146 0.5085188658991521 
0.38989863946757153 0.5325020150030506 
0.3682488543009965 0.5354273631454414 
0.3162368426445207 0.5361865904249873 
0.36301385595035224 0.5405131688149605 
0.3350278927127652 0.5450878495302551 
0.3350278927127652 0.5450878495302551 
0.3162368426445207 0.5361865904249873 
0.3178188093225879 0.5538774616044608 
0.3008001411889065 0.5536697686156739 
0.3008001411889065 0.5536697686156739 
0.28951605284388965 0.5620771548450643 
0.27704655834229275 0.5699853036068775 
0.2651406047050236 0.5714208345578352 
0.26663603854803236 0.5697300767962027 
0.2611488246674883 0.5717525215461563 
0.24142439737172233 0.5844248438008816 
0.24142439737172233 0.5844248438008816 
0.24008337557607362 0.5959874348727429 
0.22029120280695974 0.600048748592877 
0.21470500424448344 0.6119343714997239 
0.21470500424448344 0.6119343714997239 
0.2027294821425063 0.6305543719080675 
0.2027294821425063 0.6305543719080675 
0.19794579042627117 0.6290442577099359 
0.1620779316268759 0.6606607133625736 
0.17955185380095245 0.6498323788905059 
0.16993966544401962 0.652229965321484 
0.16144953669385892 0.6640889090603481 
0.16144953669385892 0.6640889090603481 
0.1468011028611738 0.6946964918993461 
0.14515401883865278 0.6954591574969261 
0.13421945154724463 0.7146560419080922 
0.13421945154724463 0.7146560419080922 
0.13148722837651636 0.7185837404282069 
0.12340427157021985 0.7283833103566363 
0.11030261340651426 0.7364018321408987 
0.11030261340651426 0.7364018321408987 
0.09998504914411306 0.7711069122857702 
0.09998504914411306 0.7711069122857702 
0.07714492698530609 0.7993649311981729 
0.07714492698530609 0.7993649311981729 
0.07103769686224531 0.8163525144639531 
0.07142338977348694 0.8295899704350675 
0.04756370075599903 0.8840469248838011 
0.04756370075599903 0.8840469248838011 
0.028804404702382706 0.9646198765546216 
0.03398309004970666 0.967702969388549 
0.028804404702382706 0.9646198765546216 
