0.8791969129873228 0.11276458143319473 
0.8043928494333799 0.11419274519675231 
0.8017900987857575 0.1231400174185573 
0.8014174557868079 0.13134664642438343 
0.8003681396002023 0.13567897508441495 
0.8004875366137357 0.14017727420684997 
0.8009426888838697 0.15443690209599065 
0.8002531859306218 0.13607791506666117 
0.8003241831931678 0.15816095221290988 
0.8003241831931678 0.15816095221290988 
0.7996850863610633 0.1633709403171541 
0.8003398329075216 0.1266277264148205 
0.7996850863610633 0.1633709403171541 
0.8002359261951179 0.1636313761962518 
0.8004679371489025 0.21112254947811188 
0.8004679371489025 0.21112254947811188 
0.8002604091526673 0.25625091419274787 
0.8000466683103741 0.2740147474316792 
0.8000466683103741 0.2740147474316792 
0.626132855381676 0.2887045652888022 
0.6816837883469926 0.28921246915547744 
0.626132855381676 0.2887045652888022 
0.6108144423146922 0.2891226011358194 
0.5931274144743438 0.28924790726028193 
0.5545439537766257 0.291010213761268 
0.5456302784923626 0.2913797909940567 
0.5277733043864502 0.29737435419583325 
0.5177347349398242 0.30210829439755926 
0.5139951512809409 0.31205020612419937 
0.5114379818715306 0.319546464724356 
0.4798326366460619 0.32670865313776487 
0.4798326366460619 0.32670865313776487 
0.46969379684482837 0.3345580180881605 
0.4659868826471919 0.34094885830498667 
0.4582808674008446 0.3504480747373914 
0.45531652143949763 0.3577457701833363 
0.45280123362361635 0.36677095550529243 
0.4493434479511208 0.3712752376517288 
0.44786925389597587 0.386669844398236 
0.44648878297582806 0.38859526993536747 
0.41557638781851114 0.41072599297625456 
0.41557638781851114 0.41072599297625456 
0.41328870830207715 0.41268601820469186 
0.3887410785155744 0.41323936451353865 
0.37515402520384206 0.41397598110449807 
0.37217229614185965 0.4172790986374358 
0.3617451455392239 0.4233371349078121 
0.35247989825596243 0.43052089394641024 
0.3431157725565432 0.4322777375074143 
0.3352780671026934 0.4386795157842533 
0.3322983286719384 0.443863962992405 
0.3288483368826287 0.4543314102266336 
0.3219088264700395 0.4612641552855792 
0.3106992457024655 0.46259287425089596 
0.305601613268691 0.47139389988985014 
0.29135523114103423 0.4740348769855978 
0.2886975768763525 0.48304712012154677 
0.28204981195321055 0.48757639229471755 
0.2736872599906781 0.4914006876929703 
0.26979217784080717 0.5033592465785429 
0.2641179546857835 0.5070635154495301 
0.2562621327210849 0.5174986703106612 
0.2494620339661887 0.519085509244621 
0.2439717561050274 0.5277483291755153 
0.23379824416385137 0.5342775687361404 
0.22645201940976514 0.5397377042545546 
0.2218469402116359 0.5461434999256727 
0.2139308521439951 0.5516498429582091 
0.2081749790399697 0.5598709459643735 
0.19851208925747924 0.5642042374386991 
0.1946136102038432 0.5708290677262312 
0.18810141903271949 0.5772077348461024 
0.18049298590997936 0.5849658307336176 
0.17450412954785097 0.5895899346683304 
0.16782309855629696 0.5991512969156573 
0.16371227940642402 0.6049224176802295 
0.15564451701125423 0.6102755617547152 
0.15053962527706294 0.6200448274409246 
0.14353682262514042 0.6281850077952499 
0.13796789394679088 0.633993629240217 
0.13151199522805418 0.6432103104810966 
0.12544146556100313 0.6547340711181437 
0.11908129814264902 0.6629200091650443 
0.11137410416298878 0.6728753967417792 
0.10628838296620209 0.6829878865482865 
0.09954792366685411 0.6944243019736008 
0.09373123670377659 0.7043525038862966 
0.08634533920907286 0.7185646534722088 
0.07955207963584907 0.7279792056925177 
0.07511698948980892 0.7373155917335986 
0.06861989941080719 0.758128346894173 
0.06179075672690808 0.767437276612387 
0.0555418306583471 0.785579076503273 
0.04893768293322836 0.801808331303336 
0.03950967990151408 0.8198635774980428 
0.02898655036462383 0.8545427657136592 
0.027799354756561426 0.85451444664096 
0.0196183227630402 0.8902662914643277 
0.012579538634372656 0.9371202413096508 
0.004211877543389156 1.0281018187143431 
