1.37470072074515 0.15973201578216564 
1.3523037996643614 0.22617254042421223 
1.3787949500455503 0.20371319676913024 
1.3897125343780456 0.2088599536609274 
1.3163560828393566 0.19441844803537564 
1.37470072074515 0.15973201578216564 
1.0867723193277998 0.2120652492043465 
1.0158246142319374 0.2359939561972737 
1.086205317524427 0.19054121273704003 
1.0327912213207484 0.24403151422512262 
1.0735417347409242 0.2164318438771478 
1.08373600018553 0.2514307382407183 
1.0333720220145715 0.2867234414525235 
1.0165284829634404 0.259192814611386 
1.0158246142319374 0.2359939561972737 
1.0463406262010588 0.2907585666678245 
1.0327912213207484 0.24403151422512262 
1.0307225871454182 0.32782769327591355 
1.0094731650632869 0.3626930917027789 
1.0094731650632869 0.3626930917027789 
0.7748230192957385 0.3755666848789207 
0.8198245422466526 0.3889734329809987 
0.7894647970351862 0.38660732331357156 
0.6926851124478763 0.38484420407136566 
0.7748230192957385 0.3755666848789207 
0.7596455656310366 0.3913251563194485 
0.6926851124478763 0.38484420407136566 
0.6442327237893076 0.3992381218357953 
0.6556637234392522 0.41216796446694715 
0.6040352609617171 0.39214148902907087 
0.6040352609617171 0.39214148902907087 
0.6498706658564146 0.4276261572947752 
0.6275245532257088 0.4353045999804964 
0.5902795071316685 0.44159026182647987 
0.5902795071316685 0.44159026182647987 
0.6408571253861906 0.4058560961977523 
0.6035368581595099 0.48578764528253726 
0.6171033292152428 0.44522426518526714 
0.6498706658564146 0.4276261572947752 
0.6009582462887886 0.44391879367878445 
0.6363096496886314 0.43999120255600094 
0.6127094310959016 0.46974533036191957 
0.649452174255965 0.5519068467054806 
0.6127094310959016 0.46974533036191957 
0.6035368581595099 0.48578764528253726 
0.352706195323829 0.6041423664690513 
0.352706195323829 0.6041423664690513 
0.48370346913078177 0.601082230410872 
0.48370346913078177 0.601082230410872 
0.4098283889965242 0.6071011898703618 
0.4123992104465725 0.6052348498574865 
0.44312936043574125 0.620066776601241 
0.47434157992153103 0.6315193789916564 
0.3671911751342857 0.6255429682438348 
0.4123992104465725 0.6052348498574865 
0.3860277190559587 0.6286445861100176 
0.3811757016665829 0.6332042039839487 
0.25825415313781497 0.6394778377863246 
0.32982841934735785 0.6213620452148148 
0.3671911751342857 0.6255429682438348 
0.3646866020921711 0.6532403573733927 
0.33779039974432234 0.6428048567967812 
0.3318977560247117 0.6664206280641256 
0.3131234060569714 0.6208430734388638 
0.2907370476328327 0.6356969409351729 
0.3261069410190077 0.6365237977896522 
0.292862230343689 0.6428536268302912 
0.292862230343689 0.6428536268302912 
0.27998865230701575 0.6631131241474312 
0.27998865230701575 0.6631131241474312 
0.25730086063269 0.6846895020206856 
0.25730086063269 0.6846895020206856 
0.26318163470040734 0.7037654567767442 
0.23877832821899314 0.7113652283409775 
0.2550671055909277 0.6688273315151833 
0.2765417608925733 0.783657899100791 
0.2765417608925733 0.783657899100791 
0.18570209100794569 0.8843348540926614 
0.23877832821899314 0.7113652283409775 
0.1794837500448685 0.8944160909397013 
0.1794837500448685 0.8944160909397013 
0.1764603232879543 0.9021256508442884 
0.18072058835945068 0.8997221725634814 
0.1764603232879543 0.9021256508442884 
0.18570209100794569 0.8843348540926614 
0.12044258322196669 0.9144067577721087 
0.13872995262402055 0.9374184456279839 
0.09758825077773191 0.9263175110507932 
0.12044258322196669 0.9144067577721087 
0.1248341488446198 0.9499576321280845 
0.12965434691502087 0.9161115745687741 
0.12965434691502087 0.9161115745687741 
0.07953666129264883 1.0418688436330201 
0.0900580725894198 1.04096585740056 
0.1121612659925918 1.1317881695761214 
0.0900580725894198 1.04096585740056 
0.08722616765171695 1.0550538326686205 
0.09758825077773191 0.9263175110507932 
0.07953666129264883 1.0418688436330201 
0.09136700604718728 1.1536435790556585 
