1.2214013862470212 0.5258237085367958 1.1328263176950188 
1.182165908742153 0.6545241515623039 1.116528602862355 
1.11128227384177 0.725856613802615 1.1569015517287342 
1.0878024015636927 0.8154938681493314 1.181138510347107 
1.0846043220742771 0.37023426948234606 1.1586688832818008 
0.8066975339737571 0.6296666142073749 1.1337205934286945 
1.1082762268273811 0.6822029742002225 1.1250440960711183 
0.8439257825069922 0.4310670957620325 1.12424650878138 
0.8439257825069922 0.4310670957620325 1.12424650878138 
1.0167554484249997 0.6437641054532098 1.0593508757055858 
1.0167554484249997 0.6437641054532098 1.0593508757055858 
1.1458872233939812 0.6818519502577677 1.1852818537120289 
1.0341500166260085 0.3742494263644567 1.1575212961201444 
1.11128227384177 0.725856613802615 1.1569015517287342 
0.837930916349163 0.9551229470912606 1.1089459368757042 
1.1269835840651024 0.9505992015230723 1.141248343779846 
1.0831178080581665 0.42880164721664443 1.1787542409774172 
1.1458872233939812 0.6818519502577677 1.1852818537120289 
1.1316745969182564 0.6363297724157241 1.159386219534889 
0.837930916349163 0.9551229470912606 1.1089459368757042 
1.9066979992097333 1.8137789114873086 1.5903979115524416 
1.7680014378869457 1.0673742351466842 2.582711292383415 
1.4278569227700952 1.860895678027861 1.718970027722607 
1.4278569227700952 1.860895678027861 1.718970027722607 
2.017022158180926 1.5815033612030445 1.6716028690890645 
1.0239769826862066 2.5356614420042316 2.70575641046485 
1.9384276722898028 1.7820357002435196 2.2690518353094857 
1.0737158132228142 1.7189703938381498 2.08411677599323 
1.1374338563972595 1.3508138497866857 1.7615692392668798 
2.0704035827828595 2.4404877394384283 2.146826281727926 
1.769860508011471 0.6716912550797652 1.1508637396335588 
1.1068418591816802 2.3751403072213533 2.355438918568415 
2.2512878568424752 2.26958923039628 2.147942380586587 
1.5201097324121304 1.9820893689679495 2.3675225621671916 
1.310235978812527 1.419913291299293 1.1143258823821542 
1.6510515403273316 1.7483172370734428 1.6962774045816653 
2.2895260668142194 1.7052654716165552 2.4559624718599253 
2.163467861082024 1.549876265201544 2.0427355931471323 
2.321054419276531 1.832059103469546 1.9759946611351755 
2.358525399563975 2.5222446904196327 2.26898743525803 
1.6187147771680894 1.8607628042548323 2.2906260231089335 
1.6403354374940062 0.9663334651934754 2.611842216466711 
2.6761623996382844 1.150552838902644 2.0860333438242895 
2.3591311705284506 2.1323456419777584 1.862271227043133 
1.9279542686055364 2.009834354278937 1.8449390982178655 
1.4068726803450087 1.2067501365312656 2.733407453980818 
1.5769406156367054 0.8431764434607504 2.268042697757707 
1.9381104361361816 2.0595379308457282 2.683763963500981 
1.760736698123067 1.3129083615394965 1.8740630382634316 
2.017022158180926 1.5815033612030445 1.6716028690890645 
1.7680014378869457 1.0673742351466842 2.582711292383415 
1.5726639808066865 1.3483500056486932 2.7836611312298776 
2.6761623996382844 1.150552838902644 2.0860333438242895 
2.3026289052074618 0.7920128212906982 2.761231151350059 
1.769860508011471 0.6716912550797652 1.1508637396335588 
2.465457884583206 3.1169871534864795 2.5773562742466165 
2.676500946333019 2.2275552057096113 2.061959850344239 
2.759413454216509 1.9864947099370203 2.318799106896911 
3.3715430519128096 2.1641972065318456 3.009000497296444 
1.836509836443627 1.3756536700837434 2.1127127451999614 
1.712274005309927 0.5973959649421234 2.7161671074038023 
1.6258926550960076 2.5627016605136275 3.3019790003617784 
2.9334534846809346 1.735909560539199 3.7178239466185525 
1.0896592481596967 1.2256826225613824 1.912787491058638 
1.9896998536025277 0.8755738687495407 1.2995043015302377 
1.886269545044965 1.0484287043626008 2.734694659341771 
1.9896998536025277 0.8755738687495407 1.2995043015302377 
1.463782959704591 2.174144278771995 2.7299408953417434 
1.3913257694961123 1.663307961490671 1.9276820633215193 
1.3913257694961123 1.663307961490671 1.9276820633215193 
1.742666174591616 0.9321712863152709 2.7378809969408877 
2.0266268238613527 1.8735283718259492 1.6340625734162924 
1.1678497273092172 1.3817957319611924 1.8947836909557196 
1.654500039167265 2.5811592808630883 2.279599772703819 
1.5929798999822364 2.2168345384928028 1.582742186562889 
2.5200699314432056 1.1167214177394778 1.5689342534791322 
1.8231914712043285 2.0602706737420458 3.06579841852777 
1.8374535861726229 2.9494996859313174 3.296101727375987 
1.5418273295329308 1.747536327092598 2.709052414912175 
2.7567447960556493 1.1172920468365173 1.9935075534567464 
2.3591311705284506 2.1323456419777584 1.862271227043133 
1.6815546627185536 1.4885954665656795 2.686112560467269 
1.862743031137671 2.5472984999010433 2.555308528668388 
1.0265799771284323 2.0777097967269564 1.8462603373714115 
2.3556858184097345 1.8658636770166508 2.844648832992063 
2.4497238301114916 2.13118390187332 2.5656853627205187 
2.2675800395894816 2.2097826961546785 3.0194800196390528 
1.4200732286907518 1.192660964750571 2.0771761222808505 
1.730569215889562 1.633662560852111 2.0451316226749396 
2.70150394798869 1.9190578006246075 2.384459078920284 
2.3197407159282233 2.646399892279985 2.5414196583096107 
1.8374535861726229 2.9494996859313174 3.296101727375987 
2.7930097570960655 1.996199555417194 2.2658274677863868 
2.516230007218005 2.621557026849082 1.4045430366881348 
2.9522365344003614 2.972500387569582 3.309211223183794 
1.9066979992097333 1.8137789114873086 1.5903979115524416 
2.0218005339237974 1.5659360642627986 2.470985731892854 
2.184232153070443 2.4233951840261883 2.8977231400939196 
2.3556858184097345 1.8658636770166508 2.844648832992063 
2.4497238301114916 2.13118390187332 2.5656853627205187 
2.2675800395894816 2.2097826961546785 3.0194800196390528 
1.907036033871475 1.5529321524914246 3.047590009467596 
1.496656201927171 2.642748173360174 2.7396786167360654 
2.7953050758722684 2.6788509537428236 3.4627280718147846 
2.30121987478886 2.450765526268724 2.6074623535649932 
3.3261678846235974 3.367351704103191 2.18600928007512 
3.0419373501141975 2.3670997825648334 2.523885362490897 
2.4948803868833576 1.7762208631637426 1.4908026026798726 
1.7208076126579148 1.9134516911922854 3.431206050644071 
2.163755002950751 2.8516412293422935 2.7986216621731597 
1.2848239373264294 1.7677439505694152 2.6656752412750855 
1.9279542686055364 2.009834354278937 1.8449390982178655 
1.5127098365645646 1.3750163645023954 3.199145059337505 
2.9334534846809346 1.735909560539199 3.7178239466185525 
2.2240653173729195 1.8818513603615128 1.1625328142835243 
2.3309782072915373 0.6049410109935242 1.3442809349381986 
2.498398420633517 1.7150151623368446 2.897799770764263 
1.5885574945531238 1.3833425244520732 2.0974070673837955 
2.6911979273715767 3.0385655262607476 3.152785203221632 
1.5203165918361663 1.0461199616995955 1.6555274106474165 
1.3055060019183338 1.6575404281100594 3.32817600714548 
1.760736698123067 1.3129083615394965 1.8740630382634316 
1.1678497273092172 1.3817957319611924 1.8947836909557196 
1.7510217726729589 2.471795888808775 3.150823158785608 
2.5200699314432056 1.1167214177394778 1.5689342534791322 
2.373566583597839 2.220721048497703 1.202951195395484 
2.7278060352922706 1.6678654751118527 2.460239420965223 
2.786990090016464 1.0883642408095062 2.3902800236415547 
2.163467861082024 1.549876265201544 2.0427355931471323 
1.7979411635012057 1.6267873332771514 1.726677418333744 
1.730569215889562 1.633662560852111 2.0451316226749396 
1.8026870688747312 0.8152135465923627 2.26806223666504 
3.0419373501141975 2.3670997825648334 2.523885362490897 
1.496656201927171 2.642748173360174 2.7396786167360654 
2.8137433764714683 2.0291657309462954 2.629473161796291 
2.1176776816468816 3.2134164034843913 2.193359383129975 
1.941377850232139 1.2424044382840114 2.337936340828658 
1.6815546627185536 1.4885954665656795 2.686112560467269 
1.5872044898414084 1.2733772475691494 2.841965923042039 
2.1372518954652073 1.4377574125107786 1.655414227042368 
2.6545709790333767 3.0694197152679483 2.509487934062679 
1.941377850232139 1.2424044382840114 2.337936340828658 
1.2848239373264294 1.7677439505694152 2.6656752412750855 
1.0239769826862066 2.5356614420042316 2.70575641046485 
1.5929798999822364 2.2168345384928028 1.582742186562889 
1.5203165918361663 1.0461199616995955 1.6555274106474165 
1.5132595577652184 1.5647319153986905 2.102867125853653 
1.9476062031651884 2.4631598653406073 3.0719429872983834 
2.1955972828878165 1.3880410877549079 3.012463608800647 
1.3874197827225148 0.8010766666152473 2.8222408773737446 
1.310235978812527 1.419913291299293 1.1143258823821542 
2.9074450169266357 2.5190231194496273 2.8780662396069823 
1.0896592481596967 1.2256826225613824 1.912787491058638 
2.498398420633517 1.7150151623368446 2.897799770764263 
1.292408990738548 1.4071206017176952 2.5066176071031543 
2.8137433764714683 2.0291657309462954 2.629473161796291 
1.6510515403273316 1.7483172370734428 1.6962774045816653 
2.143202173895811 3.008798696476355 3.3433941146570216 
2.0218005339237974 1.5659360642627986 2.470985731892854 
1.712274005309927 0.5973959649421234 2.7161671074038023 
2.163755002950751 2.8516412293422935 2.7986216621731597 
1.5872044898414084 1.2733772475691494 2.841965923042039 
1.6187147771680894 1.8607628042548323 2.2906260231089335 
2.321054419276531 1.832059103469546 1.9759946611351755 
2.1788076700419703 1.7700385322061873 2.599063943061323 
2.9074450169266357 2.5190231194496273 2.8780662396069823 
2.555409962479425 2.130864052313596 2.342310384114331 
1.292408990738548 1.4071206017176952 2.5066176071031543 
3.171187939651935 1.1698279214950045 3.074029970097254 
1.5769406156367054 0.8431764434607504 2.268042697757707 
2.0266268238613527 1.8735283718259492 1.6340625734162924 
1.1374338563972595 1.3508138497866857 1.7615692392668798 
1.4054132462190776 2.765723829098136 1.5950904976191773 
1.836509836443627 1.3756536700837434 2.1127127451999614 
2.2951387004971058 0.7062660824044936 1.7352850192889469 
1.0265799771284323 2.0777097967269564 1.8462603373714115 
1.4054132462190776 2.765723829098136 1.5950904976191773 
1.3610077876505922 0.748862121301181 3.2899639779447165 
3.171187939651935 1.1698279214950045 3.074029970097254 
2.555409962479425 2.130864052313596 2.342310384114331 
1.0737158132228142 1.7189703938381498 2.08411677599323 
1.1491669059879102 2.4804526554025244 2.1650757493286266 
1.1237069922302334 2.0052703397764775 2.828285510579283 
1.1515850762420068 1.573621361092539 2.468598996873286 
2.358525399563975 2.5222446904196327 2.26898743525803 
2.6131202144836454 1.6783401708583083 2.7278948537952425 
1.8046356632477862 2.3959452905623433 2.502611590195887 
1.3874197827225148 0.8010766666152473 2.8222408773737446 
1.9787881893580137 1.0094476996874424 2.805730522331491 
1.7979411635012057 1.6267873332771514 1.726677418333744 
2.6911979273715767 3.0385655262607476 3.152785203221632 
3.044610123756971 1.5326750877096362 3.5144925307173294 
1.02104340890691 1.362560345455026 3.187027529360824 
2.2895260668142194 1.7052654716165552 2.4559624718599253 
2.529801760091 1.4063317597595741 1.0355545035674334 
1.1515850762420068 1.573621361092539 2.468598996873286 
1.7789599694177671 2.3807238456531756 3.3910990641113545 
1.5418273295329308 1.747536327092598 2.709052414912175 
1.5885574945531238 1.3833425244520732 2.0974070673837955 
3.0575499903872427 2.0060494118119774 1.8777525465133365 
1.4200732286907518 1.192660964750571 2.0771761222808505 
1.9787881893580137 1.0094476996874424 2.805730522331491 
2.715545720277749 2.010582525492371 1.7722166681796996 
1.3610077876505922 0.748862121301181 3.2899639779447165 
2.676500946333019 2.2275552057096113 2.061959850344239 
1.5338335416904239 0.8372526922551597 3.6017740332091703 
1.654500039167265 2.5811592808630883 2.279599772703819 
2.2951387004971058 0.7062660824044936 1.7352850192889469 
1.742666174591616 0.9321712863152709 2.7378809969408877 
1.5132595577652184 1.5647319153986905 2.102867125853653 
