0.7056856078010098 0.32028762102754194 1.1922372646422716 
0.6932825481469347 0.28760212270464547 1.0811261862614114 
0.6367264743230312 0.35802242857861255 1.1843441530017564 
0.7056856078010098 0.32028762102754194 1.1922372646422716 
0.6550013959274754 0.2756060553704946 1.1828763015953365 
0.6897283752798113 0.3885830671063145 1.0375512564129323 
0.6897283752798113 0.3885830671063145 1.0375512564129323 
0.7319669791250383 0.30380874654226064 1.143095359781037 
0.7125471608841741 0.3718312820602779 1.216418355650703 
0.7145050374479167 0.3718239616234015 1.2223265614829364 
0.6932825481469347 0.28760212270464547 1.0811261862614114 
0.6769224640682974 0.33446614515350415 1.2228703524211175 
0.6769224640682974 0.33446614515350415 1.2228703524211175 
0.7145050374479167 0.3718239616234015 1.2223265614829364 
0.6539272457569112 0.35870903832224843 1.2320927763257143 
0.6367264743230312 0.35802242857861255 1.1843441530017564 
0.6006031244069613 0.2676421014567131 1.1330092696448533 
0.6006031244069613 0.2676421014567131 1.1330092696448533 
0.7125471608841741 0.3718312820602779 1.216418355650703 
0.6550013959274754 0.2756060553704946 1.1828763015953365 
0.9517958849130708 0.8125946771751307 1.5350113279885789 
0.8496983902122185 0.7046658966584824 1.2463927381260582 
0.7440173587006979 0.817225119394332 1.2761420108893695 
1.0379879758955257 0.6510537025131695 1.414450780199354 
0.8775333638650735 0.8068217752603659 1.6849173365427 
0.838712888844729 0.7090003396587787 1.6679413093064572 
0.8805680188891845 0.614823872309199 1.772519425145942 
0.9246089851608675 0.39621016451452196 1.4278927015623761 
0.8835624325407903 0.47717189969551327 1.331211028242536 
0.8559180617942878 0.6627892121123486 1.452239486632799 
1.0497658229201539 0.695932096303441 1.8227843003480215 
1.16531760778112 0.632976493106927 1.3956505178809566 
1.0152395766927056 0.7280718557054382 1.358248273517362 
1.230499190170049 0.70468717857545 1.553427981952495 
0.7879509052521017 0.6289539115085725 1.319256765326637 
0.8631647644933251 0.4910754493332379 1.5575104918044218 
1.16531760778112 0.632976493106927 1.3956505178809566 
0.7692833138412831 0.6181524624013424 1.7190236930304068 
1.2779020476956102 0.6283000570920055 1.3439591337784207 
0.9085523370646318 0.8269167531978474 1.5187240555844177 
0.9493842208158445 0.5955949015111494 1.51536231876566 
0.762634126630541 0.7974557979893199 1.26093966769503 
0.9490346088155523 0.6665461166616529 1.4545162822909639 
1.0802519502254337 0.6552195959673442 1.564696535450884 
1.193991107846684 0.7967132871765648 1.391687076682319 
0.8166245976325888 0.8085837701244564 1.2563152608880672 
0.947725246089262 0.7296472967482726 1.6005809976244176 
0.9246089851608675 0.39621016451452196 1.4278927015623761 
1.0412866187026841 0.5664480719554958 1.75024304058813 
1.0621597397046796 0.7418063393143782 1.603428223731475 
0.8220964212267974 0.8312731141278185 1.6802874867612543 
0.9676140431282478 0.49666481689545383 1.619346838716941 
0.9173224677808218 0.7381554606900432 1.7184930526086122 
0.7879509052521017 0.6289539115085725 1.319256765326637 
0.9625539546803799 0.7442442688059654 1.6596673489703995 
1.0621597397046796 0.7418063393143782 1.603428223731475 
0.8354359971759355 0.7499792703237004 1.6905282948888989 
1.0396820443408694 0.5801679758857148 1.561619507587308 
0.7586789925582188 0.5508905725321153 1.4039047940909506 
1.1046280918599534 0.573392892744962 1.6978994909279632 
1.0450339091502752 0.8427010033844373 1.6609243888318974 
0.8358089990583002 0.6594521082570268 1.7516573644042293 
0.8631647644933251 0.4910754493332379 1.5575104918044218 
0.9109113743266296 0.5448357722979211 1.392231521517188 
1.0172017465140635 0.47161989435293905 1.4908485683050388 
1.0830525706299532 0.8269240153331429 1.7213795289099751 
0.860147343243701 0.4564755603361029 1.569595528757677 
0.7667293547298553 0.7932621531560713 1.7072054267707535 
0.7440173587006979 0.817225119394332 1.2761420108893695 
0.9344078852683448 0.3049839589410184 1.294067239315289 
1.1282602400507313 0.6884252482832088 1.3981150030510576 
0.9144921220145398 0.8980869560017128 1.732421170589034 
1.323409974842745 0.7027738274370856 1.4422611367089955 
1.1310230948527884 0.7324344110995195 1.6819588621963295 
1.0497658229201539 0.695932096303441 1.8227843003480215 
0.8829315868764476 0.42765631556776706 1.3169208362577178 
0.8559180617942878 0.6627892121123486 1.452239486632799 
1.045221384704886 0.46842947137539326 1.3517332354339198 
0.8354359971759355 0.7499792703237004 1.6905282948888989 
0.8608764982224909 1.003491166063997 1.4759631706587988 
0.9816481959789394 0.6595483268819551 1.3010932116175495 
0.6558757448930912 0.44552188197193743 1.3200333982928034 
0.6445291342697901 0.4937495969147088 1.492410627995416 
1.2348344386554457 0.5327590275463843 1.4518294370563956 
0.970788021957737 0.6567259741615742 1.5106686559803948 
1.2982332059580142 0.3600428275038167 1.240195119992805 
1.0704709604570886 0.6732251374200365 1.662526781799285 
0.7356512421971961 0.6914783366384233 1.8008027841062133 
0.8867203328666384 0.7594248618768312 1.3906491367399543 
0.7664611237735943 0.7392809440286101 1.5974851018049163 
0.7692833138412831 0.6181524624013424 1.7190236930304068 
1.2397537097561924 0.7360819749567644 1.2833024699586173 
0.8775166976243288 0.6661204252893963 1.3247401752887074 
1.0580243611703102 0.6850109459239792 1.7751867076185817 
1.2533110913430956 0.9075395715687086 1.2845586571101935 
0.687945900478695 0.8038458522806537 1.4454974764052189 
1.0211527721186016 0.7512293194596169 1.5679243509889198 
1.0704709604570886 0.6732251374200365 1.662526781799285 
0.9085523370646318 0.8269167531978474 1.5187240555844177 
0.7518419800280876 0.8997276349650019 1.6270482191042372 
1.0616603522624415 0.6764819434711262 1.773954334229857 
0.8319534799597005 0.5967896230299998 1.2683906524606978 
1.0269564973343939 0.41945380899653606 1.52499194582764 
0.9542946522831321 0.8476854276014185 1.349692922876467 
0.8319534799597005 0.5967896230299998 1.2683906524606978 
0.9132115678040091 0.5850840502507654 1.8096517517180153 
0.9210845740800846 0.5299596199851379 1.4823403368355783 
1.2094927693457422 0.4462573787103669 1.691887835840045 
1.0450339091502752 0.8427010033844373 1.6609243888318974 
1.0166241182999793 0.7294915577124396 1.4912069581581302 
1.0582239289350264 0.7145954134426715 1.6535963386172727 
0.9624563771209881 0.7048964028866899 1.6099234351797937 
0.9625539546803799 0.7442442688059654 1.6596673489703995 
0.7460640992127674 0.5731164664183852 1.7619201629777161 
0.8358089990583002 0.6594521082570268 1.7516573644042293 
0.9144921220145398 0.8980869560017128 1.732421170589034 
1.143484076223811 0.41688380759316723 1.6526603804002744 
1.0172017465140635 0.47161989435293905 1.4908485683050388 
1.1980059930217615 0.6797535813865716 1.8033069938269546 
1.1527655880168173 0.6024894968688694 1.7106370014260928 
1.0235407451128953 0.540721917030691 1.6878246161081347 
1.0166241182999793 0.7294915577124396 1.4912069581581302 
0.7094406496724709 0.5647714929592667 1.4102348872760238 
1.146227610811549 0.44783101926336544 1.5717221592390902 
0.8844240410930637 0.528631495420925 1.5187525180448271 
1.0211527721186016 0.7512293194596169 1.5679243509889198 
0.7664611237735943 0.7392809440286101 1.5974851018049163 
0.9621714714634728 0.43359576740081707 1.312228076140911 
0.7234778652661136 0.7692746360103364 1.697703088152422 
1.1074451845561106 0.8597939590878974 1.379413407478558 
0.6720383610240006 0.564835067625639 1.6979008278927683 
0.978616787770162 0.6922767867612273 1.4747868837692484 
0.8520597743872451 0.8397098528762819 1.6543306158073723 
0.8713898851098194 0.6502308574721494 1.543030446533112 
0.8867203328666384 0.7594248618768312 1.3906491367399543 
0.7826086820153282 0.8854777103943886 1.401709295186443 
0.947725246089262 0.7296472967482726 1.6005809976244176 
0.8496983902122185 0.7046658966584824 1.2463927381260582 
0.8835624325407903 0.47717189969551327 1.331211028242536 
0.8775166976243288 0.6661204252893963 1.3247401752887074 
0.8976507842572974 0.7272287989776264 1.3678302256584458 
1.0269564973343939 0.41945380899653606 1.52499194582764 
1.2397537097561924 0.7360819749567644 1.2833024699586173 
1.128116935663943 0.874694533317164 1.2936226797104855 
1.0023208650636637 0.5601542092275025 1.5520100639572196 
0.8033300995776926 0.6948621558538055 1.5343194838161043 
1.1845389925622167 0.9831699503388782 1.7395277761243164 
1.193991107846684 0.7967132871765648 1.391687076682319 
0.9493842208158445 0.5955949015111494 1.51536231876566 
1.048626020519926 0.5847884486363509 1.6608754608313017 
0.8805680188891845 0.614823872309199 1.772519425145942 
0.669357045021461 0.7641136894632363 1.4421249367563866 
0.8829315868764476 0.42765631556776706 1.3169208362577178 
0.9210845740800846 0.5299596199851379 1.4823403368355783 
1.0235407451128953 0.540721917030691 1.6878246161081347 
0.6997648487305734 0.6851614158197584 1.705458355851618 
0.6445291342697901 0.4937495969147088 1.492410627995416 
1.2029607296510036 0.6854307731326831 1.5448097155669354 
1.2436343499589528 0.5135351847760109 1.5993233207436632 
1.1122540715293816 0.8897350142634743 1.586562810820367 
0.7826086820153282 0.8854777103943886 1.401709295186443 
0.9621714714634728 0.43359576740081707 1.312228076140911 
0.8358925899841471 0.8673755690581193 1.7723679278030195 
0.7094406496724709 0.5647714929592667 1.4102348872760238 
0.9897712252452063 0.7746245971802469 1.6970589149978412 
0.9676140431282478 0.49666481689545383 1.619346838716941 
0.6558757448930912 0.44552188197193743 1.3200333982928034 
0.8844240410930637 0.528631495420925 1.5187525180448271 
0.978616787770162 0.6922767867612273 1.4747868837692484 
0.9132115678040091 0.5850840502507654 1.8096517517180153 
0.858768381114434 0.5088746201482761 1.4050122574146515 
0.6893648350731698 0.5376361909851498 1.4333593792446413 
1.0379879758955257 0.6510537025131695 1.414450780199354 
0.8358925899841471 0.8673755690581193 1.7723679278030195 
0.6858717329097739 0.23433329151840465 1.4230491955160847 
1.1677746433241725 0.7081326878448733 1.34489588736625 
0.859767799913477 0.7933866791629002 1.8029968044448443 
0.9109113743266296 0.5448357722979211 1.392231521517188 
0.6858717329097739 0.23433329151840465 1.4230491955160847 
0.9517233985848592 0.6600803684178442 1.368894581256746 
1.2275795361494006 0.5996985483328376 1.848643561839841 
0.6893648350731698 0.5376361909851498 1.4333593792446413 
0.9832491853518768 0.49358029458646985 1.5826945275452546 
1.048626020519926 0.5847884486363509 1.6608754608313017 
0.8166245976325888 0.8085837701244564 1.2563152608880672 
0.9897712252452063 0.7746245971802469 1.6970589149978412 
0.7586789925582188 0.5508905725321153 1.4039047940909506 
1.146227610811549 0.44783101926336544 1.5717221592390902 
1.1282602400507313 0.6884252482832088 1.3981150030510576 
1.0152395766927056 0.7280718557054382 1.358248273517362 
1.0877543597711214 0.5735018167634087 1.7305896973573467 
1.045221384704886 0.46842947137539326 1.3517332354339198 
0.8377395184953436 0.8450330268631763 1.5470968444219464 
1.0023208650636637 0.5601542092275025 1.5520100639572196 
0.9556584706705575 0.682403283457413 1.7382604650872797 
0.9816481959789394 0.6595483268819551 1.3010932116175495 
1.1946372173000075 0.5360332889157717 1.3145530008835415 
1.1677746433241725 0.7081326878448733 1.34489588736625 
0.9595499112679607 0.7867958438030878 1.7022557164115213 
0.9490346088155523 0.6665461166616529 1.4545162822909639 
0.669357045021461 0.7641136894632363 1.4421249367563866 
1.0727321927982794 0.5062696994080454 1.7446075970243342 
1.063443596780974 0.7342971523264509 1.4946671629174677 
0.8822030496738008 0.9218139986712057 1.731811162262645 
0.9556584706705575 0.682403283457413 1.7382604650872797 
0.8823248252475837 0.9454313432599305 1.797848467935359 
0.858768381114434 0.5088746201482761 1.4050122574146515 
0.860147343243701 0.4564755603361029 1.569595528757677 
0.9517958849130708 0.8125946771751307 1.5350113279885789 
0.9377120192527921 0.8693004292551875 1.7202224474728682 
