0.7177063420099115 0.941948527390479 0.6836034518623026 0.9260908289389123 0.556354750325812 0.6756192289157731 0.8468701966980412 0.7647517303874858 0.47638292042354147 0.6347479804819205 0.5262499642097401 0.7389791288898131 0.658654915322908 0.6919181946821021 0.5663194754683828 0.5278594287727626 0.47626802474632124 0.7370342967276333 0.5597301225940814 0.5761158876946033 0.4104354178958321 0.5208249267612278 0.9803459379408849 0.48944617951444275 0.37805816023216027 0.6657644769439109 0.7937336736578972 0.5816891957424911 0.4730618494867731 0.6371681523957616 
0.7157319865157733 0.8051828339928961 0.7695251268071965 0.7324780491207743 0.556354750325812 0.6728532777037913 0.7590769874947536 0.7626400297859617 0.8095383448525003 0.6150461887554904 0.6457416618045944 0.7293827046406072 0.6827684247643432 0.682033401038985 0.5498563702154655 0.5211708506672461 0.39872972409596164 0.7416015108014956 0.5693492470320125 0.5759990897928313 0.367262912467179 0.5738254343660826 0.6637743994251815 0.4956787083656201 0.4569935815140054 0.6114570320977372 0.4604655933531351 0.5967447938399957 0.4210624336087181 0.6561263850452322 
0.7120515075302303 0.80224980560926 0.7729925937849342 0.9246377573589095 0.5604301663734312 0.675866138833793 0.8438130818270673 0.7789600307604616 0.796017084122035 0.5995795995184666 0.649938113971843 0.7329525460043896 0.42450039321710187 0.695468731904373 0.5987429386669598 0.7541741706095016 0.3797604294172209 0.7499143624142631 0.5597301225940814 0.5759990897928313 0.41008589765723474 0.5698162287046551 0.6852055186102601 0.49913279823931384 0.3873359101047712 0.6175939684023681 0.45526635696946277 0.5967447938399957 0.4809581556467179 0.6459143621676169 
0.7070362043889252 0.80224980560926 0.6797154267405017 0.7234956734144272 0.46419199745632667 0.682243616891734 0.8335007677807825 0.7693098910274958 0.5194661970398927 0.6288782657977835 0.6513404160484647 0.7329525460043896 0.6674441037327515 0.6932973989895908 0.5516980959992484 0.7541741706095016 0.4034998084727522 0.7265039491097997 0.5597301225940814 0.5759990897928313 0.5188653536776071 0.523880185304878 0.680980680312949 0.5004663617060818 0.37708802605514014 0.6699677558041912 0.45153713827201475 0.5859182330883645 0.4626378601144174 0.658794062497808 
0.7162394923184496 0.8011783636571683 0.6902659243630411 0.7228789924528666 0.26784969281301896 0.6785400783091009 0.8494643828053016 0.7789600307604616 0.8146233469332982 0.6300016319602997 0.6545306617528174 0.7312289620411789 0.6377099239487636 0.7240127951162754 0.5719808127812754 0.7451370375205881 0.40660420067394326 0.7499143624142631 0.5597301225940814 0.4959899795991896 0.4124179815450243 0.5233517171384856 0.6905485709180819 0.5004663617060818 0.37291761413254043 0.6575184332768482 0.45153713827201475 0.5859182330883645 0.4745639455486448 0.6564674497364716 
0.7054212473265189 0.8051828339928961 0.6902857936567423 0.9331024260840952 0.556354750325812 0.6745485625713171 0.8492444107444596 0.7693098910274958 0.8095383448525003 0.6282459518735195 0.649938113971843 0.593455759841666 0.6377099239487636 0.6851884989752021 0.5498563702154655 0.5278594287727626 0.47786689887713524 0.7406179762502749 0.46696361621308663 0.5759990897928313 0.367262912467179 0.5738254343660826 0.680980680312949 0.5084960145903904 0.46230400169235986 0.663929164518604 0.9109168851792375 0.5859182330883645 0.41562047182105905 0.6561263850452322 
0.7120515075302303 0.80224980560926 0.7729925937849342 0.9246377573589095 0.5604301663734312 0.675866138833793 0.8438130818270673 0.7789600307604616 0.796017084122035 0.5995795995184666 0.649938113971843 0.7329525460043896 0.42450039321710187 0.695468731904373 0.5987429386669598 0.7541741706095016 0.3797604294172209 0.7499143624142631 0.5597301225940814 0.5759990897928313 0.41008589765723474 0.5698162287046551 0.6852055186102601 0.49913279823931384 0.3873359101047712 0.6175939684023681 0.45526635696946277 0.5967447938399957 0.4809581556467179 0.6459143621676169 
0.7096959117884407 0.9538154326555366 0.6902659243630411 0.714949642403536 0.9189428419059016 0.6761519434151315 0.8494643828053016 0.7789600307604616 0.5247315226701421 0.6374118407532531 0.5355316379868066 0.7329525460043896 0.6674441037327515 0.7240127951162754 0.5960308707418475 0.7434760829259042 0.3797604294172209 0.7499143624142631 0.5621411111525105 0.4959899795991896 0.41383505331677983 0.523880185304878 0.5112239099972378 0.5004663617060818 0.3633474483058024 0.6699677558041912 0.45526635696946277 0.4113100772439353 0.4809581556467179 0.4589448187325824 
0.7162394923184496 0.80224980560926 0.6902857936567423 0.9257418956081059 0.556354750325812 0.682243616891734 0.8468983911119291 0.7693098910274958 0.8146233469332982 0.6300016319602997 0.6545306617528174 0.7470666333475342 0.6377099239487636 0.6851884989752021 0.5732278629186529 0.5280773763312918 0.4036235386283308 0.407161161071235 0.46708801216358453 0.5136139796679795 0.3597523026076485 0.6091586922972365 0.6825630773232092 0.4995577352641764 0.45617026294264895 0.6575184332768482 0.2533505364992783 0.5859182330883645 0.4745639455486448 0.6564674497364716 
0.7162394923184496 0.80224980560926 0.6902857936567423 0.9257418956081059 0.556354750325812 0.682243616891734 0.8468983911119291 0.7693098910274958 0.8146233469332982 0.6300016319602997 0.6545306617528174 0.7470666333475342 0.6377099239487636 0.6851884989752021 0.5732278629186529 0.5280773763312918 0.4036235386283308 0.407161161071235 0.46708801216358453 0.5136139796679795 0.3597523026076485 0.6091586922972365 0.6825630773232092 0.4995577352641764 0.45617026294264895 0.6575184332768482 0.2533505364992783 0.5859182330883645 0.4745639455486448 0.6564674497364716 
0.7160686168942801 0.7063785854517831 0.6764744516958024 0.923234742751686 0.9023963233460534 0.6869052966788329 0.8472985494740995 0.7637960517512251 0.8013072464060801 0.6374118407532531 0.5398651821569747 0.7278315935516633 0.6762933291094819 0.7003079600198259 0.6011586570023514 0.7416492504297103 0.3797604294172209 0.7264805458398486 0.5652098904828465 0.5136139796679795 0.4192205582396517 0.5215031270550717 0.6769127713421392 0.45160784932152037 0.45617026294264895 0.6416194225279442 0.2623844742181015 0.5783178223075491 0.4809581556467179 0.4589448187325824 
0.7160686168942801 0.80224980560926 0.6836034518623026 0.9257418956081059 0.8946869477758574 0.6869052966788329 0.8472985494740995 0.5485720013749423 0.9120895628810746 0.6374118407532531 0.6468641960941348 0.7241441175827381 0.6702791575326573 0.6885500346267618 0.6011586570023514 0.7416492504297103 0.3797604294172209 0.7264805458398486 0.5596693018001943 0.4959899795991896 0.4192205582396517 0.5206879470155767 0.5114994088924545 0.5004663617060818 0.3679298705268067 0.6699677558041912 0.45526635696946277 0.5859182330883645 0.4809581556467179 0.4589448187325824 
0.7160686168942801 0.7063785854517831 0.6764744516958024 0.923234742751686 0.9023963233460534 0.6869052966788329 0.8472985494740995 0.7637960517512251 0.8013072464060801 0.6374118407532531 0.5398651821569747 0.7278315935516633 0.6762933291094819 0.7003079600198259 0.6011586570023514 0.7416492504297103 0.3797604294172209 0.7264805458398486 0.5652098904828465 0.5136139796679795 0.4192205582396517 0.5215031270550717 0.6769127713421392 0.45160784932152037 0.45617026294264895 0.6416194225279442 0.2623844742181015 0.5783178223075491 0.4809581556467179 0.4589448187325824 
0.7070362043889252 0.80224980560926 0.6902857936567423 0.9257418956081059 0.556354750325812 0.682243616891734 0.8468983911119291 0.7693098910274958 0.796017084122035 0.6288782657977835 0.649938113971843 0.7389791288898131 0.6762933291094819 0.695468731904373 0.5909735484275893 0.7541741706095016 0.4034998084727522 0.7265039491097997 0.5597301225940814 0.5759990897928313 0.367262912467179 0.5738254343660826 0.680980680312949 0.4956787083656201 0.46987225891075546 0.6699677558041912 0.45153713827201475 0.5859182330883645 0.46629768134954563 0.6564674497364716 
0.7070362043889252 0.80224980560926 0.6902857936567423 0.9257418956081059 0.556354750325812 0.682243616891734 0.8468983911119291 0.7693098910274958 0.796017084122035 0.6288782657977835 0.649938113971843 0.7389791288898131 0.6762933291094819 0.695468731904373 0.5909735484275893 0.7541741706095016 0.4034998084727522 0.7265039491097997 0.5597301225940814 0.5759990897928313 0.367262912467179 0.5738254343660826 0.680980680312949 0.4956787083656201 0.46987225891075546 0.6699677558041912 0.45153713827201475 0.5859182330883645 0.46629768134954563 0.6564674497364716 
0.7070362043889252 0.80224980560926 0.7576350500414054 0.9637139278347012 0.8656700270386571 0.8003420370186063 0.8468983911119291 0.9020581683462272 0.796017084122035 0.5560578623516682 0.6438799682206959 0.7296095959014908 0.6539627650361094 0.6919503065658675 0.6207715987569212 0.5347061561907397 0.4034998084727522 0.5159690303543861 0.5642362827525409 0.4503312966161404 0.4719292666731991 0.5721722247450904 0.6764640513467285 0.4918981289198477 0.37708802605514014 0.672105632108575 0.4455161114464489 0.6061784017294586 0.5551351684135555 0.6294809803237253 
0.7157319865157733 0.8051828339928961 0.7695251268071965 0.7324780491207743 0.556354750325812 0.6728532777037913 0.7590769874947536 0.7626400297859617 0.8095383448525003 0.6150461887554904 0.6457416618045944 0.7293827046406072 0.6827684247643432 0.682033401038985 0.5498563702154655 0.5211708506672461 0.39872972409596164 0.7416015108014956 0.5693492470320125 0.5759990897928313 0.367262912467179 0.5738254343660826 0.6637743994251815 0.4956787083656201 0.4569935815140054 0.6114570320977372 0.4604655933531351 0.5967447938399957 0.4210624336087181 0.6561263850452322 
0.6996706094687647 0.9548967120536306 0.7695251268071965 0.9257418956081059 0.896734640475098 0.8140340630813786 0.8171103769540884 0.7709967888419463 0.8012921867953242 0.5918471367661284 0.5288079735356672 0.7389791288898131 0.6833802621141781 0.6910245686281364 0.5818161202680255 0.6591596760514612 0.40341536292083985 0.7256730500174847 0.5622015525808394 0.5059188372386811 0.4097671687115598 0.5901459452822472 0.6835079098382718 0.4928876132845183 0.45886025094821636 0.6657644769439109 0.2533505364992783 0.5904623861773676 0.4809581556467179 0.6564674497364716 
0.6996706094687647 0.9548967120536306 0.7695251268071965 0.9257418956081059 0.896734640475098 0.8140340630813786 0.8171103769540884 0.7709967888419463 0.8012921867953242 0.5918471367661284 0.5288079735356672 0.7389791288898131 0.6833802621141781 0.6910245686281364 0.5818161202680255 0.6591596760514612 0.40341536292083985 0.7256730500174847 0.5622015525808394 0.5059188372386811 0.4097671687115598 0.5901459452822472 0.6835079098382718 0.4928876132845183 0.45886025094821636 0.6657644769439109 0.2533505364992783 0.5904623861773676 0.4809581556467179 0.6564674497364716 
0.7070362043889252 0.9945993527767324 0.6836034518623026 0.9257418956081059 0.8946869477758574 0.6724493814893839 0.8171103769540884 0.7637960517512251 0.8013072464060801 0.6374118407532531 0.6545306617528174 0.7389791288898131 0.6762933291094819 0.6910245686281364 0.581794020855972 0.7499100454587699 0.4063428652865365 0.7265039491097997 0.5622015525808394 0.5136139796679795 0.4097671687115598 0.6091586922972365 0.6769127713421392 0.4995577352641764 0.45617026294264895 0.6416194225279442 0.2533505364992783 0.5859182330883645 0.46629768134954563 0.6564674497364716 
0.696393145953774 0.9431982557801671 0.7676335605197984 0.93248027492518 0.9067068824558471 0.8003420370186063 0.840607969656625 0.8490516993515452 0.38035315015218063 0.6324361877420848 0.5288079735356672 0.7382028346344691 0.6597370147034665 0.7202827091383478 0.5705946706138638 0.7541741706095016 0.40254666302169406 0.7333565506831619 0.5567135724025817 0.43537220653731407 0.6558452800308455 0.5721722247450904 0.6746685143962335 0.4928876132845183 0.37708802605514014 0.6657644769439109 0.4490128627150984 0.584481024995491 0.48664343029666374 0.6591296399480732 
0.7054212473265189 0.9904584249990136 0.6836034518623026 0.9257418956081059 0.896734640475098 0.675332852150914 0.840607969656625 0.7612082509831918 0.804915070738755 0.6357669431206758 0.5288079735356672 0.7389791288898131 0.6650564997099658 0.69260379915314 0.5713163038369187 0.7541741706095016 0.40102590892063106 0.7358616214158216 0.5596693018001943 0.4959899795991896 0.6439972655168674 0.5827894752240029 0.6835079098382718 0.45160784932152037 0.37708802605514014 0.6657644769439109 0.8003394161800114 0.5859182330883645 0.4809581556467179 0.4589448187325824 
0.7054212473265189 0.9904584249990136 0.6836034518623026 0.9257418956081059 0.896734640475098 0.675332852150914 0.840607969656625 0.7612082509831918 0.804915070738755 0.6357669431206758 0.5288079735356672 0.7389791288898131 0.6650564997099658 0.69260379915314 0.5713163038369187 0.7541741706095016 0.40102590892063106 0.7358616214158216 0.5596693018001943 0.4959899795991896 0.6439972655168674 0.5827894752240029 0.6835079098382718 0.45160784932152037 0.37708802605514014 0.6657644769439109 0.8003394161800114 0.5859182330883645 0.4809581556467179 0.4589448187325824 
0.6940561796076047 0.9997043715331212 0.7773091661661575 0.9488651183115407 0.8900116523550895 0.8002206912451996 0.8171103769540884 0.5504776681056546 0.8013072464060801 0.5181296588173119 0.6580029552878762 0.7389791288898131 0.6332865912249607 0.7149874288194609 0.5796597991372634 0.5279196933447721 0.40102590892063106 0.7358616214158216 0.5622015525808394 0.5136139796679795 0.6573960706310102 0.524839595426516 0.6720026979369661 0.4995577352641764 0.37708802605514014 0.6497934573971629 0.45505785934154125 0.5859182330883645 0.45835494609620936 0.4589448187325824 
0.696393145953774 0.9431982557801671 0.7676335605197984 0.93248027492518 0.9067068824558471 0.8003420370186063 0.840607969656625 0.8490516993515452 0.38035315015218063 0.6324361877420848 0.5288079735356672 0.7382028346344691 0.6597370147034665 0.7202827091383478 0.5705946706138638 0.7541741706095016 0.40254666302169406 0.7333565506831619 0.5567135724025817 0.43537220653731407 0.6558452800308455 0.5721722247450904 0.6746685143962335 0.4928876132845183 0.37708802605514014 0.6657644769439109 0.4490128627150984 0.584481024995491 0.48664343029666374 0.6591296399480732 
0.6928794874158195 0.9548967120536306 0.7695251268071965 0.714949642403536 0.8955750505092899 0.8104688601714651 0.8171103769540884 0.8490516993515452 0.80934563819262 0.6341097546359808 0.6593811693095424 0.8932250639331117 0.5542830194085945 0.7159932787496353 0.5909735484275893 0.6591596760514612 0.4034998084727522 0.7229117401913217 0.5762076337695387 0.43537220653731407 0.42306253575256353 0.5721722247450904 0.5695623143385132 0.4928876132845183 0.45429101428549973 0.6168726403362087 0.4517869105463872 0.5853760823678307 0.4079281559988038 0.6440278432913263 
0.6875291745752086 0.9548967120536306 0.7695251268071965 0.7245574844724381 0.896734640475098 0.8104688601714651 0.8171103769540884 0.7709967888419463 0.8040244826175186 0.6341097546359808 0.6534710945751661 0.8879949274557293 0.6202279528852731 0.7159932787496353 0.5808395686583203 0.6591596760514612 0.3968836389313445 0.7465311530543509 0.5768204258043886 0.4367318427326962 0.42306253575256353 0.5650293674008307 0.6786580356876296 0.4928876132845183 0.3863419848101774 0.674714683245251 0.5177434866311446 0.582249365964649 0.4933364462545862 0.6540677430074404 
0.6875291745752086 0.9548967120536306 0.7695251268071965 0.7245574844724381 0.896734640475098 0.8104688601714651 0.8171103769540884 0.7709967888419463 0.8040244826175186 0.6341097546359808 0.6534710945751661 0.8879949274557293 0.6202279528852731 0.7159932787496353 0.5808395686583203 0.6591596760514612 0.3968836389313445 0.7465311530543509 0.5768204258043886 0.4367318427326962 0.42306253575256353 0.5650293674008307 0.6786580356876296 0.4928876132845183 0.3863419848101774 0.674714683245251 0.5177434866311446 0.582249365964649 0.4933364462545862 0.6540677430074404 
0.6875291745752086 0.9548967120536306 0.7695251268071965 0.9257418956081059 0.896734640475098 0.8104688601714651 0.8533924998835957 0.7709967888419463 0.8012921867953242 0.6341097546359808 0.6534710945751661 0.8932250639331117 0.5994283650320692 0.7159932787496353 0.5808395686583203 0.6591596760514612 0.3968836389313445 0.7287751546813757 0.5762076337695387 0.43985050557637995 0.42306253575256353 0.5732133384227603 0.6835079098382718 0.4928876132845183 0.37708802605514014 0.6699677558041912 0.7970560149013257 0.5893287209176808 0.4809581556467179 0.6646140538200623 
0.6915022884192349 0.9997043715331212 0.7791763883023749 0.952597940769624 0.8911842347619865 0.8002206912451996 0.8171103769540884 0.8496734012374044 0.80934563819262 0.626841263511445 0.6593811693095424 0.5477861627723724 0.6332865912249607 0.7159932787496353 0.5925130253796165 0.6591596760514612 0.40102590892063106 0.7445044209251277 0.5762076337695387 0.4295167881174947 0.6568833006399741 0.4594359139885894 0.6720026979369661 0.4585311044927365 0.3552777979382219 0.6830369050369438 0.4517869105463872 0.5760370082254672 0.4933364462545862 0.4589448187325824 
0.6875291745752086 0.9548967120536306 0.7695251268071965 0.9257418956081059 0.896734640475098 0.8104688601714651 0.8533924998835957 0.7709967888419463 0.8012921867953242 0.6341097546359808 0.6534710945751661 0.8932250639331117 0.5994283650320692 0.7159932787496353 0.5808395686583203 0.6591596760514612 0.3968836389313445 0.7287751546813757 0.5762076337695387 0.43985050557637995 0.42306253575256353 0.5732133384227603 0.6835079098382718 0.4928876132845183 0.37708802605514014 0.6699677558041912 0.7970560149013257 0.5893287209176808 0.4809581556467179 0.6646140538200623 
0.6782933625585673 0.80224980560926 0.6902857936567423 0.7225789728029473 0.556354750325812 0.7918790854390773 0.8404976831507991 0.7710174269433958 0.80934563819262 0.9287149988275473 0.8889866712060307 0.8913244831689305 0.6597370147034665 0.7159932787496353 0.5909735484275893 0.7888091524507065 0.6705536852566829 0.7237065556253401 0.5499234316046863 0.4460425563985173 0.6594884682777171 0.5211594216150199 0.6842710583533235 0.45160784932152037 0.37708802605514014 0.6657644769439109 0.46685934172746707 0.580038533911431 0.4730618494867731 0.6646140538200623 
0.7105459868965491 0.9171097491837965 0.7695251268071965 0.952597940769624 0.9032941620292426 0.8144481504677256 0.8553701200213014 0.7709967888419463 0.8012921867953242 0.6341097546359808 0.6655064013624213 0.5477861627723724 0.6135930181008012 0.6975624930119927 0.6309969187528486 0.532178863083607 0.3968836389313445 0.7382307642325856 0.5762076337695387 0.43985050557637995 0.6568833006399741 0.5732133384227603 0.6786580356876296 0.45160784932152037 0.35991657430732577 0.674714683245251 0.7970560149013257 0.25288783048843155 0.4933364462545862 0.6540677430074404 
0.7054978696282623 0.9548967120536306 0.7773091661661575 0.9450591740037907 0.9001611062836159 0.6605277143679246 0.8486622398535474 0.8490516993515452 0.8110372890691183 0.7077640850397544 0.6581401352416739 0.8900658674633968 0.63763565056605 0.37160498167849265 0.5909735484275893 0.6591596760514612 0.38625132636825454 0.7382307642325856 0.5762076337695387 0.46145073485633115 0.42306253575256353 0.5793117697099343 0.4473508065653407 0.4914925380053481 0.45429101428549973 0.6118859064979012 0.44268960673718827 0.5853760823678307 0.40673144179033843 0.644476516799795 
0.6909008610059134 0.8113463734409302 0.7767441897169992 0.9269507715239867 0.8756429048654218 0.8003420370186063 0.8409267735732503 0.773886388282195 0.797171167293783 0.6140811298258977 0.6525242284943736 0.5477861627723724 0.6135930181008012 0.6919503065658675 0.5705946706138638 0.7541741706095016 0.7512308331210964 0.5066397525816656 0.569453048490526 0.6928853728586215 0.6486391440727561 0.5239404033993175 0.6764640513467285 0.45160784932152037 0.49105349810410165 0.674714683245251 0.29841669003989885 0.24757672269261943 0.4933364462545862 0.6540677430074404 
0.6977214806328393 0.9230097955305955 0.7952614166377557 0.7232612264582957 0.8999151547899584 0.8003420370186063 0.8539174785904802 0.5504776681056546 0.8040539720216963 0.5560578623516682 0.6552216052634267 0.8111609979769048 0.6597370147034665 0.71368973887422 0.6207715987569212 0.5354144745521705 0.40399510668042965 0.7358616214158216 0.5642362827525409 0.49689931670587895 0.6582791823348975 0.515100040945706 0.5976677378209998 0.4958575619159233 0.38883434023092334 0.6497934573971629 0.4614191055097924 0.6125029714286601 0.46308641123162325 0.6520541610670021 
0.6977214806328393 0.9230097955305955 0.7952614166377557 0.7232612264582957 0.8999151547899584 0.8003420370186063 0.8539174785904802 0.5504776681056546 0.8040539720216963 0.5560578623516682 0.6552216052634267 0.8111609979769048 0.6597370147034665 0.71368973887422 0.6207715987569212 0.5354144745521705 0.40399510668042965 0.7358616214158216 0.5642362827525409 0.49689931670587895 0.6582791823348975 0.515100040945706 0.5976677378209998 0.4958575619159233 0.38883434023092334 0.6497934573971629 0.4614191055097924 0.6125029714286601 0.46308641123162325 0.6520541610670021 
0.7123503643627898 0.9201138737412894 0.7952614166377557 0.7232612264582957 0.9953233348976918 0.6440926725718803 0.8539174785904802 0.7775083613034276 0.8040539720216963 0.6515221416827222 0.6427629725841597 0.6438523503422531 0.6597370147034665 0.71368973887422 0.5705946706138638 0.5354144745521705 0.40318490068739665 0.8636688140485381 0.5702813236464865 0.49689931670587895 0.6586392125450382 0.527138946477905 0.5106359909954805 0.4958575619159233 0.5071419293755884 0.6582838353376885 0.4614191055097924 0.1850393571831433 0.4668590991320307 0.6455851468192484 
0.6915022884192349 0.9997043715331212 0.7791763883023749 0.952597940769624 0.8911842347619865 0.8002206912451996 0.8171103769540884 0.8496734012374044 0.80934563819262 0.626841263511445 0.6593811693095424 0.5477861627723724 0.6332865912249607 0.7159932787496353 0.5925130253796165 0.6591596760514612 0.40102590892063106 0.7445044209251277 0.5762076337695387 0.4295167881174947 0.6568833006399741 0.4594359139885894 0.6720026979369661 0.4585311044927365 0.3552777979382219 0.6830369050369438 0.4517869105463872 0.5760370082254672 0.4933364462545862 0.4589448187325824 
0.6975000583976951 0.9941005360756342 0.7947159263836653 0.7122509407625293 0.8911842347619865 0.7835620544069052 0.68855050154144 0.762538781845206 0.7986396565553543 0.626841263511445 0.6348179128788389 0.5424051922031247 0.6443670367518265 0.7159932787496353 0.5705946706138638 0.4223960138996879 0.40318490068739665 0.7406028436162212 0.5767384747142688 0.4295167881174947 0.4840277330407427 0.4594359139885894 0.6988570350809789 0.43956751035239067 0.4513669633385162 0.6830369050369438 0.4614191055097924 0.5760370082254672 0.4668590991320307 0.6455851468192484 
0.6928794874158195 0.9548967120536306 0.7695251268071965 0.714949642403536 0.8955750505092899 0.8104688601714651 0.8171103769540884 0.8490516993515452 0.80934563819262 0.6341097546359808 0.6593811693095424 0.8932250639331117 0.5542830194085945 0.7159932787496353 0.5909735484275893 0.6591596760514612 0.4034998084727522 0.7229117401913217 0.5762076337695387 0.43537220653731407 0.42306253575256353 0.5721722247450904 0.5695623143385132 0.4928876132845183 0.45429101428549973 0.6168726403362087 0.4517869105463872 0.5853760823678307 0.4079281559988038 0.6440278432913263 
0.697502611826537 0.8113463734409302 0.7947159263836653 0.9269507715239867 0.8878339641355969 0.8084706374674827 0.8409267735732503 0.762538781845206 0.7986396565553543 0.626841263511445 0.6525242284943736 0.5388274112971266 0.6443670367518265 0.9081015526368446 0.5705946706138638 0.4223960138996879 0.40318490068739665 0.5066397525816656 0.5681128482115189 0.6928853728586215 0.4808830845148736 0.5239404033993175 0.691292517393181 0.45160784932152037 0.5004290569859291 0.680686191001848 0.4614191055097924 0.24757672269261943 0.4933364462545862 0.6540677430074404 
0.694691483724399 0.9164973578466656 0.7576350500414054 0.9570079194312231 0.8756429048654218 0.8003420370186063 0.8587913975598733 0.9006385573849152 0.797171167293783 0.5560578623516682 0.6419490122314814 0.8111609979769048 0.6539627650361094 0.7001360605768847 0.6207715987569212 0.5354144745521705 0.7473823278135354 0.5066397525816656 0.5642362827525409 0.6928853728586215 0.6486391440727561 0.5721722247450904 0.6764640513467285 0.489501109154121 0.37708802605514014 0.6742235298789415 0.4455161114464489 0.6125029714286601 0.46308641123162325 0.6350867451888824 
0.6988139146668922 0.8113463734409302 0.7788172247553274 0.9269507715239867 0.8756429048654218 0.8003420370186063 0.8527219933195441 0.9006385573849152 0.797171167293783 0.6558947065989199 0.6525242284943736 0.9081552882249502 0.6565521431095632 0.6926774323212777 0.6207715987569212 0.7541741706095016 0.7436209678859675 0.7447026905370235 0.5759755874189814 0.6928853728586215 0.6486391440727561 0.524839595426516 0.6764640513467285 0.44782849220747906 0.37708802605514014 0.6670850523229409 0.45934518520309614 0.6209758069627459 0.6725546183781954 0.6737408163912192 
0.697502611826537 0.8113463734409302 0.7947159263836653 0.9269507715239867 0.8878339641355969 0.8084706374674827 0.8409267735732503 0.762538781845206 0.7986396565553543 0.626841263511445 0.6525242284943736 0.5388274112971266 0.6443670367518265 0.9081015526368446 0.5705946706138638 0.4223960138996879 0.40318490068739665 0.5066397525816656 0.5681128482115189 0.6928853728586215 0.4808830845148736 0.5239404033993175 0.691292517393181 0.45160784932152037 0.5004290569859291 0.680686191001848 0.4614191055097924 0.24757672269261943 0.4933364462545862 0.6540677430074404 
0.6975000583976951 0.9941005360756342 0.7947159263836653 0.7122509407625293 0.8911842347619865 0.7835620544069052 0.68855050154144 0.762538781845206 0.7986396565553543 0.626841263511445 0.6348179128788389 0.5424051922031247 0.6443670367518265 0.7159932787496353 0.5705946706138638 0.4223960138996879 0.40318490068739665 0.7406028436162212 0.5767384747142688 0.4295167881174947 0.4840277330407427 0.4594359139885894 0.6988570350809789 0.43956751035239067 0.4513669633385162 0.6830369050369438 0.4614191055097924 0.5760370082254672 0.4668590991320307 0.6455851468192484 
0.694691483724399 0.9164973578466656 0.7576350500414054 0.9570079194312231 0.8756429048654218 0.8003420370186063 0.8587913975598733 0.9006385573849152 0.797171167293783 0.5560578623516682 0.6419490122314814 0.8111609979769048 0.6539627650361094 0.7001360605768847 0.6207715987569212 0.5354144745521705 0.7473823278135354 0.5066397525816656 0.5642362827525409 0.6928853728586215 0.6486391440727561 0.5721722247450904 0.6764640513467285 0.489501109154121 0.37708802605514014 0.6742235298789415 0.4455161114464489 0.6125029714286601 0.46308641123162325 0.6350867451888824 
0.6909008610059134 0.8113463734409302 0.7767441897169992 0.9269507715239867 0.8756429048654218 0.8003420370186063 0.8409267735732503 0.773886388282195 0.797171167293783 0.6140811298258977 0.6525242284943736 0.5477861627723724 0.6135930181008012 0.6919503065658675 0.5705946706138638 0.7541741706095016 0.7512308331210964 0.5066397525816656 0.569453048490526 0.6928853728586215 0.6486391440727561 0.5239404033993175 0.6764640513467285 0.45160784932152037 0.49105349810410165 0.674714683245251 0.29841669003989885 0.24757672269261943 0.4933364462545862 0.6540677430074404 
0.694691483724399 0.9050190026847924 0.7727199633887765 0.9397910533208995 0.8955750505092899 0.8033506753396584 0.8442697283682604 0.8931698319938866 0.9244215407439047 0.6372979302702718 0.6580029552878762 0.9069897591471286 0.6443670367518265 0.7156402503356728 0.6261673306913751 0.5453594421898609 0.7512180241698754 0.8642246157511374 0.5628696171079763 0.5006756301282069 0.4690819313511492 0.527138946477905 0.6781945038358028 0.4928876132845183 0.4566026325926498 0.6506717268796101 0.47768621172741793 0.19479116636746469 0.39940358299211237 0.6700693966343835 
0.7037807446982522 0.9121553773190143 0.7767441897169992 0.7103703477337732 0.8715573403048648 0.8093794661076325 0.8184731819618003 0.7778042788801285 0.8066687393420754 0.6513048189300017 0.6437906557673267 0.8146510064812107 0.6614780447269124 0.7185692780588278 0.635214114117828 0.5347061561907397 0.7512308331210964 0.5066397525816656 0.5628696171079763 0.5006756301282069 0.6502989171775099 0.5689821740193866 0.6764640513467285 0.4918981289198477 0.4473453745298598 0.6744521417859248 0.4642651408951518 0.18796664848908096 0.4668590991320307 0.6408482075624252 
0.6988139146668922 0.8113463734409302 0.7719189443323231 0.7103703477337732 0.875358372927923 0.8003420370186063 0.8527219933195441 0.909180266454147 0.802133656152923 0.6502018149627835 0.648276142321992 0.8111609979769048 0.6614780447269124 0.6955071901729376 0.6340519410088509 0.43941980305412714 0.7523497891352433 0.8854255348179879 0.5759755874189814 0.49411945339638674 0.6486391440727561 0.5678787344683597 0.6764640513467285 0.4918981289198477 0.5069526986395063 0.6864882776374667 0.477538547746128 0.18796664848908096 0.49621091159094927 0.620490011710747 
0.7009563240189189 0.9090845893338322 0.7767441897169992 0.7315403033735104 0.8634746599402677 0.465940832375338 0.5745507981679742 0.7778042788801285 0.8054555867247083 0.6513048189300017 0.662516812043054 0.8169058812636022 0.6363744824085078 0.6809908836593412 0.5934400924994335 0.5465016947407995 0.7512308331210964 0.7343279830583448 0.5628696171079763 0.4636012897456303 0.6528843395445417 0.6075400518749677 0.6764640513467285 0.3938963275609056 0.5070954939695489 0.6625062641803096 0.48652523520296775 0.18028789736552933 0.49520870889119634 0.6565486001589504 
0.6988139146668922 0.8113463734409302 0.7719189443323231 0.7103703477337732 0.875358372927923 0.8003420370186063 0.8527219933195441 0.909180266454147 0.802133656152923 0.6502018149627835 0.648276142321992 0.8111609979769048 0.6614780447269124 0.6955071901729376 0.6340519410088509 0.43941980305412714 0.7523497891352433 0.8854255348179879 0.5759755874189814 0.49411945339638674 0.6486391440727561 0.5678787344683597 0.6764640513467285 0.4918981289198477 0.5069526986395063 0.6864882776374667 0.477538547746128 0.18796664848908096 0.49621091159094927 0.620490011710747 
0.6952340662534815 0.9179825275392997 0.7652624508400084 0.7103703477337732 0.8715573403048648 0.8003420370186063 0.8171103769540884 0.7745245206527491 0.80934563819262 0.6407554897884987 0.648276142321992 0.8111609979769048 0.6539627650361094 0.6919503065658675 0.635214114117828 0.5347061561907397 0.7512308331210964 0.5066397525816656 0.5628696171079763 0.4503312966161404 0.4719292666731991 0.5721722247450904 0.6691026303282955 0.4918981289198477 0.5069526986395063 0.6744521417859248 0.4455161114464489 0.6125029714286601 0.4625242760291824 0.6350867451888824 
0.6007786875367966 0.8092868732006924 0.8482170851470695 0.714949642403536 0.8792376959047474 0.6920045419730382 0.8171103769540884 0.5773276599514533 0.8011021146077345 0.6135683009993995 0.6625849367347264 0.8038286909613821 0.636190425250787 0.5211693731764632 0.5676155248243935 0.6591596760514612 0.27158426299731797 0.5322238921288818 0.5762076337695387 0.4460425563985173 0.6611867874208538 0.5816044971943113 0.40908344781852995 0.48187586150133455 0.4490193704528682 0.357542693319518 0.3054733063804172 0.08271217682638933 0.47359082155466414 0.19251838519093634 
0.6952340662534815 0.9179825275392997 0.7652624508400084 0.7103703477337732 0.8715573403048648 0.8003420370186063 0.8171103769540884 0.7745245206527491 0.80934563819262 0.6407554897884987 0.648276142321992 0.8111609979769048 0.6539627650361094 0.6919503065658675 0.635214114117828 0.5347061561907397 0.7512308331210964 0.5066397525816656 0.5628696171079763 0.4503312966161404 0.4719292666731991 0.5721722247450904 0.6691026303282955 0.4918981289198477 0.5069526986395063 0.6744521417859248 0.4455161114464489 0.6125029714286601 0.4625242760291824 0.6350867451888824 
0.6892747539024213 0.9090845893338322 0.7767441897169992 0.9269507715239867 0.8836096043316936 0.8084706374674827 0.68855050154144 0.762538781845206 0.7986396565553543 0.6513048189300017 0.6301046062091457 0.5456011286620548 0.6472283473817255 0.9081015526368446 0.5934400924994335 0.5452555432451331 0.7512308331210964 0.5066397525816656 0.5628696171079763 0.6928853728586215 0.4808830845148736 0.4594359139885894 0.6764640513467285 0.39642257703124134 0.5395491242824656 0.6840780922293361 0.46860408188285896 0.24265295978778323 0.49044736658253296 0.6540677430074404 
0.6920663247644736 0.9201138737412894 0.7895830553148903 0.714949642403536 0.8955750505092899 0.8093794661076325 0.8474265735466037 0.770830239994821 0.8040539720216963 0.6513048189300017 0.6427629725841597 0.911244572880235 0.6521824100717842 0.7098050985801756 0.6261673306913751 0.5354144745521705 0.7512180241698754 0.8586907016113037 0.5628696171079763 0.5097952104599268 0.6586392125450382 0.5210510950887393 0.5192047953255309 0.4958575619159233 0.49965668603640945 0.45074615470214685 0.4659888155931516 0.18796664848908096 0.4668590991320307 0.649951852453232 
0.6007786875367966 0.8092868732006924 0.8482170851470695 0.714949642403536 0.8792376959047474 0.6920045419730382 0.8171103769540884 0.5773276599514533 0.8011021146077345 0.6135683009993995 0.6625849367347264 0.8038286909613821 0.636190425250787 0.5211693731764632 0.5676155248243935 0.6591596760514612 0.27158426299731797 0.5322238921288818 0.5762076337695387 0.4460425563985173 0.6611867874208538 0.5816044971943113 0.40908344781852995 0.48187586150133455 0.4490193704528682 0.357542693319518 0.3054733063804172 0.08271217682638933 0.47359082155466414 0.19251838519093634 
0.7009563240189189 0.9090845893338322 0.7767441897169992 0.7315403033735104 0.8756429048654218 0.465940832375338 0.8171103769540884 0.7654898876778689 0.8066687393420754 0.6407554897884987 0.648276142321992 0.8111609979769048 0.6614780447269124 0.6919503065658675 0.6267329358200228 0.43941980305412714 0.7512308331210964 0.5066397525816656 0.5628696171079763 0.5463302926081898 0.6528843395445417 0.5689821740193866 0.6764640513467285 0.4918981289198477 0.5069526986395063 0.674714683245251 0.48652523520296775 0.18028789736552933 0.49621091159094927 0.6408482075624252 
0.6892747539024213 0.9090845893338322 0.7767441897169992 0.9269507715239867 0.8836096043316936 0.8084706374674827 0.68855050154144 0.762538781845206 0.7986396565553543 0.6513048189300017 0.6301046062091457 0.5456011286620548 0.6472283473817255 0.9081015526368446 0.5934400924994335 0.5452555432451331 0.7512308331210964 0.5066397525816656 0.5628696171079763 0.6928853728586215 0.4808830845148736 0.4594359139885894 0.6764640513467285 0.39642257703124134 0.5395491242824656 0.6840780922293361 0.46860408188285896 0.24265295978778323 0.49044736658253296 0.6540677430074404 
0.7060757112574256 0.945034075516675 0.7891883708902332 0.9419297173324539 0.8756429048654218 0.5392655973689552 0.8171103769540884 0.7616388463046515 0.8066687393420754 0.6249146181698237 0.6243665926034347 0.5429193416616429 0.6502688534320334 0.708697740445059 0.5983080432093142 0.4266563334040665 0.7512180241698754 0.7426806803264977 0.5713972527519526 0.8606643054227484 0.4775154785565414 0.5314945659787867 0.6846843375753344 0.49882642769077284 0.45475529737918186 0.5428904669840863 0.4647782747701094 0.18036067473881562 0.487515355942891 0.672371890425637 
0.6283937070562412 0.9810449710023854 0.8418891706677887 0.7315403033735104 0.9074747618678312 0.6605277143679246 0.7570080796118649 0.45996665059916503 0.550980855454215 0.6453769882645407 0.662516812043054 0.8111609979769048 0.6363744824085078 0.6847936858672722 0.5866711965321297 0.5465016947407995 0.7953568796373468 0.7343279830583448 0.5513096826454199 0.4636012897456303 0.6569166473132687 0.5976784034656136 0.521529216335129 0.3938963275609056 0.5164709826080354 0.6628531655667669 0.4614191055097924 0.18028789736552933 0.3924996721835368 0.6514459191131523 
0.7037807446982522 0.9121553773190143 0.7767441897169992 0.7103703477337732 0.8715573403048648 0.8093794661076325 0.8184731819618003 0.7778042788801285 0.8066687393420754 0.6513048189300017 0.6437906557673267 0.8146510064812107 0.6614780447269124 0.7185692780588278 0.635214114117828 0.5347061561907397 0.7512308331210964 0.5066397525816656 0.5628696171079763 0.5006756301282069 0.6502989171775099 0.5689821740193866 0.6764640513467285 0.4918981289198477 0.4473453745298598 0.6744521417859248 0.4642651408951518 0.18796664848908096 0.4668590991320307 0.6408482075624252 
0.6882610445879969 0.9343791072643949 0.7767441897169992 0.7146657824088624 0.9152404349568625 0.7885258440336178 0.8171103769540884 0.7643723611007658 0.8040539720216963 0.6388060810068595 0.662516812043054 0.8146510064812107 0.66541294929677 0.7185692780588278 0.6424218495333308 0.4136937403887262 0.3964237982238828 0.8555944765687984 0.5628696171079763 0.5463302926081898 0.6577239603283012 0.25155641870784606 0.6781945038358028 0.2930265423294754 0.5023824618679822 0.6582094934746947 0.4592129749076362 0.18796664848908096 0.4668590991320307 0.6408482075624252 
0.597332669610713 0.9012225237284782 0.7796580480121846 0.7216285795295249 0.8792376959047474 0.6579479791232546 0.8474265735466037 0.7732948847014981 0.530921008391571 0.8855595511653304 0.545033499648352 0.8814348514004963 0.6455572271382031 0.6919503065658675 0.6261673306913751 0.6591596760514612 0.4846871460618829 0.4539700809612781 0.5762076337695387 0.5463302926081898 0.6604694383223436 0.3283202180498327 0.525950311412487 0.38399881512806605 0.5023824618679822 0.2969167468616399 0.3054733063804172 0.09106432476249088 0.5064008335084281 0.19251838519093634 
0.6007786875367966 0.9012225237284782 0.7740568279733228 0.7308942572054431 0.8838309301582778 0.6579479791232546 0.9767892896728416 0.45996665059916503 0.530921008391571 0.30330517821561975 0.545033499648352 0.8814348514004963 0.6346638321074614 0.6919503065658675 0.5794804595037204 0.659166710624917 0.480054989047873 0.4539700809612781 0.5092647221235275 0.5463302926081898 0.6677549845086326 0.3283202180498327 0.525950311412487 0.38399881512806605 0.5023824618679822 0.2969167468616399 0.30275123285631556 0.18810938214147016 0.5128499284217148 0.19376508478384424 
0.597332669610713 0.9012225237284782 0.7796580480121846 0.7216285795295249 0.8792376959047474 0.6579479791232546 0.8474265735466037 0.7732948847014981 0.530921008391571 0.8855595511653304 0.545033499648352 0.8814348514004963 0.6455572271382031 0.6919503065658675 0.6261673306913751 0.6591596760514612 0.4846871460618829 0.4539700809612781 0.5762076337695387 0.5463302926081898 0.6604694383223436 0.3283202180498327 0.525950311412487 0.38399881512806605 0.5023824618679822 0.2969167468616399 0.3054733063804172 0.09106432476249088 0.5064008335084281 0.19251838519093634 
0.6143944788402603 0.9784787013585621 0.7674899899023452 0.7274470724343289 0.8838309301582778 0.6605277143679246 0.7570080796118649 0.6272831065205926 0.6637507802297035 0.6453769882645407 0.6530960590070173 0.8111609979769048 0.610186756328842 0.5183808129766633 0.5768339888357665 0.5447689913587473 0.4659796893705445 0.5245719586983646 0.5513096826454199 0.5174714093469373 0.2388038895236332 0.32056526739454044 0.521529216335129 0.3938963275609056 0.44675153224818964 0.6582269220581917 0.322412224473957 0.08921899236610432 0.4015751858118742 0.4698611215583218 
0.6066307021127749 0.8205757977119345 0.8290560062857245 0.7266207711503256 0.8877564559022828 0.7900920063865139 0.8431578143895567 0.45104389428834035 0.5405926156532985 0.6140811298258977 0.545033499648352 0.8061572863688873 0.6230055391657127 0.25235083871773256 0.5650538707360407 0.7346536198728582 0.41808788774031913 0.4539700809612781 0.5532403985505051 0.5451039602537092 0.6611867874208538 0.32056526739454044 0.521529216335129 0.38918923757878426 0.47693239581340546 0.3059514277872306 0.2953925956663983 0.3066901164502156 0.3934426100013065 0.19376508478384424 
0.6283937070562412 0.9871114468781944 0.8423556321349635 0.7308942572054431 0.8771088194915776 0.6605277143679246 0.8040938336578305 0.45996665059916503 0.550980855454215 0.6244031530263457 0.6676585818411505 0.8038286909613821 0.6369067002903491 0.6847936858672722 0.556113125287351 0.5346158305490566 0.47868131909663714 0.8555944765687984 0.501967197109935 0.4636012897456303 0.6667909063864272 0.5867302660048274 0.521529216335129 0.2986434870693216 0.5164709826080354 0.663300897240982 0.30275123285631556 0.48671237437988624 0.4941632927809067 0.6700996975972111 
0.5996187964530929 0.8197333319410237 0.8290560062857245 0.7308942572054431 0.8838309301582778 0.6658727721688174 0.8431578143895567 0.4484877604467531 0.5313177148050445 0.6140811298258977 0.545033499648352 0.797704767296414 0.6442941443651268 0.25235083871773256 0.5676155248243935 0.7346536198728582 0.47868131909663714 0.4539700809612781 0.6134688665531457 0.46145073485633115 0.6611867874208538 0.31351988090382943 0.521529216335129 0.38918923757878426 0.47693239581340546 0.6729832618567919 0.30275123285631556 0.3130437233222545 0.402592806747163 0.19251838519093634 
0.6143944788402603 0.9023384711771116 0.7674899899023452 0.7216285795295249 0.8838309301582778 0.6579479791232546 0.8353155138704335 0.7649122330273093 0.5357142998308133 0.6453769882645407 0.5518300639613035 0.8111609979769048 0.610186756328842 0.9846266321841501 0.626333722552727 0.6591596760514612 0.4846871460618829 0.4539700809612781 0.6108704463892889 0.5463302926081898 0.2465361611078619 0.3065198785637653 0.525950311412487 0.38918923757878426 0.47693239581340546 0.6729832618567919 0.31374026963103335 0.09106432476249088 0.402592806747163 0.46432891546755717 
0.5996187964530929 0.8197333319410237 0.8290560062857245 0.7308942572054431 0.8838309301582778 0.6658727721688174 0.8431578143895567 0.4484877604467531 0.5313177148050445 0.6140811298258977 0.545033499648352 0.797704767296414 0.6442941443651268 0.25235083871773256 0.5676155248243935 0.7346536198728582 0.47868131909663714 0.4539700809612781 0.6134688665531457 0.46145073485633115 0.6611867874208538 0.31351988090382943 0.521529216335129 0.38918923757878426 0.47693239581340546 0.6729832618567919 0.30275123285631556 0.3130437233222545 0.402592806747163 0.19251838519093634 
0.6007786875367966 0.8152191264954174 0.8423556321349635 0.7308942572054431 0.8838309301582778 0.6605277143679246 0.8486622398535474 0.4479940037037713 0.5605576696466972 0.6135683009993995 0.6587962996558286 0.8038286909613821 0.6439372384387173 0.6847936858672722 0.5676155248243935 0.6591596760514612 0.47868131909663714 0.8134997138102269 0.5762076337695387 0.46145073485633115 0.6611867874208538 0.5793117697099343 0.4124564865814541 0.39045495453897694 0.5164709826080354 0.659088211793663 0.30275123285631556 0.4899968221088886 0.402592806747163 0.19251838519093634 
0.6143944788402603 0.8197333319410237 0.8356653764095661 0.7465678909080204 0.8838309301582778 0.6605277143679246 0.7479038976402461 0.4479940037037713 0.5481828713427453 0.6143125774096792 0.523541399080585 0.5532234713228202 0.615040030548383 0.25208694138809123 0.5565185529890675 0.4136937403887262 0.4659796893705445 0.4256780851275419 0.5666906595200557 0.5180800376370083 0.21264738496113145 0.3184648911029609 0.32167436435003965 0.38918923757878426 0.47693239581340546 0.3581931741923404 0.3140160927269401 0.48671237437988624 0.4025601410952637 0.19251838519093634 
0.6143944788402603 0.9023384711771116 0.7674899899023452 0.7216285795295249 0.8838309301582778 0.6579479791232546 0.8353155138704335 0.7649122330273093 0.5357142998308133 0.6453769882645407 0.5518300639613035 0.8111609979769048 0.610186756328842 0.9846266321841501 0.626333722552727 0.6591596760514612 0.4846871460618829 0.4539700809612781 0.6108704463892889 0.5463302926081898 0.2465361611078619 0.3065198785637653 0.525950311412487 0.38918923757878426 0.47693239581340546 0.6729832618567919 0.31374026963103335 0.09106432476249088 0.402592806747163 0.46432891546755717 
0.6007786875367966 0.8152191264954174 0.8423556321349635 0.7308942572054431 0.8838309301582778 0.6605277143679246 0.8486622398535474 0.4479940037037713 0.5605576696466972 0.6135683009993995 0.6587962996558286 0.8038286909613821 0.6439372384387173 0.6847936858672722 0.5676155248243935 0.6591596760514612 0.47868131909663714 0.8134997138102269 0.5762076337695387 0.46145073485633115 0.6611867874208538 0.5793117697099343 0.4124564865814541 0.39045495453897694 0.5164709826080354 0.659088211793663 0.30275123285631556 0.4899968221088886 0.402592806747163 0.19251838519093634 
0.6143944788402603 0.9784787013585621 0.7674899899023452 0.7274470724343289 0.8838309301582778 0.6605277143679246 0.7570080796118649 0.6272831065205926 0.6637507802297035 0.6453769882645407 0.6530960590070173 0.8111609979769048 0.610186756328842 0.5183808129766633 0.5768339888357665 0.5447689913587473 0.4659796893705445 0.5245719586983646 0.5513096826454199 0.5174714093469373 0.2388038895236332 0.32056526739454044 0.521529216335129 0.3938963275609056 0.44675153224818964 0.6582269220581917 0.322412224473957 0.08921899236610432 0.4015751858118742 0.4698611215583218 
0.5916179318196841 0.8215233664489201 0.7593174984291868 0.3929850920216451 0.8853019613160376 0.6579479791232546 0.7801942081065898 0.5763684168188806 0.5428554738791201 0.6102344583891195 0.6584410500090765 0.5560867651634702 0.6230055391657127 0.23858460603108894 0.5691327173417122 0.7378342677338663 0.4124448853939365 0.531385707614008 0.4878049157376772 0.6858286130920255 0.43767769429471876 0.31982768564538894 0.4124564865814541 0.44959082738878214 0.44675153224818964 0.29451506006147765 0.30621031227916434 0.38209430363697755 0.39708459253110523 0.18117423035819233 
0.5940526248159241 0.8215233664489201 0.8400057056284618 0.7274470724343289 0.8936951401684176 0.660164975198258 0.7728387616798909 0.4484877604467531 0.5340852478988739 0.5994464172926871 0.6582154883873634 0.5560867651634702 0.6265014670352579 0.25235083871773256 0.5844260160631667 0.4136937403887262 0.4659796893705445 0.4539700809612781 0.5618624158117802 0.5451039602537092 0.6677549845086326 0.7711019935757676 0.41684596442158767 0.45891739013585914 0.44675153224818964 0.359559249051829 0.30275123285631556 0.48671237437988624 0.4042551088143055 0.46803046650685154 
0.6007786875367966 0.8152191264954174 0.8423556321349635 0.7248885763244799 0.8943950581179537 0.6544337385434961 0.8486622398535474 0.45499777373485906 0.5605576696466972 0.6135683009993995 0.6587962996558286 0.8061572863688873 0.6449193696341181 0.705460966086392 0.5676155248243935 0.7445673966031827 0.49450272632058484 0.8133971185404616 0.49241973337048367 0.46145073485633115 0.6611867874208538 0.32056526739454044 0.4124564865814541 0.3813764765909945 0.44675153224818964 0.3017856717653518 0.30621031227916434 0.48640748440337167 0.3912660936345082 0.4698611215583218 
0.5940526248159241 0.9213244806459145 0.7674899899023452 0.7274470724343289 0.8792376959047474 0.660164975198258 0.7479038976402461 0.5773276599514533 0.6637507802297035 0.620483727866438 0.6530960590070173 0.5477861627723724 0.6515258668573055 0.5211693731764632 0.5768339888357665 0.7207584269616921 0.5406503330882495 0.5245719586983646 0.4808408321229359 0.7124517213579682 0.23628178027665203 0.32056526739454044 0.41684596442158767 0.45891739013585914 0.44675153224818964 0.359559249051829 0.30621031227916434 0.08271217682638933 0.4015751858118742 0.4698611215583218 
0.5884278228123166 0.6103385729454199 0.8239832093931908 0.7224891069999221 0.8983585801066536 0.660164975198258 0.7537196577215047 0.45855637298879826 0.6461945328742776 0.5994464172926871 0.6423404465076786 0.8061572863688873 0.6515258668573055 0.9870020334615354 0.5676155248243935 0.7445673966031827 0.4659796893705445 0.531908088453505 0.5618624158117802 0.46145073485633115 0.43767769429471876 0.310748815390014 0.41684596442158767 0.45891739013585914 0.44675153224818964 0.2797758598311357 0.31076678343715963 0.48671237437988624 0.41158634460870736 0.4698611215583218 
0.5884278228123166 0.6103385729454199 0.8239832093931908 0.7224891069999221 0.8983585801066536 0.660164975198258 0.7537196577215047 0.45855637298879826 0.6461945328742776 0.5994464172926871 0.6423404465076786 0.8061572863688873 0.6515258668573055 0.9870020334615354 0.5676155248243935 0.7445673966031827 0.4659796893705445 0.531908088453505 0.5618624158117802 0.46145073485633115 0.43767769429471876 0.310748815390014 0.41684596442158767 0.45891739013585914 0.44675153224818964 0.2797758598311357 0.31076678343715963 0.48671237437988624 0.41158634460870736 0.4698611215583218 
0.5888923569823445 0.8113463734409302 0.7784126295389828 0.3044500085076747 0.8877564559022828 0.6631787250967512 0.7756135979162517 0.45855637298879826 0.49285706161560333 0.6180963056235477 0.6370865921467019 0.5477861627723724 0.6137461529342186 0.705460966086392 0.5676155248243935 0.7445673966031827 0.407868395529036 0.39802698339691195 0.49557761215939417 0.6986968514676821 0.4461289853434628 0.32056526739454044 0.4124564865814541 0.44959082738878214 0.4460819847238926 0.3059514277872306 0.30621031227916434 0.3066901164502156 0.39528487697471343 0.4698611215583218 
0.5916179318196841 0.6045153115189951 0.7784126295389828 0.7248885763244799 0.8943950581179537 0.6579479791232546 0.7578489501600546 0.5763684168188806 0.5412763536456475 0.6102344583891195 0.6699784693925147 0.8061572863688873 0.6230055391657127 0.705460966086392 0.57002633107039 0.7445673966031827 0.40872963514572436 0.526271275764923 0.49557761215939417 0.7169821286498059 0.4461289853434628 0.32056526739454044 0.541671380991512 0.44959082738878214 0.44675153224818964 0.3017856717653518 0.30621031227916434 0.31558326449814855 0.3990234868561749 0.4698611215583218 
0.5916179318196841 0.8113463734409302 0.7784126295389828 0.7248885763244799 0.8877564559022828 0.6579479791232546 0.7578489501600546 0.2962295398250205 0.5382416759345102 0.6003105633181869 0.6699784693925147 0.8061572863688873 0.6230055391657127 0.5469878926632981 0.5684343251749193 0.7445673966031827 0.4124078073164602 0.526271275764923 0.48974170112850346 0.72155613448481 0.43767769429471876 0.3163867136293992 0.5323157541898955 0.45867078633222264 0.44779840479644195 0.3017856717653518 0.30621031227916434 0.3066901164502156 0.40010560625678765 0.18117423035819233 
0.5916179318196841 0.6045153115189951 0.7784126295389828 0.7248885763244799 0.8943950581179537 0.6579479791232546 0.7578489501600546 0.5763684168188806 0.5412763536456475 0.6102344583891195 0.6699784693925147 0.8061572863688873 0.6230055391657127 0.705460966086392 0.57002633107039 0.7445673966031827 0.40872963514572436 0.526271275764923 0.49557761215939417 0.7169821286498059 0.4461289853434628 0.32056526739454044 0.541671380991512 0.44959082738878214 0.44675153224818964 0.3017856717653518 0.30621031227916434 0.31558326449814855 0.3990234868561749 0.4698611215583218 
0.5864521602068408 0.6780568701674549 0.7891883708902332 0.7298796398596427 0.8749032939588953 0.7926729615811418 0.7728387616798909 0.45855637298879826 0.6397402181622922 0.6157739571050649 0.5288601373602247 0.5477861627723724 0.6469190280595892 0.2622749350406045 0.602645600912819 0.7207584269616921 0.4659796893705445 0.5226483153262607 0.49241973337048367 0.7691228844821013 0.6509952827164933 0.326899320613265 0.3631964445021778 0.6925223939559872 0.449911683323235 0.26472190971122783 0.30621031227916434 0.37676747769123464 0.39708459253110523 0.18512590620998098 
0.5913464505781574 0.6694330488255814 0.8365211475434704 0.7223597484750727 0.8709055008226354 0.7926729615811418 0.7508937269137808 0.45855637298879826 0.4945595731772666 0.6180963056235477 0.6511418068597155 0.8061572863688873 0.6469190280595892 0.2622749350406045 0.5676155248243935 0.7445673966031827 0.5026382122478983 0.5226483153262607 0.49241973337048367 0.46145073485633115 0.43767769429471876 0.32056526739454044 0.4124564865814541 0.6925223939559872 0.44675153224818964 0.2738208736422402 0.30621031227916434 0.29683009551335754 0.4111862824151943 0.4698611215583218 
0.5916179318196841 0.8113463734409302 0.7784126295389828 0.7248885763244799 0.8877564559022828 0.6579479791232546 0.7578489501600546 0.2962295398250205 0.5382416759345102 0.6003105633181869 0.6699784693925147 0.8061572863688873 0.6230055391657127 0.5469878926632981 0.5684343251749193 0.7445673966031827 0.4124078073164602 0.526271275764923 0.48974170112850346 0.72155613448481 0.43767769429471876 0.3163867136293992 0.5323157541898955 0.45867078633222264 0.44779840479644195 0.3017856717653518 0.30621031227916434 0.3066901164502156 0.40010560625678765 0.18117423035819233 
0.5916179318196841 0.8113463734409302 0.7593174984291868 0.7266207711503256 0.8877564559022828 0.6579479791232546 0.7756135979162517 0.2962295398250205 0.5405926156532985 0.6140811298258977 0.6530960590070173 0.5477861627723724 0.6135930181008012 0.705460966086392 0.57002633107039 0.7346536198728582 0.40872963514572436 0.39335121260465944 0.48974170112850346 0.6928853728586215 0.43767769429471876 0.3534008118185483 0.4124564865814541 0.2855926708800756 0.49105349810410165 0.3059514277872306 0.2960225434988472 0.3066901164502156 0.3934426100013065 0.18117423035819233 
0.5913464505781574 0.6694330488255814 0.8365211475434704 0.7223597484750727 0.8709055008226354 0.7926729615811418 0.7508937269137808 0.45855637298879826 0.4945595731772666 0.6180963056235477 0.6511418068597155 0.8061572863688873 0.6469190280595892 0.2622749350406045 0.5676155248243935 0.7445673966031827 0.5026382122478983 0.5226483153262607 0.49241973337048367 0.46145073485633115 0.43767769429471876 0.32056526739454044 0.4124564865814541 0.6925223939559872 0.44675153224818964 0.2738208736422402 0.30621031227916434 0.29683009551335754 0.4111862824151943 0.4698611215583218 
0.5916179318196841 0.8215233664489201 0.7593174984291868 0.3929850920216451 0.8853019613160376 0.6579479791232546 0.7801942081065898 0.5763684168188806 0.5428554738791201 0.6102344583891195 0.6584410500090765 0.5560867651634702 0.6230055391657127 0.23858460603108894 0.5691327173417122 0.7378342677338663 0.4124448853939365 0.531385707614008 0.4878049157376772 0.6858286130920255 0.43767769429471876 0.31982768564538894 0.4124564865814541 0.44959082738878214 0.44675153224818964 0.29451506006147765 0.30621031227916434 0.38209430363697755 0.39708459253110523 0.18117423035819233 
0.5847353842164568 0.6045153115189951 0.7854602200905715 0.7286145756311364 0.8749032939588953 0.6579479791232546 0.7826762770711361 0.300674166850481 0.6461945328742776 0.6063867936167618 0.6514152968707847 0.5477861627723724 0.6570036730240375 0.9719551017216299 0.602645600912819 0.7207584269616921 0.40872963514572436 0.531908088453505 0.48974170112850346 0.7588021801184887 0.4461289853434628 0.32056526739454044 0.541671380991512 0.2778881998823095 0.4389788893324481 0.26472190971122783 0.30621031227916434 0.29683009551335754 0.4152494091919659 0.18294761516994099 
0.593153872356872 0.8115477861453606 0.7882319209173678 0.7223597484750727 0.8749032939588953 0.6579479791232546 0.7440004209445208 0.9492032548412712 0.6461945328742776 0.6180963056235477 0.6511418068597155 0.8054954340098498 0.6469190280595892 0.2622749350406045 0.602645600912819 0.7207584269616921 0.5329090284308569 0.531908088453505 0.5700269748649933 0.7588021801184887 0.43767769429471876 0.326899320613265 0.415824122819108 0.2778881998823095 0.49361888109152224 0.26472190971122783 0.2981265954525047 0.29683009551335754 0.4152494091919659 0.18294761516994099 
0.5884278228123166 0.6103385729454199 0.7854602200905715 0.7286145756311364 0.8694321514922114 0.7968364829959006 0.7466816957719898 0.2948080497062231 0.6461945328742776 0.18450205000407038 0.6511418068597155 0.5477861627723724 0.6515258668573055 0.980488937469852 0.5676155248243935 0.7207584269616921 0.5026382122478983 0.531908088453505 0.48974170112850346 0.7588021801184887 0.4461289853434628 0.32056526739454044 0.4124564865814541 0.45891739013585914 0.44982396326542695 0.2797758598311357 0.30621031227916434 0.08271217682638933 0.4015751858118742 0.18294761516994099 
0.6033835032281597 0.9714706085631096 0.8709825074432433 0.7223597484750727 0.8904883948407586 0.6634844510805809 0.7756135979162517 0.2192362862646 0.6516604505747379 0.6143293942024745 0.6511418068597155 0.8074583105768439 0.6252384856988658 0.7115603403428278 0.602645600912819 0.7045382253028379 0.4203531921992266 0.8655809060885113 0.5618624158117802 0.708960993450828 0.43767769429471876 0.31980528477348363 0.4144930265085807 0.2855926708800756 0.4856188970409114 0.649325746648565 0.287958027241278 0.2971354546835724 0.3997874614977968 0.15999875256820922 
0.5884278228123166 0.6103385729454199 0.7854602200905715 0.7286145756311364 0.8694321514922114 0.7968364829959006 0.7466816957719898 0.2948080497062231 0.6461945328742776 0.18450205000407038 0.6511418068597155 0.5477861627723724 0.6515258668573055 0.980488937469852 0.5676155248243935 0.7207584269616921 0.5026382122478983 0.531908088453505 0.48974170112850346 0.7588021801184887 0.4461289853434628 0.32056526739454044 0.4124564865814541 0.45891739013585914 0.44982396326542695 0.2797758598311357 0.30621031227916434 0.08271217682638933 0.4015751858118742 0.18294761516994099 
