1.0842424813399376 0.04767050652363861 
1.0583271621837915 0.05728788239765832 
1.0433477360657684 0.06557467448144191 
1.0433477360657684 0.06557467448144191 
1.0295418705444475 0.0827962946058687 
1.0236919517037257 0.09395600417493702 
1.0135370916083004 0.10603662955132279 
1.0135370916083004 0.10603662955132279 
0.9946067551990874 0.13072016115300308 
0.9802252842675689 0.13824250381035497 
0.9796982440041911 0.14761583810962564 
0.9795121335690863 0.15210167647663386 
0.9792543362666662 0.1583149522898054 
0.9792543362666662 0.1583149522898054 
0.9789907602569381 0.19357052908834238 
0.9789907602569381 0.19357052908834238 
0.978966778253389 0.17595558261116967 
0.9790202203533819 0.19142982427227967 
0.978966778253389 0.17595558261116967 
0.9790202203533819 0.19142982427227967 
0.9306957689171698 0.2760363513910643 
0.9306957689171698 0.2760363513910643 
0.9209318755032376 0.2980067619528812 
0.9166476373758575 0.31007526640410277 
0.8855210771472337 0.31749570255101334 
0.8764885012181566 0.31839703367526795 
0.8723490947366628 0.32888686355255353 
0.8723490947366628 0.32888686355255353 
0.8720751057325556 0.3588112603836277 
0.8720751057325556 0.3588112603836277 
0.8717072711981231 0.3865001077359142 
0.8718434415389942 0.39334715859860747 
0.8717705090102476 0.41807947716330085 
0.8718434415389942 0.39334715859860747 
0.8719774602877257 0.4267258668222542 
0.8717072711981231 0.3865001077359142 
0.8717705090102476 0.41807947716330085 
0.871872220770909 0.38735808880932243 
0.7546719734846374 0.5529141577341954 
0.7446929662043498 0.5533912391580295 
0.7546719734846374 0.5529141577341954 
0.7446929662043498 0.5533912391580295 
0.7293290437578844 0.5566383206775711 
0.7134935969572207 0.5605331373236737 
0.7134935969572207 0.5605331373236737 
0.7080784169775253 0.5910154800313321 
0.7085204715366089 0.5844253529743899 
0.7080784169775253 0.5910154800313321 
0.7082553613792931 0.625687015569331 
0.6777321666169323 0.6704472073641724 
0.662398354973815 0.6835746600229625 
0.6562899553786955 0.6911646545308703 
0.6514606220075455 0.7122552962515095 
0.6463149744854693 0.7245868844520054 
0.6463149744854693 0.7245868844520054 
0.6015654078235603 0.7867418324057819 
0.5823930267177345 0.7854860817452753 
0.5823930267177345 0.7854860817452753 
0.5764140181002091 0.7917336106955569 
0.5598058541063896 0.7991823072472842 
0.5559265874714521 0.8115447138843187 
0.5564102738451248 0.8246841993816647 
0.4927145426443603 0.8904204705246346 
0.4442174220272722 0.89066352995986 
0.4927145426443603 0.8904204705246346 
0.4609718922878344 0.8905246345938627 
0.4375175098308743 0.8905883922389272 
0.4375175098308743 0.8905883922389272 
0.41340159547872596 0.8907802059504367 
0.41340159547872596 0.8907802059504367 
0.40009569579560317 0.8931246366287601 
0.3866211546817032 0.9142181348173888 
0.38734380200031315 0.9339269884720413 
0.3866211546817032 0.9142181348173888 
0.1337221296996433 1.007900905093225 
0.16705673312499883 1.007858134138652 
0.13902244916914824 1.007422582034797 
0.13437621399485591 1.0078862665527526 
0.1337221296996433 1.007900905093225 
0.11287699328089187 1.0076728339570271 
0.12222981490641006 1.0079326802863087 
0.15653919197931543 1.0071478293312652 
0.15653919197931543 1.0071478293312652 
0.11137474529637584 1.0078261111660294 
0.13321657915184132 1.0077315397785294 
0.11811903779468114 1.0074834774174195 
0.13902244916914824 1.007422582034797 
0.12661744428947272 1.0075084737923898 
0.11811903779468114 1.0074834774174195 
0.08960381688003645 1.0078248676568344 
0.11897319184316327 1.0079025209191117 
0.11137474529637584 1.0078261111660294 
0.11287699328089187 1.0076728339570271 
0.08960381688003645 1.0078248676568344 
0.09568039884293668 1.00801103042852 
0.08102414549833638 1.008242384563094 
0.07922941344513121 1.008353823256419 
0.0691635855111709 1.0093493913581466 
0.05835670804295658 1.0498998868853433 
0.04986018226505456 1.08709555277812 
