1.0 1.8608167840649925 1.9387076512814596 -1.82020870389723 1.826572894207328 0.563070001230094 -1.3911287730920718 -1.7532482205197975 0.12079640703617378 -1.8791961946724762 -1.8615930963871195 -1.5840383375703293 -1.7958846161763333 -1.615194583722597 -1.7001156052241773 -1.7707269762518683 0.8064540609831805 -1.562821628842067 -1.4410918300162918 -1.842753152553204 -1.7849072006399398 -1.9788642518385466 -1.7596243267678755 -1.2898753998837138 -1.6244294238486672 -1.8785874666450988 -1.9721132666293753 -1.8050556140967153 0.2381956849557043 -1.7566912838013524 
1.0 1.8449514939847194 1.8558696403264472 -1.831362825507997 1.8320694806959572 0.5542295406506175 -1.2849796231423212 -1.7548141248355982 -1.4852687024446802 -1.869620773276922 -1.865216160322659 -1.572225861941209 -1.3769001461783785 -1.5962741744274165 -1.6803967002938536 -1.7787120798968108 0.9620623060813872 -1.6001211170782943 -1.447362618520235 -1.2348277198209368 -1.7718891997785093 -1.9957488787521953 -1.745906236642422 -1.2629408844468422 -1.6164058713309777 -1.7006559445827165 -1.9587243127460698 -1.7968803086202247 -1.9795261789843592 1.297340878799642 
0.9926022927517973 0.0671573618167487 1.8558696403264472 -1.7979399065819672 1.823657119943387 -1.7857941918528264 -1.9171126743780198 -1.7548141248355982 -1.4782708395238053 -1.8618277336466122 -1.8517108311704285 0.7183956849081379 -1.379828178361581 -1.5962741744274165 -1.7334792562588557 -1.7787120798968108 0.9703989350163074 -1.241483461572141 -1.447362618520235 -1.2348277198209368 -1.7694887052713093 -1.9981834437003552 -1.7428741022345047 -1.2629408844468422 -1.6164058713309777 -1.9022682322092777 -1.9587243127460698 -1.801316337559869 -1.9795261789843592 -1.7767489596054646 
0.9926022927517973 0.0671573618167487 1.8558696403264472 -1.7979399065819672 1.823657119943387 -1.7857941918528264 -1.9171126743780198 -1.7548141248355982 -1.4782708395238053 -1.8618277336466122 -1.8517108311704285 0.7183956849081379 -1.379828178361581 -1.5962741744274165 -1.7334792562588557 -1.7787120798968108 0.9703989350163074 -1.241483461572141 -1.447362618520235 -1.2348277198209368 -1.7694887052713093 -1.9981834437003552 -1.7428741022345047 -1.2629408844468422 -1.6164058713309777 -1.9022682322092777 -1.9587243127460698 -1.801316337559869 -1.9795261789843592 -1.7767489596054646 
0.981588857913068 1.8310944060487688 1.9451837163112 -1.7979399065819672 1.83917826033807 -1.778379299238295 -1.9171126743780198 -1.7548141248355982 -1.492497065307396 -1.8814210693360487 -1.58330871816257 -1.4700108238413487 -1.3895381010489989 -1.6079344766133168 -1.7241603355809416 -1.7707269762518683 0.9355765414776399 -1.5900554251211525 -1.4410918300162918 -1.2510256747144646 -1.77579351673756 -1.9883153639873994 -1.7469610932326054 -1.2926053655486234 -1.6132795541895277 -1.896794809434297 -1.9587243127460698 -1.795936321123342 -1.9795261789843592 -1.9231123806242487 
0.978448145335804 1.8639545689064103 1.852267166348477 -1.803566988495625 1.8425035222839108 -1.778379299238295 -1.9171126743780198 -1.751275832496284 -1.492497065307396 -1.8727787757036198 -1.8588382939018382 0.7183956849081379 -1.3859924959195133 -1.5962741744274165 -1.7058892826486094 -1.7787120798968108 0.9515086482783076 0.875381361541232 -1.447362618520235 -1.2348277198209368 -1.7694887052713093 -1.9957488787521953 -1.754580614272344 -1.2629408844468422 -1.598394199260948 -1.896794809434297 -1.9587243127460698 -1.7968803086202247 -1.9777159826624624 -1.7767489596054646 
0.9736432895477619 1.8639545689064103 1.852267166348477 -1.803566988495625 1.8425035222839108 -1.7803612245012517 0.24541718779868887 -1.7492177275104643 -1.4892207153579613 -1.8727787757036198 -1.8588382939018382 0.7183956849081379 -1.3895381010489989 -1.5962741744274165 -1.7058892826486094 -1.7787120798968108 0.9515086482783076 0.8656947331983499 -1.447362618520235 -0.8989022409523719 -1.7694887052713093 -1.9981834437003552 -1.7330673897234288 -1.2629408844468422 -1.6206124073355952 -1.8869834934301168 -1.9538231708813054 -1.7968803086202247 -1.9795261789843592 -1.763330523191693 
0.9736432895477619 1.8639545689064103 1.852267166348477 -1.803566988495625 1.8425035222839108 -1.7803612245012517 0.24541718779868887 -1.7492177275104643 -1.4892207153579613 -1.8727787757036198 -1.8588382939018382 0.7183956849081379 -1.3895381010489989 -1.5962741744274165 -1.7058892826486094 -1.7787120798968108 0.9515086482783076 0.8656947331983499 -1.447362618520235 -0.8989022409523719 -1.7694887052713093 -1.9981834437003552 -1.7330673897234288 -1.2629408844468422 -1.6206124073355952 -1.8869834934301168 -1.9538231708813054 -1.7968803086202247 -1.9795261789843592 -1.763330523191693 
0.9584863371833282 1.8622622193723462 1.8643412412345985 -0.2838387197995614 -0.30700255802926774 1.903322813610775 -0.1050919439566872 -0.044667206237833046 0.10747526277923829 -1.8771865589698553 -1.8657202029221949 -1.4549957067956978 -1.815603501226957 -1.9720037705819549 -1.703563093726681 -1.7721849314343445 0.8124989700042817 -1.5513097609652216 -1.4605448017413774 -1.234467310353328 -1.7885678537165057 -1.6282754765681702 -1.7540245997834822 -1.2809523893959853 -1.6172813160076611 -1.2529685799206232 -1.9964715345230415 -1.8010554944423602 -1.9752514437089796 -1.7966455672092434 
0.9557443827062679 1.8622622193723462 1.8606761029437588 1.3313546415210857 -0.3034568711838951 -1.781733620750888 -0.10442437538028539 -0.04420808155308411 0.10793531966251227 -1.8771865589698553 -1.8668054316351457 -1.4629555678772668 -1.8160630893630687 -1.9771293900651756 -1.7013821901532344 -1.779218973816191 0.8111002876799083 -1.5532350412010558 -1.4527105907198874 -1.2264420067003776 -1.7694370177638938 -1.6385612442080142 -1.7577623304672947 -1.2673302592392273 -1.6139446241624327 -1.8785874666450988 -1.943713323975819 -1.805207044006726 -1.9752514437089796 -1.7476693287515812 
0.9557443827062679 1.853983278461317 1.8660136599388553 1.3297021279153527 -0.3040590932877166 1.9089820864076776 -0.1050919439566872 -0.04420808155308411 0.10747526277923829 -1.8771865589698553 -1.87286989784865 -1.127544814053026 -1.8121338097529718 -1.9720037705819549 -1.703563093726681 -1.779218973816191 0.8058183126044568 -1.5532350412010558 -1.445672937217636 0.715333815705304 -1.7694370177638938 -1.6385612442080142 -1.7497083484502176 -1.2629408844468422 -1.9612808499888856 -1.2689428834114918 -1.943713323975819 -1.8011134846851458 -1.9951216103979752 -1.7617791051995042 
0.9557443827062679 1.8622622193723462 1.8643412412345985 1.328123880210523 -0.3040590932877166 1.9088906874192606 -0.1050919439566872 1.425308024712939 0.10747526277923829 -1.8771865589698553 -1.8729970337277064 -1.4629555678772668 -1.8160630893630687 -1.9720037705819549 -1.703563093726681 -1.779218973816191 0.8058183126044568 -1.5532350412010558 -1.4537578623150553 -0.31103147775474876 -1.7885678537165057 -1.6385612442080142 -1.7497083484502176 -1.2629408844468422 -1.9541910439147765 -1.2629132472799456 -1.9878358541948704 -1.805207044006726 -1.9979723862952323 -1.7554684145490573 
0.9557443827062679 1.8583019001295564 1.8606761029437588 1.3313546415210857 -0.3040590932877166 -1.78540078498128 -0.10442437538028539 -1.75466131526744 0.10747526277923829 -1.8771865589698553 -1.8668054316351457 -1.463290182483198 -1.8150323043876613 -1.9720037705819549 -1.703563093726681 -1.779218973816191 0.8111002876799083 -1.5532350412010558 -1.4461113316697964 -0.31103147775474876 -1.7739655257384725 -1.6385612442080142 -1.7577623304672947 -1.2629408844468422 -1.9667950434437136 -1.8785874666450988 -1.9878358541948704 -0.8534536391051873 -1.9659255151026265 0.8111683385558499 
0.9557443827062679 1.8583019001295564 1.8606761029437588 1.3313546415210857 -0.3040590932877166 -1.78540078498128 -0.10442437538028539 -1.75466131526744 0.10747526277923829 -1.8771865589698553 -1.8668054316351457 -1.463290182483198 -1.8150323043876613 -1.9720037705819549 -1.703563093726681 -1.779218973816191 0.8111002876799083 -1.5532350412010558 -1.4461113316697964 -0.31103147775474876 -1.7739655257384725 -1.6385612442080142 -1.7577623304672947 -1.2629408844468422 -1.9667950434437136 -1.8785874666450988 -1.9878358541948704 -0.8534536391051873 -1.9659255151026265 0.8111683385558499 
0.9557443827062679 1.8608167840649925 1.9451837163112 -0.3021682370736591 -0.3073221567729484 -1.7905986790501058 -0.10442437538028539 -1.7548141248355982 0.11267540778575517 -1.869620773276922 -1.8687429201388397 -1.462619058152405 -1.8170235342830894 1.8201415383755208 -1.743027527787021 0.496625304859449 0.8111002876799083 -1.546140525405362 -1.4432509922124428 -0.31103147775474876 -1.7694370177638938 -1.6385612442080142 -1.7476974127607257 -1.257197019114779 -1.9547482910461027 0.20571052804147927 -1.990558967533556 -0.8534536391051873 -1.990236337690796 -1.7597341098233776 
0.9557443827062679 1.8608167840649925 1.9451837163112 -0.3021682370736591 -0.3073221567729484 -1.7905986790501058 -0.10442437538028539 -1.7548141248355982 0.11267540778575517 -1.869620773276922 -1.8687429201388397 -1.462619058152405 -1.8170235342830894 1.8201415383755208 -1.743027527787021 0.496625304859449 0.8111002876799083 -1.546140525405362 -1.4432509922124428 -0.31103147775474876 -1.7694370177638938 -1.6385612442080142 -1.7476974127607257 -1.257197019114779 -1.9547482910461027 0.20571052804147927 -1.990558967533556 -0.8534536391051873 -1.990236337690796 -1.7597341098233776 
0.9557443827062679 1.8608167840649925 1.9451837163112 -0.30813936623027 -0.3040590932877166 -1.7803612245012517 -0.10442437538028539 -1.7548141248355982 0.11267540778575517 -1.869620773276922 -1.8668054316351457 -1.463290182483198 -1.8170235342830894 1.8292078019171252 -1.7332432470913868 0.49823982768941866 0.8111002876799083 -1.592710764589877 -1.4503363365846818 -0.31103147775474876 -1.7698926956522438 -1.6385612442080142 -1.7476974127607257 -1.2629408844468422 -1.9667950434437136 -1.896794809434297 -1.990558967533556 -0.8534536391051873 -1.9951216103979752 -1.7642827707306394 
0.9557443827062679 1.8608167840649925 1.8643412412345985 -0.3024293442501177 -0.3073221567729484 1.9088906874192606 -0.10442437538028539 -1.7548141248355982 0.10747526277923829 -1.8630174838444806 -1.870919830416539 -1.463290182483198 -1.826747275128482 -1.9720037705819549 -1.703563093726681 0.49823982768941866 0.8111002876799083 -1.592710764589877 -1.46200001372931 -0.31103147775474876 -1.784409825294731 1.333835330044987 -1.7409276801139948 -1.2538274022108298 -1.9724566136393367 0.20353315226145846 -1.990558967533556 -0.8534536391051873 -1.9951216103979752 -1.7597341098233776 
0.9557443827062679 1.8608167840649925 1.9451837163112 -0.30813936623027 -0.3040590932877166 -1.7803612245012517 -0.10442437538028539 -1.7548141248355982 0.11267540778575517 -1.869620773276922 -1.8668054316351457 -1.463290182483198 -1.8170235342830894 1.8292078019171252 -1.7332432470913868 0.49823982768941866 0.8111002876799083 -1.592710764589877 -1.4503363365846818 -0.31103147775474876 -1.7698926956522438 -1.6385612442080142 -1.7476974127607257 -1.2629408844468422 -1.9667950434437136 -1.896794809434297 -1.990558967533556 -0.8534536391051873 -1.9951216103979752 -1.7642827707306394 
0.9557443827062679 1.8608167840649925 1.8643412412345985 -0.3024293442501177 -0.3073221567729484 1.9088906874192606 -0.10442437538028539 -1.7548141248355982 0.10747526277923829 -1.8630174838444806 -1.870919830416539 -1.463290182483198 -1.826747275128482 -1.9720037705819549 -1.703563093726681 0.49823982768941866 0.8111002876799083 -1.592710764589877 -1.46200001372931 -0.31103147775474876 -1.784409825294731 1.333835330044987 -1.7409276801139948 -1.2538274022108298 -1.9724566136393367 0.20353315226145846 -1.990558967533556 -0.8534536391051873 -1.9951216103979752 -1.7597341098233776 
0.8735482458553173 1.7588803998804838 1.4747800063561012 1.9337102605491028 1.8709784970944687 1.9243621400798572 1.8873554857920352 1.8526190363023791 1.9694564442170501 0.770493494338498 -0.9799476563716875 1.9865625127430913 1.7419717717610734 -0.7845633640412101 1.8453355583813227 1.8586226180957066 1.2470204298917493 -0.4937316644799153 1.9414938961276318 1.6421982188108113 1.630031111508787 -0.10394751813743165 -0.16381654607032908 0.22274188728891842 1.709645331125532 -1.7308926123716073 -1.8296435752766633 -1.982166711694271 -1.9646904843365645 -1.7616387808878458 
0.8735482458553173 1.7588803998804838 1.4747800063561012 1.9337102605491028 1.8709784970944687 1.9243621400798572 1.8873554857920352 1.8526190363023791 1.9694564442170501 0.770493494338498 -0.9799476563716875 1.9865625127430913 1.7419717717610734 -0.7845633640412101 1.8453355583813227 1.8586226180957066 1.2470204298917493 -0.4937316644799153 1.9414938961276318 1.6421982188108113 1.630031111508787 -0.10394751813743165 -0.16381654607032908 0.22274188728891842 1.709645331125532 -1.7308926123716073 -1.8296435752766633 -1.982166711694271 -1.9646904843365645 -1.7616387808878458 
0.8698249228934161 1.7593133829401093 1.472447187400107 1.398989188132993 1.8709784970944687 1.9275171580608188 1.8985705095300744 1.8526190363023791 1.9704641862409233 0.7635796526062268 -0.9799476563716875 1.987827457364237 1.713345878759038 1.8453766897640327 1.8453355583813227 1.716866249873306 1.2297240569160153 -0.5060323341254714 1.9342689198084513 1.6516996912047754 1.630031111508787 1.537553583529161 -0.16867480713714542 0.22274188728891842 1.7008545076262767 -1.7190645623655179 -1.8296435752766633 -1.68603505509778 -1.9649469686945227 -1.7676225028297312 
0.8639651236448108 1.7570709960808857 1.4618341056021058 1.3921773916375606 1.8745816653748197 1.9290511057666002 1.8937693851147985 1.8476357024687473 1.9605308366617245 0.8475935515267325 -0.9979511107701541 1.8100201560310385 1.7177385620307486 1.8420900093436798 1.8602613719565282 1.7261428477586003 1.6307606443932396 1.8686870549812 1.9270061824748337 -0.5176518098924827 1.6043926286829933 0.9811179249603558 -0.3287000417984424 1.9963853441135213 -1.8572874276277775 -1.7305905566934165 0.07379051064076886 -1.682490613388173 -1.9673758122556293 -1.693640423702818 
0.8540321300116308 1.7459251122257708 1.7417101868445053 1.42787403948584 1.8757226665363307 1.9201839239501093 -1.1381011543812303 1.7613870325242196 1.9535474485941187 0.8475935515267325 -0.9985585283150936 1.09582527442682 1.7177385620307486 1.8604642995670917 1.8669464053924767 1.7137189347823398 1.6307606443932396 1.8696207249231824 1.9468430996890236 1.6457205508368862 1.6257336008418846 -0.4925432262936425 -0.3371794750549241 2.0 -0.12760124183191146 -1.7341846387768527 0.07447611622749582 -1.9734260215912751 0.27887877016145124 0.3768358788037046 
0.8540321300116308 1.8251883211656719 1.7259474020269596 1.42787403948584 1.879687651060492 1.918141412590512 1.908715583010086 1.7633664656653678 1.9648673206596938 0.8475935515267325 -0.9987133461917305 1.1027364821372918 1.7177385620307486 1.8488203583397305 1.866675967103076 1.8622589658352016 1.114646613466368 1.877200406613607 1.9270061824748337 1.6410271711368953 1.8512057028159405 -0.5147055648377066 -0.34247564256604546 1.9914161662391745 -0.1348062107283533 -1.7077707161844742 0.07379051064076886 -1.9716129617480795 0.2899308658049587 0.3754831831943276 
0.8540321300116308 1.7530941825930724 1.7484828498891396 1.429562636107755 1.879687651060492 1.9358292699126043 1.908715583010086 1.7570639660305822 1.955159128142739 1.4162972811453434 -0.9967139358218366 1.09582527442682 1.7177385620307486 1.862413390388918 1.8736799548164573 1.7137189347823398 1.8489198031183345 1.877338602162518 1.9404286939297162 1.6457205508368862 1.8555493151837446 -0.4925432262936425 -0.3371794750549241 -0.9799890292956719 -0.12760124183191146 -1.7400676890615718 0.07109181317409298 -1.9559820468874654 0.27887877016145124 0.3768358788037046 
0.8540321300116308 1.7530941825930724 1.7484828498891396 1.429562636107755 1.879687651060492 1.9358292699126043 1.908715583010086 1.7570639660305822 1.955159128142739 1.4162972811453434 -0.9967139358218366 1.09582527442682 1.7177385620307486 1.862413390388918 1.8736799548164573 1.7137189347823398 1.8489198031183345 1.877338602162518 1.9404286939297162 1.6457205508368862 1.8555493151837446 -0.4925432262936425 -0.3371794750549241 -0.9799890292956719 -0.12760124183191146 -1.7400676890615718 0.07109181317409298 -1.9559820468874654 0.27887877016145124 0.3768358788037046 
0.8540321300116308 1.7530941825930724 1.7566215356951982 -1.839702591760425 1.874031728156608 1.9358292699126043 1.9103699124417806 1.7570639660305822 1.9526781658248413 1.4162972811453434 -0.9927120044571525 1.1053090499353335 1.7626489310022637 1.8543374781318678 1.8736799548164573 1.7075492482183183 1.8489198031183345 1.877338602162518 1.9404286939297162 -1.7146163066377247 1.8627890381327088 0.9429599073539174 -0.3336412838972935 -0.971279833689926 -0.13139229938956679 -1.7056290012658455 0.07755932403493315 -1.9559820468874654 0.27887877016145124 0.37102115349411113 
0.8540321300116308 1.7530941825930724 1.7566215356951982 -1.839702591760425 1.874031728156608 1.9358292699126043 1.9103699124417806 1.7570639660305822 1.9526781658248413 1.4162972811453434 -0.9927120044571525 1.1053090499353335 1.7626489310022637 1.8543374781318678 1.8736799548164573 1.7075492482183183 1.8489198031183345 1.877338602162518 1.9404286939297162 -1.7146163066377247 1.8627890381327088 0.9429599073539174 -0.3336412838972935 -0.971279833689926 -0.13139229938956679 -1.7056290012658455 0.07755932403493315 -1.9559820468874654 0.27887877016145124 0.37102115349411113 
0.8540321300116308 1.7530941825930724 1.7484828498891396 1.3957851273311457 1.8735486355006294 1.9358292699126043 1.903814497440197 0.8829174162429796 1.9579894261567345 1.4261465466404588 -0.9996345151361512 -1.9313146443165077 1.7424489540196613 1.8551913577253456 1.864286877154318 0.43490158477920215 1.8446954031327545 0.18930014830076064 1.9404286939297162 -0.6912214313779503 1.8487918935780598 -1.7822481971055826 -0.33440353604796147 0.10218721881992246 -0.1350067367616385 0.882807395609188 0.07531233344562856 -1.9559820468874654 0.28465008393190067 0.37703576372282377 
0.8540321300116308 1.759479346670265 1.7259474020269596 0.189724957539799 1.8769042594110774 0.8049187808606937 1.9017018912550059 1.7816224719516152 1.9648673206596938 0.8493056630417684 -0.9996345151361512 -1.9313146443165077 1.7424489540196613 1.8494118272151314 1.864286877154318 0.4396886380198252 1.8361119026886574 0.18930014830076064 1.9270061824748337 -0.5225650729850371 1.8487918935780598 -1.7728943178462224 -0.33440353604796147 -1.4989258166641413 -0.1348062107283533 -1.7056290012658455 0.07531233344562856 -1.963787130953709 0.28465008393190067 0.37102115349411113 
0.8540321300116308 1.754444442740942 1.7484828498891396 -1.839702591760425 1.874031728156608 0.24337456231219562 1.9017018912550059 1.772070504514263 1.9526781658248413 0.8529578353225624 -0.9996345151361512 -1.9313146443165077 1.7424489540196613 -1.2085659819567791 1.864286877154318 0.44159158419390854 1.8359976468508983 0.19161978346716532 1.9425502758453164 -1.7146163066377247 1.8487918935780598 -1.7822481971055826 -0.33440353604796147 -1.4989258166641413 -0.13139229938956679 -1.7056290012658455 0.07755932403493315 -1.963787130953709 0.28437806942389726 0.37102115349411113 
0.8540321300116308 1.759479346670265 1.7259474020269596 0.189724957539799 1.8769042594110774 0.8049187808606937 1.9017018912550059 1.7816224719516152 1.9648673206596938 0.8493056630417684 -0.9996345151361512 -1.9313146443165077 1.7424489540196613 1.8494118272151314 1.864286877154318 0.4396886380198252 1.8361119026886574 0.18930014830076064 1.9270061824748337 -0.5225650729850371 1.8487918935780598 -1.7728943178462224 -0.33440353604796147 -1.4989258166641413 -0.1348062107283533 -1.7056290012658455 0.07531233344562856 -1.963787130953709 0.28465008393190067 0.37102115349411113 
0.8540321300116308 1.754444442740942 1.7340647856401799 1.3993038162867202 1.8776899714969195 0.24337456231219562 1.9001061840961293 1.772070504514263 1.9526781658248413 0.85754341247199 -0.9985058471371945 -1.9313146443165077 1.7454982449386756 -1.2085659819567791 1.8728755835611954 0.43490158477920215 1.8478962744197514 0.19161978346716532 1.9404286939297162 -1.7146163066377247 1.8546006767901604 -1.7914988152028863 -0.34109512790904045 -1.4958619002144724 -0.1350067367616385 0.3814176418356041 0.07612056817567756 -0.9511818242381413 0.28465008393190067 0.38332110141664605 
0.8540321300116308 1.7530941825930724 1.7484828498891396 1.3957851273311457 1.8735486355006294 1.9358292699126043 1.903814497440197 0.8829174162429796 1.9579894261567345 1.4261465466404588 -0.9996345151361512 -1.9313146443165077 1.7424489540196613 1.8551913577253456 1.864286877154318 0.43490158477920215 1.8446954031327545 0.18930014830076064 1.9404286939297162 -0.6912214313779503 1.8487918935780598 -1.7822481971055826 -0.33440353604796147 0.10218721881992246 -0.1350067367616385 0.882807395609188 0.07531233344562856 -1.9559820468874654 0.28465008393190067 0.37703576372282377 
0.8540321300116308 1.754444442740942 1.7484828498891396 -1.839702591760425 1.874031728156608 0.24337456231219562 1.9017018912550059 1.772070504514263 1.9526781658248413 0.8529578353225624 -0.9996345151361512 -1.9313146443165077 1.7424489540196613 -1.2085659819567791 1.864286877154318 0.44159158419390854 1.8359976468508983 0.19161978346716532 1.9425502758453164 -1.7146163066377247 1.8487918935780598 -1.7822481971055826 -0.33440353604796147 -1.4989258166641413 -0.13139229938956679 -1.7056290012658455 0.07755932403493315 -1.963787130953709 0.28437806942389726 0.37102115349411113 
0.8540321300116308 1.754444442740942 1.7158373985800441 0.189724957539799 1.8799444568186798 0.23413297616855122 1.903814497440197 1.7790333353700936 1.9652764349800795 0.7661992201152502 -0.9991160742648526 1.7777873504990973 1.7424489540196613 -1.2009195353644122 1.8829399426377447 0.4540845722857327 1.8478962744197514 1.8616011004900774 1.9404286939297162 0.9710456154258593 1.8487918935780598 -0.5055072184235004 -0.34109512790904045 -1.4994290949911135 -0.1350067367616385 0.8862518903820114 0.07531233344562856 -1.963804033387533 0.2805623937800167 0.374502936087445 
0.6765491386698826 0.38597714226869184 -1.8162984284609551 0.568736244583844 -1.6985596351007015 0.7186605102566694 -1.8320348754706448 -1.9782341266158452 -1.9187626474088129 0.9513913295443855 0.9823367329757375 -1.680440983810773 -0.0904285837600002 -1.8629142495414368 -1.949245238431696 0.9569477736618128 -1.9494479756338523 -1.7349486743048472 -0.5176859084095562 -1.9134345186237713 -1.7910214188727307 0.5999334304983436 0.5617724076078479 0.4296416892110597 0.8627472151877495 0.23646028472710534 -1.7318418027495057 0.03291920925233046 -1.9671039199131088 -0.18575290999775843 
0.6765491386698826 0.38597714226869184 -1.8181083653062948 0.5666971964177376 -1.7077876224908253 0.7186605102566694 -1.8235942576802275 -1.986730679029343 -1.9187626474088129 0.9513913295443855 0.9823367329757375 -1.680351641607499 0.04733564137560187 -1.8629142495414368 -1.924891219224263 0.9625415959471177 -1.9496691023705928 -1.7349486743048472 -0.5176859084095562 -1.9189266670982987 -1.7910214188727307 0.5999334304983436 0.5549833391222315 0.42118781494479757 2.0 0.22721525882739413 -1.7317716915825092 0.03291920925233046 -1.9729307644919827 -0.18575290999775843 
0.6765491386698826 0.38597714226869184 -1.8162984284609551 0.568736244583844 -1.6985596351007015 0.7186605102566694 -1.8320348754706448 -1.9782341266158452 -1.9187626474088129 0.9513913295443855 0.9823367329757375 -1.680440983810773 -0.0904285837600002 -1.8629142495414368 -1.949245238431696 0.9569477736618128 -1.9494479756338523 -1.7349486743048472 -0.5176859084095562 -1.9134345186237713 -1.7910214188727307 0.5999334304983436 0.5617724076078479 0.4296416892110597 0.8627472151877495 0.23646028472710534 -1.7318418027495057 0.03291920925233046 -1.9671039199131088 -0.18575290999775843 
0.6765491386698826 0.38597714226869184 -1.8181083653062948 0.5666971964177376 -1.7077876224908253 0.7186605102566694 -1.8235942576802275 -1.986730679029343 -1.9187626474088129 0.9513913295443855 0.9823367329757375 -1.680351641607499 0.04733564137560187 -1.8629142495414368 -1.924891219224263 0.9625415959471177 -1.9496691023705928 -1.7349486743048472 -0.5176859084095562 -1.9189266670982987 -1.7910214188727307 0.5999334304983436 0.5549833391222315 0.42118781494479757 2.0 0.22721525882739413 -1.7317716915825092 0.03291920925233046 -1.9729307644919827 -0.18575290999775843 
0.6759154126224592 0.38597714226869184 -1.8162984284609551 0.5651528011123328 -1.6929646928027584 0.7186605102566694 -1.8207355828526364 -1.979254658529031 -1.877441242135138 0.9513913295443855 0.9675292209676499 -1.6846227940536322 0.971760766514493 -1.8669509446944292 -1.924891219224263 0.9604224988123569 -1.9506141675159894 -1.7349486743048472 -0.4299429082019115 -1.9211052768143677 -1.7910214188727307 0.6215275253660052 0.5671064313121995 0.42118781494479757 2.0 0.23646028472710534 -1.733099596306834 0.019515974580341357 -1.9729307644919827 -0.18575290999775843 
0.6758391390129029 0.40052599728405763 0.42696655548771884 0.5666971964177376 -1.696911280886706 0.7110899649127934 -1.8339158547812844 -1.9853967725274295 -1.9149481967763975 0.9513913295443855 0.9823367329757375 -1.6975610188993333 0.9776855780962916 -1.6722113182607932 -1.924841017508612 -1.642394403893491 -1.9410863326648806 -1.7349486743048472 -1.5357724530071624 -1.906858094715107 -1.8304420498180403 0.6215275253660052 0.5617724076078479 0.42351660351913917 -1.8272007122543696 0.24307436782068964 -1.7317716915825092 0.025872830032836774 -1.9732546515857419 -0.14956947677995508 
0.6758391390129029 0.40052599728405763 0.42696655548771884 0.5666971964177376 -1.696911280886706 0.7110899649127934 -1.8339158547812844 -1.9853967725274295 -1.9149481967763975 0.9513913295443855 0.9823367329757375 -1.6975610188993333 0.9776855780962916 -1.6722113182607932 -1.924841017508612 -1.642394403893491 -1.9410863326648806 -1.7349486743048472 -1.5357724530071624 -1.906858094715107 -1.8304420498180403 0.6215275253660052 0.5617724076078479 0.42351660351913917 -1.8272007122543696 0.24307436782068964 -1.7317716915825092 0.025872830032836774 -1.9732546515857419 -0.14956947677995508 
0.6745387395177206 0.40700357224589634 0.42696655548771884 0.5707373347387426 -1.7032054650119588 1.7924485529633936 -1.827088519960553 -1.0212830436521343 -1.9187626474088129 0.9513913295443855 0.9714584570396502 -1.698792476698804 0.9825252968722161 -1.6641652459009908 -1.949245238431696 0.9569477736618128 -1.9410863326648806 -1.7387056227120055 -1.534255982032001 -1.90917539807866 -1.8319056817651078 0.5981961991553175 0.5638833217132632 0.4313629213384654 -1.844121036821443 0.23497636028646016 -1.7266791226979648 0.03291920925233046 -1.9729307644919827 -0.18575290999775843 
0.6745387395177206 0.40052599728405763 0.42696655548771884 0.5707373347387426 -1.6985596351007015 1.7924485529633936 -1.827088519960553 -1.9648657096694433 -1.9158384477160506 -1.5436780306575864 0.9714584570396502 -1.698792476698804 0.9739098953661821 -1.6641652459009908 -1.9317974295559428 0.9490467027691727 -1.9410863326648806 -1.7387056227120055 -1.5357724530071624 -1.906858094715107 -1.8319056817651078 0.6215275253660052 0.5617724076078479 0.42848970374106116 -1.844121036821443 0.23460258950016244 -1.7335330709448282 0.025872830032836774 -1.9729307644919827 -0.14956947677995508 
0.6745387395177206 0.40700357224589634 0.42696655548771884 0.5707373347387426 -1.7032054650119588 1.7924485529633936 -1.827088519960553 -1.0212830436521343 -1.9187626474088129 0.9513913295443855 0.9714584570396502 -1.698792476698804 0.9825252968722161 -1.6641652459009908 -1.949245238431696 0.9569477736618128 -1.9410863326648806 -1.7387056227120055 -1.534255982032001 -1.90917539807866 -1.8319056817651078 0.5981961991553175 0.5638833217132632 0.4313629213384654 -1.844121036821443 0.23497636028646016 -1.7266791226979648 0.03291920925233046 -1.9729307644919827 -0.18575290999775843 
0.6745387395177206 -0.6744973946766758 0.42626298075596436 -0.5946610179891152 -1.7064602596712837 1.9268373601681363 -1.8201988723480462 -1.9705950864036943 -1.9187626474088129 0.9432097606396213 0.9668300555130179 -1.689231299082668 0.9816870156646617 -1.8576710524965998 -1.9316895594567376 0.6137111401398974 -1.9463295865119798 -1.745736246635552 -1.916128060712598 -1.6379240741947834 -1.8155622137835652 -1.5961953886316433 0.5764421583370801 0.41951383191101205 -1.6416684764538976 -1.7743136645185926 -1.7349004486064683 0.03065948851952211 -0.12278496947386142 -0.1527648510689219 
0.610768415179567 -0.7868829538327389 1.9451686664558467 -0.5971420876486085 1.8801060434038606 1.9268373601681363 -0.4341500772820776 1.8858937684270314 1.8179017233258228 -1.8066230949735644 1.3346857238432466 0.2607353819379147 0.24717964231262723 -1.3625301571326967 -1.9263213298255881 0.6137111401398974 0.5380334697434174 -1.878608704851508 -1.9207396496137157 -1.6397828656947864 0.8090819786265139 -1.5961953886316433 -1.3927163534018847 -1.8056236996435386 -0.7945725306012072 -1.7104551873446274 -1.8083476680537771 -1.7802566112066738 -1.9522120946263375 -1.2211420832041378 
0.6072738202264294 -0.778367529558817 1.9451686664558467 -0.5971420876486085 1.8801060434038606 1.0932652662182099 -0.4374164663997008 1.8858937684270314 1.8179017233258228 -1.8148510669434381 1.3346857238432466 -1.951395217448446 0.2537424431349162 0.26137887679451993 -1.9327321411747267 0.6137111401398974 0.5416217542927271 -1.8896108912463807 -1.905632032086735 -1.6278824976474013 0.7997554516001836 -1.6053614157528258 -1.3996217959965223 -1.811570706406405 -0.7871559456029085 -1.7104551873446274 -1.8083476680537771 -1.7894903241218045 -1.9548358184856645 -1.2201294452959162 
0.6037974884451596 -0.7868829538327389 1.9451686664558467 -0.5946610179891152 1.8515456797574474 1.9268373601681363 -0.4358668081749757 1.8858937684270314 1.8221373483032024 -1.8066230949735644 1.3233522840775922 0.2607353819379147 1.7858773605613214 0.2764311686079333 -1.9187054799786198 0.6161981403908112 0.5319226547629861 -1.878608704851508 -1.9148072814094477 -1.6411672612543111 0.8090819786265139 -1.6044848199020354 -1.3974949203652283 -1.8095344397763213 -0.8026044801805651 -1.714428223297056 -1.8083476680537771 -1.7802566112066738 -1.9522120946263375 -1.2280251206529773 
0.6022958562442327 -0.6744973946766758 1.9451686664558467 -0.5946610179891152 1.8758054210549933 1.9268373601681363 -0.4358668081749757 1.8864370626483076 1.8295193042983127 -1.8066230949735644 1.3330182638526165 0.2607353819379147 0.24717964231262723 -1.288012763140272 -1.9352792673218269 0.6137111401398974 0.5416217542927271 -1.8747433145161008 -1.9148072814094477 -1.6379240741947834 0.8004482293143196 -1.5961953886316433 -1.3977482742316942 -1.801646187504843 -0.7788490980784153 -1.7072182930750839 -1.8071739806104885 -1.7802566112066738 -1.9522120946263375 -1.2264288445718314 
0.6022958562442327 -0.6744973946766758 1.9434768102681959 -0.5946610179891152 1.8771266229814692 -1.8040789134463184 -0.4358668081749757 1.8861421249110701 1.8295193042983127 -1.8066230949735644 -1.4693565721736386 0.2630876147139535 0.24717964231262723 1.6318574617780075 -1.937849674330097 0.6145769644787513 0.5357415330270664 -1.8747433145161008 -1.9062407392724476 -1.63513665306583 0.8004482293143196 -1.5965094582316495 -1.38842835676449 -1.801646187504843 1.0210160574171097 -1.7072182930750839 -1.8071739806104885 -1.7829327520950822 -1.9548358184856645 -1.2264288445718314 
0.6022958562442327 -0.6744973946766758 1.9434768102681959 -0.5946610179891152 1.8771266229814692 -1.8040789134463184 -0.4358668081749757 1.8861421249110701 1.8295193042983127 -1.8066230949735644 -1.4693565721736386 0.2630876147139535 0.24717964231262723 1.6318574617780075 -1.937849674330097 0.6145769644787513 0.5357415330270664 -1.8747433145161008 -1.9062407392724476 -1.63513665306583 0.8004482293143196 -1.5965094582316495 -1.38842835676449 -1.801646187504843 1.0210160574171097 -1.7072182930750839 -1.8071739806104885 -1.7829327520950822 -1.9548358184856645 -1.2264288445718314 
0.5211129915035282 -0.5700800749332575 1.9414495179886624 -0.5986902356307244 1.8540583310641627 1.8986310994311428 0.49473556068861635 1.9516211149395404 -1.042089164172634 1.024632841789061 -0.5971588686429515 1.80728834907378 1.7091598462551185 1.6260039737904446 1.564966718571363 1.7077315528781976 1.2360742202792727 1.2774663911131834 1.9300473134384963 1.636436354988608 1.840862876986698 1.276007826874848 -0.33893994110246434 1.980249644412937 1.298091322573338 1.356272679117112 1.327659613715939 -1.7068841761476963 -2.0 -1.969539919646613 
0.5211129915035282 -0.5700800749332575 1.9509487323041275 -0.5895858044596446 1.843427270971153 1.9044459867690537 0.49473556068861635 1.8864370626483076 1.8295193042983127 0.773493217535346 1.3330182638526165 1.8122646972053338 1.7091598462551185 1.6260039737904446 1.5622001746775485 1.6945399617404588 1.2360742202792727 1.2750370526660226 1.9408940994113246 1.721415522089037 1.8663729709127717 1.2763304729763196 -0.33893994110246434 1.980249644412937 -0.2894015358758115 -1.7048227366906363 1.323959336272442 -1.7018666929914377 -1.999382374739161 -1.969539919646613 
0.5211129915035282 -0.5700800749332575 1.9509487323041275 -0.5895858044596446 1.843427270971153 1.9044459867690537 0.49473556068861635 1.8864370626483076 1.8295193042983127 0.773493217535346 1.3330182638526165 1.8122646972053338 1.7091598462551185 1.6260039737904446 1.5622001746775485 1.6945399617404588 1.2360742202792727 1.2750370526660226 1.9408940994113246 1.721415522089037 1.8663729709127717 1.2763304729763196 -0.33893994110246434 1.980249644412937 -0.2894015358758115 -1.7048227366906363 1.323959336272442 -1.7018666929914377 -1.999382374739161 -1.969539919646613 
0.5211129915035282 1.7857148200551767 1.4664329622902492 -0.5929217420507423 1.8564656672383109 1.8991252802237248 0.49473556068861635 1.9505777460314804 -1.0579987615809663 0.7701789347060817 -1.0103011285942876 1.4118098988860044 1.6994909212446314 1.8121198067615076 1.56674717595669 1.7077315528781976 1.23290788167294 1.2750370526660226 1.9249782163482394 1.772929863636202 1.8437764116518367 1.2677151316733042 -0.35685301986202267 1.9888091496796183 1.751818210350904 1.372256850932638 -1.808320786068236 -1.7043721274623986 -1.9934298523506973 -1.9759409102312366 
0.5211129915035282 1.7856448928298887 1.9423748305483373 -0.583530961095975 1.8493364650007778 1.9063464891396102 1.9084129165074757 1.9424228954347509 1.4997892831514164 0.7701789347060817 -1.0103011285942876 1.8179399121365862 1.6910316937026217 1.8216762327543854 1.564966718571363 1.6979904155386756 1.2360742202792727 1.2774663911131834 1.9331215192480875 1.7252716047934138 1.8663729709127717 -0.07793796907045723 -0.3476779000563059 1.980249644412937 1.3047720210444127 1.3809307086774092 0.09125890212122681 -1.7018666929914377 -2.0 -1.969539919646613 
0.5211129915035282 -0.5785126063864384 1.9341536784641118 -0.5948873957692794 1.8564656672383109 1.9112909557650137 1.9021358362172183 1.9516211149395404 -1.0281109767685568 0.7701789347060817 -1.0059527653979525 1.802239264285652 1.7088934519292986 1.7950363111148426 1.564966718571363 1.7160130154244255 1.2360742202792727 1.2750370526660226 1.9284828518729435 1.7252716047934138 1.8575173808375611 -0.07793796907045723 -0.3476779000563059 0.44795139659925187 1.7357243487691227 1.372256850932638 0.09125890212122681 -1.6967308341520482 -2.0 -1.969539919646613 
0.5211129915035282 1.759479346670265 1.9320428636254308 0.189724957539799 1.8540583310641627 1.904693927509915 1.9120774211942497 1.958791015945433 -1.0281109767685568 0.8475935515267325 -0.9974488116193232 1.8085419010532524 1.7424489540196613 1.7950363111148426 1.8779654141524738 1.7160130154244255 1.8304329190280688 1.277024045963316 1.9468430996890236 1.2500068647342095 1.833863906481318 -0.07793796907045723 -0.34109512790904045 -1.4912855486032397 -0.1334523890456391 -1.6861848564642419 1.3367978122654272 -0.9438393315379323 0.27290957007090366 -1.969539919646613 
0.34345715386894227 0.38815104628304886 1.783363943326663 0.57271719072907 1.4192733289809645 0.73251014126848 1.98686992630953 -1.9794351320757197 -1.34753436461543 0.9429311650076821 -0.7405862038805324 -1.707177854181362 -1.5362359244582078 -1.975492762237143 1.8286422549499515 0.9552469575929412 -0.0025168183389809224 -1.8481807961497867 0.27399943763761764 -1.9004047006891334 0.568487678772851 0.6022863754111202 0.42337382512075983 0.4224705590397944 -1.974243496784793 0.22663966583643907 -1.4353375643999844 0.017103996182915318 1.7215526791868785 -0.18348430167853017 
0.3435719806079727 0.3916904247956763 -1.8228074490637363 0.576348521382634 1.420580292582142 0.7339686326953428 1.98686992630953 -2.0 -1.084520250322662 0.9490484998526054 -1.1864889801008502 -1.7234388440819584 -1.5299919534435034 -1.975492762237143 -1.7559637694119128 0.9552469575929412 -1.647503347154071 -1.8636445202683973 0.27399943763761764 -1.9073727124037259 -1.8037344804480981 0.602552396630616 0.4094580298020824 0.4224705590397944 -1.9646648410555252 0.2227050912067424 -1.4353375643999844 0.02072128844896849 1.7279092766698871 -0.18348430167853017 
0.34345715386894227 0.38815104628304886 1.783363943326663 0.57271719072907 1.4192733289809645 0.73251014126848 1.98686992630953 -1.9794351320757197 -1.34753436461543 0.9429311650076821 -0.7405862038805324 -1.707177854181362 -1.5362359244582078 -1.975492762237143 1.8286422549499515 0.9552469575929412 -0.0025168183389809224 -1.8481807961497867 0.27399943763761764 -1.9004047006891334 0.568487678772851 0.6022863754111202 0.42337382512075983 0.4224705590397944 -1.974243496784793 0.22663966583643907 -1.4353375643999844 0.017103996182915318 1.7215526791868785 -0.18348430167853017 
0.34345715386894227 0.39089098211505846 1.0612228771772974 0.579306605951165 1.4232568892807695 0.7315415011424551 -0.583723349868179 -1.9947127749090217 -0.8869742136109657 0.9462547184308353 -1.1925389223953555 -1.7042109923408932 -1.53720301226177 -1.964764232379076 -1.7559637694119128 0.9576840813889758 0.0074381352587299075 -1.850660744980497 -1.8328299258425 -1.9115748467802904 -1.8037344804480981 0.6022863754111202 0.41852120392285724 0.4222082249538726 -1.974243496784793 0.22786516977811302 0.12035832900540196 0.0199598384908277 -0.8148119905347526 -0.19286823157722116 
0.3435719806079727 0.3916904247956763 0.24332801894041856 0.576348521382634 -1.6730630878814443 0.73251014126848 -1.510474934140922 -2.0 -1.3805237610781822 0.9465254001768433 -1.1855825568641527 -1.7155043628828117 -1.5334363855588136 -1.9694481951201284 -0.1394540228834562 0.9569477736618128 -1.639791055695107 -1.8624316910346614 0.3404359241618722 -1.9153544863102052 -1.8037344804480981 0.604068571082408 0.41852120392285724 0.42170002916043486 -1.9646648410555252 0.22123187034188174 -1.4294863168370031 0.008957286800775649 1.7219836144506544 -0.19717134567957634 
0.3435719806079727 0.3916904247956763 0.24332801894041856 0.576348521382634 -1.6730630878814443 0.73251014126848 -1.510474934140922 -2.0 -1.3805237610781822 0.9465254001768433 -1.1855825568641527 -1.7155043628828117 -1.5334363855588136 -1.9694481951201284 -0.1394540228834562 0.9569477736618128 -1.639791055695107 -1.8624316910346614 0.3404359241618722 -1.9153544863102052 -1.8037344804480981 0.604068571082408 0.41852120392285724 0.42170002916043486 -1.9646648410555252 0.22123187034188174 -1.4294863168370031 0.008957286800775649 1.7219836144506544 -0.19717134567957634 
0.34349349469604185 0.39195421396323293 -1.1464118109672041 0.5702394111502784 -0.9342637042262487 0.73251014126848 -1.1016431234351893 -1.9947127749090217 -1.3599815383807732 0.9462547184308353 1.0762109506918784 -1.7007564223491456 -1.5357620600873543 -1.98862852204548 -1.8334999878222629 0.9569477736618128 -1.64692254776699 -1.8704796536630524 -1.8328299258425 -1.918023468548243 -1.8225481735714053 0.6022863754111202 0.429610555768337 0.42126767045885183 -1.9414094147930465 0.23640059513098893 0.1259447465559577 0.0199598384908277 -0.4503143970860158 -0.19299872385221523 
0.34349349469604185 0.39195421396323293 -1.1464118109672041 0.5702394111502784 -0.9342637042262487 0.73251014126848 -1.1016431234351893 -1.9947127749090217 -1.3599815383807732 0.9462547184308353 1.0762109506918784 -1.7007564223491456 -1.5357620600873543 -1.98862852204548 -1.8334999878222629 0.9569477736618128 -1.64692254776699 -1.8704796536630524 -1.8328299258425 -1.918023468548243 -1.8225481735714053 0.6022863754111202 0.429610555768337 0.42126767045885183 -1.9414094147930465 0.23640059513098893 0.1259447465559577 0.0199598384908277 -0.4503143970860158 -0.19299872385221523 
0.3435719806079727 0.3953309824889518 -1.1464118109672041 0.5873605764171984 -1.7435647970133341 0.73251014126848 -0.583723349868179 -1.9947127749090217 -1.3599815383807732 0.9462547184308353 -1.1855825568641527 -1.7007564223491456 -1.5272770771416284 -1.632145107689538 -1.8324328784323236 0.958229229766486 -1.6495379385031512 -1.8633422711912813 -1.8235279945675587 -1.9223822974087108 -1.8225481735714053 0.6077694268600912 0.41852120392285724 0.4222082249538726 -1.9718408716291764 0.22963893407028388 0.12035832900540196 0.023053661190149843 -1.9465063519460843 -0.20162025889332025 
0.3435719806079727 0.40107480247193117 -1.812855280240716 0.576348521382634 -1.6730630878814443 -1.0835157116564438 -1.5193905395188425 -1.996923150217573 -1.3477460191321333 0.9462547184308353 -1.1925389223953555 -1.6899938295060852 -1.5272770771416284 -1.632145107689538 -1.8348951544593983 0.9569477736618128 -1.639791055695107 -1.8633422711912813 -1.8328299258425 0.3093093025575202 -1.8037344804480981 0.5999055033605567 0.41852120392285724 0.4222082249538726 -1.9718408716291764 0.22963893407028388 0.12035832900540196 0.0199598384908277 -1.9542518366422865 -0.1777377204018672 
0.34349349469604185 0.39867560520226664 -1.812855280240716 0.5674398504142502 -1.6730630878814443 -0.8585220163178411 -1.5193905395188425 -1.9871570045782867 -1.339250807547954 0.9462547184308353 -1.1925389223953555 -1.6899938295060852 -1.5272770771416284 -1.632145107689538 -1.8348951544593983 0.9569477736618128 -1.6418316667023998 0.31869049078016665 -1.8418678055680118 0.3093093025575202 -1.8037344804480981 0.5999055033605567 0.41852120392285724 0.41399656722685463 -1.9718408716291764 0.22075193554559044 0.12035832900540196 0.0199598384908277 1.7133322683551329 -0.1777377204018672 
0.3435719806079727 0.40107480247193117 -1.812855280240716 0.576348521382634 -1.6730630878814443 -1.0835157116564438 -1.5193905395188425 -1.996923150217573 -1.3477460191321333 0.9462547184308353 -1.1925389223953555 -1.6899938295060852 -1.5272770771416284 -1.632145107689538 -1.8348951544593983 0.9569477736618128 -1.639791055695107 -1.8633422711912813 -1.8328299258425 0.3093093025575202 -1.8037344804480981 0.5999055033605567 0.41852120392285724 0.4222082249538726 -1.9718408716291764 0.22963893407028388 0.12035832900540196 0.0199598384908277 -1.9542518366422865 -0.1777377204018672 
0.010291875024395197 0.3922886016428776 0.8149340855164198 0.576348521382634 -1.3436842167140903 0.73251014126848 -0.5661838639763996 -1.9945287277767525 -0.8999401629826302 0.9465254001768433 -1.1923661426223442 -1.8874907826008178 -0.049996138822065994 -1.9921428708315354 -1.841208426731316 0.9569477736618128 0.0025024872289598726 -1.8404246494822711 0.3416246894333938 -1.9137714739335918 -1.2360938000595525 0.604068571082408 0.4229870433012419 0.42170002916043486 -1.9483449682927036 0.22123187034188174 0.162315341537141 0.01720629433987224 1.7129403410603552 -0.1855888727461642 
0.010291875024395197 0.3916904247956763 1.768308309793686 0.57271719072907 -1.350778235886637 0.73251014126848 -0.5707061495188097 -1.987451725771382 -0.8869742136109657 0.9509873639636756 1.0207098129978243 -1.7141725949457345 0.7231989471435685 -1.9927854595765435 1.833841746687484 0.9552050585824738 0.006379063676459839 -1.863686114542693 0.27843412323542904 -1.9100554987176022 0.24050191646259345 0.5999055033605567 0.4278019685657999 0.42126767045885183 -1.9586938417479125 0.2234842398574364 0.14601987522560853 0.01650042942906595 -0.443846947523796 -0.1941372739485462 
0.010291875024395197 0.3922886016428776 -1.1464118109672041 0.576348521382634 -1.3436842167140903 0.73251014126848 -0.4321064159992041 -1.9949195701688827 -0.8999401629826302 0.9465324723796861 -1.1889420632961496 -1.8908131017263647 0.493962380122134 -1.9921428708315354 -1.8344404779409487 0.9557911394541435 -0.006663938813350459 -1.8639257737372377 0.3473913916627373 -1.9137714739335918 -1.2360938000595525 0.604068571082408 0.4288269517254554 0.4234062567024859 -1.9644185126940725 0.22123187034188174 0.1447921115735411 0.01720629433987224 -0.43636430936733067 -0.19319779200066822 
0.010291875024395197 0.39162817858869653 0.8149340855164198 0.576348521382634 -1.3190433921692197 0.73251014126848 -0.583723349868179 -1.9947127749090217 -0.8931188529441939 0.9465254001768433 -1.1855825568641527 -1.7118049255831163 -1.5411472480973978 -1.98862852204548 -1.8324328784323236 0.9569477736618128 0.0025024872289598726 -1.8624316910346614 0.336379343243092 -1.9223822974087108 -1.8225481735714053 0.604068571082408 0.4229870433012419 0.42170002916043486 -1.9483449682927036 0.22123187034188174 -1.113181398342148 0.01720629433987224 1.1291436398654597 -0.1941372739485462 
0.010291875024395197 0.3922886016428776 0.8149340855164198 0.576348521382634 -1.3436842167140903 0.73251014126848 -0.5661838639763996 -1.9945287277767525 -0.8999401629826302 0.9465254001768433 -1.1923661426223442 -1.8874907826008178 -0.049996138822065994 -1.9921428708315354 -1.841208426731316 0.9569477736618128 0.0025024872289598726 -1.8404246494822711 0.3416246894333938 -1.9137714739335918 -1.2360938000595525 0.604068571082408 0.4229870433012419 0.42170002916043486 -1.9483449682927036 0.22123187034188174 0.162315341537141 0.01720629433987224 1.7129403410603552 -0.1855888727461642 
0.010291875024395197 0.39162817858869653 -1.8157350239848054 0.5747772065442719 -1.32805924782042 0.73251014126848 1.6602523783805752 -2.0 -1.3599815383807732 0.9460466047331064 0.814160567714393 -1.894870714860485 -1.1182814549904616 0.9865266242387665 1.8325713512710906 0.9561040401787871 -1.6373431542451171 -1.8401157686749399 -1.8441758549595049 -1.9155153771916007 -1.22795838031369 0.5970758188369798 0.3992483090447611 0.4119285337235438 -1.9644185126940725 0.22604623323671613 0.1504355253161189 0.017514900714757437 -0.4442229361574316 -0.19502124507448987 
0.010291875024395197 0.39162817858869653 1.7798128987775903 0.5746203925123917 -1.3327406890436009 0.7384993753871928 -0.5751968805130081 -1.9945287277767525 -0.7410097062319561 0.9454357667658004 0.8140057707577517 -1.8874907826008178 -1.5409420855771776 -1.9598212518051605 1.833841746687484 0.9597138090294064 -1.6788988763085193 -1.8404246494822711 0.2785015574590544 -1.9137714739335918 -1.2360938000595525 0.5999055033605567 -1.9576554116214873 0.4211467775387814 -1.9644185126940725 0.2206755528054494 0.162315341537141 0.01650042942906595 1.7121954366623549 -0.19502124507448987 
0.010291875024395197 0.39162817858869653 -1.1464118109672041 0.5746203925123917 -1.354697443213005 0.73251014126848 -0.4321064159992041 -1.9906775642685166 -0.8869742136109657 0.9465324723796861 -0.7405862038805324 -1.894870714860485 -1.5537239675888068 -1.962947282781624 1.8347829094264891 0.9552050585824738 0.008990457459642167 -1.8657655712644026 0.2735765428818354 -1.9153032580999132 0.24050191646259345 0.5999055033605567 0.4288269517254554 0.42123394226891425 -1.9644185126940725 0.22414860826412836 0.14601987522560853 0.017255212885059136 -0.43636430936733067 -0.1941372739485462 
0.010291875024395197 0.39162817858869653 -1.1464118109672041 0.5746203925123917 -1.354697443213005 0.73251014126848 -0.4321064159992041 -1.9906775642685166 -0.8869742136109657 0.9465324723796861 -0.7405862038805324 -1.894870714860485 -1.5537239675888068 -1.962947282781624 1.8347829094264891 0.9552050585824738 0.008990457459642167 -1.8657655712644026 0.2735765428818354 -1.9153032580999132 0.24050191646259345 0.5999055033605567 0.4288269517254554 0.42123394226891425 -1.9644185126940725 0.22414860826412836 0.14601987522560853 0.017255212885059136 -0.43636430936733067 -0.1941372739485462 
0.010291875024395197 0.39147922923913536 -1.8088819313076154 0.5746203925123917 -1.3307315582443209 0.73251014126848 -0.5731391229392253 -1.9821768501921653 -1.3599815383807732 0.944988479957545 -0.7405862038805324 -1.884009754703058 -1.5313689923063705 -1.9781850111535761 1.8371697551363513 0.957424822436083 -1.6373431542451171 -1.865748888581408 -0.4704883422369255 -1.9202453202216108 -1.22795838031369 0.5985716926775516 0.4278019685657999 0.41650187173393677 -1.9567157975425618 0.22414860826412836 0.14601987522560853 0.017255212885059136 -0.44800273283880476 -0.19700262415958933 
0.010291875024395197 0.3916904247956763 -1.1464118109672041 0.57271719072907 -1.354697443213005 0.73251014126848 -0.5707061495188097 -1.9947127749090217 -0.8869742136109657 0.9462547184308353 1.029105091148907 -1.7141725949457345 -1.5357620600873543 -1.9927854595765435 1.833841746687484 0.9552050585824738 0.007077146895056771 -1.865748888581408 -1.8328299258425 -1.918023468548243 0.24050191646259345 0.5999055033605567 0.4278019685657999 0.42126767045885183 -1.9567157975425618 0.2234842398574364 0.14601987522560853 0.019963241266371966 -0.443846947523796 -0.1941372739485462 
0.010291875024395197 0.39147922923913536 -1.1464118109672041 0.576348521382634 -1.3541783001921153 0.73251014126848 -0.5751968805130081 -1.9947127749090217 -0.8953468285640953 0.944988479957545 1.0312977374493306 -1.8846982055987826 -1.5313689923063705 -1.963277267821923 1.8271741358343383 0.9552050585824738 -1.6788988763085193 -1.865748888581408 -1.8328299258425 -1.9223822974087108 -0.09475355550781428 0.5999055033605567 0.4278019685657999 0.4149626479828585 -1.9567157975425618 0.22336584434751083 0.14601987522560853 0.017255212885059136 -0.44065474383111897 -0.19234199242478456 
0.010291875024395197 0.3922886016428776 -1.1464118109672041 0.576348521382634 -1.3436842167140903 0.73251014126848 -0.4321064159992041 -1.9949195701688827 -0.8999401629826302 0.9465324723796861 -1.1889420632961496 -1.8908131017263647 0.493962380122134 -1.9921428708315354 -1.8344404779409487 0.9557911394541435 -0.006663938813350459 -1.8639257737372377 0.3473913916627373 -1.9137714739335918 -1.2360938000595525 0.604068571082408 0.4288269517254554 0.4234062567024859 -1.9644185126940725 0.22123187034188174 0.1447921115735411 0.01720629433987224 -0.43636430936733067 -0.19319779200066822 
0.010291875024395197 0.3916904247956763 -1.1421861320250297 0.5746203925123917 -1.3327406890436009 0.73251014126848 -0.5651443254032795 -2.0 -0.7286077868649676 0.9465324723796861 -0.7405862038805324 -1.894870714860485 -1.550146208126796 -1.9927854595765435 -1.8197180654768577 0.9552050585824738 -0.7409662873419514 -1.847566764697756 0.2794292539656875 -1.9202453202216108 0.23584548186928755 0.5985716926775516 -1.9632557417469334 0.41650187173393677 -1.9671040988837725 0.22414860826412836 0.14601987522560853 0.017255212885059136 -0.4442229361574316 -0.19502124507448987 
0.010291875024395197 0.39147922923913536 -1.1464118109672041 0.576348521382634 -1.3541783001921153 0.73251014126848 -0.5751968805130081 -1.9947127749090217 -0.8953468285640953 0.944988479957545 1.0312977374493306 -1.8846982055987826 -1.5313689923063705 -1.963277267821923 1.8271741358343383 0.9552050585824738 -1.6788988763085193 -1.865748888581408 -1.8328299258425 -1.9223822974087108 -0.09475355550781428 0.5999055033605567 0.4278019685657999 0.4149626479828585 -1.9567157975425618 0.22336584434751083 0.14601987522560853 0.017255212885059136 -0.44065474383111897 -0.19234199242478456 
0.010291875024395197 0.39162817858869653 -1.8127406660668548 0.5726107518130379 -1.3327406890436009 0.7320877159564523 -1.510474934140922 -1.996397105489989 -1.3599815383807732 0.952560375685609 0.8239247188746681 -1.893142395332523 -1.1178140344693634 0.9851782152712101 1.8325713512710906 0.9551085081427545 -1.6373431542451171 -1.839537795682991 -1.8441758549595049 -1.9155153771916007 -1.22795838031369 0.6044580580043522 0.3992483090447611 0.42126767045885183 -1.5046650720328305 0.22604623323671613 0.14028201394406525 0.017514900714757437 1.7121954366623549 -0.19159031302272947 
0.010291875024395197 0.39162817858869653 -1.8127406660668548 0.5747772065442719 -1.3327406890436009 0.73251014126848 -0.5667469075089885 -2.0 -1.3576315617541672 0.948563910482048 1.8677193428159136 -1.894870714860485 -1.1182814549904616 -1.9766700102667794 -1.8197180654768577 0.9561040401787871 -0.7409662873419514 -1.847566764697756 0.2754798965005523 -1.9155153771916007 -1.2324110847024803 0.5985716926775516 0.4344657680218074 0.4119285337235438 -1.9644185126940725 0.2234842398574364 0.14601987522560853 0.016899965627905904 -0.4442229361574316 -0.19502124507448987 
0.010291875024395197 0.39147922923913536 -1.8088819313076154 0.5746203925123917 -1.3307315582443209 0.73251014126848 -0.5731391229392253 -1.9821768501921653 -1.3599815383807732 0.944988479957545 -0.7405862038805324 -1.884009754703058 -1.5313689923063705 -1.9781850111535761 1.8371697551363513 0.957424822436083 -1.6373431542451171 -1.865748888581408 -0.4704883422369255 -1.9202453202216108 -1.22795838031369 0.5985716926775516 0.4278019685657999 0.41650187173393677 -1.9567157975425618 0.22414860826412836 0.14601987522560853 0.017255212885059136 -0.44800273283880476 -0.19700262415958933 
0.010291875024395197 0.39162817858869653 -1.8157350239848054 0.5747772065442719 -1.32805924782042 0.73251014126848 1.6602523783805752 -2.0 -1.3599815383807732 0.9460466047331064 0.814160567714393 -1.894870714860485 -1.1182814549904616 0.9865266242387665 1.8325713512710906 0.9561040401787871 -1.6373431542451171 -1.8401157686749399 -1.8441758549595049 -1.9155153771916007 -1.22795838031369 0.5970758188369798 0.3992483090447611 0.4119285337235438 -1.9644185126940725 0.22604623323671613 0.1504355253161189 0.017514900714757437 -0.4442229361574316 -0.19502124507448987 
0.010291875024395197 0.39162817858869653 -1.8127406660668548 0.5726107518130379 -1.3327406890436009 0.7320877159564523 -1.510474934140922 -1.996397105489989 -1.3599815383807732 0.952560375685609 0.8239247188746681 -1.893142395332523 -1.1178140344693634 0.9851782152712101 1.8325713512710906 0.9551085081427545 -1.6373431542451171 -1.839537795682991 -1.8441758549595049 -1.9155153771916007 -1.22795838031369 0.6044580580043522 0.3992483090447611 0.42126767045885183 -1.5046650720328305 0.22604623323671613 0.14028201394406525 0.017514900714757437 1.7121954366623549 -0.19159031302272947 
0.010291875024395197 0.3930091361486732 -1.819432246578992 0.5726107518130379 -1.9781657867340292 0.73251014126848 -1.510474934140922 -1.9997129116175556 -0.7368979163688304 0.9501220929058913 1.0306860103669895 -1.727733017730915 -1.1094015138830284 -1.98149589546705 1.5961524468358586 0.9551085081427545 -1.6373431542451171 -1.8404246494822711 -0.7608707252477953 -1.9155153771916007 -1.2360938000595525 0.6011179300243131 0.4046446769950029 0.41996079600763897 -1.9685644444223103 0.2206755528054494 0.14724996982817054 0.01362792150308602 -1.5066966777426434 -0.19159031302272947 
0.010291875024395197 0.3916904247956763 -1.827276397870155 0.5726107518130379 -1.964432363728868 0.73251014126848 -1.510474934140922 -1.9913349254761226 -1.3599815383807732 0.952560375685609 -0.7405862038805324 -1.7141725949457345 -1.1085476431107768 -1.98149589546705 -1.82820969645145 0.9551085081427545 0.7450414478988625 -1.839537795682991 -1.8441758549595049 -1.920482510900817 -1.2360938000595525 0.600605472740603 -1.3926760620820018 0.41996079600763897 -1.9549873991122302 0.21977614533282874 1.9348775934877946 0.014030100505992491 1.3105036271157031 -0.19159031302272947 
0.010222206640185843 0.39162817858869653 -1.8127406660668548 0.5747772065442719 -1.9706910945520755 0.73251014126848 -1.510474934140922 -1.9907301728631195 -1.3599815383807732 0.952560375685609 -1.022972241986299 -1.7197009332897335 -1.1085476431107768 -1.98149589546705 -1.830363609750597 0.9551085081427545 -1.6373431542451171 -1.839537795682991 -0.7608707252477953 -1.9155153771916007 -1.22795838031369 0.604192068751487 0.4046446769950029 0.42126767045885183 -1.5046650720328305 0.2234842398574364 0.14028201394406525 0.016899965627905904 1.1291436398654597 -0.19700262415958933 
0.010291875024395197 0.39162817858869653 -1.8157350239848054 0.5711541348818387 -1.3307315582443209 0.73251014126848 -1.8320348754706448 -1.9964006807347137 -1.3569767983258485 0.9408399287657085 -1.0219207404677328 -1.715292127728704 -1.1129145651817955 -1.9786517144031877 -1.82820969645145 0.9539986853643951 -1.6373431542451171 -1.8401157686749399 -1.8441758549595049 -1.9220671164903325 -1.235668754379177 0.5970758188369798 0.4320593683312071 0.4099336024257175 -1.971332041450787 0.22604623323671613 0.14987006065568495 0.017514900714757437 -0.3394685631386105 -0.19609904182832835 
0.006934990763348044 0.3916904247956763 -1.811268180258175 0.5702394111502784 -1.3327406890436009 0.7117641922631376 -1.5660955449035465 -2.0 -1.3771805131518615 0.952560375685609 1.031887425377101 -1.894870714860485 -1.5289276813217751 -1.9819592636476346 -1.837833147752388 -0.8860202187258637 -1.6333465125466127 -1.8404246494822711 -1.8393002599867345 -1.920482510900817 -1.8088275038739547 0.593864969571898 -1.3907807819420066 -1.7912234524780595 -1.9542994142386139 0.2206755528054494 0.15449494451773457 1.3566104326425088 -1.504324584160844 -0.20127380777317574 
0.0 0.3916904247956763 -1.8171960791579849 0.5702394111502784 -1.3305737151003845 0.7318191141388787 -1.5660955449035465 -1.9919874307486374 -1.3771805131518615 0.9374310739225548 -1.0489956748430596 -1.7148165947056806 -1.5174242048873519 -1.9819592636476346 -1.837040194824137 -0.8950372949018206 -1.6333465125466127 0.8942618658156452 -1.8393002599867345 -1.8994419857807603 -1.8065990717134999 0.6035218678266192 -1.3812784072256357 -1.7912234524780595 -1.9549873991122302 0.22593653340045772 -1.562757661064297 0.019233446154804466 0.05723311121625502 -0.17212037589285142 
