0.9644440118946297 0.1241103361002063 
0.9644440118946297 0.1241103361002063 
1.0285404729512606 0.13155491938441577 
1.032008931650228 0.13762129718388727 
0.9587535969443387 0.1473612292553369 
0.9587535969443387 0.1473612292553369 
0.9645181302262619 0.16127662340584975 
0.9657910603029881 0.15956106147400473 
0.9563817307830366 0.18610642996262516 
0.9558922262903757 0.17803251168493855 
0.9533185812589812 0.20411516072687225 
0.9563817307830366 0.18610642996262516 
0.9558922262903757 0.17803251168493855 
0.9554489053148532 0.24494501119104561 
0.9533185812589812 0.20411516072687225 
0.9486680494282942 0.24563977038990684 
0.9541087989957325 0.23798521602661438 
0.9486680494282942 0.24563977038990684 
0.9464799711556227 0.19277921354759725 
0.9464799711556227 0.19277921354759725 
0.8947936233981122 0.31762457117863446 
0.6737246869352167 0.3297442628800952 
0.6733787091907095 0.3471641959252112 
0.6682027350811509 0.3458424548405545 
0.6799942598535405 0.3432258656438948 
0.6682027350811509 0.3458424548405545 
0.6799942598535405 0.3432258656438948 
0.6733787091907095 0.3471641959252112 
0.6737246869352167 0.3297442628800952 
0.6598829498514844 0.3493191646264513 
0.6598829498514844 0.3493191646264513 
0.6507781655917657 0.35088528781587514 
0.6507781655917657 0.35088528781587514 
0.6255051830446234 0.3616198071665087 
0.6270873402912117 0.35799267133988383 
0.6131865584134988 0.3920331015784031 
0.6360305044713344 0.39397881054951467 
0.6379037835182927 0.3629339541298482 
0.6366950081282663 0.4522565503749486 
0.6366950081282663 0.4522565503749486 
0.6409289080895191 0.44349617098760963 
0.6474715058074669 0.3982085724290594 
0.6474715058074669 0.3982085724290594 
0.6360305044713344 0.39397881054951467 
0.6381288968808165 0.47749436768522013 
0.6381288968808165 0.47749436768522013 
0.3938200678518209 0.5635276743741665 
0.41244025980015553 0.5751695108421404 
0.4776997089786369 0.5768737648699815 
0.3465199119234297 0.5742745053217474 
0.45169893319715737 0.5623755182076318 
0.3938200678518209 0.5635276743741665 
0.3745518137258449 0.5585488953025868 
0.3745518137258449 0.5585488953025868 
0.45169893319715737 0.5623755182076318 
0.3607417641333155 0.5638551550031224 
0.3607417641333155 0.5638551550031224 
0.39508961045784974 0.5746895149057021 
0.3144079032944173 0.5661183374519783 
0.39508961045784974 0.5746895149057021 
0.35405882661919474 0.5785468299785139 
0.35405882661919474 0.5785468299785139 
0.283291076687527 0.5842373311532997 
0.283291076687527 0.5842373311532997 
0.3453633706410179 0.5753080854191313 
0.3144079032944173 0.5661183374519783 
0.33173052781965684 0.5872465550142916 
0.3236067799509924 0.5882999363189269 
0.3035605209907738 0.6021581763733896 
0.3035605209907738 0.6021581763733896 
0.2949261167107202 0.6032666000939279 
0.27554431912818855 0.6149509597522895 
0.27255505674963365 0.6048012710549773 
0.2727765248559613 0.6356199568080056 
0.2757884550060292 0.6644829789658329 
0.27119261166913916 0.6488930088047711 
0.2721735276514131 0.6916229576182572 
0.27119261166913916 0.6488930088047711 
0.27053909308566454 0.6388844513888406 
0.2714888652730841 0.7326236542890295 
0.25633814450546505 0.8423633846486824 
0.20069046871910878 0.8362599000828292 
0.1246900914100551 0.8379639344272672 
0.14570335144643742 0.8423001280964546 
0.20069046871910878 0.8362599000828292 
0.1771679835452345 0.8349631737689571 
0.14306172997184663 0.8415241343073597 
0.1771679835452345 0.8349631737689571 
0.17910327284890706 0.8365867708301107 
0.1372874867455754 0.8360084309113555 
0.14671515092812148 0.8445546914143315 
0.1372874867455754 0.8360084309113555 
0.14570335144643742 0.8423001280964546 
0.12710746885622842 0.8488427984994374 
0.12710746885622842 0.8488427984994374 
0.10670575617425448 0.854106888876467 
0.11110042922814055 0.864133852948603 
0.10362043091141364 0.8659016170876048 
0.09504428413555141 0.9702760604785832 
0.09504428413555141 0.9702760604785832 
