0.9189674165061955 -0.8689102746532292 -0.8172419091717457 -0.6051852650470936 -0.5317012091236689 -0.6881212217929884 -0.9394614912528769 -0.24717253754104918 -0.5460753160333462 -0.23048067380393716 -0.3558254005290023 -0.49678559316740506 -0.30665882546584106 0.07249742337011011 0.17935554341118598 0.10185638767502278 0.14159113934536963 0.15540880815168226 0.3382495979291202 0.54528493938568 0.7455538329264151 0.7188673402760567 0.9028505591381473 0.8118031987206162 0.895274616780631 0.7065684453207158 0.8748925014790918 0.9601558601108233 0.7671993388016936 0.6109204065208573 
0.9189674165061955 -0.8689102746532292 -0.8172419091717457 -0.6051852650470936 -0.5317012091236689 -0.6881212217929884 -0.9394614912528769 -0.24717253754104918 -0.5460753160333462 -0.23048067380393716 -0.3558254005290023 -0.49678559316740506 -0.30665882546584106 0.07249742337011011 0.17935554341118598 0.10185638767502278 0.14159113934536963 0.15540880815168226 0.3382495979291202 0.54528493938568 0.7455538329264151 0.7188673402760567 0.9028505591381473 0.8118031987206162 0.895274616780631 0.7065684453207158 0.8748925014790918 0.9601558601108233 0.7671993388016936 0.6109204065208573 
0.9158380295864642 -0.9096667322252104 -0.8000196215181903 -0.6148426666222092 -0.7170840974391384 -0.5658189780768593 -0.9335107200392666 -0.25232914699355335 -0.5783093069188925 -0.6867362908621192 -0.20443292194655008 -0.5072607023913828 -0.2983452838304776 -0.08550163399015027 0.17080369723108765 0.08769691834092175 0.44562421527880414 0.1527475944816147 0.3275309380527049 0.3527111419509763 -0.12305153065433695 0.7211709059902278 0.7216876702382418 0.6117532813018407 0.895274616780631 0.7188016265895494 0.8753857584650877 0.9513689571024893 0.7522842848073406 0.6246886209289961 
0.9189674165061955 -0.8731923888635343 -0.8047135553243056 -0.594395396986918 -0.715658698821512 -0.5658189780768593 -0.9296061321892879 -0.25232914699355335 -0.5783093069188925 -0.23824874208898716 -0.20443292194655008 -0.5053532825048107 -0.29007837174038587 -0.08550163399015027 0.19253719285433196 0.09088443071904993 0.12186614439470739 0.1527475944816147 0.3178816515313856 0.3527111419509763 -0.11902181810645063 0.7250574442173322 0.7216876702382418 0.6167866662655881 0.9157812663658269 0.7100676238748181 0.9388682854971819 0.9423377076437993 0.7540394672378182 0.6162506215052275 
0.9147792028594073 -0.9096667322252104 -0.8209441228532769 -0.6148426666222092 -0.7181312132809254 -0.5658189780768593 -0.9253358573413457 -0.8011482250686537 -0.5801340888149642 -0.6798409398483094 -0.7220715922759757 -0.4905699535492934 -0.29407537983464566 -0.5309502125012857 0.2018540793333107 0.08088991421764988 0.12186614439470739 -0.021951334974953194 0.31735068759238844 0.3629246094911371 0.7359113231525721 0.319265517326727 0.7114998984636661 0.6007963437078924 0.8109918020010627 0.7267722509121288 0.8747801992408717 0.9509116958698114 0.7615354760785346 0.6407104202937994 
0.9147792028594073 -0.9096667322252104 -0.8209441228532769 -0.6148426666222092 -0.7181312132809254 -0.5658189780768593 -0.9253358573413457 -0.8011482250686537 -0.5801340888149642 -0.6798409398483094 -0.7220715922759757 -0.4905699535492934 -0.29407537983464566 -0.5309502125012857 0.2018540793333107 0.08088991421764988 0.12186614439470739 -0.021951334974953194 0.31735068759238844 0.3629246094911371 0.7359113231525721 0.319265517326727 0.7114998984636661 0.6007963437078924 0.8109918020010627 0.7267722509121288 0.8747801992408717 0.9509116958698114 0.7615354760785346 0.6407104202937994 
0.9059574845694331 -0.9063658020732696 -0.8209441228532769 -0.594395396986918 -0.715658698821512 -0.5658189780768593 -0.9408379311039109 -0.7955785088405182 -0.5724293038249981 -0.23251345475584984 -0.7220715922759757 -0.4996642932274378 -0.30254338271701564 -0.5361606566176916 0.19253719285433196 0.08088991421764988 0.12186614439470739 -0.021951334974953194 0.3129862170467692 0.3566447226648714 0.388171611334503 0.3268948641702171 0.7196313576302628 0.6007963437078924 0.9157812663658269 0.6948010913001836 0.9101579950809827 0.9554205346809249 0.7540394672378182 0.5008317105143757 
0.9147792028594073 -0.9063658020732696 -0.8029415651922829 -0.8977691049997889 -0.5039641660851825 -0.5658189780768593 -0.9408379311039109 -0.7555896045488909 -0.5724293038249981 -0.8586300909566222 -0.3587072801542581 -0.49556561556523127 -0.2983452838304776 -0.5265894776684225 0.16235266234562176 0.08060652116846967 0.11119768560480063 -0.017871824993663417 0.3148313493481968 0.3527111419509763 0.759182820823737 0.3207130652409388 0.7216876702382418 0.6236905318068106 0.91536893813801 0.7122536044920817 0.9400026463456201 0.9462480028200342 0.7558165078245743 0.5051308678020908 
0.9147792028594073 -0.6940677098970968 -0.7779591639633775 -0.6051852650470936 -0.7020065035435842 -0.5427096731818808 -0.913251014729587 -0.2648611827351901 -0.555361388254746 -0.22475796071689932 -0.3558254005290023 -0.5048075167979154 -0.33457074203070875 -0.526827644816178 0.1726193066951804 0.11228357672557127 0.1041309770303675 0.14692834468224847 0.31572766508620864 0.3527111419509763 0.733924097044927 0.3424169606831373 0.9077321500185386 0.6143710738446434 0.9051488412968557 0.7009937211633251 0.9484460741004488 0.9462480028200342 0.7395301480758948 0.6088101794791526 
0.9147792028594073 -0.9096667322252104 -0.8000196215181903 -0.6148426666222092 -0.7166951487471996 -0.5711577578467149 -0.9253358573413457 -0.7955785088405182 -0.5724293038249981 -0.6798409398483094 -0.20443292194655008 -0.4996642932274378 -0.30254338271701564 -0.5213788206662366 0.19253719285433196 0.09080016747082989 0.12186614439470739 0.1527475944816147 0.3129862170467692 0.3629246094911371 0.7359113231525721 0.319265517326727 0.7114998984636661 0.19905095580505255 0.895274616780631 0.7267722509121288 0.8774762165045672 0.9509116958698114 0.7615354760785346 0.6407104202937994 
0.9147792028594073 -0.918038138912497 -0.8029415651922829 -0.590081344463169 -0.8044490186958018 -0.5409501270705653 -0.9224081731985944 -0.2648611827351901 -0.555361388254746 -0.22624623881869219 -0.20443292194655008 -0.5048075167979154 -0.3307934095601985 -0.5265894776684225 0.16493736610428117 -0.17004472360165024 0.11470795233064819 -0.011568874734809663 0.3230438008107427 0.3527111419509763 0.759182820823737 0.3424169606831373 0.7216876702382418 0.6236905318068106 0.91140973091292 0.7122536044920817 0.9400026463456201 0.9462480028200342 0.7511118632682474 0.5051308678020908 
0.9147792028594073 -0.6940677098970968 -0.7779591639633775 -0.6051852650470936 -0.7020065035435842 -0.5427096731818808 -0.913251014729587 -0.2648611827351901 -0.555361388254746 -0.22475796071689932 -0.3558254005290023 -0.5048075167979154 -0.33457074203070875 -0.526827644816178 0.1726193066951804 0.11228357672557127 0.1041309770303675 0.14692834468224847 0.31572766508620864 0.3527111419509763 0.733924097044927 0.3424169606831373 0.9077321500185386 0.6143710738446434 0.9051488412968557 0.7009937211633251 0.9484460741004488 0.9462480028200342 0.7395301480758948 0.6088101794791526 
0.9147792028594073 -0.9096667322252104 -0.8000196215181903 -0.6148426666222092 -0.7166951487471996 -0.5711577578467149 -0.9253358573413457 -0.7955785088405182 -0.5724293038249981 -0.6798409398483094 -0.20443292194655008 -0.4996642932274378 -0.30254338271701564 -0.5213788206662366 0.19253719285433196 0.09080016747082989 0.12186614439470739 0.1527475944816147 0.3129862170467692 0.3629246094911371 0.7359113231525721 0.319265517326727 0.7114998984636661 0.19905095580505255 0.895274616780631 0.7267722509121288 0.8774762165045672 0.9509116958698114 0.7615354760785346 0.6407104202937994 
0.9147792028594073 -0.9067058769425604 -0.824223222975285 -0.6033553848136691 -0.7065723694877992 -0.5655924276076625 -0.9224081731985944 -0.14042416402970562 -0.5724293038249981 -0.21437651103623387 -0.1985033718462095 -0.5053532825048107 -0.29226216843011044 -0.5213788206662366 0.17935554341118598 0.08756431170792534 0.11356436088599202 -0.011568874734809663 0.3122047680539606 0.3527111419509763 0.7359113231525721 0.319265517326727 0.7218405827018657 0.1842189057446273 0.9071466602041589 0.6948010913001836 0.8774762165045672 0.9509116958698114 0.7540394672378182 0.6202250915777945 
0.9147792028594073 -0.918038138912497 -0.8029415651922829 -0.590081344463169 -0.8044490186958018 -0.5409501270705653 -0.9224081731985944 -0.2648611827351901 -0.555361388254746 -0.22624623881869219 -0.20443292194655008 -0.5048075167979154 -0.3307934095601985 -0.5265894776684225 0.16493736610428117 -0.17004472360165024 0.11470795233064819 -0.011568874734809663 0.3230438008107427 0.3527111419509763 0.759182820823737 0.3424169606831373 0.7216876702382418 0.6236905318068106 0.91140973091292 0.7122536044920817 0.9400026463456201 0.9462480028200342 0.7511118632682474 0.5051308678020908 
0.9147792028594073 -0.9063658020732696 -0.8209441228532769 -0.6069204619040465 -0.7071595510826437 -0.8481769582824845 -0.9382205232154563 -0.7555896045488909 -0.5724293038249981 -0.23407405333243356 -0.3587072801542581 0.31820392396422376 -0.29379281429103227 -0.5361606566176916 0.1726193066951804 0.08781446650172275 0.10578491205655169 -0.02095892934035673 0.3122047680539606 0.9408501565200489 0.7469534913895028 0.3268948641702171 0.7196313576302628 0.6152081744130931 0.9027243569499119 0.7046534063749302 0.9474149554125031 0.959915030810151 0.7540394672378182 0.505931655171798 
0.9147792028594073 -0.9112546392945594 -0.8110772858915328 -0.5738312809688708 -0.7216701139593856 -0.5532920949399938 -0.9284833057046131 -0.13070556058860214 -0.5733301711225592 -0.20538826123283518 -0.18918745522234934 0.19510715960848612 -0.2756535958309929 -0.47512654236701013 0.1556539132429409 0.08021235790566902 0.10597811736083258 -0.011568874734809663 0.3122047680539606 0.3527111419509763 0.7401645182776789 0.7186845602646429 0.719076492234715 0.6205157905080187 0.9027243569499119 0.6858192491285582 0.9068332675324088 0.9559427399210463 0.7597541132180606 0.4986820592125557 
0.9147792028594073 -0.9063658020732696 -0.8209441228532769 -0.6069204619040465 -0.7071595510826437 -0.8481769582824845 -0.9382205232154563 -0.7555896045488909 -0.5724293038249981 -0.23407405333243356 -0.3587072801542581 0.31820392396422376 -0.29379281429103227 -0.5361606566176916 0.1726193066951804 0.08781446650172275 0.10578491205655169 -0.02095892934035673 0.3122047680539606 0.9408501565200489 0.7469534913895028 0.3268948641702171 0.7196313576302628 0.6152081744130931 0.9027243569499119 0.7046534063749302 0.9474149554125031 0.959915030810151 0.7540394672378182 0.505931655171798 
0.9143216889984793 -0.918038138912497 -0.7878672228410022 -0.6069204619040465 -0.8044490186958018 -0.5658189780768593 -0.913251014729587 -0.24717253754104918 -0.555361388254746 -0.23048067380393716 -0.3587072801542581 -0.49660407108015864 -0.29443615968013026 -0.526827644816178 0.1726193066951804 -0.15964168973323262 0.11356436088599202 0.14991775963960857 0.4236095275772418 0.3527111419509763 0.733924097044927 0.3424169606831373 0.7196313576302628 0.6148557313443195 0.91140973091292 0.7009937211633251 0.9400026463456201 0.9509116958698114 0.7395301480758948 0.5040356114317801 
0.9143216889984793 -0.918038138912497 -0.7878672228410022 -0.6069204619040465 -0.8044490186958018 -0.5658189780768593 -0.913251014729587 -0.24717253754104918 -0.555361388254746 -0.23048067380393716 -0.3587072801542581 -0.49660407108015864 -0.29443615968013026 -0.526827644816178 0.1726193066951804 -0.15964168973323262 0.11356436088599202 0.14991775963960857 0.4236095275772418 0.3527111419509763 0.733924097044927 0.3424169606831373 0.7196313576302628 0.6148557313443195 0.91140973091292 0.7009937211633251 0.9400026463456201 0.9509116958698114 0.7395301480758948 0.5040356114317801 
0.5714343170574652 -0.9077769617255427 -0.4250600599590342 -0.6196534001415384 -0.89994886942834 -0.5570128216933485 -0.9618411085632093 -0.7564764806090764 -0.5783093069188925 -0.8506788337524908 -0.21319631561658986 -0.4794283138505515 -0.28292679011354266 -0.521420907706769 0.1621890088513655 0.06938953898898215 0.12323745429504994 0.015628068304423242 0.34226273586576444 0.3515565468818873 0.7360988278224129 0.3225257672489276 0.7298085624031043 0.6245981550593599 -0.4314530442046136 0.6983022200672719 0.9031205144953737 0.9552575844108104 0.7486241890100754 0.6246886209289961 
0.5734245847677485 -0.6885081376232096 -0.4403851926519686 -0.5929155526440811 -0.715658698821512 -0.6014019556628831 -0.703503061795882 -0.7584752212079149 -0.5783093069188925 -0.8579578251239426 -0.8853137229536441 -0.4794283138505515 -0.3285775192458375 -0.0829581120897735 -0.11271628947876286 -0.26870005264237784 0.1015850275833093 0.23944609204898337 0.32110427332437186 0.3527111419509763 0.742576133402296 0.32542986304774085 0.7172502279006107 0.6148502809918914 0.91536893813801 0.704044823666451 0.8969090656966384 0.9552575844108104 0.7556692963408284 0.6246886209289961 
0.5728931383857793 -0.6861844499255483 -0.8141949511552957 -0.6297480933708902 -0.7151773863243454 -0.5658189780768593 -0.8088686937528475 -0.7655182470835843 -0.5783093069188925 -0.859982004598524 -0.8804985171804632 -0.4794283138505515 -0.28489286433955713 -0.5374796096670337 -0.10147245283786223 0.06039721689859785 0.45215048774509237 -0.02285641802218718 0.21969351427240447 0.36015767960863504 0.7477672853862379 0.33528077105240517 0.7390647493436944 0.6176348564872111 0.6486615723308972 0.7100676238748181 0.5533140078108851 0.9552575844108104 0.7455611350214323 0.4763804841732707 
0.5728931383857793 -0.6916201110090634 -0.814321956935835 -0.7607990218663266 -0.711433893064513 -0.5448328423046279 -0.970600987679367 -0.7530101090920231 -0.5599434777894339 -0.8594825726680656 -0.21319631561658986 -0.49660407108015864 -0.2930250687040789 -0.6055291328373011 0.1440992755707191 0.06051958588489125 0.09708257370782382 -0.019288129293615175 0.21968116577176788 0.3515565468818873 0.745240931314357 0.32598738190410725 0.9046233567303548 0.6148502809918914 0.9025741609104663 0.7025472590176202 0.9423463813098071 0.8744667088966459 0.7486241890100754 0.46706304381671526 
0.5734245847677485 -0.9105090631504521 -0.4403851926519686 -0.5844408203352169 -0.711433893064513 -0.5981630726939811 -0.5986701394011082 -0.7655182470835843 -0.5643221055897366 -0.8528754345143129 -0.8871421723823014 -0.49660407108015864 -0.2932968529425972 -0.5374796096670337 -0.11199518677447538 -0.26870005264237784 0.1015850275833093 -0.02061818040883307 0.21968116577176788 0.3527111419509763 0.742576133402296 0.32542986304774085 0.7277053674265741 0.6148502809918914 0.6478815963320752 0.6229848403743604 0.9423463813098071 0.9552575844108104 0.7487834913926532 0.4763804841732707 
0.5728931383857793 -0.6916201110090634 -0.814321956935835 -0.7607990218663266 -0.711433893064513 -0.5448328423046279 -0.970600987679367 -0.7530101090920231 -0.5599434777894339 -0.8594825726680656 -0.21319631561658986 -0.49660407108015864 -0.2930250687040789 -0.6055291328373011 0.1440992755707191 0.06051958588489125 0.09708257370782382 -0.019288129293615175 0.21968116577176788 0.3515565468818873 0.745240931314357 0.32598738190410725 0.9046233567303548 0.6148502809918914 0.9025741609104663 0.7025472590176202 0.9423463813098071 0.8744667088966459 0.7486241890100754 0.46706304381671526 
0.5734245847677485 -0.9105090631504521 -0.4403851926519686 -0.5844408203352169 -0.711433893064513 -0.5981630726939811 -0.5986701394011082 -0.7655182470835843 -0.5643221055897366 -0.8528754345143129 -0.8871421723823014 -0.49660407108015864 -0.2932968529425972 -0.5374796096670337 -0.11199518677447538 -0.26870005264237784 0.1015850275833093 -0.02061818040883307 0.21968116577176788 0.3527111419509763 0.742576133402296 0.32542986304774085 0.7277053674265741 0.6148502809918914 0.6478815963320752 0.6229848403743604 0.9423463813098071 0.9552575844108104 0.7487834913926532 0.4763804841732707 
0.5728931383857793 -0.6861844499255483 -0.8141949511552957 -0.6297480933708902 -0.7151773863243454 -0.5658189780768593 -0.8088686937528475 -0.7655182470835843 -0.5783093069188925 -0.859982004598524 -0.8804985171804632 -0.4794283138505515 -0.28489286433955713 -0.5374796096670337 -0.10147245283786223 0.06039721689859785 0.45215048774509237 -0.02285641802218718 0.21969351427240447 0.36015767960863504 0.7477672853862379 0.33528077105240517 0.7390647493436944 0.6176348564872111 0.6486615723308972 0.7100676238748181 0.5533140078108851 0.9552575844108104 0.7455611350214323 0.4763804841732707 
0.5734245847677485 -0.6885081376232096 -0.4403851926519686 -0.5929155526440811 -0.715658698821512 -0.6014019556628831 -0.703503061795882 -0.7584752212079149 -0.5783093069188925 -0.8579578251239426 -0.8853137229536441 -0.4794283138505515 -0.3285775192458375 -0.0829581120897735 -0.11271628947876286 -0.26870005264237784 0.1015850275833093 0.23944609204898337 0.32110427332437186 0.3527111419509763 0.742576133402296 0.32542986304774085 0.7172502279006107 0.6148502809918914 0.91536893813801 0.704044823666451 0.8969090656966384 0.9552575844108104 0.7556692963408284 0.6246886209289961 
0.5728931383857793 -0.6916201110090634 -0.8115990150674638 -0.5844408203352169 -0.7151773863243454 -0.5934021043530154 -0.8088686937528475 -0.7655182470835843 -0.5643221055897366 -0.8528754345143129 -0.8871421723823014 -0.49009022387944207 -0.2932968529425972 -0.5374796096670337 -0.10755217560491626 0.06938953898898215 0.45215048774509237 -0.02285641802218718 0.21968116577176788 0.3515565468818873 0.7477672853862379 0.32598738190410725 0.7390647493436944 0.6148557313443195 0.6486615723308972 0.7042578806903516 0.896435510101437 0.9552575844108104 0.7455611350214323 0.4763804841732707 
0.5728931383857793 -0.6916201110090634 -0.8115990150674638 -0.5844408203352169 -0.7151773863243454 -0.5934021043530154 -0.8088686937528475 -0.7655182470835843 -0.5643221055897366 -0.8528754345143129 -0.8871421723823014 -0.49009022387944207 -0.2932968529425972 -0.5374796096670337 -0.10755217560491626 0.06938953898898215 0.45215048774509237 -0.02285641802218718 0.21968116577176788 0.3515565468818873 0.7477672853862379 0.32598738190410725 0.7390647493436944 0.6148557313443195 0.6486615723308972 0.7042578806903516 0.896435510101437 0.9552575844108104 0.7455611350214323 0.4763804841732707 
0.5807931721098478 -0.9200568629670454 -0.543792691677456 -0.8704131338073744 -0.711433893064513 -0.6021945546438184 -0.6060373688222355 -0.7655182470835843 -0.5643221055897366 -0.8571374502583587 -0.20198918230902063 -0.3226233279517836 -0.2895040644655047 -0.5374796096670337 0.15285214328750318 0.08162820809103381 0.09417922458589252 -0.03478179139085705 0.2119353321877146 0.34643641583773505 0.3699125713379592 0.3264521754839718 0.7305884319735537 0.6148502809918914 0.6475239961806056 0.6990971482801562 0.9445696683859668 0.95775655720466 0.766820581878343 0.478929914328218 
0.5807931721098478 -0.9200568629670454 -0.543792691677456 -0.8704131338073744 -0.711433893064513 -0.6021945546438184 -0.6060373688222355 -0.7655182470835843 -0.5643221055897366 -0.8571374502583587 -0.20198918230902063 -0.3226233279517836 -0.2895040644655047 -0.5374796096670337 0.15285214328750318 0.08162820809103381 0.09417922458589252 -0.03478179139085705 0.2119353321877146 0.34643641583773505 0.3699125713379592 0.3264521754839718 0.7305884319735537 0.6148502809918914 0.6475239961806056 0.6990971482801562 0.9445696683859668 0.95775655720466 0.766820581878343 0.478929914328218 
0.5814495965528753 -0.9105090631504521 -0.8141949511552957 -0.6297480933708902 -0.715658698821512 -0.5658189780768593 -0.9618411085632093 -0.26710448933748654 -0.5783093069188925 -0.859982004598524 -0.20443292194655008 -0.4794283138505515 -0.2932968529425972 -0.5265894776684225 0.1621890088513655 0.09681982329014273 0.12323745429504994 -0.007105139025498941 0.21968116577176788 0.3527111419509763 0.3699125713379592 0.7146221537700839 0.7277053674265741 0.9653570701549867 0.91536893813801 0.7100676238748181 0.9423463813098071 0.9423377076437993 0.7540394672378182 0.6246886209289961 
0.5840921751061521 -0.6869326075614799 -0.8115990150674638 -0.7527426167266416 -0.715658698821512 -0.5562537874873178 -0.9618411085632093 -0.26710448933748654 -0.5828679822327734 -0.859982004598524 -0.20443292194655008 -0.48908595623512496 -0.2968036114253874 -0.5271660470895624 0.1495656570999648 0.09103629457467591 0.09537216849844779 -0.007105139025498941 0.21968116577176788 0.3659541680082981 0.7343053528287491 0.7146221537700839 0.6947111643265158 0.9782961369458032 0.91536893813801 0.7050213426224848 0.8688049822774971 0.8626111604846262 0.7540394672378182 0.8901433046471899 
0.5831251829264854 -0.6952995690013422 -0.8105638729142199 -0.5969343910355167 -0.9008972970635873 -0.5570128216933485 -0.8175074304594041 -0.7530101090920231 -0.5733301711225592 -0.22185687102965615 -0.21319631561658986 -0.49660407108015864 -0.28292679011354266 0.3954551965087858 -0.10755217560491626 0.06938953898898215 0.11807799827851342 0.010572829478464144 0.32104443037471725 0.3515565468818873 0.739678207132527 0.32598738190410725 0.9049465017696444 0.6148557313443195 0.9025741609104663 0.7025472590176202 0.9031205144953737 0.959915030810151 0.7486241890100754 0.5080912385459896 
0.5857742321885205 -0.9105090631504521 -0.8747470428054092 -0.8704131338073744 -0.711433893064513 -0.5562537874873178 -0.970600987679367 -0.27914108366367846 -0.5828679822327734 -0.8571374502583587 -0.20937132423415394 -0.5020282060488237 -0.3024929311634319 -0.5374796096670337 0.1450874992775058 0.08162820809103381 0.09514183652020092 -0.026599011095059067 0.22281653845726473 0.3516983165046585 0.7429043683243339 0.7135394356146042 0.7305884319735537 0.6148502809918914 0.6475239961806056 0.6990971482801562 0.9445696683859668 0.8660643338918288 0.7540394672378182 0.478929914328218 
0.5857742321885205 -0.6823690197914789 -0.8035758908950477 -0.7511437146636627 -0.7198066153966447 -0.5562537874873178 -0.9618411085632093 -0.26710448933748654 -0.5828679822327734 -0.859982004598524 -0.20443292194655008 -0.48154310971168923 -0.2968036114253874 -0.5271660470895624 0.1495656570999648 0.08162820809103381 0.09537216849844779 -0.007105139025498941 0.21968116577176788 0.3659541680082981 0.3699125713379592 0.7146221537700839 0.731593613921599 0.9684246654688261 0.91536893813801 0.7015966360099083 0.8613824195816846 0.9423377076437993 0.7540394672378182 0.8901433046471899 
0.5728931383857793 -0.6916201110090634 -0.8115990150674638 -0.7511437146636627 -0.7151773863243454 -0.5948738939417558 -0.9618411085632093 -0.7655182470835843 -0.5828679822327734 -0.8552216450366235 -0.8871421723823014 -0.48154310971168923 -0.2895040644655047 -0.5353714059233763 0.1495656570999648 0.06051958588489125 0.09708257370782382 -0.013062969924075279 0.21968116577176788 -0.5745305666310634 0.3699125713379592 0.32598738190410725 0.7390647493436944 0.9684246654688261 0.91536893813801 0.7042578806903516 0.8883483067907112 0.9538353108609384 0.7455611350214323 0.4763804841732707 
0.5728931383857793 -0.6916201110090634 -0.8115990150674638 -0.7511437146636627 -0.7151773863243454 -0.5948738939417558 -0.9618411085632093 -0.7655182470835843 -0.5828679822327734 -0.8552216450366235 -0.8871421723823014 -0.48154310971168923 -0.2895040644655047 -0.5353714059233763 0.1495656570999648 0.06051958588489125 0.09708257370782382 -0.013062969924075279 0.21968116577176788 -0.5745305666310634 0.3699125713379592 0.32598738190410725 0.7390647493436944 0.9684246654688261 0.91536893813801 0.7042578806903516 0.8883483067907112 0.9538353108609384 0.7455611350214323 0.4763804841732707 
0.579415123418937 -0.6927708937848136 -0.8097940819292218 -0.626592592732919 -0.6945966141529746 -0.5543812070212628 -0.9618411085632093 -0.7667571195776576 -0.5767770930313616 -0.23782013708024533 -0.8808109333677459 -0.48908595623512496 -0.3007836786320602 -0.08532292969497526 0.1495656570999648 0.11064889758182245 0.10969740475190015 0.4791388670662846 0.21968116577176788 0.539871233943732 0.3699125713379592 0.33770021531193284 0.7197042778833045 0.9782961369458032 0.91536893813801 0.7050213426224848 0.8681014587895614 0.015664170416658685 0.7387622148449187 0.8901433046471899 
0.5793377207781787 -0.905335748696448 -0.543792691677456 -0.6066114647057494 -0.7061384661711065 -0.5948738939417558 -0.9717422911379742 -0.7655182470835843 -0.5828679822327734 -0.859982004598524 -0.20443292194655008 -0.4815344637207012 -0.2895040644655047 -0.5272902433139932 0.1495656570999648 0.09681982329014273 0.09708257370782382 -0.014175408745104352 0.22744256786535305 0.5527438751811695 0.3699125713379592 0.32598738190410725 0.7270256202494887 0.961996375567806 0.9161525526281742 0.7142092540697297 0.8829878809688453 0.3119450722130568 0.766820581878343 0.6246886209289961 
0.5793377207781787 -0.905335748696448 -0.543792691677456 -0.6066114647057494 -0.7061384661711065 -0.5948738939417558 -0.9717422911379742 -0.7655182470835843 -0.5828679822327734 -0.859982004598524 -0.20443292194655008 -0.4815344637207012 -0.2895040644655047 -0.5272902433139932 0.1495656570999648 0.09681982329014273 0.09708257370782382 -0.014175408745104352 0.22744256786535305 0.5527438751811695 0.3699125713379592 0.32598738190410725 0.7270256202494887 0.961996375567806 0.9161525526281742 0.7142092540697297 0.8829878809688453 0.3119450722130568 0.766820581878343 0.6246886209289961 
0.5857742321885205 -0.9105090631504521 -0.8747470428054092 -0.8704131338073744 -0.711433893064513 -0.5562537874873178 -0.970600987679367 -0.27914108366367846 -0.5828679822327734 -0.8571374502583587 -0.20937132423415394 -0.5020282060488237 -0.3024929311634319 -0.5374796096670337 0.1450874992775058 0.08162820809103381 0.09514183652020092 -0.026599011095059067 0.22281653845726473 0.3516983165046585 0.7429043683243339 0.7135394356146042 0.7305884319735537 0.6148502809918914 0.6475239961806056 0.6990971482801562 0.9445696683859668 0.8660643338918288 0.7540394672378182 0.478929914328218 
0.5728931383857793 -0.9012606563911232 -0.8138759568969689 -0.7511437146636627 -0.7151773863243454 -0.6040395583339627 -0.9618411085632093 -0.27914108366367846 -0.5828679822327734 -0.84998251804544 -0.8871421723823014 -0.48154310971168923 -0.2995503738714553 -0.5353714059233763 0.1495656570999648 0.08812129114731301 0.10505395597620615 -0.013062969924075279 0.21968116577176788 -0.5745305666310634 0.36288642654842007 0.32598738190410725 0.7390647493436944 0.9684246654688261 0.5616549049990252 0.7042578806903516 0.8883483067907112 0.8660643338918288 0.7419603421643078 0.4763804841732707 
0.5728931383857793 -0.9012606563911232 -0.8138759568969689 -0.7511437146636627 -0.7151773863243454 -0.6040395583339627 -0.9618411085632093 -0.27914108366367846 -0.5828679822327734 -0.84998251804544 -0.8871421723823014 -0.48154310971168923 -0.2995503738714553 -0.5353714059233763 0.1495656570999648 0.08812129114731301 0.10505395597620615 -0.013062969924075279 0.21968116577176788 -0.5745305666310634 0.36288642654842007 0.32598738190410725 0.7390647493436944 0.9684246654688261 0.5616549049990252 0.7042578806903516 0.8883483067907112 0.8660643338918288 0.7419603421643078 0.4763804841732707 
0.22573184013184314 -0.6935312138110012 -0.759488242055015 -0.8030173147756873 -0.711433893064513 -0.9713661499812585 -0.9875785147725915 -0.7463472621870892 -0.8670363775937614 -0.5979047485235035 -0.8904166369615437 -0.933260373491414 0.21150272158930009 -0.545743027845035 -0.8496154529058082 -0.2713192584353239 -0.4197058253919074 -0.05274097006850268 0.0015042433267936574 -0.0024452558485120114 0.4386827139953182 0.3278161558301147 0.35489094256467824 0.4713858756468653 0.37168732203494254 0.627366704174322 0.8892826878454405 0.8853661653844466 0.8926069384557478 0.8895367963573302 
0.22793217657920728 -0.535565116895845 -0.7771636894403987 -0.8129226034567372 -0.7188734233428512 -0.9703025405243699 -0.9875785147725915 -0.7694328685869597 -0.8748675476185173 -0.5979047485235035 -0.6033431430788734 -0.9044713613578625 0.21143171717008527 -0.545743027845035 -0.8496154529058082 -0.30574785661413706 -0.3879473771231824 -0.05274097006850268 0.0015042433267936574 -0.06003899308939486 0.5467156516279874 0.33798939355714314 0.7069792870845777 0.4862602800925601 0.36533440502255105 0.6225641674129395 0.5764529041770701 0.8853661653844466 0.8902975064506318 0.8895367963573302 
0.22554733761918164 -0.5319275490197017 -0.7533512877271092 -0.8188862595649142 -0.7083732782354811 -0.9634041591672358 -0.9875785147725915 -0.7684305726735452 -0.8670363775937614 -0.6219404479915226 -0.8965118337330947 -0.9429496031583301 0.20721564175439752 -0.5464530710377732 -0.8134451205725144 -0.2713192584353239 -0.5688656071612777 -0.05274097006850268 0.03571264959191622 -0.0024452558485120114 -0.1971417077022153 0.34728165952263024 0.709727991701121 0.4757971436023698 0.3659448946026622 0.627366704174322 0.8892826878454405 0.88126765733529 0.2416360303022887 0.8895367963573302 
0.22573184013184314 -0.5377358814370163 -0.8311991203215817 -0.8140683808562502 -0.5115602871464806 -0.9760415866449753 -1.0 -0.7474789327510317 -0.8453882692988504 -0.6146994680754914 -0.8810500990294882 -0.9054529928556369 -0.6595613330692163 -0.545743027845035 0.18210209771713445 -0.2870783360850916 -0.4397575348178412 -0.03677549881657905 -0.0043514653226281435 0.03190513820964272 0.43744147115100496 0.3235924145492341 0.34651091378921134 0.4696935563114143 0.37182440801196165 0.6138791410662132 0.8892826878454405 0.8716368969203392 0.898646268058809 0.8905597719437203 
0.22573184013184314 -0.6935312138110012 -0.7533512877271092 -0.8124923351417995 -0.70469831274315 -0.9713661499812585 -0.9875785147725915 -0.7394339417813705 -0.8670363775937614 -0.6219404479915226 -0.8918430446761708 -0.9429496031583301 0.20721564175439752 -0.545743027845035 -0.8134451205725144 -0.2790302651223952 -0.4197058253919074 -0.05274097006850268 0.0015042433267936574 -0.0024452558485120114 -0.1971417077022153 0.3302833020231131 0.35783643921837655 0.47004455400827083 0.37168732203494254 0.627366704174322 0.8892826878454405 0.88126765733529 0.2354252155260741 0.8895367963573302 
0.22573184013184314 -0.6935312138110012 -0.759488242055015 -0.8030173147756873 -0.711433893064513 -0.9713661499812585 -0.9875785147725915 -0.7463472621870892 -0.8670363775937614 -0.5979047485235035 -0.8904166369615437 -0.933260373491414 0.21150272158930009 -0.545743027845035 -0.8496154529058082 -0.2713192584353239 -0.4197058253919074 -0.05274097006850268 0.0015042433267936574 -0.0024452558485120114 0.4386827139953182 0.3278161558301147 0.35489094256467824 0.4713858756468653 0.37168732203494254 0.627366704174322 0.8892826878454405 0.8853661653844466 0.8926069384557478 0.8895367963573302 
0.22240609553295276 -0.9560499452021345 -0.6128920116491512 -0.815214436324033 -0.7188734233428512 -0.9902507440874171 -0.988428624344612 -0.7496021990799626 -0.8569346411543034 -0.626523521991582 -0.6076025891473326 -0.9246323239542319 -0.6691231149661191 -0.545743027845035 -0.8060660558696817 -0.2886245344280427 -0.42461802123657544 -0.1936139371142556 0.0012180207925916045 -0.06837908032444355 -0.1971417077022153 0.33798939355714314 -0.42230483715450245 0.4762076214878345 0.563869591086461 0.6733110670847228 0.8892826878454405 0.8716368969203392 0.8831807192846569 0.8772982719475263 
0.22240609553295276 -0.9560499452021345 -0.6128920116491512 -0.815214436324033 -0.7188734233428512 -0.9902507440874171 -0.988428624344612 -0.7496021990799626 -0.8569346411543034 -0.626523521991582 -0.6076025891473326 -0.9246323239542319 -0.6691231149661191 -0.545743027845035 -0.8060660558696817 -0.2886245344280427 -0.42461802123657544 -0.1936139371142556 0.0012180207925916045 -0.06837908032444355 -0.1971417077022153 0.33798939355714314 -0.42230483715450245 0.4762076214878345 0.563869591086461 0.6733110670847228 0.8892826878454405 0.8716368969203392 0.8831807192846569 0.8772982719475263 
0.22573184013184314 -0.6935312138110012 -0.7533512877271092 -0.8124923351417995 -0.70469831274315 -0.9713661499812585 -0.9875785147725915 -0.7394339417813705 -0.8670363775937614 -0.6219404479915226 -0.8918430446761708 -0.9429496031583301 0.20721564175439752 -0.545743027845035 -0.8134451205725144 -0.2790302651223952 -0.4197058253919074 -0.05274097006850268 0.0015042433267936574 -0.0024452558485120114 -0.1971417077022153 0.3302833020231131 0.35783643921837655 0.47004455400827083 0.37168732203494254 0.627366704174322 0.8892826878454405 0.88126765733529 0.2354252155260741 0.8895367963573302 
0.2315426036912069 -0.9560499452021345 -0.7608118722425106 -0.8126585271298784 -0.6906386051670366 -0.9730059687224343 -0.9831554810171471 -0.7413963519268132 -0.8670363775937614 -0.6313215723923459 -0.8984560224322837 -0.16821146620459193 -0.4097300145417191 -0.545743027845035 -0.8451520665243066 -0.2886245344280427 -0.4236440179709001 -0.05274097006850268 0.004049243655656447 0.042344248756034535 0.4386827139953182 0.31761192878650196 0.3432436517746109 0.47142756429056265 0.0893046401907518 0.627366704174322 0.8881390689854602 0.9479188373714716 0.8797303673771525 0.881216385000715 
0.2315426036912069 -0.9560499452021345 -0.7608118722425106 -0.8126585271298784 -0.6906386051670366 -0.9730059687224343 -0.9831554810171471 -0.7413963519268132 -0.8670363775937614 -0.6313215723923459 -0.8984560224322837 -0.16821146620459193 -0.4097300145417191 -0.545743027845035 -0.8451520665243066 -0.2886245344280427 -0.4236440179709001 -0.05274097006850268 0.004049243655656447 0.042344248756034535 0.4386827139953182 0.31761192878650196 0.3432436517746109 0.47142756429056265 0.0893046401907518 0.627366704174322 0.8881390689854602 0.9479188373714716 0.8797303673771525 0.881216385000715 
0.22149612413544242 -0.6849655372683725 -0.7533512877271092 -0.8107622956576972 -0.70469831274315 -0.9902507440874171 -0.9875785147725915 -0.7394339417813705 -0.8609925641694105 -0.6219404479915226 -0.8838215822458968 -0.9246323239542319 0.21393321432175996 -0.41610175691436924 -0.8102881116167824 -0.2790302651223952 -0.4197058253919074 -0.1936139371142556 0.0015042433267936574 -0.0024452558485120114 -0.1971417077022153 0.32514013514536877 0.35783643921837655 0.47004455400827083 0.37168732203494254 0.6301776917967831 0.8892826878454405 0.8724498256653416 0.8831807192846569 0.8719633426383608 
0.2315426036912069 -0.9560499452021345 -0.7520282705683813 -0.8126585271298784 -0.6906386051670366 -0.9818862228056562 -0.9831554810171471 -0.7348320287673945 -0.8569346411543034 -0.6313215723923459 -0.8984560224322837 -0.16821146620459193 -0.4097300145417191 -0.545743027845035 -0.8134451205725144 -0.2886245344280427 -0.43179637676495636 -0.1936139371142556 0.0012180207925916045 0.042344248756034535 0.43744147115100496 0.32255673802693136 0.34651091378921134 0.47885659495624605 0.563869591086461 0.723246192997034 0.8892826878454405 0.9479188373714716 0.8831807192846569 0.881216385000715 
0.22149612413544242 -0.6849655372683725 -0.7533512877271092 -0.8107622956576972 -0.70469831274315 -0.9902507440874171 -0.9875785147725915 -0.7394339417813705 -0.8609925641694105 -0.6219404479915226 -0.8838215822458968 -0.9246323239542319 0.21393321432175996 -0.41610175691436924 -0.8102881116167824 -0.2790302651223952 -0.4197058253919074 -0.1936139371142556 0.0015042433267936574 -0.0024452558485120114 -0.1971417077022153 0.32514013514536877 0.35783643921837655 0.47004455400827083 0.37168732203494254 0.6301776917967831 0.8892826878454405 0.8724498256653416 0.8831807192846569 0.8719633426383608 
0.2315426036912069 -0.5308255781961333 -0.7520282705683813 -0.8126585271298784 -0.48379956927611495 -0.9708629348767758 -0.9843290016015431 -0.7384998550461722 -0.8569346411543034 -0.6340600912853122 -0.8716916776287714 -0.9051541158997652 -0.4097300145417191 -0.545743027845035 0.18210209771713445 -0.27546300507260674 -0.4397575348178412 -0.1936139371142556 -0.0043514653226281435 0.03805172729729489 0.43744147115100496 0.32255673802693136 0.34651091378921134 0.4713858756468653 0.37182440801196165 0.723246192997034 0.8892826878454405 0.9481015301253299 0.8873618041976221 0.8905597719437203 
0.2315426036912069 -0.5308255781961333 -0.7520282705683813 -0.8126585271298784 -0.48379956927611495 -0.9708629348767758 -0.9843290016015431 -0.7384998550461722 -0.8569346411543034 -0.6340600912853122 -0.8716916776287714 -0.9051541158997652 -0.4097300145417191 -0.545743027845035 0.18210209771713445 -0.27546300507260674 -0.4397575348178412 -0.1936139371142556 -0.0043514653226281435 0.03805172729729489 0.43744147115100496 0.32255673802693136 0.34651091378921134 0.4713858756468653 0.37182440801196165 0.723246192997034 0.8892826878454405 0.9481015301253299 0.8873618041976221 0.8905597719437203 
0.2233608831874644 -0.5282204378263524 -0.821601559957855 -0.8266037384709785 -0.6960267509243063 -0.9818862228056562 -0.9915081554782182 -0.7467309331809493 -0.9432562777902711 -0.623896467969561 -0.9003403642441393 -0.9051541158997652 -0.6691231149661191 -0.5440377020626312 -0.8134451205725144 -0.2886245344280427 -0.43179637676495636 -0.06050768456291646 -0.0043514653226281435 0.040518696231976986 0.4405323759428877 0.3313103709480937 0.34733198106122504 0.4687937420101964 0.563869591086461 0.723246192997034 0.8993159141039809 0.9479188373714716 0.8850885062231291 0.8905597719437203 
0.2233608831874644 -0.5282204378263524 -0.821601559957855 -0.8266037384709785 -0.6960267509243063 -0.9818862228056562 -0.9915081554782182 -0.7467309331809493 -0.9432562777902711 -0.623896467969561 -0.9003403642441393 -0.9051541158997652 -0.6691231149661191 -0.5440377020626312 -0.8134451205725144 -0.2886245344280427 -0.43179637676495636 -0.06050768456291646 -0.0043514653226281435 0.040518696231976986 0.4405323759428877 0.3313103709480937 0.34733198106122504 0.4687937420101964 0.563869591086461 0.723246192997034 0.8993159141039809 0.9479188373714716 0.8850885062231291 0.8905597719437203 
0.227619268155447 -0.5308255781961333 -0.7520282705683813 -0.8124923351417995 -0.48379956927611495 -0.9713661499812585 -0.9773913282538568 -0.7384998550461722 -0.8598068014351246 -0.626523521991582 -0.8918430446761708 -0.9149155144889224 -0.3965063015400019 -0.545743027845035 -0.8134451205725144 -0.2713192584353239 -0.43295171916639563 -0.05274097006850268 -0.0043514653226281435 0.03805172729729489 -0.1971417077022153 0.3302833020231131 0.35489094256467824 0.4713858756468653 0.37259927776769913 0.6609683983306966 0.8892826878454405 0.9543193774725475 0.8926069384557478 0.8905597719437203 
0.2315426036912069 -0.9560499452021345 -0.7520282705683813 -0.8126585271298784 -0.6906386051670366 -0.9818862228056562 -0.9831554810171471 -0.7348320287673945 -0.8569346411543034 -0.6313215723923459 -0.8984560224322837 -0.16821146620459193 -0.4097300145417191 -0.545743027845035 -0.8134451205725144 -0.2886245344280427 -0.43179637676495636 -0.1936139371142556 0.0012180207925916045 0.042344248756034535 0.43744147115100496 0.32255673802693136 0.34651091378921134 0.47885659495624605 0.563869591086461 0.723246192997034 0.8892826878454405 0.9479188373714716 0.8831807192846569 0.881216385000715 
0.2233608831874644 -0.5377358814370163 -0.6937780282728678 -0.8148270406869615 -0.48379956927611495 -1.0 -0.8552441402205178 -0.7384998550461722 -0.8494885441428809 -0.6059087631046647 -0.9003403642441393 -0.9235758741083114 -0.4102721523284783 -0.5783020381949125 -0.8043451190760974 -0.2808679349742069 -0.43735996016880624 -0.04107001796384464 -0.0043514653226281435 0.010647533926187149 -0.19708133838932185 0.3302833020231131 0.3378635653949596 0.47415513884484656 0.37182440801196165 0.723246192997034 0.9079407749807655 0.9516605164127057 0.7032600984950875 0.8913009212228699 
0.2233608831874644 -0.5282204378263524 -0.821601559957855 -0.8124923351417995 -0.48379956927611495 -0.9973135178182749 -0.8552441402205178 -0.7384998550461722 -0.8494885441428809 -0.6059087631046647 -0.9003403642441393 -0.9235758741083114 -0.4097300145417191 -0.545743027845035 -0.8158529372649468 -0.27546300507260674 -0.43295171916639563 -0.05274097006850268 -0.0043514653226281435 0.010647533926187149 -0.1971417077022153 0.3302833020231131 0.3378635653949596 0.4687937420101964 0.37182440801196165 0.723246192997034 0.8993159141039809 0.9543193774725475 0.7130975977556855 0.8913009212228699 
0.2196236496770315 -0.9560499452021345 -0.86119372526381 -0.7219883528370329 -0.68670743134369 -0.9752011295759138 -0.929483454865508 -0.7659846698758987 -0.9502977127437904 -0.6214565110085621 -0.877541412090371 -0.906572944382161 -0.6618741954854429 -0.5440377020626312 -0.8271337936928733 -0.28530062584792043 0.11131079708322233 -0.031644462010680385 -0.008985565620867254 0.0475199382026266 0.18207586235014742 0.33114397338730395 0.4280598206189037 0.4570374588595148 0.5989038574385541 0.6609683983306966 0.9001409185825272 0.9273696033339203 0.9075340840678295 0.46930912081990583 
0.2196236496770315 -0.9560499452021345 -0.86119372526381 -0.7219883528370329 -0.68670743134369 -0.9752011295759138 -0.929483454865508 -0.7659846698758987 -0.9502977127437904 -0.6214565110085621 -0.877541412090371 -0.906572944382161 -0.6618741954854429 -0.5440377020626312 -0.8271337936928733 -0.28530062584792043 0.11131079708322233 -0.031644462010680385 -0.008985565620867254 0.0475199382026266 0.18207586235014742 0.33114397338730395 0.4280598206189037 0.4570374588595148 0.5989038574385541 0.6609683983306966 0.9001409185825272 0.9273696033339203 0.9075340840678295 0.46930912081990583 
0.22554733761918164 -0.5358762549329372 -0.8322185464992808 -0.7090172147702801 -0.7019367096764352 -0.9557005514273818 -0.9283329827031062 -0.7511760778507613 -0.9432562777902711 -0.6330895817479187 -0.668660932228977 -0.9079287094828417 -0.6769157850787522 -0.5439192264031089 -0.8271337936928733 -0.2794913073569487 -0.4270250821560123 -0.03817104262093255 -0.008985565620867254 0.005605024730590515 -0.2040476954135016 0.33878704469377163 0.4280598206189037 0.46957156123054866 0.582435961914581 0.6609683983306966 0.8904925374503903 0.8654628873368673 0.9029806966472057 0.48710634077623916 
0.22135792606664895 -0.9560499452021345 -0.86119372526381 -0.6298706494483237 -0.6997512502333793 -0.9812828821569825 -0.9831554810171471 -0.7748404440840432 -0.9457080072460132 -0.6251557352333913 -0.8822214508591851 -0.9055757773954721 -0.6618741954854429 -0.5374364460680513 -0.8172956640241628 -0.2886245344280427 -0.42461802123657544 0.17083542156225537 -0.008139022767810844 0.3847777510275718 -0.1971417077022153 0.3217901834081612 0.37508674694569705 0.4687419338618792 0.5543895213348925 0.6609683983306966 0.891260264465367 0.8773367410858003 0.8934242877033873 0.8198339482667518 
0.2196236496770315 -0.9560499452021345 -0.8471162562527854 -0.7277274794894524 -0.6978096645607053 -1.0 -0.929483454865508 -0.7659846698758987 -0.9502977127437904 -0.6204602746439167 -0.9066708545844588 -0.916378004326012 -0.6644345200871825 -0.5390136786245682 -0.8267916245153666 -0.2794913073569487 -0.43227861256054073 -0.0447513421891311 -0.008985565620867254 0.033307492969618435 0.1807336838741478 0.33114397338730395 0.4280598206189037 0.1362311097151299 0.5989038574385541 0.6609683983306966 0.8994180842026674 0.9200438908792488 0.8918106158501308 0.48710634077623916 
0.22521863035179837 -0.5311498307674805 -0.8471162562527854 -0.6224272107022008 -0.6968081120537932 -0.9956319455088117 -0.929483454865508 -0.7748404440840432 -0.8573361505757734 -0.7935920356208008 -0.8822214508591851 -0.9055757773954721 -0.6579831058614029 -0.5473177790755814 -0.8147598181256874 -0.2886245344280427 -0.43227861256054073 -0.0447513421891311 0.0014555900261253646 0.39631857697542294 0.1807336838741478 0.3323378981915987 0.4280598206189037 0.1431045639844766 0.5506301945305262 0.6609683983306966 0.891260264465367 0.9200438908792488 0.8934242877033873 0.47830629675427305 
0.22554733761918164 -0.27675308014333333 -0.8322185464992808 -0.6170557481273691 -0.6997512502333793 -0.9557005514273818 -0.9283329827031062 -0.7511760778507613 -0.8537036471159042 -0.6214565110085621 -0.8822214508591851 -0.9055757773954721 -0.6618741954854429 -0.5463642797147995 -0.8271337936928733 -0.28530062584792043 -0.43227861256054073 0.17083542156225537 -0.008985565620867254 0.005605024730590515 0.1807336838741478 0.3323378981915987 0.4247058774223765 0.4620640227703497 0.5506301945305262 0.6609683983306966 0.9001409185825272 0.8656833593882026 0.8971115213839173 0.46930912081990583 
0.21658955880443212 -0.9625667863556495 -0.8471162562527854 -0.6269564108858765 -0.6978096645607053 -1.0 -0.929483454865508 -0.7630133750125492 -0.9502977127437904 -0.6172589223340875 -0.9066708545844588 -0.9055757773954721 -0.6579831058614029 -0.5524003653035002 -0.8271337936928733 -0.2886245344280427 -0.4274993946977202 0.17083542156225537 -0.008985565620867254 0.005605024730590515 0.18204984959006126 0.3323378981915987 0.2755602396423802 0.4620640227703497 0.5506301945305262 0.6609683983306966 0.8876830866147964 0.9272230929199896 0.8934242877033873 0.46930912081990583 
0.2196236496770315 -0.961304898748902 -0.8471162562527854 -0.7277274794894524 -0.6978096645607053 -0.9956319455088117 -0.929483454865508 -0.23771451136244126 -0.8567465168489632 -0.6251557352333913 -0.9066708545844588 -0.916378004326012 -0.6568304659903771 -0.5323283290587622 -0.8168814844648113 -0.2794913073569487 -0.43227861256054073 -0.12027587009868945 -0.001266652430785332 0.38750897519609023 0.1769611513358217 0.3323378981915987 0.4280598206189037 0.14002195736474576 0.5955775888892888 0.6618112911108912 0.8994180842026674 0.9200438908792488 0.8744327126570222 0.47830629675427305 
0.21658955880443212 -0.9625667863556495 -0.8471162562527854 -0.6269564108858765 -0.6978096645607053 -1.0 -0.929483454865508 -0.7630133750125492 -0.9502977127437904 -0.6172589223340875 -0.9066708545844588 -0.9055757773954721 -0.6579831058614029 -0.5524003653035002 -0.8271337936928733 -0.2886245344280427 -0.4274993946977202 0.17083542156225537 -0.008985565620867254 0.005605024730590515 0.18204984959006126 0.3323378981915987 0.2755602396423802 0.4620640227703497 0.5506301945305262 0.6609683983306966 0.8876830866147964 0.9272230929199896 0.8934242877033873 0.46930912081990583 
0.22135792606664895 -0.9560499452021345 -0.8528582727884543 -0.4588132918793044 -0.6997512502333793 -0.9732394208942342 -0.9101711244991477 -0.7748404440840432 -0.9432562777902711 -0.6256248264551855 -0.9066708545844588 -0.901907318523939 -0.6644345200871825 -0.5374364460680513 -0.8350877913944006 -0.2794913073569487 -0.4270250821560123 -0.03731869618483757 -0.008985565620867254 0.3869183707659409 0.1807336838741478 0.33878704469377163 0.34860313758726436 0.46282229335575015 0.5895160979294372 0.6609683983306966 0.9191295327145609 0.8686168250528103 0.8918106158501308 0.47835826388389685 
0.22135792606664895 -0.9560499452021345 -0.8471162562527854 -0.4588132918793044 -0.6968081120537932 -0.9734706751295589 -0.9101711244991477 -0.23771451136244126 -0.9500522163748601 -0.4215188414869333 -0.9099120443234021 -0.9072928940422407 -0.6561162088198915 -0.5473177790755814 -0.8187266892802455 -0.27130173314863504 -0.4270250821560123 -0.0447513421891311 -0.001266652430785332 0.3869183707659409 0.1769611513358217 0.33878704469377163 0.43658696140845116 0.14558214678772471 0.5895160979294372 0.6609683983306966 0.9065172936712343 0.9118834753244536 0.8934242877033873 0.46859764541450877 
0.041614067618500325 0.7343658606570034 0.10662392092872652 0.7430738739588594 0.5356130674034119 0.990599916338111 0.5751284018931426 0.7947364381286932 1.0 0.9472420637231488 0.4796616447587528 0.8905625122655229 0.7194141910967633 0.5637201987855021 0.6390623337021382 0.6545418588661139 0.8281798965464527 0.6880773759460581 0.46512886888294275 0.2705683252806454 0.15984639107282647 0.1585311558709646 0.048773793058754636 0.05330936220269623 -0.45594777293512523 -0.6029289139692654 -0.44079357425521226 -0.37396620499740213 -0.23089716542780978 -0.8252639608543363 
0.04698552045830749 0.745327260991112 0.8613653888979538 0.7535966964266408 0.5292840579786573 0.9817088564440967 0.7789585317638332 0.8156121516710779 1.0 0.9739783481227575 0.4796616447587528 0.9231102586734855 0.7262974555170204 0.5637201987855021 0.6390623337021382 0.6648695100293986 0.8310837523959586 0.7025491130330681 0.4635623225904274 0.2705683252806454 0.16816949531851308 0.15467103104611535 0.053974829367291303 -0.2594023982435292 -0.4342770425133031 -0.6141345069182257 -0.1256562392431726 -0.37875281206605005 -0.2294236298010443 -0.8226763449183995 
0.041614067618500325 0.7361987166949355 0.8702933556455847 0.7430738739588594 0.5454601599093699 0.990599916338111 0.7875611811347466 0.8179697890332518 0.7620026797830339 0.9472420637231488 0.9175439934300424 0.8985869767984813 0.7459647740656985 0.5678704410362768 0.6390623337021382 0.6174386079369167 0.8312835195911725 0.6855836458264808 0.4717411270102754 0.24635003112186593 0.16816949531851308 0.15467103104611535 0.048773793058754636 -0.2948302314572673 -0.43714630886630385 -0.6188265118166973 -0.4516953019416018 -0.3828440815139552 -0.2301690424886169 -0.8226763449183995 
0.041614067618500325 0.7325168963132132 0.8192116918050858 0.7459495256980692 0.5454601599093699 0.990599916338111 0.5751284018931426 0.8156121516710779 0.7569665263860765 0.9472420637231488 0.9263451097336762 0.9175937472448842 0.727156500194667 0.5678704410362768 0.6390623337021382 0.6648695100293986 0.8310837523959586 0.7025491130330681 0.45470226859351914 0.2705683252806454 0.2100711546495153 0.15467103104611535 0.049214545710086294 0.06523603854026397 -0.44422379202626777 -0.6096112173123551 -0.45561192275158574 -0.3868582546513307 -0.2301690424886169 -0.8182061795691858 
0.04698552045830749 0.745327260991112 0.8613653888979538 0.7535966964266408 0.5292840579786573 0.9817088564440967 0.7789585317638332 0.8156121516710779 1.0 0.9739783481227575 0.4796616447587528 0.9231102586734855 0.7262974555170204 0.5637201987855021 0.6390623337021382 0.6648695100293986 0.8310837523959586 0.7025491130330681 0.4635623225904274 0.2705683252806454 0.16816949531851308 0.15467103104611535 0.053974829367291303 -0.2594023982435292 -0.4342770425133031 -0.6141345069182257 -0.1256562392431726 -0.37875281206605005 -0.2294236298010443 -0.8226763449183995 
0.04698552045830749 0.7454990114744111 0.8625218628680502 0.7430738739588594 0.5292840579786573 0.990599916338111 0.7789585317638332 0.7947364381286932 1.0 0.9560489182300321 0.4796616447587528 0.8985869767984813 0.7262974555170204 0.5637201987855021 0.6390623337021382 0.6098836907018967 0.8280606904475528 0.6855836458264808 0.46512886888294275 0.2705683252806454 0.16816949531851308 0.15467103104611535 0.053974829367291303 -0.2594023982435292 -0.44422379202626777 -0.6188265118166973 -0.45229448214885315 -0.3741340987483798 -0.2294236298010443 -0.8226763449183995 
0.041614067618500325 0.7343658606570034 0.8758521970362846 0.7201139282706784 0.5212490597259554 0.990599916338111 0.5677500696167288 0.8089824080069397 0.9909532916684212 0.9472420637231488 0.9124159347391174 0.8887125963230348 0.7358776027049856 0.564423625457075 0.6649580761381365 0.6119376552539105 0.8281798965464527 0.6935338798287946 0.4703446821346601 0.2714885026191414 0.14328434394027867 0.1585311558709646 0.048773793058754636 0.06932247663635835 -0.028730922383858104 -0.5742416362849515 -0.44207372703374015 -0.3808812444883657 -0.2301690424886169 -0.8101803007887312 
0.04698552045830749 0.7454990114744111 0.8625218628680502 0.7430738739588594 0.5292840579786573 0.990599916338111 0.7789585317638332 0.7947364381286932 1.0 0.9560489182300321 0.4796616447587528 0.8985869767984813 0.7262974555170204 0.5637201987855021 0.6390623337021382 0.6098836907018967 0.8280606904475528 0.6855836458264808 0.46512886888294275 0.2705683252806454 0.16816949531851308 0.15467103104611535 0.053974829367291303 -0.2594023982435292 -0.44422379202626777 -0.6188265118166973 -0.45229448214885315 -0.3741340987483798 -0.2294236298010443 -0.8226763449183995 
0.047367577351338834 0.7343658606570034 0.8758521970362846 0.7201139282706784 0.5212490597259554 0.9907997243901409 0.7789585317638332 0.7947364381286932 0.9909532916684212 0.9419533289846462 0.47439545538065486 0.8985869767984813 0.7262974555170204 0.8278485717047905 0.6390623337021382 0.6190269063620399 0.8255584209719656 0.6805418903050056 0.4579592219852015 0.25828307961285346 0.16816949531851308 0.1585311558709646 0.048773793058754636 -0.24114820519463914 -0.4541214862713306 -0.6188265118166973 -0.45229448214885315 -0.37396620499740213 -0.23864263656769247 -0.8421188936902073 
0.041614067618500325 0.7305770592423612 0.8758521970362846 0.7171827850477255 0.5356130674034119 0.990599916338111 0.5677500696167288 0.8089824080069397 0.9903766630331956 0.9472420637231488 0.9087191095485305 0.9059698937334811 0.7145252104146319 0.5637201987855021 0.6390623337021382 0.6072241183269088 0.830098595731398 0.6850287090509807 0.4703446821346601 0.2813211782039987 0.15984639107282647 0.1585311558709646 0.048773793058754636 -0.23349334704821906 -0.45521096480677686 -0.5910401299830034 -0.4329198290582763 -0.38665640178102395 -0.2607270388294414 -0.8013983260276001 
0.043942015966070815 0.7209979298522553 0.8758521970362846 0.7413660533692071 0.5445869896870378 0.8159049199090969 0.5677500696167288 0.8700519966385014 0.9909532916684212 0.9467637248797044 0.9263451097336762 0.9074160792060865 0.7358776027049856 0.564423625457075 0.6390623337021382 0.6590809073892001 0.8281798965464527 0.6807530063480951 0.4703446821346601 0.2714885026191414 0.14328434394027867 0.15918033099682077 0.049214545710086294 0.07279006178689781 -0.4410394220477026 -0.6096112173123551 -0.4489919182621435 -0.3868582546513307 -0.25163250770052104 -0.8104247336011868 
0.041614067618500325 0.7305770592423612 0.8758521970362846 0.7171827850477255 0.5356130674034119 0.990599916338111 0.5677500696167288 0.8089824080069397 0.9903766630331956 0.9472420637231488 0.9087191095485305 0.9059698937334811 0.7145252104146319 0.5637201987855021 0.6390623337021382 0.6072241183269088 0.830098595731398 0.6850287090509807 0.4703446821346601 0.2813211782039987 0.15984639107282647 0.1585311558709646 0.048773793058754636 -0.23349334704821906 -0.45521096480677686 -0.5910401299830034 -0.4329198290582763 -0.38665640178102395 -0.2607270388294414 -0.8013983260276001 
0.041614067618500325 0.7325168963132132 0.8192116918050858 0.7459495256980692 0.5454601599093699 0.990599916338111 0.5751284018931426 0.8156121516710779 0.7569665263860765 0.9472420637231488 0.9263451097336762 0.9175937472448842 0.727156500194667 0.5678704410362768 0.6390623337021382 0.6648695100293986 0.8310837523959586 0.7025491130330681 0.45470226859351914 0.2705683252806454 0.2100711546495153 0.15467103104611535 0.049214545710086294 0.06523603854026397 -0.44422379202626777 -0.6096112173123551 -0.45561192275158574 -0.3868582546513307 -0.2301690424886169 -0.8182061795691858 
0.03946650573762102 0.8394546733966386 0.8749262441829244 0.7430738739588594 0.5343774189549166 0.8299595489727787 0.7647115338630938 0.7944579541854879 0.9909532916684212 0.951064549811122 0.920823151517763 0.8931960960168572 0.7372646672396499 0.5369602607710796 0.9020641063852486 0.6601822485504923 0.8661691024498742 0.668507207068658 0.46346942561978577 0.24966825304353474 0.1524309128930632 0.16393800639561049 0.048773793058754636 0.05971594880337607 0.1210357658570647 -0.6130551292328797 -0.441286679062469 -0.3876222013429248 -0.23354834335009866 -0.8118475018868196 
0.03946650573762102 0.8394546733966386 0.8749262441829244 0.7430738739588594 0.5343774189549166 0.8299595489727787 0.7647115338630938 0.7944579541854879 0.9909532916684212 0.951064549811122 0.920823151517763 0.8931960960168572 0.7372646672396499 0.5369602607710796 0.9020641063852486 0.6601822485504923 0.8661691024498742 0.668507207068658 0.46346942561978577 0.24966825304353474 0.1524309128930632 0.16393800639561049 0.048773793058754636 0.05971594880337607 0.1210357658570647 -0.6130551292328797 -0.441286679062469 -0.3876222013429248 -0.23354834335009866 -0.8118475018868196 
0.03679238665597883 0.7325168963132132 0.8287167022042212 0.7430738739588594 0.5454601599093699 0.9907997243901409 0.784660058210926 0.7947364381286932 0.9909532916684212 0.9472420637231488 0.9263451097336762 0.9004462317530166 0.7289399019734015 0.5691474175765416 0.6373329485475969 0.6648695100293986 0.8370570418657962 0.6742498994616478 0.4619001674813481 0.2718229474918875 0.14506088438843687 0.1585311558709646 0.05581402423643388 -0.23973336433738054 -0.4541214862713306 -0.6029289139692654 -0.45229448214885315 -0.3794212227175783 -0.23354834335009866 -0.46586081806786206 
0.04045278668511765 0.7305770592423612 0.8781228893591049 0.7413660533692071 0.5445869896870378 0.8159049199090969 0.7789585317638332 0.6136140041588041 0.9985288666619536 0.9560489182300321 0.9115783432083955 0.9059698937334811 0.7262974555170204 0.5415919097543587 0.6390623337021382 0.6601822485504923 0.830098595731398 0.6850287090509807 0.45349906695313347 0.11870584615962843 0.1812841453603753 0.15918033099682077 0.047219104112934965 -0.24114820519463914 -0.4410394220477026 -0.6007144476316816 -0.4489919182621435 -0.3775650297015565 -0.255466811633818 -0.851675044629608 
0.03497103934947668 0.7387023732821718 0.8749262441829244 0.7430738739588594 0.5343774189549166 0.8225213132968774 0.7822048530407408 0.7944579541854879 0.9909532916684212 0.951064549811122 0.9280656697420069 0.8985869767984813 0.7372646672396499 0.5369602607710796 0.9007170462686138 0.6601822485504923 0.8376614692814004 0.668507207068658 0.4619001674813481 0.2705683252806454 0.1524309128930632 0.15629817755657352 0.05013454170719999 0.05971594880337607 -0.4410394220477026 -0.6130551292328797 -0.441286679062469 -0.3855386746763283 -0.23354834335009866 -0.8052455473412604 
0.03193732200428352 -0.07602782014104692 0.8275108512524914 0.7430738739588594 0.5344546830268398 0.8243472835496279 0.7744474366743398 0.8015670315747876 0.9759659126552819 0.9560489182300321 0.920823151517763 0.9030814968561841 0.727156500194667 0.5369602607710796 0.6651235882264582 0.6601822485504923 0.8661691024498742 0.6850287090509807 0.43628833914218695 0.24966825304353474 0.13017222743229387 0.15453591311420706 0.048773793058754636 0.06373094891433201 0.11225507540608266 -0.5996063768035027 -0.441286679062469 -0.3876222013429248 -0.255466811633818 -0.8132683133920126 
0.03193732200428352 -0.07602782014104692 0.8275108512524914 0.7430738739588594 0.5344546830268398 0.8243472835496279 0.7744474366743398 0.8015670315747876 0.9759659126552819 0.9560489182300321 0.920823151517763 0.9030814968561841 0.727156500194667 0.5369602607710796 0.6651235882264582 0.6601822485504923 0.8661691024498742 0.6850287090509807 0.43628833914218695 0.24966825304353474 0.13017222743229387 0.15453591311420706 0.048773793058754636 0.06373094891433201 0.11225507540608266 -0.5996063768035027 -0.441286679062469 -0.3876222013429248 -0.255466811633818 -0.8132683133920126 
