1.0088725286556706 0.7648679630716144 1.2197926659207452 
1.0530944580565726 0.3340426042849486 1.1880668563637184 
0.6915497051361199 0.8699970898647688 1.2062003183956655 
0.6915497051361199 0.8699970898647688 1.2062003183956655 
1.0531377248087386 0.511765711936808 1.2242294522770847 
0.9464915259648314 0.33341837808907954 1.1226677227718413 
0.9464915259648314 0.33341837808907954 1.1226677227718413 
1.2374452101237472 0.780110000812026 1.1940393422057487 
1.2374452101237472 0.780110000812026 1.1940393422057487 
1.2211674799400474 0.6029366194543785 1.2460644774315375 
1.1606318000821751 0.7450707852583092 1.2293898279860094 
1.0802620395375773 0.7525698581471163 1.206531619703656 
0.8937872905792845 0.8779707489996642 1.2734979386037093 
1.217844795755824 0.6972533863438432 1.2228764795204246 
1.053294273385403 1.0032836917686763 1.245904936740341 
0.6546639471437703 0.9862698843197504 1.238874542352895 
1.0530944580565726 0.3340426042849486 1.1880668563637184 
1.0531377248087386 0.511765711936808 1.2242294522770847 
0.6546639471437703 0.9862698843197504 1.238874542352895 
1.1606318000821751 0.7450707852583092 1.2293898279860094 
2.4927348183281453 2.3928170274984013 2.8216795664980054 
2.63403299531533 2.3056385351151505 3.068953840642386 
2.63403299531533 2.3056385351151505 3.068953840642386 
1.9692918256192327 1.4786976807797374 1.839394500230826 
2.3516328292846005 3.383329995163767 3.5257197663807758 
2.7218311070133443 1.0767254939239614 1.9209177636705816 
2.492978313647276 2.5722197859403337 3.0023202279330286 
1.898821526722709 2.8894515382874038 1.6578716336972394 
1.3959219237655254 1.2496361819574666 2.4466266030146566 
3.6772112289923 0.8634351489820682 2.6248851810667944 
4.375833042035424 2.6300163407415815 4.863819420693869 
1.3959219237655254 1.2496361819574666 2.4466266030146566 
1.9653757246832537 2.17947978672568 2.51649357186027 
3.0279267364736886 2.213643644967996 1.7379661746604909 
2.7218311070133443 1.0767254939239614 1.9209177636705816 
3.3176206008437155 2.0599228460162746 3.3048921312636974 
1.5907990865699937 2.7591080287441825 2.604662600436216 
2.7855446451802024 2.3875491242695115 2.3560968704939187 
2.3295314172415424 2.417573178257266 3.0103971819361286 
2.2974201425142664 2.1491222974538573 3.976192972164631 
3.511122972506759 2.7182584071379488 2.6440308261013357 
3.217626576035634 2.8122798843877685 3.294495134737105 
2.696282897555652 2.388936199019508 2.653862643134314 
1.9100326586358807 1.457592676516157 1.6549479259162652 
1.9253549003461898 1.8040494089412151 2.786675847219188 
3.0220170794193058 2.4222062134515845 2.637631238651195 
3.413047116784594 3.2933521469501117 2.159520416097986 
3.0809195243969127 1.5869189987957133 2.4141326882869625 
2.7128585807826227 2.5518290698769586 3.8766970362505706 
2.4383199082185456 2.4434759132401798 3.4977679881285875 
4.325561173503694 3.256324967598469 1.4014932584709054 
3.8031242009376625 1.7726494414993288 2.8653355474811173 
1.5119487592211993 1.4680554177129777 2.0313508602833448 
3.264707807653367 2.4184015202260807 2.0157103651003223 
2.8403733297879183 1.316523680466566 2.208025397189205 
2.7906970409458025 1.9320488469420787 3.068400288782803 
2.6397451224182684 3.0841210567750985 2.194898408813068 
2.3324324094541886 1.9324956006181986 2.202065204497938 
2.7426172379664027 2.742367105782051 3.0842733860472267 
2.71699553062457 2.0383904184465695 2.461367298698476 
3.4410090654517362 1.7438475676200271 2.3099811217345234 
2.866400401594076 1.0849364990847163 2.3191584835462606 
3.908904262860185 3.2010573816059695 3.0639054636883207 
2.391279050755188 2.0060916367226023 1.6557403077743236 
3.28569638821961 2.4535199610577845 2.2983967160015903 
3.5289514818067738 2.397079248672788 2.0759964784679372 
1.7464704096234451 2.7107655805740647 2.4818533694825984 
2.019682878122371 1.016657798457482 1.6172585881361476 
2.8403733297879183 1.316523680466566 2.208025397189205 
1.870333998140599 3.046655371426187 3.8125325786027804 
1.5645293094202601 2.4925303064978377 3.147479975558812 
3.28569638821961 2.4535199610577845 2.2983967160015903 
2.0421189510224838 2.2989731287778072 1.9034293281695311 
2.2209913203570433 2.860922881455101 3.35414786928475 
2.1618414017131724 3.1750062612719976 1.9945358160199973 
1.1359331431240158 1.8370500566515688 2.451099936746963 
1.9034454390631346 2.5908839626110534 3.1991428225184007 
2.059882087751048 2.1895814720419953 2.6971093824420804 
3.3176206008437155 2.0599228460162746 3.3048921312636974 
2.8134656811214693 2.06105997776614 2.63424672396213 
2.0106939801087185 1.301402840270204 4.044291622484038 
3.992790256086537 1.7769482674831951 2.5492274732227456 
2.811529570737421 1.4811532443651392 1.828115221647399 
3.0809195243969127 1.5869189987957133 2.4141326882869625 
2.293848225108848 1.6010913660051183 2.7169295123465447 
2.688621317488668 1.1972456101373357 3.599913393539206 
3.0279267364736886 2.213643644967996 1.7379661746604909 
2.379223605495104 2.88421476360966 0.7692569236347738 
1.9521846382288313 1.3462821026166176 1.241723692889994 
1.3923701852230637 2.6466724493703206 2.4851496181480366 
2.429804995126903 2.007128851780909 2.0893578871181697 
2.7542331383948415 1.4682421875139933 2.72182971465513 
1.5781217928219826 1.5200316449447662 2.7713408952242804 
2.9969486737605857 3.731208923736689 3.3386460261612623 
1.8231385200671473 0.7811928271312648 1.4439142204226703 
1.8676660682369508 1.9796045614297102 2.6896060938497843 
2.903127114429126 1.026844724552572 2.7293337422059283 
1.5781217928219826 1.5200316449447662 2.7713408952242804 
2.798285103785511 2.37650556369868 2.4198633797517166 
2.124702457986592 2.021782728037015 3.1192424370587593 
2.5322968194549222 2.390609976740752 3.0192517065575366 
3.2734438142581106 2.610354887190624 3.0650793223007247 
3.4204602719207036 2.5638705503666523 3.7194949864982374 
1.9078353183683951 1.1515323445696135 2.602929678225278 
2.9166539073036994 3.302643092292181 2.329128902599641 
1.4324478460769199 1.1542626245404009 1.7692099612467707 
2.6818763992075696 2.186176819897494 2.1245599113468554 
2.8166593906790975 1.5245215949455324 2.737219012222154 
2.4927348183281453 2.3928170274984013 2.8216795664980054 
2.4383010395271576 1.3823792368656005 1.3164325692920544 
4.07073124601056 1.9478152322000268 2.6557380838178877 
2.6134761684964385 1.8261254339548931 2.9072591762265807 
2.391279050755188 2.0060916367226023 1.6557403077743236 
1.3923701852230637 2.6466724493703206 2.4851496181480366 
3.195186143031561 2.7588284931919085 3.242509967961059 
2.124702457986592 2.021782728037015 3.1192424370587593 
3.144406169447393 0.5677015526712011 1.5435303387440595 
2.7426172379664027 2.742367105782051 3.0842733860472267 
2.105183264376279 1.6911421701661582 1.8346790609148727 
2.5684089965626584 3.3214349521250432 3.176496104583781 
2.5322968194549222 2.390609976740752 3.0192517065575366 
2.327301490255927 1.30024820174756 1.7034935417288959 
2.4981647970212375 0.6653519264333203 1.8449218709108153 
1.9408031955583875 1.3387251464406937 2.6553888113772874 
2.288837401971581 3.0957571315951764 3.928031153004581 
2.79826725641321 2.8275917488512654 1.0285597894211647 
3.4417736041073903 2.006083412430267 2.9635905461581205 
3.3438846931671113 3.329278673014821 2.833668833766537 
3.119700550057061 1.8906397966625488 3.2677456061884644 
2.4411804527973477 2.7110099402139625 2.1725257792690216 
2.0421189510224838 2.2989731287778072 1.9034293281695311 
2.4909093629101347 2.60969880921951 1.5871479825609824 
2.3324324094541886 1.9324956006181986 2.202065204497938 
1.950757840890904 2.894363133852093 2.708985099968163 
2.4529883386173723 2.262622159373102 1.6607015999613892 
2.807256323289276 3.166774553224828 3.6602632258976877 
2.2209913203570433 2.860922881455101 3.35414786928475 
2.6818763992075696 2.186176819897494 2.1245599113468554 
1.9078353183683951 1.1515323445696135 2.602929678225278 
2.4529883386173723 2.262622159373102 1.6607015999613892 
2.4446376971635346 1.7515369283353912 2.6856572494979845 
3.204246822636682 1.8800131395798605 2.661352297429529 
3.5416425107381073 2.943581045322067 2.297805633711024 
3.5626134291046805 1.0884590098081464 1.5744662387485335 
1.7929860882902462 0.5527863266652975 1.3447651883050658 
3.5301610797023266 2.8498468834971895 2.877313117074118 
3.0983077779569603 4.295899062985565 2.1442179034745252 
2.4446376971635346 1.7515369283353912 2.6856572494979845 
1.9408031955583875 1.3387251464406937 2.6553888113772874 
1.4324478460769199 1.1542626245404009 1.7692099612467707 
2.4411804527973477 2.7110099402139625 2.1725257792690216 
2.4472059682379843 2.4900011909733806 3.152560536536275 
3.204246822636682 1.8800131395798605 2.661352297429529 
1.1359331431240158 1.8370500566515688 2.451099936746963 
1.9521846382288313 1.3462821026166176 1.241723692889994 
2.019682878122371 1.016657798457482 1.6172585881361476 
4.488890683154125 3.0129470796875593 4.274919220966641 
3.992790256086537 1.7769482674831951 2.5492274732227456 
3.1138577928240387 2.039153997729024 2.959884042416686 
2.688621317488668 1.1972456101373357 3.599913393539206 
2.898283143903118 2.097968642909265 2.3331730360689478 
2.4383010395271576 1.3823792368656005 1.3164325692920544 
2.3516328292846005 3.383329995163767 3.5257197663807758 
3.413485252086922 3.1027781892381974 2.921582395535868 
2.7906970409458025 1.9320488469420787 3.068400288782803 
2.322256088803236 2.7241573188866393 2.5665484185182605 
2.150327875648327 1.1718019478729063 2.640694717559023 
2.3078438321114265 2.2336769922098525 2.7317807450778386 
2.79826725641321 2.8275917488512654 1.0285597894211647 
1.5119487592211993 1.4680554177129777 2.0313508602833448 
1.8676660682369508 1.9796045614297102 2.6896060938497843 
2.71699553062457 2.0383904184465695 2.461367298698476 
2.043042518192855 1.2238066420398896 2.0587188266105096 
1.7259802513397535 1.6823240145223586 2.9570828370649904 
1.5907990865699937 2.7591080287441825 2.604662600436216 
1.9034454390631346 2.5908839626110534 3.1991428225184007 
2.125583289132668 4.3050835448921605 2.327308871291888 
3.908904262860185 3.2010573816059695 3.0639054636883207 
2.150327875648327 1.1718019478729063 2.640694717559023 
3.1818024634769673 2.445980611650767 3.5252801243852203 
2.059882087751048 2.1895814720419953 2.6971093824420804 
3.1238914656650456 0.8463411146392076 3.5324075913788935 
2.043042518192855 1.2238066420398896 2.0587188266105096 
2.1618414017131724 3.1750062612719976 1.9945358160199973 
2.4909093629101347 2.60969880921951 1.5871479825609824 
1.9253549003461898 1.8040494089412151 2.786675847219188 
2.798285103785511 2.37650556369868 2.4198633797517166 
1.9692918256192327 1.4786976807797374 1.839394500230826 
1.7074825991765263 1.7781060298790479 3.221742531887362 
3.0604591977525955 3.91494460807794 2.403491835277846 
1.6007953487838744 1.3675113465160658 2.055545599339431 
1.7929860882902462 0.5527863266652975 1.3447651883050658 
2.379223605495104 2.88421476360966 0.7692569236347738 
2.903127114429126 1.026844724552572 2.7293337422059283 
2.105183264376279 1.6911421701661582 1.8346790609148727 
1.9100326586358807 1.457592676516157 1.6549479259162652 
2.9366023248280357 1.5825912525339707 3.2525687930435296 
1.4449823854222654 2.6939394603047977 1.4724226265472655 
3.413047116784594 3.2933521469501117 2.159520416097986 
3.195186143031561 2.7588284931919085 3.242509967961059 
2.327301490255927 1.30024820174756 1.7034935417288959 
2.799010974052198 1.0846630944648472 1.3546935539606648 
2.9969486737605857 3.731208923736689 3.3386460261612623 
2.9166539073036994 3.302643092292181 2.329128902599641 
1.9653757246832537 2.17947978672568 2.51649357186027 
2.898721447414079 2.3189867153200354 3.8153399357554627 
1.8231385200671473 0.7811928271312648 1.4439142204226703 
2.3078438321114265 2.2336769922098525 2.7317807450778386 
3.5626134291046805 1.0884590098081464 1.5744662387485335 
2.866400401594076 1.0849364990847163 2.3191584835462606 
