0.8592117614086394 0.2790563836468128 
0.6939225300380087 0.2820553389215908 
0.6939225300380087 0.2820553389215908 
0.6964735852350694 0.282057410924809 
0.6991607545246422 0.2855866665741615 
0.669589916819413 0.2905706975080029 
0.6398704688180455 0.2924233768499815 
0.6629623479031177 0.29338845386037876 
0.6398704688180455 0.2924233768499815 
0.6282545095143929 0.29245355407551343 
0.6202030013148695 0.29848721479965024 
0.6282545095143929 0.29245355407551343 
0.6202030013148695 0.29848721479965024 
0.6190324430752742 0.3032457110683311 
0.5913564580525618 0.28505272359880046 
0.5913564580525618 0.28505272359880046 
0.6024308259316925 0.31093669639153965 
0.5849196528675679 0.30186044710222504 
0.6024308259316925 0.31093669639153965 
0.6020303356990108 0.31423406716682717 
0.5857359283983622 0.31106462196679524 
0.5745171238704486 0.31719708329954494 
0.5906234925880705 0.3171741651693888 
0.5906234925880705 0.3171741651693888 
0.5745171238704486 0.31719708329954494 
0.5849196528675679 0.30186044710222504 
0.5857359283983622 0.31106462196679524 
0.587046070974782 0.32603696150916417 
0.587046070974782 0.32603696150916417 
0.5833955548627162 0.333216952323908 
0.5853031137921878 0.31609366375054054 
0.5822073791426933 0.3367165018590603 
0.5883938994993223 0.3389293121155762 
0.5454911512159608 0.3456803565731626 
0.5571938899584583 0.3461781649659437 
0.5501598567356785 0.3501099042220326 
0.5409265815558566 0.34902966287940435 
0.5642530079694751 0.3494368735580566 
0.5571938899584583 0.3461781649659437 
0.5642530079694751 0.3494368735580566 
0.5501598567356785 0.3501099042220326 
0.5378600976242506 0.34307715941602307 
0.5378600976242506 0.34307715941602307 
0.5343818103966815 0.3471902184826698 
0.505807494690502 0.35272259577973486 
0.5343818103966815 0.3471902184826698 
0.5368843096635056 0.35647984623158907 
0.5292831620545221 0.34749160336397983 
0.4765705477558649 0.354946998649112 
0.5172739722940851 0.3575823380890666 
0.49790874110868805 0.34980575336779346 
0.5034608695704379 0.3521242769575449 
0.505807494690502 0.35272259577973486 
0.5034608695704379 0.3521242769575449 
0.5056985437117647 0.3591461443139804 
0.4765705477558649 0.354946998649112 
0.5017686696282869 0.34958825541827154 
0.48631826373459036 0.34481420564776866 
0.49790874110868805 0.34980575336779346 
0.49007580912631304 0.3496939511136307 
0.4827067360228152 0.3622462344896368 
0.5021589532100691 0.3597810778520624 
0.49704991938635507 0.3493826569825347 
0.49704991938635507 0.3493826569825347 
0.48287135338493886 0.3644975421195924 
0.4827067360228152 0.3622462344896368 
0.474653103950076 0.35721401416187704 
0.48037820662935327 0.3589942858208556 
0.48631826373459036 0.34481420564776866 
0.4834308189004942 0.3674542878861269 
0.4853904775352602 0.36937635236668726 
0.48037820662935327 0.3589942858208556 
0.4834308189004942 0.3674542878861269 
0.48139111062624784 0.37039390187331117 
0.4763284228737788 0.37126909710904044 
0.47456148970727674 0.3621316063692932 
0.47519939242916703 0.3650490874124055 
0.4630685404857883 0.3653919642649424 
0.47306062003307486 0.3742195709932409 
0.46553752274436494 0.380747889439882 
0.46553752274436494 0.380747889439882 
0.4630685404857883 0.3653919642649424 
0.4691187668372432 0.37553643689437977 
0.4685736656965178 0.3726334534402138 
0.4656373824736701 0.3757217760947975 
0.4656373824736701 0.3757217760947975 
0.4583582383131559 0.36522334915525256 
0.46731610838160553 0.3952780405953775 
0.46481689213513344 0.3963832331801829 
0.46481689213513344 0.3963832331801829 
0.46415076560853796 0.39037059726913353 
0.4581143684037059 0.42191436220619194 
0.4583582383131559 0.36522334915525256 
0.4581143684037059 0.42191436220619194 
0.4588255551840311 0.45126875149101725 
0.45753139040373314 0.45061201210360113 
0.4525371112519834 0.46665478500231794 
0.4525371112519834 0.46665478500231794 
0.45303993296670264 0.5287905857355404 
0.4499880800638252 0.7437498591553957 
