1.0118173363276262 0.10803292659391543 
0.8259124724509038 0.11658974660703934 
0.8193800631919532 0.1167077820559287 
0.8193800631919532 0.11676313567215771 
0.7606833645367344 0.13376431443284204 
0.7606833645367344 0.13376431443284204 
0.7608346346731317 0.133525871157099 
0.7258555586309104 0.16235091485078032 
0.72545409474347 0.16299159802896004 
0.7201408323261932 0.17634710641583334 
0.714083324140487 0.18255384440354308 
0.7091174973603327 0.18492927188349229 
0.7059665988181395 0.19640253232159455 
0.7048221326705804 0.206678225880307 
0.7032668452075469 0.21652277223089245 
0.69990054173783 0.22516834812664538 
0.6992423734564411 0.23407177818063254 
0.699090985483396 0.23606000951749034 
0.6968498551130707 0.25075688413817204 
0.6968498551130707 0.25075688413817204 
0.6966879628575147 0.2652298599489842 
0.696577373810656 0.28467368047126845 
0.6963387187532565 0.28576169452060085 
0.5809312190277036 0.30306863251707616 
0.6087604103061899 0.3030207036557511 
0.6087604103061899 0.3030207036557511 
0.5809312190277036 0.30306863251707616 
0.5385990264869271 0.30429621572544674 
0.5385990264869271 0.30429621572544674 
0.5261715747279154 0.3081986605017106 
0.5115372601529136 0.31415591683640437 
0.48860027455573835 0.3179553249673571 
0.4864214729058766 0.32101699942034834 
0.4826963305361869 0.32898454920317205 
0.47919867289889545 0.3300960755960538 
0.4601540696648744 0.34420114895401754 
0.4511385200941858 0.34611163971112857 
0.44224518344924857 0.34841083626181707 
0.4303729669651611 0.35425563753025774 
0.4248702459136965 0.3574245390638549 
0.4246574685745615 0.3600896450772846 
0.4063029589266072 0.37206873417099817 
0.4017564640992594 0.37468149960381986 
0.4000926137067402 0.3793438193546612 
0.4000926137067402 0.3793438193546612 
0.3859176833033623 0.3978478658001744 
0.37725736692748973 0.40281519046374686 
0.3749346543590962 0.40999032742261493 
0.3704984505072533 0.41804351450975613 
0.36583795319930407 0.42602674138031865 
0.3637405169479258 0.4350437145949983 
0.363666009378685 0.4415864241631998 
0.3625907773748303 0.45224725186103765 
0.36128641817121887 0.4668270174906399 
0.36062942844796475 0.4821044807031332 
0.3600850921219617 0.5058110777824445 
0.3595768264359427 0.5170907159756556 
0.3592543480560205 0.5377866231589951 
0.3587229683680115 0.5523999405723394 
0.3587229683680115 0.5523999405723394 
0.28159908355156926 0.5904858308174286 
0.27268227029870024 0.5906940549236901 
0.2568125794842638 0.5898037291260921 
0.2568125794842638 0.5898037291260921 
0.2677951017766455 0.5904447639353573 
0.2632231587154703 0.5905316121838451 
0.2677951017766455 0.5904447639353573 
0.2632231587154703 0.5905316121838451 
0.2568716556561037 0.5925355755621922 
0.24329848702209747 0.5929129912400776 
0.2338152716119479 0.5914190583078155 
0.23186269460097544 0.5929422101783249 
0.21965322376543284 0.5968335476785116 
0.21220081508570457 0.5987764277154396 
0.20648125619481186 0.6000893670656144 
0.19672555589122062 0.6035720922955585 
0.19011362953089012 0.6062565719994389 
0.182663020730463 0.609432858722613 
0.17521112983391818 0.6124609901570233 
0.16477664440885778 0.6169331212534048 
0.1600959308282415 0.6233747359262335 
0.15276747250829148 0.6301000446261699 
0.1482633991065272 0.6362207739316201 
0.14264633296312274 0.6465517792949845 
0.14138311021403027 0.6695482129808831 
0.12211778305385282 0.6979404700114745 
0.12211778305385282 0.6979404700114745 
0.11972843197993871 0.6980304960033854 
0.11429516926439016 0.7003506131100149 
0.10562022664659489 0.7033396712893044 
0.09647130209661908 0.7053392130643337 
0.09195450372479136 0.7096879503259124 
0.0872035080404975 0.7530298386907606 
0.07979018143769959 0.7537037800626369 
0.07455009425686586 0.7580995838879846 
0.06752974404172638 0.763327195506596 
0.06132283978452025 0.7858085541500743 
0.05370912862224243 0.8030407535128249 
0.04737837782744053 0.8342338121118626 
0.04037572485564807 0.908658462588846 
