0.8209972928805451 0.08681619598118426 -0.5617028698543949 -0.08989144692997983 -0.8639834060911158 -0.33840753169324433 -0.7683312114658585 -0.5244852672779935 -1.0 -0.8228082827815495 -0.5644417234414778 -0.9972001681912557 -1.0 -1.0 -1.0 -1.0 -0.8945125450092736 -0.9986425920210947 -1.0 -0.9762165842230662 -1.0 -0.9373675614713692 -0.9388238190309455 -0.7224076281443799 -1.0 -0.823155087735947 -0.8412282175491035 -0.38852672753214623 -0.8522925641333514 -0.27519249298541243 
0.8070222449048137 0.2415029893680476 0.35099401206001146 0.13862279669108302 -0.11588830200074443 -0.12745088274700225 -0.13580816562636872 -0.2879287072330413 -0.510328901451331 -0.7251048919177923 -0.6603868402197982 -0.7061422000858011 -0.8165205209863438 -0.7624001716926857 -0.8319043324218685 -1.0 -1.0 -1.0 -1.0 -0.9848826683038668 -1.0 -0.9701698771282321 -0.7742529372122648 -0.9998295507465605 -1.0 -1.0 -0.6882318368950059 -0.6491267168654868 -0.7010680771690325 -0.5017658384260715 
0.8070222449048137 0.2415029893680476 0.23996093416815184 0.1289511962633742 -0.11588830200074443 -0.2086093679850339 -0.13580816562636872 -0.33249352826071055 -0.510328901451331 -0.7251048919177923 -0.6603868402197982 -0.7061422000858011 -0.8165205209863438 -0.7283217863608062 -0.8319043324218685 -1.0 -1.0 -1.0 -0.955941359569211 -0.9848826683038668 -1.0 -0.9701698771282321 -0.7742529372122648 -0.9998295507465605 -0.8502525112124439 -0.9830808630817728 -0.6882318368950059 -0.6491267168654868 -0.7010680771690325 -0.4574110246272169 
0.8070222449048137 0.2415029893680476 0.23996093416815184 0.1289511962633742 -0.11588830200074443 -0.2086093679850339 -0.13580816562636872 -0.3146360997157872 -0.510328901451331 -0.7251048919177923 -0.6603868402197982 -0.7061422000858011 -0.8165205209863438 -0.7283217863608062 -0.8319043324218685 -1.0 -1.0 -1.0 -0.955941359569211 -0.9848826683038668 -1.0 -0.9701698771282321 -0.7742529372122648 -0.9998295507465605 -0.8502525112124439 -0.9830808630817728 -0.6882318368950059 -0.6491267168654868 -0.7010680771690325 -0.4574110246272169 
0.7586010090127115 1.0 0.8968780913225983 0.8069142151417299 0.7493367468158421 0.7142506528868355 0.6550865186185886 0.5641431285253216 0.46289937486723515 0.4116603037736284 0.20436290897794826 0.22909629390820233 0.05053917263950654 -0.051680370338160975 -0.16559709781850424 -0.22474046763667893 -0.3784961435245911 -0.5050612481228377 -0.5695581523596692 -0.6499933836010283 -0.7565566551583357 -0.7954382105547955 -0.7995062992232282 -0.9649749191432619 -1.0 -1.0 -0.9493698918896698 -0.9170456076894926 -0.987255679969924 -0.9334988186684745 
0.7586010090127115 1.0 0.8968780913225983 0.8069142151417299 0.7493367468158421 0.7142506528868355 0.6550865186185886 0.5641431285253216 0.46289937486723515 0.4116603037736284 0.20436290897794826 0.22909629390820233 0.05053917263950654 -0.051680370338160975 -0.16559709781850424 -0.22474046763667893 -0.3784961435245911 -0.5050612481228377 -0.5695581523596692 -0.6499933836010283 -0.7565566551583357 -0.7954382105547955 -0.7995062992232282 -0.9649749191432619 -1.0 -1.0 -0.9493698918896698 -0.9170456076894926 -0.987255679969924 -0.9334988186684745 
0.7586010090127115 1.0 0.8951844537846994 0.8218104584890538 0.7409235951239224 0.7142506528868355 0.6549028293325371 0.5721257819230634 0.458625680539812 0.39296508576343225 0.20436290897794826 0.22909629390820233 0.05816937546251123 -0.05332569204961646 -0.16559709781850424 -0.22474046763667893 -0.3784961435245911 -0.5050612481228377 -0.5790677992989672 -0.667637722940747 -0.7734609271563321 -0.7954382105547955 -0.7995062992232282 -0.9649749191432619 -0.9849045027166611 -1.0 -0.9493698918896698 -0.9380758283279306 -0.987255679969924 -0.9148199086808131 
0.7233171908124582 0.9465818201007304 0.9914024167192589 0.9316185150945286 0.993988500458789 0.9220968741613245 0.9881369553710804 0.8378470746250042 0.8660700320996628 0.8359700234896822 0.7677143812437669 0.6258458839636031 0.6848234812704056 0.7428382855791753 0.47464574468312826 0.3402729822765559 0.2698676887545092 0.08147280298726371 0.005033756711152804 0.07143977446659289 -0.1201636804333457 -0.17485569744121351 -0.30967660072616837 -0.433840310876575 -0.589183260586859 -0.5897740763974768 -0.6937279324236812 -0.7755947449542451 -0.864342918370858 -0.7784019259168977 
0.7233171908124582 0.9782319131880897 0.9914024167192589 0.9316185150945286 0.993988500458789 0.9220968741613245 0.9881369553710804 0.8378470746250042 0.8660700320996628 0.8359700234896822 0.7677143812437669 0.6258458839636031 0.6848234812704056 0.7428382855791753 0.47464574468312826 0.3402729822765559 0.2698676887545092 0.07884025417968986 0.025479528881646507 0.07143977446659289 -0.1201636804333457 -0.17485569744121351 -0.30967660072616837 -0.4583990870260775 -0.589183260586859 -0.6541644946599066 -0.6937279324236812 -0.7755947449542451 -0.864342918370858 -0.7752279206056027 
0.7095266358470809 0.816034321029818 0.8906707241348044 0.892139329343478 0.95323321744918 0.8176921858627445 0.9045475990433525 0.8572396076994747 0.9503833603138486 0.8544944890698556 1.0 0.82380468046258 0.8294378772508069 0.8757765249513545 0.6256726403096031 0.5995953527491874 0.6752898386072692 0.4882490632775893 0.24480483748655768 0.22367290908393458 0.11804546251545447 0.15437802005806547 -0.05718001053529827 -0.31972194886413674 -0.2081448215323774 -0.2700402891290933 -0.5055171688590971 -0.47448933438153706 -0.5197693236780107 -0.7581523058508983 
0.7053631781101264 0.8002092744861384 0.8393787660593222 0.9420678009337589 0.9885415971301517 0.7054136729529339 0.9017738908239759 0.7687612987797048 0.9285700072149965 1.0 1.0 0.8824200590617736 0.8141774716047975 0.8149383887300005 0.6545105411538634 0.6684889998002173 0.6184231000324918 0.5752959907683655 0.4704184306738191 0.25136877984502365 0.3115556874897352 0.14442598828302433 0.03982699429673486 -0.18362566531641286 -0.24008152884739925 -0.4053831656717303 -0.3285392252903742 -0.43920015634235854 -0.48524590088501734 -0.754728281016295 
0.7030459314264917 0.7695389861277443 0.8393787660593222 0.9420678009337589 0.9885415971301517 0.7325967883190976 0.902952563742806 0.7587393656746853 0.9506725666984214 0.9465086040397387 1.0 0.8773219987951293 0.8141774716047975 0.8149383887300005 0.6545105411538634 0.6684889998002173 0.6184231000324918 0.5752959907683655 0.4680180576689567 0.20945238720901174 0.3115556874897352 0.11822458113902731 0.03982699429673486 -0.18362566531641286 -0.16275346749533137 -0.2786407243956853 -0.3285392252903742 -0.4656604915562685 -0.48524590088501734 -0.754728281016295 
0.7006952074838121 0.8002092744861384 0.7903323074019719 0.9506828103025564 0.9700595208330195 0.7054136729529339 0.9017738908239759 0.6967784232327616 0.9285700072149965 1.0 1.0 0.9206450873090108 0.8141774716047975 0.8149383887300005 0.7218437636297947 0.7929213732716628 0.6184231000324918 0.5752959907683655 0.4704184306738191 0.22292971332033576 0.3115556874897352 0.15437802005806547 0.15064475470476296 -0.18362566531641286 -0.12429318737149461 -0.3112181231330117 -0.3285392252903742 -0.4369903582518859 -0.48524590088501734 -0.7247490393052327 
0.7006952074838121 0.7488149159392391 0.7895838075959278 0.954058078123045 0.95323321744918 0.7054136729529339 0.9021963761818941 0.6813357709043684 0.9237262627382619 1.0 1.0 0.9206450873090108 0.8294378772508069 0.8149383887300005 0.7603390852614657 0.8437102233362036 0.6184231000324918 0.5752959907683655 0.4653069876311957 0.17684729606850808 0.3115556874897352 0.15437802005806547 0.15064475470476296 -0.296864041654242 -0.1104682916550609 -0.2085577368050186 -0.32526334632882886 -0.47420559644897825 -0.4887918072599464 -0.7111503271508359 
0.6972066184040384 0.7488149159392391 0.7666974856657858 0.954058078123045 0.9139420258717018 0.7039205986602366 0.9037638580895331 0.7801253916935427 0.9690714820037346 0.9299603389956583 1.0 0.8739270899280617 0.8294378772508069 0.7905713006262864 0.7603390852614657 0.8819760388662649 0.7193573080449565 0.5779285395759393 0.5919995755453487 0.17832973314539025 0.326103174785612 0.06216707866990686 0.17027288903382892 -0.24501678477381397 0.06871835326944863 -0.23420393929051425 -0.2986640632396886 -0.5029449926991231 -0.4625079566655552 -0.6336161156418515 
0.6951885668465994 0.5589143574150839 0.7663422617113635 0.9107645201464432 0.8742391207250124 0.7035473300870623 0.9046455666625799 0.7557284130953801 0.9571721094478582 0.984466404932806 1.0 0.8645834904518719 0.8294378772508069 0.8110753156456176 0.7603390852614657 0.9202418543963261 0.7375929267423967 0.5794093482801995 0.5956845402960744 0.15674225600060943 0.3521097470902218 0.08207114221998915 0.17595150842625978 -0.18882211972489849 0.03841323525989562 -0.11199213454391774 -0.22319826884145277 -0.5015263030363286 -0.4216233671829548 -0.6295131292188434 
0.6938011564008602 0.5203685885049094 0.7693362609355396 0.9276408592488856 0.8767720164928319 0.703174061513888 0.9041312366616361 0.7487174325696657 0.9727751261818463 0.9673507750160506 1.0 0.8907182571727151 0.8294378772508069 0.7938619440491974 0.7603390852614657 0.9058588229871704 0.7503921958794868 0.5788334782285427 0.5977761200261242 0.13297269871526077 0.3599117187816048 0.0920231739950303 0.18082385216836627 -0.14406154064286697 0.03852735870277077 -0.09453330529440396 -0.20701032336349606 -0.4980997896193394 -0.4174092785122492 -0.6573752234627775 
0.6934721833552736 0.5203685885049094 0.716230176882916 0.9276408592488856 0.9091777422200615 0.703174061513888 0.9041312366616361 0.7487174325696657 0.9727751261818463 0.9673507750160506 1.0 0.8907182571727151 0.8293516291949858 0.7938619440491974 0.9553525062408285 0.9058588229871704 0.7368210735674525 0.5788334782285427 0.5977761200261242 0.13297269871526077 0.3599117187816048 0.0920231739950303 0.18016580000788562 -0.14406154064286697 0.03852735870277077 -0.09453330529440396 -0.20701032336349606 -0.4980997896193394 -0.45678410707054484 -0.6573752234627775 
0.6934144715377297 0.5653386522334465 0.7685877611294956 0.922577957518153 0.8431194097251529 0.7216351707001565 0.9040883758282241 0.7178321279128792 0.9688571202233855 0.9720965615260405 1.0 0.8083171274494103 0.8599586885428256 0.7960114388720716 0.8373297285248076 0.9367712692477725 0.7494223556346578 0.5951216624987508 0.6007959833386979 0.1444977517848226 0.35769590488569003 0.11192723754511258 0.19048943634638865 -0.21297407871551335 0.06617715013563819 0.11078746736158229 -0.20045856544040538 -0.5725302660135241 -0.42306222922253106 -0.61975350175004 
0.6934144715377297 0.5653386522334465 0.7685877611294956 0.922577957518153 0.8431194097251529 0.7216351707001565 0.9040883758282241 0.7178321279128792 0.9688571202233855 0.9720965615260405 1.0 0.8083171274494103 0.8599586885428256 0.7960114388720716 0.8373297285248076 0.9367712692477725 0.7494223556346578 0.5951216624987508 0.6007959833386979 0.1444977517848226 0.35769590488569003 0.11192723754511258 0.19048943634638865 -0.21297407871551335 0.06617715013563819 0.11078746736158229 -0.20045856544040538 -0.5725302660135241 -0.42306222922253106 -0.61975350175004 
0.6934144715377297 0.5332171781416344 0.7678392613234516 0.9242655914283973 0.8431194097251529 0.7400962798864249 0.9045108611861423 0.7178321279128792 0.9640133757466509 0.9768423480360304 1.0 0.7629046350145656 0.8599586885428256 0.8148552706563729 0.8373297285248076 0.9676837155083746 0.7494223556346578 0.6119034496703789 0.6007959833386979 0.1444977517848226 0.3723271413087998 0.11192723754511258 0.18795681624906485 -0.3262124550533425 0.06617715013563819 0.11078746736158229 -0.20045856544040538 -0.5725302660135241 -0.42660813559746014 -0.61975350175004 
0.6926577022036902 0.45612564032128533 0.7678392613234516 0.9310161270693742 0.8431194097251529 0.7400962798864249 0.9049762073774725 0.7178321279128792 0.963087637228377 0.9768423480360304 1.0 0.7998932723030256 0.8599586885428256 0.8315496076178 0.8373297285248076 0.9676837155083746 0.7548521499583738 0.612397052571799 0.600795983338698 0.07537116006934447 0.38917419162782424 0.11192723754511258 0.1757586119737187 -0.3705382933185253 0.06617715013563819 0.11078746736158229 -0.20045856544040538 -0.5725302660135241 -0.42450109126210733 -0.630177799153984 
0.6926577022036902 0.45612564032128533 0.714733177270828 0.9310161270693742 0.8431194097251529 0.7139819948384257 0.9049762073774725 0.7178321279128792 0.963087637228377 0.9768423480360304 1.0 0.7998932723030256 0.8598724404870046 0.8315496076178 0.8373297285248076 0.9676837155083746 0.7412810276463395 0.612397052571799 0.600795983338698 0.08069937384050252 0.38917419162782424 0.11192723754511258 0.17510055981323805 -0.3705382933185253 0.06617715013563819 0.12138761334366915 -0.20045856544040538 -0.5725302660135241 -0.42450109126210733 -0.630177799153984 
0.4911795037997165 -0.05564889409511363 -0.5415110785891751 -0.3108105147098989 -0.4288473694182904 -0.4095920832009209 -0.9933356782290966 -0.653068095751737 -0.6340290961729667 -0.8307052159159334 -0.6803062569489353 -0.8597661060734032 -0.9320575553023982 -0.9894623644299303 -0.7547790539122061 -0.9927833700885983 -0.9407650013287232 -0.9968467199604352 -0.850910905935527 -0.9221749678173528 -0.9293095690948601 -0.9054010603923472 -0.8714864966504206 -0.6992259626276767 -0.8675257668589212 -0.6297406459716516 -0.7734754189373882 -0.39477462224261284 -0.28549606855580184 -0.25022858816267185 
0.49052155770854333 -0.05564889409511363 -0.6477232466944224 -0.3108105147098989 -0.4288473694182904 -0.46182065329691924 -0.9933356782290966 -0.653068095751737 -0.6340290961729667 -0.8307052159159334 -0.6803062569489353 -0.8891202619261119 -0.9322300514140404 -0.9894623644299303 -0.7547790539122061 -0.9927833700885983 -0.9679072459527919 -0.9968467199604352 -0.79832867771726 -0.9115185402750366 -0.9293095690948601 -0.9054010603923472 -0.8728026009713818 -0.6992259626276767 -1.0 -0.6085403540074779 -0.7734754189373882 -0.39477462224261284 -0.3642457256723932 -0.24688594090581037 
0.49052155770854333 -0.05564889409511363 -0.6477232466944224 -0.3108105147098989 -0.4288473694182904 -0.46182065329691924 -0.9933356782290966 -0.653068095751737 -0.6340290961729667 -0.8307052159159334 -0.6803062569489353 -0.8891202619261119 -0.9322300514140404 -0.9894623644299303 -0.7547790539122061 -0.9927833700885983 -0.9679072459527919 -0.9968467199604352 -0.79832867771726 -0.9115185402750366 -0.9293095690948601 -0.9054010603923472 -0.8728026009713818 -0.6992259626276767 -1.0 -0.6085403540074779 -0.7734754189373882 -0.39477462224261284 -0.3642457256723932 -0.24688594090581037 
0.4911795037997165 -0.05564889409511363 -0.5415110785891751 -0.3108105147098989 -0.4288473694182904 -0.4095920832009209 -0.9933356782290966 -0.653068095751737 -0.6340290961729667 -0.8307052159159334 -0.6803062569489353 -0.8597661060734032 -0.9320575553023982 -0.9894623644299303 -0.7547790539122061 -0.9927833700885983 -0.9407650013287232 -0.9968467199604352 -0.850910905935527 -0.9221749678173528 -0.9293095690948601 -0.9054010603923472 -0.8714864966504206 -0.6992259626276767 -0.8675257668589212 -0.6297406459716516 -0.7734754189373882 -0.39477462224261284 -0.28549606855580184 -0.25022858816267185 
0.48857399893899645 -0.019526180650511454 -0.3363632281949406 -0.2902066481027781 -0.4149760921975044 -0.4095920832009209 -0.5652022368830768 -0.5713098537952018 -0.6168164429190958 -0.8297714578543312 -0.6605220619407557 -0.857405423592692 -0.9324025475256825 -0.9894623644299303 -0.7567301067818523 -0.9653687425646548 -0.9597659179644735 -0.9984233599802176 -0.8159233514221745 -0.9277723429910563 -0.9288859304883438 -0.8929261706482037 -0.8695698949144804 -0.6976436905330211 -0.9218347894785773 -0.6297406459716516 -0.8256533474949723 -0.41756208039419274 -0.403319324031417 -0.22835349387919668 
0.48857399893899645 -0.019526180650511454 -0.3363632281949406 -0.2902066481027781 -0.4149760921975044 -0.4095920832009209 -0.5652022368830768 -0.5713098537952018 -0.6168164429190958 -0.8297714578543312 -0.6605220619407557 -0.857405423592692 -0.9324025475256825 -0.9894623644299303 -0.7567301067818523 -0.9653687425646548 -0.9597659179644735 -0.9984233599802176 -0.8159233514221745 -0.9277723429910563 -0.9288859304883438 -0.8929261706482037 -0.8695698949144804 -0.6976436905330211 -0.9218347894785773 -0.6297406459716516 -0.8256533474949723 -0.41756208039419274 -0.403319324031417 -0.22835349387919668 
0.487600219554223 -0.003386567058263651 0.13249592100834712 -0.3108105147098989 -0.4288473694182904 -0.3834777981529217 -0.46085951735665315 -0.45243729548812117 -0.6308052869123444 -0.8307052159159334 -0.7099825494612046 -0.8807946938494335 -0.9319713072465772 -0.9894623644299303 -0.8021480947813436 -0.951661428802683 -0.9326236733404049 -1.0 -0.8159233514221745 -0.9560819170428179 -0.9435270840252057 -0.9099962609810908 -0.8652873544343814 -0.753140731313112 -0.8989193604013117 -0.6297406459716516 -0.8086293280038975 -0.4667976197506371 -0.3963534418319888 -0.24263368827779574 
0.48988989112134274 -0.06076109116419495 -0.12393889198444608 -0.0728762087522137 -0.3307118258606546 -0.30513494300892424 -0.6049909037095974 -0.5490768459799863 -0.6403942560411094 -0.839544075246186 -0.739658841973474 -0.7986971118872745 -0.9320575553023982 -0.907506286115613 -0.7919832759281586 -0.9460726584614952 -0.9054814287163362 -0.8869692509165819 -0.9210878078587084 -0.9490851980756885 -0.9467164573464575 -0.9042198778701811 -0.866937686272558 -0.7510406125902491 -0.5407813797610527 -0.6721412298999991 -0.7403423791110518 -0.5292571997095137 -0.24582000979823426 -0.23503878839291964 
0.47188615069547274 0.3011332140321879 0.3901123616592337 0.0814723018728374 -0.013197384325997652 -0.16291722414986304 0.007408624847997203 -0.3415853471915495 -0.37692928726193187 -0.5789941751936099 -0.6619809931895232 -0.5556036511900522 -0.7710604059559165 -0.7445410298012696 -0.8472794829676568 -0.9051033504615377 -0.950447351986091 -0.9726324866323737 -0.9759830473112749 -0.9877766741820504 -0.9847975652518479 -1.0 -0.8629553944999484 -0.9698541312505629 -0.8910384519778443 -0.7870989962939452 -0.6765986140149598 -0.7177415049052113 -0.7333914895840604 -0.47055901804387473 
0.4731889031258327 0.2586377835192222 0.08197296949794414 0.1238503639912298 -0.15469490261974844 -0.20127280874914583 -0.36551625886447053 -0.3935809720774248 -0.44680926445025015 -0.6434634068872742 -0.6497467867831106 -0.5373825266278307 -0.7703704215093479 -0.7930826330353778 -0.8472794829676568 -0.9182181911201123 -0.8381043456651052 -0.9625844510366659 -0.9443760174404081 -1.0 -0.9660252082678069 -0.987343728332335 -0.8633827696703602 -0.967700616554684 -0.9295052462515281 -0.7145418138283467 -0.7017200979928802 -0.5974715169717169 -0.666359317276007 -0.4565984125401715 
0.46985149874581256 0.24727624428275832 0.31430453904547284 0.1650580972054715 -0.07788457639935864 -0.08981932455113772 -0.2025372570334204 -0.42541797939718484 -0.4019240371930195 -0.6415958907640699 -0.7099383217778066 -0.6289355318752017 -0.7093287989253102 -0.7279277003454465 -0.8220677943822776 -0.848645526577339 -0.8269229284854349 -0.897795134049256 -0.993493138465785 -0.9756059263677365 -0.9858588491441238 -0.8831975787748816 -0.8643734352500874 -0.9204247880862864 -0.9079490113402671 -0.8170758066442845 -0.7219855490519882 -0.7282990785805878 -0.7554308484569359 -0.4115548965039791 
0.4691935526546394 0.268175707754659 0.293633294620283 0.1650580972054715 -0.038943886557723434 -0.22440229217633306 -0.2192175906690222 -0.36733765925695494 -0.41883157646375296 -0.543555556584614 -0.6254139041662657 -0.5951748027567367 -0.6902168390593914 -0.7255330263440847 -0.8686648733735132 -0.8582935686289188 -0.8236067020632419 -0.8669324565340119 -0.9456910997249213 -0.9649494988254204 -0.9643101261858671 -0.9947654728976378 -0.8634507272898121 -0.9085211849570747 -1.0 -0.7145418138283467 -0.7453298926848626 -0.6771535919059782 -0.7016962257812605 -0.4128482239732212 
0.43525943683452517 0.8479748249592596 0.7447365747959485 0.7161022464728541 0.6531219674676079 0.6181563427098087 0.4921351273730421 0.36518215733986714 0.5858852410831755 0.16226531831585722 0.23645158769760344 0.09992745696169317 -0.17873660895112542 -0.19302175363170615 -0.3007580765425252 -0.41620631661934354 -0.5756621532376925 -0.6470861377354542 -0.5144497239969239 -0.7538619457392531 -0.8085058947753563 -0.8426132149951231 -0.9015847079396164 -0.984578132491575 -0.9576393252831746 -0.9737680691266588 -0.9406321662503689 -0.9757493456534991 -0.9152937025223297 -0.9482696798964135 
0.4318875614467356 0.8442214047142089 0.754816070380463 0.7161022464728541 0.6529183492768431 0.6104465149007463 0.6366617206175013 0.36518215733986714 0.5824814015300609 0.16301232476513894 0.2321591687079046 0.11876512775088274 -0.17873660895112542 -0.19302175363170615 -0.298670505504561 -0.3947777006216177 -0.5756621532376925 -0.6000484604940184 -0.5148880847584283 -0.7439563280002041 -0.7996787193945429 -0.8506213442537482 -0.9118363389339231 -0.9591061443246682 -0.9576393252831746 -0.9737680691266588 -0.9685507520192653 -0.9757493456534991 -0.9151337425237926 -0.933818533928734 
0.4285714883224985 0.9189696471258466 0.8064312062431575 0.8008583707096388 0.7321539081818667 0.733297772521246 0.6021725549085333 0.47686345469424835 0.6208194360961043 0.29195078815246767 0.24725914591143835 0.10985317746648342 -0.04962269786378484 -0.1484788110167713 -0.16482192663419026 -0.42586638788607273 -0.5738409400535722 -0.4982122618920092 -0.5420156097646135 -0.72410977857294 -0.7952643111486961 -0.7669735840862152 -0.8585803000526233 -0.9143903020905753 -0.8934263613272587 -1.0 -0.9961490996855997 -0.9878746728267496 -0.9785242701293926 -0.9705444436953496 
0.42540626352969757 1.0 0.887675601256328 0.8652539496933879 0.7162865787512345 0.6757270576155273 0.7600893175655361 0.5738398320985868 0.4093273408541056 0.35010861347451 0.2810743486003855 0.18684319397945207 0.08225115100983008 -0.16604660338541882 -0.2045210473707724 -0.22062721047071412 -0.31988556162705567 -0.5150892417831053 -0.5126115705166505 -0.7741661129781212 -0.7268582150023121 -0.7425118418009882 -0.8332100453091814 -0.9366602634975395 -0.9554541035588995 -0.9915276718888679 -0.9693878090870622 -0.9939373364133748 -0.9437523928013236 -0.9799999869166256 
0.42379524359740484 0.9189696471258466 0.8681258376903664 0.8856144949464236 0.8111858488961253 0.6850535009763126 0.6666532460530519 0.5815527328923706 0.4810594817194678 0.31247044690320996 0.2584140556527928 0.13872353061290346 0.08087118211669289 -0.1723461933293549 -0.16453872961325955 -0.22545724610407872 -0.3355838050995663 -0.3747033520788019 -0.5129652208438991 -0.7426326727200738 -0.6937542559356618 -0.6890363528829355 -0.8377556274911064 -0.8922241471474589 -0.8846356334608192 -0.8823824543953307 -0.9744454058898222 -1.0 -0.9537807169179928 -0.9617397449361405 
0.42326768683749794 0.9115471688187551 0.8780122695859421 0.8856144949464236 0.8111858488961253 0.6850535009763126 0.6666532460530519 0.5815527328923706 0.4773769193631252 0.31247044690320996 0.2578538892296323 0.12536324258882417 0.05758669579196676 -0.1867581942347431 -0.16606831696204122 -0.21810728476472205 -0.3355838050995663 -0.3747033520788019 -0.5129652208438991 -0.7426326727200738 -0.7139072508353766 -0.6890363528829355 -0.8367800193700717 -0.954605572406958 -0.8846356334608192 -0.8823824543953307 -1.0 -1.0 -0.9537807169179928 -0.9824666419494894 
0.4001571474900876 0.8627094202970712 0.9696683270152173 0.9131787034291619 0.9755155130533206 0.9145807917661262 0.9468431467325287 0.8553806568926414 0.8032482844545363 0.7566318948169474 0.7095309895784616 0.5608941220369114 0.5272715351952232 0.4140790279263369 0.4212027262597924 0.1978633265622205 0.032341677711561254 -0.026874144699977023 -0.029339205843593053 -0.27939800783948293 -0.4063469852892724 -0.3908234885722497 -0.5563899743133444 -0.5884224776440181 -0.7143859568378693 -0.7754419164382245 -0.8272060250399322 -0.8458949754390471 -0.9045281353319612 -0.9133518888669707 
0.3979016513547254 0.9162939903184544 0.9733248230360092 1.0 1.0 0.9045014121069971 0.9501127134735503 0.921191930691235 0.8021524614805636 0.7639312870877564 0.6486323696943108 0.6231894373747849 0.5329572048320859 0.4244168080775125 0.40606253198696185 0.2359227461259742 0.12157904273182965 0.08920067726273023 -0.03118673535608884 -0.23245726427155422 -0.3639094544692137 -0.437363201528083 -0.41855089242691845 -0.6868967373129681 -0.6570769351751226 -0.7286840417292577 -0.8070608334430358 -0.8179215987202314 -0.822228314869237 -0.9745305572583874 
0.3971410421919436 0.9377874800511039 0.9293969601939985 1.0 1.0 0.921244075232142 0.949245803604711 0.8950288734189407 0.7744898821636108 0.7560666903288772 0.6480100185335051 0.6153931363296801 0.53939334690866 0.397129971334872 0.4186683762796514 0.27296252311448027 0.1351352200375933 0.11143356896154849 -0.0689526343076946 -0.2451613085011875 -0.30822228979790905 -0.4756702031070027 -0.4625363726841021 -0.722599054243899 -0.646298817719492 -0.7765745682633614 -0.7801434430272352 -0.8356761721737094 -0.9066092036720057 -0.9415695880373497 
0.3971410421919436 0.9377874800511039 0.9293969601939985 1.0 1.0 0.921244075232142 0.949245803604711 0.8950288734189407 0.7744898821636108 0.7560666903288772 0.6480100185335051 0.6153931363296801 0.53939334690866 0.397129971334872 0.4186683762796514 0.27296252311448027 0.1351352200375933 0.11143356896154849 -0.0689526343076946 -0.2451613085011875 -0.30822228979790905 -0.4756702031070027 -0.4625363726841021 -0.722599054243899 -0.646298817719492 -0.7765745682633614 -0.7801434430272352 -0.8356761721737094 -0.9066092036720057 -0.9415695880373497 
0.3718778675637061 0.7622187665029532 0.8210077898926478 0.935375247728879 0.918203019803653 1.0 0.9322434514825111 1.0 0.9855899733882247 0.9089765770346234 0.9958061683092827 0.840407410862426 0.9275254175004423 0.8167773460303345 0.8316322512895309 0.7763274111210086 0.7218667732290067 0.49212269813785336 0.5537468126987856 0.2398561160222862 0.21635272535434671 0.2386515893217638 0.1709177329787761 -0.13557287571743276 -0.08671606635457868 -0.39940877726567625 -0.37072849027206434 -0.474680751256107 -0.6243981270741664 -0.6594134876511482 
0.3682735384426875 0.7696708489193651 0.8829631430903464 0.9217740258604332 0.904503684378223 1.0 0.9355267364914137 1.0 0.9911938726261373 0.9299603389956583 0.9962622305884739 0.840407410862426 0.9307367067291683 0.8544067775408938 0.8371299040660721 0.7763274111210086 0.7218667732290067 0.49212269813785336 0.6225161877690845 0.2398561160222862 0.23650572025406158 0.2867679071353625 0.1709177329787761 -0.13557287571743276 -0.07730308372893495 -0.2701131496385165 -0.37072849027206434 -0.49247645172474674 -0.6243981270741664 -0.6386865906377992 
0.36706979057075906 0.7890554576776252 0.8290497933359947 0.9646368062429473 0.9091248794567609 0.8503599322639954 0.9412277557780699 1.0 0.9737101285542689 0.9359784420898862 0.9944776271750231 0.7604903231744808 0.9577180251551085 0.7270682060752383 0.826930042243273 0.7530365430874935 0.7074444282845171 0.6801676687990467 0.5319765198858759 0.29273860205585134 0.2435863808216543 0.21552517551630224 0.19030759292139307 -0.0953199040157274 0.019450188136430045 -0.22787596704789975 -0.33565433997715954 -0.4746080984157944 -0.6343414107682369 -0.6799715026250228 
0.366752320117124 0.7622779747215939 0.8076847505617433 0.9641330572848568 0.918203019803653 0.972713265337453 0.9322434514825111 0.769325148639409 0.9897528699649598 0.9299603389956583 0.9942694188870844 0.789608988804701 0.9529010913120195 0.7998331040556128 0.8303588487937988 0.7570518281466714 0.7549126563485364 0.5188331829502002 0.5804696857043227 0.2502366201355689 0.3034974265761884 0.22625872866747923 0.16896651673670665 -0.17578679694954505 -0.06084755496937244 -0.26593012162268903 -0.3290311031194688 -0.5279855986317026 -0.5248785238636 -0.6589415548266053 
0.363614095801855 0.7622779747215939 0.7934413887122422 0.9470055927097768 0.918203019803653 0.9409019203652498 0.9322434514825111 0.9469723836192854 0.9932753209145049 0.9299603389956583 0.995597960021344 0.789608988804701 0.9550419507978368 0.8632122072406767 0.8352035174522315 0.7742524672530903 0.7786467703805461 0.49212269813785336 0.6081927654954146 0.1906081364767615 0.3034974265761884 0.24950059608386824 0.16896651673670665 -0.11340537169004591 -0.03656131482277293 -0.10995150071378572 -0.2839137150889541 -0.524245874555516 -0.4527833369965995 -0.6449215896276603 
0.36102175580791446 0.7586111417320286 0.8110155103944694 0.9565768229134979 0.918203019803653 0.9387991538937298 0.9316428662386196 0.8535924296923183 0.9897528699649598 0.9407351337691643 0.9976326911290576 0.8150081998335634 0.9473599951663066 0.7672955465113618 0.8163137225143886 0.7979165136952171 0.7667797133645413 0.545543667762547 0.5715221719378899 0.3389865300203303 0.36771369047298774 0.22479660775889834 0.17721026477427082 -0.14753873427416306 -6.7393863275228E-4 -0.15002208482441576 -0.23266521468521104 -0.4873827528825948 -0.4706788061495923 -0.6485023436236638 
0.36102175580791446 0.7586111417320286 0.8110155103944694 0.9565768229134979 0.918203019803653 0.9387991538937298 0.9301672623610975 0.8321605804584074 0.9897528699649598 0.9583318434101271 0.9974579176093075 0.8150081998335634 0.9625349589981973 0.7998331040556128 0.820409741248192 0.7979165136952171 0.7667797133645413 0.545543667762547 0.5839350706782092 0.2502366201355689 0.36771369047298774 0.15925448046473598 0.17721026477427082 -0.12900072800492068 -6.7393863275228E-4 -0.15002208482441576 -0.23266521468521104 -0.514194728597114 -0.4706788061495923 -0.6485023436236638 
0.36102175580791446 0.7159296218525598 0.7601937405721773 0.9512984885897504 0.8859112489326811 0.8606352218910884 0.9320284209963822 0.8272985181239156 0.9897528699649598 0.9407351337691643 0.9976326911290576 0.6358398562791807 0.9647151484862935 0.7672955465113618 0.8291992913156923 0.7740430107064755 0.7667797133645413 0.545543667762547 0.6078758885336595 0.23674162639078555 0.4435434416906118 0.16508078916693636 0.23288890565599973 -0.09939864190964753 0.07627457723461052 -0.15002208482441576 -0.21334098073029378 -0.4873827528825948 -0.4050367300918442 -0.6485023436236638 
0.3588469824518637 0.7192909952562949 0.7754903646391489 0.954058078123045 0.8964417288814024 0.8457507228966958 0.9339772712201897 0.7909593427455412 0.9931857275322896 0.9557611524860006 0.9955560406150199 0.6361016392990785 0.9780561902703728 0.8913943658475315 0.8354940333289995 0.7833066819613104 0.7549126563485364 0.8029664642854203 0.6416780613338643 0.17120357910886802 0.42339044679089693 0.2459320747206518 0.23972837153920332 -0.10403573095188032 0.01698100872391343 -0.10621857019523828 -0.2417821261537635 -0.5200377004902017 -0.373093090571991 -0.5749816096889857 
0.3588469824518637 0.7192909952562949 0.7335884307415954 0.954058078123045 0.8641499580104305 0.8457507228966958 0.933603504385348 0.7909593427455412 0.9993059005948768 0.9557611524860006 0.9955560406150199 0.500947506599595 0.9780561902703728 0.8895180442747448 0.8354940333289995 0.7696716792955816 0.7549126563485364 0.8029664642854203 0.6416780613338643 0.17120357910886802 0.42339044679089693 0.2459320747206518 0.2952247010583626 -0.10403573095188032 0.11651549520944939 -0.10621857019523828 -0.16196360145878794 -0.5200377004902017 -0.373093090571991 -0.5749816096889857 
0.35732874304354245 0.673248101973091 0.7372039220975408 0.9553395099906786 0.8536194780617092 0.7824712898884469 0.9314959178128277 0.8110498703654847 0.9978303195133992 0.9809677150052408 1.0 0.570099145463459 0.9716336118129207 0.8130247028847611 0.8321235680284453 0.75616006164532 0.7921415790769647 0.7727718338812735 0.6442296051294292 0.21391750582620675 0.5193731929082358 -0.03341671961185389 0.2819103920170947 -0.08504848822736072 0.1123529066164932 0.16498685971295923 -0.21960284279854575 -0.5613254103071939 -0.30569621749620124 -0.48863095926578703 
0.3571538338523055 0.673248101973091 0.7093719707498851 0.9460201542660028 0.8536194780617092 0.7824712898884469 0.9324139757541448 0.801004606555513 0.9995820073093552 0.9809677150052408 1.0 0.4566715127247979 0.9820703018062802 0.8728490971716526 0.8420848601169958 0.750169507717734 0.80172524270907 1.0 0.6442296051294292 0.13449672276124083 0.5193731929082358 0.10536497057497438 0.28856754653772865 -0.05125854954513202 0.15322309310197332 0.029384144758860475 -0.19401674677537656 -0.5406815553986978 -0.33939465403409613 -0.4960854055985677 
0.35546068525274727 0.6886008189404118 0.7093719707498851 0.9460201542660028 0.8750829323375473 0.8912016089870796 0.9312478542739856 0.8555773646608841 1.0 0.980755569569702 1.0 0.4969012652785721 0.975112508477374 0.8395476357876692 0.8486756869049921 0.7306673361398865 0.8485378290696036 0.9014832321427102 0.6359155143789534 0.09778986641361365 0.5193731929082358 -0.035202133570703 0.2819103920170947 -0.05125854954513202 0.15322309310197332 0.16498685971295923 -0.19401674677537656 -0.5301308690262803 -0.3360020624837056 -0.4424580001883231 
0.35546068525274727 0.673248101973091 0.7093719707498851 0.9460201542660028 0.8536194780617092 0.7824712898884469 0.9312244471229415 0.8110498703654847 0.9995820073093552 0.9809677150052408 1.0 0.4566715127247979 0.9860844133421875 0.8728490971716526 0.8486756869049921 0.7306673361398865 0.8485378290696036 1.0 0.6442296051294292 0.09778986641361365 0.5193731929082358 -0.035202133570703 0.2819103920170947 -0.05125854954513202 0.15322309310197332 0.16498685971295923 -0.19401674677537656 -0.5613254103071939 -0.30569621749620124 -0.41718920150814964 
0.35546068525274727 0.673248101973091 0.7093719707498851 0.9460201542660028 0.8536194780617092 0.7824712898884469 0.9312244471229415 0.8110498703654847 0.9995820073093552 0.9809677150052408 1.0 0.4566715127247979 0.9860844133421875 0.8728490971716526 0.8486756869049921 0.7306673361398865 0.8485378290696036 1.0 0.6442296051294292 0.09778986641361365 0.5193731929082358 -0.035202133570703 0.2819103920170947 -0.05125854954513202 0.15322309310197332 0.16498685971295923 -0.19401674677537656 -0.5613254103071939 -0.30569621749620124 -0.41718920150814964 
0.1702144214910756 -0.2664316110057588 -0.2663203274093444 -0.4332795939762035 -0.3617750202827681 -0.6974587004540627 -0.21611989683154753 -0.7284748842266161 -0.5557623472347824 -0.8638331675310771 -0.8602216510158853 -0.9428865768947261 -0.9841085966104364 -0.9990642914371783 -0.691990672291737 -0.9997576595479066 -0.9988218428219727 -0.9519581327960476 -0.8097844432082082 -0.858201862328624 -0.8376575550071838 -0.768576627566298 -0.6066353817035696 -0.5798081106124102 -0.738999765146943 -0.35480747576844995 -0.6292671622176087 -0.20766794357137977 -0.2537519478471184 0.06504267718467657 
0.1702144214910756 -0.25876190226552576 -0.291034228119128 -0.4205247084393462 -0.3617750202827681 -0.7166008512270549 -0.2633268106142954 -0.7284748842266161 -0.5557623472347824 -0.8638331675310771 -0.9249620725626369 -0.9428865768947261 -0.9841085966104364 -0.9990642914371783 -0.691990672291737 -0.9997576595479066 -0.9989188942475418 -0.9519581327960476 -0.8135238560573004 -0.8539512220953277 -0.8353503283171895 -0.7587872398342418 -0.6053036470464914 -0.5699578928169562 -0.738999765146943 -0.360979095491719 -0.6292671622176087 -0.20766794357137977 -0.23954574950270113 0.07342617996761776 
0.1714976112007538 -0.2625967566356423 -0.3376633196151634 -0.4555122774060525 -0.4090666856819992 -0.7607574706790896 -0.4518926345980687 -0.758627017054739 -0.6041289548170333 -0.8582893316637018 -0.8558854553082977 -0.9587030772176657 -0.9936351260421213 -0.9985964371557675 -0.684014334392213 -1.0 -0.9928431441779285 -0.9082513932381002 -0.8349159209297367 -0.8478029491103125 -0.839964781697178 -0.7532935986679938 -0.5314590010003035 -0.5535021121687379 -0.7422200487552142 -0.3618235202878722 -0.6382805244857801 -0.14736806501190897 -0.16362201448740277 0.05529844398152347 
0.1714976112007538 -0.2625967566356423 -0.3376633196151634 -0.4555122774060525 -0.4090666856819992 -0.7607574706790896 -0.4518926345980687 -0.758627017054739 -0.6041289548170333 -0.8582893316637018 -0.8558854553082977 -0.9587030772176657 -0.9936351260421213 -0.9985964371557675 -0.684014334392213 -1.0 -0.9928431441779285 -0.9082513932381002 -0.8349159209297367 -0.8478029491103125 -0.839964781697178 -0.7532935986679938 -0.5314590010003035 -0.5535021121687379 -0.7422200487552142 -0.3618235202878722 -0.6382805244857801 -0.14736806501190897 -0.16362201448740277 0.05529844398152347 
0.1702144214910756 -0.25876190226552576 -0.291034228119128 -0.4205247084393462 -0.3617750202827681 -0.6867382138773301 -0.31035917029889787 -0.7284748842266161 -0.5557623472347824 -0.8638331675310771 -0.8558854553082977 -0.9428865768947261 -0.9841085966104364 -0.9990642914371783 -0.691990672291737 -0.9997576595479066 -0.9989188942475418 -0.9519581327960476 -0.8163121934743585 -0.858201862328624 -0.8353503283171895 -0.768576627566298 -0.6053036470464914 -0.5699578928169562 -0.738999765146943 -0.3684143156747086 -0.6292671622176087 -0.20766794357137977 -0.23954574950270113 0.06504267718467657 
0.16937354329493037 -0.24143182643271832 -0.3617802155830464 -0.4205247084393462 -0.2633217130582879 -0.6867382138773301 -0.31035917029889787 -0.758627017054739 -0.5734720233652274 -0.8478698949912333 -0.8558854553082977 -0.9428865768947261 -0.987771244360131 -0.9990642914371783 -0.6633444901469048 -0.9990984537970367 -0.9928431441779285 -0.9519581327960476 -0.8370328151699209 -0.8464375712149568 -0.8500585046667335 -0.7761924529498115 -0.6053036470464914 -0.5617881289765394 -0.738999765146943 -0.3684143156747086 -0.6382805244857801 -0.20766794357137977 -0.07139490308479207 0.06816586220502563 
0.1702144214910756 -0.25876190226552576 -0.291034228119128 -0.4205247084393462 -0.3617750202827681 -0.6867382138773301 -0.31035917029889787 -0.7284748842266161 -0.5557623472347824 -0.8638331675310771 -0.8558854553082977 -0.9428865768947261 -0.9841085966104364 -0.9990642914371783 -0.691990672291737 -0.9997576595479066 -0.9989188942475418 -0.9519581327960476 -0.8163121934743585 -0.858201862328624 -0.8353503283171895 -0.768576627566298 -0.6053036470464914 -0.5699578928169562 -0.738999765146943 -0.3684143156747086 -0.6292671622176087 -0.20766794357137977 -0.23954574950270113 0.06504267718467657 
0.16937354329493037 -0.24143182643271832 -0.3617802155830464 -0.4205247084393462 -0.2633217130582879 -0.6867382138773301 -0.31035917029889787 -0.758627017054739 -0.5734720233652274 -0.8478698949912333 -0.8558854553082977 -0.9428865768947261 -0.987771244360131 -0.9990642914371783 -0.6633444901469048 -0.9990984537970367 -0.9928431441779285 -0.9519581327960476 -0.8370328151699209 -0.8464375712149568 -0.8500585046667335 -0.7761924529498115 -0.6053036470464914 -0.5617881289765394 -0.738999765146943 -0.3684143156747086 -0.6382805244857801 -0.20766794357137977 -0.07139490308479207 0.06816586220502563 
0.1689596989088551 -0.25876190226552576 -0.22203590426169917 -0.4205247084393462 -0.28077218490844646 -0.7411032452884133 -0.31035917029889787 -0.7280465140742994 -0.5557623472347824 -0.8613953671285304 -0.9537999766232166 -0.9226820037633587 -0.9841085966104364 -0.9990642914371783 -0.691990672291737 -0.9995831126429982 -0.9980518463742931 -0.9738545486392195 -0.8163121934743585 -0.858201862328624 -0.8454440512867449 -0.768576627566298 -0.6053036470464914 -0.5864136734651745 -0.7357794815386718 -0.3684143156747086 -0.5683908582608334 -0.20766794357137977 -0.23954574950270113 0.031070802296751104 
0.167044964272615 -0.2148577635509344 -0.23186861923040145 -0.4205247084393462 -0.2996571380597626 -0.6867382138773301 -0.31035917029889787 -0.758627017054739 -0.6069955987961209 -0.8478698949912333 -0.8558854553082977 -0.9428865768947261 -0.9841085966104364 -0.9990642914371783 -0.691990672291737 -0.9990984537970367 -0.9928431441779285 -0.9519581327960476 -0.8370328151699209 -0.858201862328624 -0.8500585046667335 -0.7761924529498115 -0.6053036470464914 -0.5699578928169562 -0.738999765146943 -0.3684143156747086 -0.6382805244857801 -0.20766794357137977 -0.25960661886785097 3.3669881868492874E-4 
0.1682996868548355 -0.2148577635509344 -0.30086694308783024 -0.4220748860016277 -0.3806599734340842 -0.6867382138773301 -0.4518926345980687 -0.758627017054739 -0.6041289548170333 -0.8478698949912333 -0.8558854553082977 -0.9587030772176657 -0.9894221698093528 -0.9990642914371783 -0.691990672291737 -0.999273000701945 -0.9928431441779285 -0.9300617169528757 -0.8349159209297367 -0.858201862328624 -0.839964781697178 -0.7761924529498115 -0.5314590010003035 -0.5535021121687379 -0.7422200487552142 -0.3834973806069807 -0.6382805244857801 -0.14736806501190897 -0.16362201448740277 3.3669881868492874E-4 
0.16703073070888616 -0.21294033636587612 -0.30086694308783024 -0.40458110151827453 -0.3806599734340842 -0.6769111011819919 -0.3811259024484833 -0.758627017054739 -0.5799456510259078 -0.8478698949912333 -0.8558854553082977 -0.9406925404905122 -0.9894221698093528 -0.9990642914371783 -0.6959788412414991 -0.9990645570234441 -0.9928431441779285 -0.9300617169528757 -0.8349159209297367 -0.8634013189377798 -0.839964781697178 -0.7838339673989636 -0.5683813240233975 -0.5535021121687379 -0.7422200487552142 -0.3834973806069807 -0.6382805244857801 -0.17751800429164438 -0.20158388199505195 -0.011777122023701254 
0.16381857279923906 -0.17095362483634302 -0.19272757435467813 -0.36640481116735385 -0.30496159578693804 -0.5494201868505437 -0.40424933556995746 -0.6813428133428296 -0.6127288867542959 -0.8429942941861401 -0.5700740506490117 -0.9293011736343582 -0.9756826841448993 -1.0 -0.7079433480907851 -0.9978921369288583 -0.9914002027081382 -0.9955787802255984 -0.8577166436104977 -0.878999688765247 -0.8999080459547006 -0.8143743361299333 -0.7243936818662072 -0.5831690185224847 -0.7325591979304006 -0.39815519640666697 -0.5880955289447232 -0.3126168311721627 -0.21925864122036448 -0.044880813141000515 
0.16290713203129728 -0.18366234200074155 -0.32778254897924497 -0.3756810915577955 -0.3380657465747987 -0.5279792136970788 -0.5216993192078546 -0.6975177602793262 -0.618462174712471 -0.8381186933810469 -0.5614016592338364 -0.9592174077157496 -0.9830079796442884 -1.0 -0.6631032847286333 -0.9987715215595208 -0.9892938356410488 -0.9954065959688054 -0.8625471241626942 -0.8970667594111585 -0.8929249302222758 -0.8201335843178961 -0.7452846863834323 -0.5865299264325593 -0.727774953657242 -0.39310079456778485 -0.5880955289447232 -0.26809310700215344 -0.18513651126848207 -0.022154575324835012 
0.16203657621399903 -0.15911140762883969 -0.19272757435467813 -0.36640481116735385 -0.30496159578693804 -0.5422731957993887 -0.40424933556995746 -0.6813428133428296 -0.6127288867542959 -0.8429942941861401 -0.5700740506490117 -0.9293011736343582 -0.9756826841448993 -1.0 -0.7079433480907851 -0.9978921369288583 -0.9914002027081382 -0.9955787802255984 -0.8577166436104977 -0.878999688765247 -0.923648485422466 -0.8143743361299333 -0.7243936818662072 -0.594699690272976 -0.7290628604982321 -0.39815519640666697 -0.5451111280810712 -0.3126168311721627 -0.21640377458884058 -0.044880813141000515 
0.1609391611628123 -0.10314599843869532 -0.291058887891008 -0.31036061714176866 -0.3318032355290173 -0.3989215865394267 -0.5984719558300282 -0.7365498663004381 -0.7037288139606228 -0.820818950716639 -0.6427097816634877 -1.0 -0.9635240262173488 -0.9996655034324604 -0.7058809487190991 -0.9981291361051136 -0.9806860217685542 -0.996040452727975 -0.8992631306947277 -0.9202963072121044 -0.8528102682088734 -0.8315573223931665 -0.6957944245935475 -0.6028694541133928 -0.7292465520436331 -0.46474701119735173 -0.6761302413739811 -0.24010701300055173 -0.3002021220443345 -0.08453875755081905 
0.15824997398666657 -0.13051421623717369 -0.06795935627395511 -0.3061089886294829 -0.33742704436239473 -0.45650930318552907 -0.4942255597732397 -0.6151404309853256 -0.6855093255742579 -0.820818950716639 -0.7260070862537162 -0.8993849395529667 -0.9756826841448992 -0.9497757326723117 -0.720395649018298 -0.9975873662636432 -0.9711318324338672 -0.996040452727975 -0.8800233429469626 -0.9205953416384931 -0.9405286804826907 -0.8315573223931665 -0.6957944245935475 -0.6028694541133928 -0.7303507673392222 -0.45774327015373 -0.7583261533652803 -0.36521655984385704 -0.3471813052807071 -0.1578129020975164 
0.15539240503316548 0.014992411346917735 0.01012875462909854 -0.2903129550729304 -0.29254171195207834 -0.4442415639199655 -0.38423509039108106 -0.5979541735281195 -0.6214235335224922 -0.7964763816466949 -0.7854487300562651 -0.8305301265366583 -0.9692208645580012 -0.8995514653446236 -0.8123070963601402 -0.9977758110799668 -0.9679389251753525 -0.9971504964287392 -0.871676553943127 -0.924469003030373 -1.0 -0.8971766313093683 -0.8393574647218249 -0.7840769006902026 -0.8775601905347323 -0.6562913162366846 -0.7385924497948869 -0.36571769932906845 -0.428831430643695 -0.168597531286837 
0.1551822619279209 0.015884218666885015 -0.09074976374848492 -0.2903129550729304 -0.24645133149915588 -0.4583665012404141 -0.42231703334604215 -0.7013270159847319 -0.7249341956766748 -0.8112839059586482 -0.8063298888428075 -0.9185346235562664 -0.9684922858726389 -0.9455413146910607 -0.7921661893022343 -1.0 -1.0 -0.9971504964287392 -0.8833732500076589 -0.8984771665957407 -1.0 -0.8697534830256617 -0.8673973928250065 -0.7168654870122853 -0.8775973581896814 -0.6881443754327006 -0.6383547661064848 -0.3841072055512043 -0.428831430643695 -0.22075900580811839 
0.14852008482105805 0.1738610263505225 0.111007273006682 -0.11033022939526735 -0.20042495793427376 -0.234498239635415 -0.2562643320166244 -0.5331135127056017 -0.5579608358421763 -0.649190803473217 -0.762112960083013 -0.74252562951705 -0.9802417284399073 -0.8537288642819563 -0.8638306646957676 -0.9778601685435209 -0.9256492278290691 -0.9796479127903919 -0.9414195708119371 -0.9470622968030726 -0.993469375352743 -0.9037279879118655 -0.8112170266840596 -0.8512883143681199 -0.8797314534709616 -0.6622340774670312 -0.7189112972025107 -0.5311971450329327 -0.5986040154893499 -0.31454406808875707 
0.14510841329637086 0.1933928178561447 0.12886962484700198 -0.027186334766959228 -0.13324048882249878 -0.2062483649945177 -0.2809489069653095 -0.41840021943031896 -0.6040879971110844 -0.5945993812985548 -0.6873524680108005 -0.7784520766427164 -0.751287868734043 -0.7855086878201853 -0.8140317963685639 -0.9562799598255477 -0.8225901389637205 -0.9662738115093004 -0.913111551992606 -0.9990459696723374 -0.8885906367596809 -0.9585742844792788 -0.793332147500428 -0.827877277822602 -0.86367104334496 -0.619439956807372 -0.7668821399373311 -0.49441813258866096 -0.5846447639844923 -0.3583513685068412 
0.14036709622788618 0.2419517645569213 0.31838196063789026 0.09546432862698678 -0.10693322497634551 -0.22440229217633306 -0.18516549131635074 -0.35050824618908205 -0.40627215499841274 -0.5504286197801593 -0.5690641685251823 -0.6133313533580409 -0.727444127255046 -0.7645755185947818 -0.8611340332533923 -0.9640953609417388 -0.8450460435487347 -0.9652082478692201 -0.9255099054940794 -1.0 -0.9899644522484461 -0.9652853644189503 -0.8268487734008377 -0.9313488220570968 -0.9631344707631267 -0.7145418138283467 -0.7432864146288667 -0.5900523080801381 -0.6699084081437565 -0.4253458612233955 
0.13809768533209896 0.2419517645569213 0.31838196063789026 0.09546432862698678 -0.10693322497634551 -0.22440229217633306 -0.15323768610003113 -0.35050824618908205 -0.40627215499841274 -0.54284315261152 -0.5690641685251823 -0.589621744797676 -0.727444127255046 -0.7645755185947818 -0.8398432960553222 -0.9016304902709216 -0.8418933189126296 -0.9680928555536463 -0.929334057076002 -1.0 -0.9899644522484461 -0.9652853644189503 -0.8453647860955651 -0.9594651612908882 -0.9631344707631267 -0.7145418138283467 -0.7580213473732844 -0.6474328133750243 -0.6983296228635112 -0.4253458612233955 
0.13603076971322192 0.2419517645569213 0.31838196063789026 0.11136843679747604 -0.0491669160849752 -0.19585844066920405 -0.15323768610003113 -0.3590774865868545 -0.40627215499841274 -0.54284315261152 -0.5616330096986324 -0.589621744797676 -0.718256191660755 -0.7627038612216126 -0.8522403928711949 -0.9985159623654163 -0.8418933189126296 -0.9623236401847939 -0.934357174648733 -0.9554939059516647 -0.9899644522484461 -0.9657190956131916 -0.8775187463984881 -0.8703637400863871 -0.9631344707631267 -0.7145418138283467 -0.7580213473732844 -0.6091791431784335 -0.6983296228635112 -0.4253458612233955 
0.13149194792164745 0.2419517645569213 0.31838196063789026 0.09546432862698678 -0.05019490819292105 -0.23347925576724074 -0.08938207566739195 -0.35915058411997414 -0.3073642339420769 -0.5276722182742416 -0.5642988840234009 -0.5422025276769462 -0.718256191660755 -0.7627038612216126 -0.8096589184750544 -0.8735862210237819 -0.8355878696404195 -0.9680928555536463 -0.9420054778125782 -1.0 -1.0 -0.9657190956131916 -0.9145507717879429 -0.9265964185539699 -0.9631344707631267 -0.7620927423388341 -0.78749121286212 -0.723940153768206 -0.7551720523030206 -0.4439067746426951 
0.09371550872288592 0.9420609865308706 0.9075461453323186 0.7829201529108742 0.6405289310961443 0.6730903906729255 0.7680079129689136 0.6452048209541619 0.503412658882686 0.2838463378292353 0.17247153936389842 0.14235175817583276 0.34057802504869183 -0.08635107877221244 -0.05257648170466439 -0.2543585715077663 -0.42364719321926275 -0.430333805892284 -0.6276757071448738 -0.6797276884147252 -0.7850078217814502 -0.7708561822107034 -0.9086980699857652 -0.9090316410330668 -0.8710479801239648 -1.0 -0.9174403236377604 -1.0 -0.9860348615635586 -0.9368859468091325 
0.09371550872288592 0.9420609865308706 0.9075461453323186 0.7829201529108742 0.6405289310961443 0.6730903906729255 0.7680079129689136 0.6452048209541619 0.503412658882686 0.2838463378292353 0.17247153936389842 0.14235175817583276 0.34057802504869183 -0.08635107877221244 -0.05257648170466439 -0.2543585715077663 -0.42364719321926275 -0.430333805892284 -0.6276757071448738 -0.6797276884147252 -0.7850078217814502 -0.7708561822107034 -0.9086980699857652 -0.9090316410330668 -0.8710479801239648 -1.0 -0.9174403236377604 -1.0 -0.9860348615635586 -0.9368859468091325 
0.09371550872288592 0.9420609865308706 0.9075461453323186 0.7829201529108742 0.6405289310961443 0.6730903906729255 0.7680079129689136 0.6431858456606196 0.5165396647783433 0.3127070115698417 0.16558052083751307 0.14235175817583276 0.32142094448962777 -0.08635107877221244 -0.055318303314411274 -0.23285347023332847 -0.42364719321926275 -0.4275257297066454 -0.6276757071448738 -0.6797276884147252 -0.7667607682141806 -0.7708561822107034 -0.8560934558820916 -0.9090316410330668 -0.8710479801239648 -1.0 -0.944960215758507 -1.0 -0.9717409331982989 -0.9368859468091325 
0.09263817109711467 0.9633929007222155 0.9075461453323186 0.7770034214650943 0.7020957034818261 0.6730903906729255 0.6970961332766168 0.6411668703670774 0.5217904671366063 0.32425128106608425 0.16558052083751307 0.1636859055700275 0.32142094448962777 -0.08635107877221244 -0.05806012492415816 -0.20953329675245935 -0.3586352542735213 -0.4275257297066454 -0.6276757071448738 -0.6797276884147252 -0.7564512824618066 -0.7708561822107034 -0.7925900145474789 -0.9090316410330668 -0.8710479801239648 -0.9762245357447563 -0.8679643297751947 -0.9617463298034091 -0.9505452213210079 -0.8966904453377117 
0.09156083347134342 0.9847248149135606 0.9075461453323186 0.7965817848141247 0.7740431734462052 0.7245540786402531 0.6501302074965598 0.6391478950735351 0.5427936765696579 0.37042835905105453 0.15179848378474237 0.14353782754816224 0.28310678337149964 -0.01254247407036093 -0.06080194653390504 -0.18984326768445287 -0.3226512147115709 -0.42190957733536816 -0.581785888161803 -0.5923098461254475 -0.7302666610796414 -0.7352101510009116 -0.7508842276747446 -0.8595999560221406 -0.8762591215989505 -0.9524490714895126 -1.0 -0.9234926596068183 -0.9431530764677796 -0.8680675567218916 
0.08994482703268654 1.0 0.9330850388714484 0.7965817848141247 0.7866940076932756 0.7706545500553973 0.6513322460628975 0.6699100878196924 0.5410434091169036 0.4001554756995934 0.20247509639586259 0.13868821852542174 0.20616470770148798 -0.06338619754523109 -0.07721604424045843 -0.18984326768445287 -0.31137416135169205 -0.40232645095090513 -0.575501442248589 -0.6007469816489606 -0.6230017502678273 -0.7195683383103295 -0.8727466141328585 -0.8595999560221406 -0.8762591215989505 -0.9643368036171345 -0.98386806499306 -0.9571904325642377 -0.9319128158051635 -0.8835975904654159 
0.0872514829682584 0.9967890863143136 0.9397733488094947 0.83723892645833 0.8945598635578587 0.750285081090707 0.7164545700476586 0.6468062887449114 0.5415517215325427 0.44181542997377315 0.3281940019326942 0.184583625522796 0.16612147096829485 0.012928590559838124 -0.08123666542204015 -0.22312447409722722 -0.20557492214815482 -0.3700222788946708 -0.5639403515810005 -0.5650556828893781 -0.7203692871140002 -0.687786611668262 -0.8229218636120724 -0.8773583750321305 -0.9702682828935247 -1.0 -0.9399026562542632 -0.944425986988334 -0.9998474946587445 -0.8540677413334429 
0.06313385276995626 1.0 1.0 0.9550804909155275 1.0 0.9309429867215067 0.9661642287315907 0.8820703926442417 0.9889779059236348 0.7830603726894968 0.8947361635477697 0.6469250101749525 0.4540680768200578 0.4747112956831152 0.2670782965906187 0.3723325552813208 0.02372217343559886 0.1527240740444732 -0.10907911215782529 -0.10284446903529726 -0.06224323377955243 -0.28163434397377146 -0.43720708517886764 -0.4837188230771553 -0.4864511152044314 -0.7139223342608854 -0.6395895566975326 -0.8259302800525296 -0.8641561813901903 -0.8781190575073684 
0.06313385276995626 0.9906857493461614 1.0 0.9550804909155275 1.0 0.9119156299408698 0.9661642287315907 0.8820703926442417 0.9944889529618174 0.7645259244845919 0.8311317381984775 0.6425713185181257 0.4540680768200578 0.4747112956831152 0.37875092874182037 0.37705219976993504 0.07110128982186228 0.1527240740444732 -0.10907911215782529 -0.10284446903529726 -0.097877753624308 -0.289856431554839 -0.39296258671006185 -0.4837188230771553 -0.4864511152044314 -0.7020346021332635 -0.6516885079527377 -0.79223250709511 -0.8641561813901903 -0.862589023763844 
0.060187627091191645 1.0 1.0 0.9550804909155275 1.0 0.9280015129762633 0.9774428191543938 0.8820703926442417 0.9889779059236348 0.7830603726894968 0.8688805380714257 0.6469250101749525 0.4540680768200578 0.4808081855369448 0.3665767410811669 0.3723325552813208 0.1184804062081257 0.20893994072254177 0.01939416684425286 -0.10284446903529726 -0.06224323377955243 -0.28163434397377146 -0.3850479351907429 -0.4837188230771553 -0.4615341696924938 -0.7139223342608854 -0.6395895566975326 -0.8259302800525296 -0.8641561813901903 -0.8781190575073684 
0.05911028946542039 0.9813714986923229 0.9943881653949482 0.9486861508056573 0.9601705661770903 0.892888273160233 0.9750387420217184 0.862869220007742 1.0 0.7459914762796869 0.7675273128491853 0.6382176268612989 0.5593107532294622 0.48849029881037925 0.39940493649427367 0.38177184425854926 0.1184804062081257 0.18131211869132052 0.006825275017824962 -0.1575708742971586 -0.13351227346906358 -0.29807851913590644 -0.34871808824125605 -0.5204004319084973 -0.4262807342070284 -0.6901468700056417 -0.6637874592079427 -0.7585347341376905 -0.8538788451585365 -0.8470589900203198 
0.052777971470048854 1.0 1.0 0.9119646101204336 1.0 0.8428309706901453 0.9645190429142153 0.8501336823041367 0.9801117067046278 0.8192079723234814 0.8479705234532207 0.6810977974154009 0.6523563450395832 0.535551849174476 0.6105959044776328 0.3578937357218074 0.5084579005146672 0.29206886187188114 0.2839890280122543 -0.005467246275485199 -0.006196204289471173 -0.13265427549648706 -0.32418587932767806 -0.47968338085907575 -0.4039591897012621 -0.48772281714555143 -0.6146890593855807 -0.7304437375439199 -0.8015671663310968 -0.7254100219952457 
0.049831745791284236 1.0 1.0 0.9119646101204336 1.0 0.839889496944902 0.9757976333370184 0.8016412202119194 0.9801117067046278 0.8310556743431778 0.8221148979768766 0.6810977974154009 0.7680516101677554 0.5416487390283056 0.6105959044776328 0.3578937357218074 0.5084579005146672 0.34828472854994974 0.2839890280122543 0.03560965420726542 -0.006196204289471173 0.05153132871596981 -0.27202672933955324 -0.4756479386409962 -0.3790422441893245 -0.48772281714555143 -0.5912563251957377 -0.6964183967342454 -0.7517613365478097 -0.7254100219952457 
0.043582943871954785 1.0 0.9605093120851746 0.9186797284326842 0.9864590858833048 0.9844514250514407 0.9467439907447044 0.8437545603538248 1.0 0.886456558891817 0.9192500241380839 0.5883304036693202 0.8155370615604155 0.7215425355322086 0.5824299344606986 0.44580569974641504 0.5265580180165904 0.4493376079011261 0.2707600118797565 0.022779745492927217 0.05033691209152128 0.05688713569167768 -0.11366517646137231 -0.4735001227517357 -0.2785188015225887 -0.40199953406931316 -0.5027035921856329 -0.7830430987408085 -0.6182594781983154 -0.7651741171006906 
0.03644145596414971 0.5682839309832939 0.872677818954585 0.9325031600103844 0.9708364948516046 0.9592265279593628 0.9114124791871077 0.8900738704024278 1.0 0.9995584499992209 0.9381070612314981 0.4817426110420753 0.8456280237867583 0.8622974042758836 0.7698308862967707 0.5837513171979921 0.626261140468205 0.5635420641665174 0.4478942988116301 -0.07782861042348106 0.22162478958506293 -0.12170370646812781 0.042376445213120006 -0.42201279459035396 -0.09891157628279768 -0.21451044248300355 -0.4285108262662625 -0.713667074517667 -0.46200326536347086 -0.7427806188228621 
