0.895671968369885 0.11395033737302937 
0.8859885416016984 0.11748383126110451 
0.8572954961840887 0.12803893882983353 
0.8551559275007793 0.14005629323728766 
0.8551559275007793 0.14005629323728766 
0.8560087445111603 0.13901294600140282 
0.8541373286874143 0.16688314355140085 
0.8541373286874143 0.16688314355140085 
0.8523834498858055 0.18276458868037282 
0.8523834498858055 0.18276458868037282 
0.745901829461444 0.20099860076537374 
0.7292540737720847 0.20231162317670393 
0.7292540737720847 0.20231162317670393 
0.7135110863238104 0.2195328746573037 
0.7098838760444729 0.22596893516279365 
0.7101587245496487 0.22678666072303802 
0.7101587245496487 0.22678666072303802 
0.7098838760444729 0.22596893516279365 
0.711277585765302 0.22633848307424015 
0.6122808955181912 0.27152530499841904 
0.6122808955181912 0.27152530499841904 
0.5913702647655192 0.2725677170961732 
0.5790896713124175 0.2802065532035379 
0.5614488701222203 0.28318621960755286 
0.5399101177785867 0.2858970646673847 
0.5397437881996119 0.28988441078254756 
0.5356812982357941 0.2979865561012412 
0.5201080732299957 0.31015900688213094 
0.5135386811085766 0.31573560657729505 
0.5074310264329869 0.32406295001452 
0.5023810383952843 0.33081040525509625 
0.4911963893635146 0.34102222722020714 
0.47883127709456375 0.3419657064754739 
0.4749698981259985 0.3484200722871203 
0.4749698981259985 0.3484200722871203 
0.4553127125499379 0.3640647552012942 
0.4494296607476235 0.36978590673628287 
0.4444771206128716 0.37472580557680574 
0.424894043921992 0.38169216977969056 
0.42037752024591757 0.38397677671869795 
0.4105445937777498 0.3953138990428645 
0.3973462816999208 0.3986811944356122 
0.3966198106019402 0.3996872101529502 
0.384413062386721 0.4067887406515342 
0.38374766296847324 0.4125221105019021 
0.3644728480907605 0.41963237777264556 
0.3644728480907605 0.41963237777264556 
0.3545222098546754 0.4327753077915135 
0.3483467516592218 0.43716867178979063 
0.3387766210705138 0.4448837133843981 
0.32862025771567877 0.44980976356917823 
0.3233324149019279 0.4559571280297791 
0.3162089626976724 0.45779472035145785 
0.30764388625861966 0.4637956114561595 
0.29995827974920763 0.4654246699420006 
0.29144256554482306 0.47219165315028266 
0.2853824593042533 0.47982426999209293 
0.27798495999709094 0.4836723661694573 
0.27143564497620254 0.49121896993756425 
0.2660710264671157 0.5002168382758053 
0.25601313169246087 0.505847214075243 
0.24780309567009642 0.5126614984325224 
0.24442031732675928 0.5195937865610524 
0.23509670268047247 0.5256780075692101 
0.23024904892945305 0.5292611430166226 
0.22477379766256456 0.5398531751460491 
0.2178375336889926 0.5447137409179752 
0.2131054731211881 0.5540876116440376 
0.2041474356722372 0.562825939872223 
0.2001517001469511 0.568120064360295 
0.19384218960275054 0.5763227089293943 
0.18660058393831772 0.5807935405307433 
0.17981795061078487 0.5890197791295587 
0.1728890565860682 0.6000353593058088 
0.16647343419653746 0.6022955715136911 
0.16139846883718978 0.6115336607872874 
0.15611402492274135 0.621146710744367 
0.14668377881119074 0.6307856810584662 
0.14238389510422306 0.6353034167909134 
0.13457613324089188 0.6425541029655509 
0.13006381217000504 0.6481021439218531 
0.123281933097891 0.6616984553935188 
0.11740604496032807 0.6692587337625475 
0.10920277514883459 0.6781770208027017 
0.10261282305287532 0.6908034962994064 
0.09884575777106074 0.6985744433358256 
0.09117752110417236 0.7077176230271384 
0.08687537619015126 0.7225934639326408 
0.07838582486778044 0.7278752050761788 
0.07338808692630922 0.7452228922324733 
0.0660983205025299 0.7528182373380906 
0.060464444502453626 0.7693360209778213 
0.05345613063786351 0.7830990451646644 
0.046736369430480026 0.7997814764356866 
0.03983159649568449 0.8124592084930666 
0.032772779391418545 0.8330934320902195 
0.025762246053957518 0.8571101283618373 
0.018760183907362723 0.8922200073861388 
0.007884821571332122 0.9389410447080024 
0.002783377022902976 1.0107976679470332 
