0.4686509445047352 0.54819540864993 1.1578517407226103 
0.4388782537585762 0.6498184776516169 1.201087542445449 
0.4706507462252246 0.7904555087379478 1.2585528271951898 
0.3628945959797503 0.7523329904004434 1.2074558287330757 
0.45641774536681423 0.5534281078978963 1.1620898148211836 
0.5502036877113419 0.5753443397789649 1.2235039815921058 
0.37434886123731215 0.5651600652671797 1.1919037570286892 
0.45641774536681423 0.5534281078978963 1.1620898148211836 
0.37434886123731215 0.5651600652671797 1.1919037570286892 
0.4388782537585762 0.6498184776516169 1.201087542445449 
0.5139094935312452 0.3404614294775582 1.2443369921656424 
0.3823941269421069 0.5878959861110765 1.2584246386488893 
0.5139094935312452 0.3404614294775582 1.2443369921656424 
0.4224514667401469 0.46890657532425334 1.1937499377059115 
0.4686509445047352 0.54819540864993 1.1578517407226103 
0.5804972231778304 0.5749158258494002 1.2233567717010798 
0.5491174368397909 0.5800874670201489 1.1903430305410265 
0.6492248988546603 0.5180679641408835 1.2461779935130013 
0.5491174368397909 0.5800874670201489 1.1903430305410265 
0.3455236271929877 0.7629155751519099 1.2381667950388575 
1.127323107792587 0.6068041796939772 1.9296791791948775 
2.253296178823759 0.7932327919649879 2.945166856745149 
2.242664264232238 1.6054853644350895 2.6730582734263093 
2.3881908047406526 1.4867244424876997 3.667060045571444 
0.786933186208554 2.457752405803825 3.5156734369950113 
2.845997836518063 2.465279401901753 2.713895135730104 
1.6014513522742657 1.649865354191654 2.208972962404097 
1.5660667601241502 3.493249030436092 2.6131307396178505 
1.4103182477281666 2.8257357921540445 1.9617274466180057 
2.8801289363992817 2.6336877788726416 3.221803440324415 
1.221352680525788 3.2838139730819735 1.8818465071596935 
1.7529810503054546 1.15416866770005 2.003122634990627 
1.7529810503054546 1.15416866770005 2.003122634990627 
2.5672707193513546 0.8003271275272513 2.3793511227033823 
1.744196170442567 2.114593674507366 2.538589476943549 
2.1674415296049077 1.870969890235504 1.8865645657023586 
2.391567135831176 2.06791964327351 2.772756777003348 
3.44142530531741 3.3180765000700543 2.9963553760635624 
2.1130589469331804 1.1815497533973163 2.804526739521129 
2.1674415296049077 1.870969890235504 1.8865645657023586 
1.1054800489470376 1.2179836594612794 3.204064765972514 
1.4368889199455739 1.178924047291628 2.8281876827515093 
1.6113934932146743 2.2456206266054997 2.0873596691643783 
1.4002422764960996 2.022574926807499 2.3093945263120137 
1.6341470114035659 1.972120594788578 1.8479518634756806 
1.6341470114035659 1.972120594788578 1.8479518634756806 
1.5018867901352075 1.910222544431465 2.569748300724301 
0.947788269018607 1.0561884368526075 1.8930222675786792 
1.4049963959382101 2.4056993237485282 2.147058722330681 
1.6992634391246153 1.366730101585211 2.9287268256473538 
2.845997836518063 2.465279401901753 2.713895135730104 
2.5091943637774325 1.2489830105624316 3.4683581301104325 
2.4364461861098294 1.9795825808119207 3.2245399431142596 
2.245234802894502 1.7305416080982872 3.5705786300446913 
2.665453246109856 1.564543041531651 3.180943690242626 
1.8212940500300363 3.054692994648622 2.2948975861040104 
2.4815882507058147 0.9580774800261485 3.776196129580473 
1.819589492613934 2.0019082768595733 2.073697593481389 
1.2893355692189168 2.2158747320418306 2.2390296142219968 
2.5672707193513546 0.8003271275272513 2.3793511227033823 
0.9860353853157351 1.6837353486498616 1.5720855605256538 
2.548484331649813 2.694251552024429 2.698182496018907 
2.6640369385829055 3.2433022549500627 2.9056162235176566 
0.9495148334199786 0.7778693238850675 2.6966235822058184 
2.5846270843205703 3.254643159912585 3.607738543248472 
0.9860353853157351 1.6837353486498616 1.5720855605256538 
1.756146905993252 1.3076763478912483 2.5046464047508845 
1.756146905993252 1.3076763478912483 2.5046464047508845 
1.3583406291896372 1.977746393969718 3.562184657610752 
1.5371724081030784 1.6386526103488377 2.979975952201027 
2.118096492795802 1.4266076626422748 3.7611806068429305 
2.948139152210541 3.7109382537016096 3.1027093013405604 
1.6083401549383778 3.320875022192059 3.9456932193324916 
3.5204720821434217 1.8632903677288573 1.6298097036731407 
2.807318998098468 1.4420466100782223 2.879684379137677 
1.819589492613934 2.0019082768595733 2.073697593481389 
1.3138773958118992 1.786928385502339 2.8172986472463433 
1.6992634391246153 1.366730101585211 2.9287268256473538 
0.947788269018607 1.0561884368526075 1.8930222675786792 
1.8136348292999378 1.2516873562491104 2.948628029547436 
2.6526014992969738 2.597764285482736 2.0507765389522046 
1.8511045795633752 2.0025187300440317 2.9331470644204107 
2.807318998098468 1.4420466100782223 2.879684379137677 
1.7410198559720125 1.3562074431947826 3.0921724005936833 
1.817609918115566 2.3560142364040373 1.8512920337149792 
2.848464627671655 1.7544720370172195 2.7314502502337286 
1.442708460792754 0.9775995250678692 2.5369633806454432 
2.7952992462744253 1.7867359457644192 2.82345671956465 
2.11206525244842 2.8443340831152506 3.0993556305205052 
1.8511045795633752 2.0025187300440317 2.9331470644204107 
1.5660667601241502 3.493249030436092 2.6131307396178505 
1.1054800489470376 1.2179836594612794 3.204064765972514 
2.052999441772812 1.3502174151169606 3.3017434623281785 
2.0598696852174614 2.412802492316441 4.203199714092332 
2.8278042118414572 2.4409417654937315 3.9652800422260817 
1.7505678318758808 1.124123505045316 2.589060802479943 
1.915961756362035 2.274116324126297 1.9534663285290432 
1.1180605288723076 1.9359491781910698 1.920710516192435 
1.8455341632324955 1.628095654246734 3.602934239647671 
1.744196170442567 2.114593674507366 2.538589476943549 
1.6710719812692092 2.567401164922022 2.481657175232689 
1.4824503193105987 3.1931709058710425 3.408149662732501 
1.3962984380782486 2.213273703757157 3.493367350497296 
3.1326871919915558 2.11890205899248 2.6039290443421543 
2.2824763448051297 2.1153026260584284 3.1653572638212095 
2.721036991816686 1.358090836431399 3.258736100559937 
0.9495148334199786 0.7778693238850675 2.6966235822058184 
2.645644623166236 1.6760695922996516 2.903955183183827 
1.868178471984016 2.397790221883595 2.688334988951943 
2.814241486857393 2.051920161571367 2.3881435658923214 
2.814241486857393 2.051920161571367 2.3881435658923214 
3.5518725448108595 2.6968102184659757 3.079291197039328 
0.5756958174114263 1.5061611346401182 3.113555305230284 
2.11206525244842 2.8443340831152506 3.0993556305205052 
1.0713074023805573 2.776914230687082 2.525206383870751 
2.052999441772812 1.3502174151169606 3.3017434623281785 
2.1186474802997783 2.4395632615149023 2.314339537030153 
1.5888490710619887 2.222543348444956 2.9204689229610103 
1.8202439327497488 1.8250528856061459 2.5924786681890146 
2.645644623166236 1.6760695922996516 2.903955183183827 
1.7728465424316624 2.307717263790857 3.2051866993055977 
0.8107194955587701 0.8396117129092474 1.4550114568252641 
2.203882850529707 1.5604241229798157 2.181083617870772 
3.012411538524217 1.2809220090960396 2.303125851127069 
1.479928099946017 1.5371211705979293 2.1899273916531348 
1.588337188490702 1.4040582584620056 3.60082190198695 
1.945982705386711 2.0513565443896025 3.5726695468510616 
3.0517041258578663 1.874517588384402 1.3540201490199935 
1.5530954270192119 2.9551353258450432 3.032924126279036 
2.9162485648410224 2.884569891284135 1.8275243394805527 
1.0713074023805573 2.776914230687082 2.525206383870751 
1.1180605288723076 1.9359491781910698 1.920710516192435 
2.3881908047406526 1.4867244424876997 3.667060045571444 
1.479928099946017 1.5371211705979293 2.1899273916531348 
2.3735850306670376 2.0446501256699183 3.0889748350018102 
2.8912584046445438 2.6302158058764986 3.1324767101671025 
1.9055724944322938 1.9724030310469038 3.756797795478735 
2.1186474802997783 2.4395632615149023 2.314339537030153 
1.0261336320960102 1.3753830284411517 2.1483223428320435 
2.5723755023626906 2.3730607650406403 2.5547903937679566 
2.166092662517426 1.1918598114268246 3.4400097356853223 
1.0096307227352004 1.6202985841158488 2.4454647547501214 
3.0290483462064612 3.037853072091688 2.9523375841074784 
2.3735850306670376 2.0446501256699183 3.0889748350018102 
1.9153592797093915 2.6678309601985495 2.8761206286990513 
2.1130589469331804 1.1815497533973163 2.804526739521129 
1.817609918115566 2.3560142364040373 1.8512920337149792 
0.8107194955587701 0.8396117129092474 1.4550114568252641 
2.2221841991043214 2.4710207411699656 2.871702310004447 
1.5591466492548538 0.9562932075947203 1.830061267424179 
2.111642818575494 2.4243305087844456 1.9961475100696113 
0.363968926983548 1.2105665066911948 1.6656199700707173 
1.3962984380782486 2.213273703757157 3.493367350497296 
1.868178471984016 2.397790221883595 2.688334988951943 
2.011244013171283 2.1546948109580164 2.933668671991818 
2.2824763448051297 2.1153026260584284 3.1653572638212095 
1.0069951448758439 1.9984549847163928 2.1339702206169537 
1.127323107792587 0.6068041796939772 1.9296791791948775 
1.6014513522742657 1.649865354191654 2.208972962404097 
1.5530954270192119 2.9551353258450432 3.032924126279036 
3.3634760647947126 1.9722977072297858 1.9390267126721565 
3.0517041258578663 1.874517588384402 1.3540201490199935 
2.8278042118414572 2.4409417654937315 3.9652800422260817 
2.130531695865792 1.4508886962569367 2.7479468718192996 
0.5756958174114263 1.5061611346401182 3.113555305230284 
1.0515394897483277 1.585424787333674 1.3297851688383078 
1.3138773958118992 1.786928385502339 2.8172986472463433 
2.111642818575494 2.4243305087844456 1.9961475100696113 
1.5591466492548538 0.9562932075947203 1.830061267424179 
2.203882850529707 1.5604241229798157 2.181083617870772 
2.9162485648410224 2.884569891284135 1.8275243394805527 
1.9598442421415558 1.222022882104417 3.084320730041122 
2.447574959858815 2.9536122413514403 2.6066180024752033 
2.5692403195455893 1.6356772558439707 2.2549694705744487 
1.0069951448758439 1.9984549847163928 2.1339702206169537 
1.6976081358290873 2.434850159971755 3.412031917359454 
1.9055724944322938 1.9724030310469038 3.756797795478735 
2.118096492795802 1.4266076626422748 3.7611806068429305 
2.494372746347784 2.4847756305855206 2.4524639893168505 
1.7505678318758808 1.124123505045316 2.589060802479943 
2.166092662517426 1.1918598114268246 3.4400097356853223 
3.44142530531741 3.3180765000700543 2.9963553760635624 
3.033805767494403 2.5811448220197115 2.149334969119038 
2.494372746347784 2.4847756305855206 2.4524639893168505 
2.8857602705669887 2.524628674755384 2.450622067053856 
1.442708460792754 0.9775995250678692 2.5369633806454432 
1.0096307227352004 1.6202985841158488 2.4454647547501214 
1.0515394897483277 1.585424787333674 1.3297851688383078 
1.4103182477281666 2.8257357921540445 1.9617274466180057 
1.2893355692189168 2.2158747320418306 2.2390296142219968 
3.012411538524217 1.2809220090960396 2.303125851127069 
3.373316866850838 3.0931541529318873 3.120412955131631 
3.1326871919915558 2.11890205899248 2.6039290443421543 
3.033805767494403 2.5811448220197115 2.149334969119038 
1.5888490710619887 2.222543348444956 2.9204689229610103 
1.0261336320960102 1.3753830284411517 2.1483223428320435 
2.479099117751427 2.6779720231880875 3.261044171155772 
1.8136348292999378 1.2516873562491104 2.948628029547436 
2.558788645428839 1.9662883983706951 2.597748917714651 
2.5723755023626906 2.3730607650406403 2.5547903937679566 
2.665453246109856 1.564543041531651 3.180943690242626 
2.2836652604934913 2.580533836218736 2.3856251438901985 
2.4132808823677623 2.8776492490025403 3.463528172148758 
2.2746580830129974 3.3132456824812975 3.2321072203412458 
2.4815882507058147 0.9580774800261485 3.776196129580473 
2.731728615338917 1.96397912522856 2.289428036729005 
2.731728615338917 1.96397912522856 2.289428036729005 
0.363968926983548 1.2105665066911948 1.6656199700707173 
1.4368889199455739 1.178924047291628 2.8281876827515093 
1.8212940500300363 3.054692994648622 2.2948975861040104 
