0.31957895726459745 0.2644541094558405 1.0503484774725522 
0.2631440893344192 0.26517162808430295 1.1668458691101797 
0.17597401218867198 0.20279615371650006 1.1273384941707016 
0.1800158735528653 0.18482342249055284 1.137883003161999 
0.13588014488458366 0.3060286779035126 1.087756570948058 
0.1938967509876944 0.21605556578450774 1.0925792425266339 
0.14577570513103816 0.30504640817563633 1.0236892536016513 
0.16820033879827676 0.22560895133429756 1.1429263707224164 
0.18509029103961983 0.2464609017253644 1.0802070178276764 
0.17597401218867198 0.20279615371650006 1.1273384941707016 
0.1938967509876944 0.21605556578450774 1.0925792425266339 
0.28818276902054607 0.23296346747722546 1.1600409510138616 
0.14577570513103816 0.30504640817563633 1.0236892536016513 
0.18509029103961983 0.2464609017253644 1.0802070178276764 
0.22122133297440472 0.3140049168543019 1.1054442166205296 
0.28818276902054607 0.23296346747722546 1.1600409510138616 
0.13588014488458366 0.3060286779035126 1.087756570948058 
0.16402957450391029 0.14887612233572675 1.123454252105509 
0.16402957450391029 0.14887612233572675 1.123454252105509 
0.1627022314642461 0.15620178216814215 1.1681946929989815 
1.4614574124103359 1.3673236049449922 1.8017474149356123 
1.2560551412167904 0.8990405495408866 1.1126268206904517 
0.7882220429741374 1.127181988645448 2.0176210340009524 
0.34700213628296134 0.4517941171425486 1.3281449862644097 
0.7953635137579855 1.2745930948657607 2.071889816216065 
1.2475226637527173 0.6362534232197294 1.3357217151583365 
1.1576132068023044 1.041002978034452 2.086662003555678 
1.9976213794842377 0.7330179981750762 2.857097467638935 
1.4613597579317446 0.9690500326826114 2.530061576640594 
1.6977135267131276 1.5282554617416144 1.9376011678350156 
2.3193636069918817 0.9901395230208931 2.2721009496832116 
1.674197092795405 1.2813074881074746 1.43635194543602 
1.4744673803944277 1.0522242129594888 2.4479421604550535 
1.7380211700394748 1.3570237309101274 1.857306342426344 
0.7882220429741374 1.127181988645448 2.0176210340009524 
1.0436700631671796 0.38365773680918874 1.7266231393746496 
0.17073096696800386 1.0116105642401794 1.720007281419694 
1.3866243221297208 1.3368279306072852 2.0166718609800705 
1.30257482065667 1.7572349913803975 1.468607683370165 
0.710076359885147 0.7989270483822533 1.7324922524866373 
0.42270862827394784 0.7696323286983981 1.6068176068711129 
1.0287117381793878 2.417491729934897 2.2498742976579256 
1.8424950214878244 0.9250109490039867 1.3288430193519791 
1.0004049619175994 0.35437894860145114 1.905408576773222 
1.5772030160489559 1.0692057669202393 1.801910704085929 
1.237409234688328 0.738901318671384 2.443564174855722 
0.27517306200641817 1.0050239876018556 2.2908234487094874 
1.674197092795405 1.2813074881074746 1.43635194543602 
0.9880128670048546 0.9162694031762716 1.3367977497692336 
0.896584235835086 0.5324107254717861 2.2388166915585583 
1.1995890523315513 1.0621530600861075 1.4173824924077008 
0.753917932850252 1.4085679553595947 2.5590571392340222 
1.9279228838074989 1.2595461853404775 2.0617355650277496 
1.6951702318918684 1.7220032286066402 1.3309717128441982 
0.5804925388044625 1.0283108509832 1.7401776325462945 
1.243467111717954 1.0924701845517515 2.103046039712547 
1.302172034697476 1.079486531796142 1.9586121040459241 
0.6663298132485634 0.6557622844876755 1.6871805982536374 
0.20245122469530197 0.46358890222700005 1.227538685397936 
1.5423111683825437 1.290373703310092 1.8830583131001493 
1.5816603032837069 0.9089702434061393 2.022432131636744 
0.710076359885147 0.7989270483822533 1.7324922524866373 
1.0833156950460747 1.0556423706684324 2.2697245633471534 
1.2242460873158534 0.992670222634734 1.713159071898093 
0.8066850621890033 0.6140311355130241 1.9678122432287743 
2.073526952890345 1.6993068574450236 2.904909868731421 
0.8694244685385532 0.8010327897981755 1.9828253453052227 
0.25570707873717036 0.6112647248821198 1.703652611341516 
2.125162058774654 1.8875844249455862 2.460343264753564 
0.7623478349670958 0.38246884547883364 1.6997616379014555 
1.5067361736151481 0.6508047933098182 1.8936824200580218 
1.774912466144356 0.6358142656382544 2.0948497856765065 
0.7623478349670958 0.38246884547883364 1.6997616379014555 
0.8616722618557229 0.9987141511731269 2.551957022889997 
0.6663298132485634 0.6557622844876755 1.6871805982536374 
1.31863490923447 1.431346368968768 2.114424679905499 
0.34167995086250386 0.9911145610869544 2.0036827490599105 
0.5962633710560101 0.16733164030891878 2.6790601409954835 
1.79722081031134 1.3842983904242971 2.628485380852973 
0.8432742371476719 1.4849735672880362 1.954548712109827 
1.3545493530935575 1.1286617058994761 2.1804233217405846 
1.2428794330240869 0.7889276063963 1.7296684879683069 
0.44609932961455345 1.755701628082607 2.195775189881581 
1.0436700631671796 0.38365773680918874 1.7266231393746496 
1.7233252000753456 1.334024712352604 2.2620322769345145 
0.2492024052824186 1.4209389475042418 1.761473284699638 
1.8492204964355974 1.3005662737620476 1.98083913330711 
1.0628766560979286 0.8808806054337508 1.780131810667626 
0.25570707873717036 0.6112647248821198 1.703652611341516 
1.2097369201186765 1.8282995516103422 1.8497831414516173 
1.0004049619175994 0.35437894860145114 1.905408576773222 
0.5962633710560101 0.16733164030891878 2.6790601409954835 
0.20245122469530197 0.46358890222700005 1.227538685397936 
1.916702622925465 1.3540100861065034 2.484597703908637 
1.2153722855520925 0.696490909288916 1.433262959374672 
1.252306631080235 1.9186891411707638 2.152210662986178 
1.2020330270528712 0.9788465084359195 1.8789385729133872 
1.8399489514656118 1.165060556635944 2.075507175069138 
1.3565133699044132 1.0460033773796307 2.0156525291599148 
1.426103453865016 0.4724212413871159 1.965527962739054 
0.27579970002089027 0.9717099529394362 1.763590057678325 
2.3309000595450775 0.6593320761131645 2.035907355593792 
1.4613597579317446 0.9690500326826114 2.530061576640594 
0.8446428128305953 0.8803373210183448 1.6575777439454797 
0.28651719011251764 0.3906703679035133 1.8133053660477356 
0.2492024052824186 1.4209389475042418 1.761473284699638 
1.2475226637527173 0.6362534232197294 1.3357217151583365 
0.896584235835086 0.5324107254717861 2.2388166915585583 
1.414069782408333 1.093524687405942 2.2727620721252895 
1.237409234688328 0.738901318671384 2.443564174855722 
0.754256174564499 0.5581010845714908 2.3365279351552495 
1.4711546981454213 0.6410874957027923 2.3233527238802414 
0.908341042498658 1.3129634747371672 2.1150395382945786 
1.1995890523315513 1.0621530600861075 1.4173824924077008 
0.8446428128305953 0.8803373210183448 1.6575777439454797 
1.032591205996558 1.735577779866404 1.6886541841944356 
1.2153722855520925 0.696490909288916 1.433262959374672 
1.7352685576106222 1.4858794218777827 1.6940309428804057 
1.7233252000753456 1.334024712352604 2.2620322769345145 
0.8611595229597879 0.6342149695636794 2.361234795460064 
1.0173070755348557 0.5060861744346677 1.363905084929725 
1.9082772539463333 1.4051559449295592 2.6909655837885404 
1.9045527703984424 1.7158049880277242 2.7166207988180626 
2.1289873368622234 1.8440480616679296 2.6693470251833107 
2.3309000595450775 0.6593320761131645 2.035907355593792 
1.3869840177138306 1.835361980326128 2.7864745997401554 
0.8795573838497482 1.070931971159241 1.8320608665238902 
1.5047825243002704 0.7544642972595159 2.7846659764481174 
1.243467111717954 1.0924701845517515 2.103046039712547 
1.4158467013967848 0.44552689439021087 1.6857786692093262 
1.5022919130821204 1.3355904557430744 2.3533925153596993 
2.413159462805871 1.6607543334827957 2.9930004535166495 
0.8616722618557229 0.9987141511731269 2.551957022889997 
1.0628766560979286 0.8808806054337508 1.780131810667626 
1.2439555842427894 0.9001193847364175 2.5085115013623036 
1.046120146126203 0.9537316295261181 2.3673499817860013 
0.17073096696800386 1.0116105642401794 1.720007281419694 
1.871743480811923 0.9335972664492331 2.530484304567432 
1.0978570069987037 1.780646122246165 2.673940943070302 
1.2502811741563746 0.6952842847172804 1.582735293866338 
0.20194799330879226 0.7778514531923416 1.6140141029739263 
1.0833156950460747 1.0556423706684324 2.2697245633471534 
1.3866243221297208 1.3368279306072852 2.0166718609800705 
0.753917932850252 1.4085679553595947 2.5590571392340222 
1.773259816278884 1.571282220186356 2.0455852094363753 
1.414069782408333 1.093524687405942 2.2727620721252895 
0.49511870717920026 0.3562808065568234 2.2817077191088377 
1.3681535459279561 1.052686130040721 2.3378143093909474 
1.1649826661778073 1.1098047654459868 1.6543757925926783 
1.2336934840625577 1.2748462029458978 2.582792451311794 
1.0173070755348557 0.5060861744346677 1.363905084929725 
1.5772030160489559 1.0692057669202393 1.801910704085929 
1.027085109617424 1.0821032861415056 1.9648683055030096 
1.1576132068023044 1.041002978034452 2.086662003555678 
0.6410494416786988 1.3962704699350967 2.2453771052289992 
1.4614574124103359 1.3673236049449922 1.8017474149356123 
1.3545493530935575 1.1286617058994761 2.1804233217405846 
0.34700213628296134 0.4517941171425486 1.3281449862644097 
2.139189258865052 0.9206707610668587 0.9965796590556 
1.442472782832539 1.9793033532873605 1.9289094641199434 
1.8335311085721058 1.9649659253211698 2.7289141122505844 
1.046120146126203 0.9537316295261181 2.3673499817860013 
0.8536794932356501 0.6307831051184281 1.9674063505989046 
0.27579970002089027 0.9717099529394362 1.763590057678325 
0.8667709214921024 0.8316835275064826 1.7454386243423112 
1.8399489514656118 1.165060556635944 2.075507175069138 
0.754256174564499 0.5581010845714908 2.3365279351552495 
0.9880128670048546 0.9162694031762716 1.3367977497692336 
1.5423111683825437 1.290373703310092 1.8830583131001493 
0.49511870717920026 0.3562808065568234 2.2817077191088377 
1.2336934840625577 1.2748462029458978 2.582792451311794 
1.1964634713992799 1.0194229063630995 2.1935812914602155 
1.1524929121140157 0.7683973586677894 1.795977655471941 
0.8795573838497482 1.070931971159241 1.8320608665238902 
0.920605750661884 1.2666883581388213 2.6406931204675717 
1.2502811741563746 0.6952842847172804 1.582735293866338 
1.5816603032837069 0.9089702434061393 2.022432131636744 
1.1649826661778073 1.1098047654459868 1.6543757925926783 
0.44609932961455345 1.755701628082607 2.195775189881581 
0.28651719011251764 0.3906703679035133 1.8133053660477356 
0.908341042498658 1.3129634747371672 2.1150395382945786 
1.1215659095537145 0.633296519404094 2.5785105045391363 
0.8234622951205447 0.8963025099873086 1.4659958124149755 
0.8667709214921024 0.8316835275064826 1.7454386243423112 
1.4874123840853544 0.5264743773224699 1.2375618935076602 
1.07147914674318 1.4272003827307622 2.4241975235607383 
1.3774136996874187 1.0154297358177442 2.020856591731186 
0.5804925388044625 1.0283108509832 1.7401776325462945 
1.3721964242708633 1.4107311103785 2.978840288578323 
0.8694244685385532 0.8010327897981755 1.9828253453052227 
0.42270862827394784 0.7696323286983981 1.6068176068711129 
0.920605750661884 1.2666883581388213 2.6406931204675717 
1.4874123840853544 0.5264743773224699 1.2375618935076602 
0.20194799330879226 0.7778514531923416 1.6140141029739263 
1.9857377204533844 1.9083077239995931 2.7688424431846905 
1.31863490923447 1.431346368968768 2.114424679905499 
1.354191120528007 0.9336404769324104 2.424618495815249 
1.1524929121140157 0.7683973586677894 1.795977655471941 
1.8492204964355974 1.3005662737620476 1.98083913330711 
1.22361183631656 1.699572950220532 2.5309383745381577 
0.5246108589941674 1.4782856264878426 2.1907015125686646 
1.5706638115422467 1.197275272478575 1.4408726212312781 
1.8998815842336763 0.8531469609067901 2.999233980880983 
1.027085109617424 1.0821032861415056 1.9648683055030096 
1.2242460873158534 0.992670222634734 1.713159071898093 
2.124519382764405 1.2919401200947587 3.044500870601288 
1.6622369998635118 0.6055964868240121 2.247244694504553 
1.4820225131674316 1.078179219236783 1.5079211866457358 
1.4711546981454213 0.6410874957027923 2.3233527238802414 
1.3565133699044132 1.0460033773796307 2.0156525291599148 
