5.197387220252982 2.0120497607610415 
5.300283090193443 1.815825689930064 
6.283637965969053 2.1838740850213676 
6.283637965969053 2.1838740850213676 
5.300283090193443 1.815825689930064 
4.8610870251777865 1.7921585081448965 
6.0884004404951115 1.9252000346868572 
4.650607901177003 2.1059073400151873 
6.0884004404951115 1.9252000346868572 
5.3801005087099 2.0970170579730336 
5.197387220252982 2.0120497607610415 
4.8610870251777865 1.7921585081448965 
4.996682545052229 2.270493751492957 
4.79328450399304 1.8960049038395916 
4.79328450399304 1.8960049038395916 
4.650607901177003 2.1059073400151873 
4.996682545052229 2.270493751492957 
5.345592841823898 2.512509438094902 
4.873124651923255 2.431797162473347 
3.9313037207474704 2.524055442294172 
5.078396911318008 2.5242814848055333 
4.063769733487376 2.6178407032043993 
3.3912489239883037 2.564758445631208 
3.906728862124457 2.673147092238917 
4.970172985120679 2.741644613435674 
3.9313037207474704 2.524055442294172 
4.371983475205062 2.5424114408241567 
4.002435053729914 2.7129096807106174 
4.379969509596682 2.700542791818241 
4.111140692960551 2.6716514116416117 
4.215202609683029 2.8405814421928204 
3.790711182595811 2.746562313133049 
4.09902609166385 2.867282982044978 
4.215202609683029 2.8405814421928204 
3.790711182595811 2.746562313133049 
4.2469988369222005 2.988483736946754 
4.157120979058262 3.065110539599039 
4.111140692960551 2.6716514116416117 
3.305151247503497 2.9487637432528557 
3.669125912671227 3.0444096370980125 
3.3912489239883037 2.564758445631208 
2.880865688588294 2.976615157152309 
2.7359321571972974 2.7177072190937928 
3.305151247503497 2.9487637432528557 
3.1644294656539884 3.0127811438034966 
3.4765872697395053 2.851922180761682 
3.040583667047816 3.382363475887275 
3.1644294656539884 3.0127811438034966 
2.7359321571972974 2.7177072190937928 
2.5714900673945458 2.9401735011348666 
2.4853890443328233 2.753230013640839 
3.040583667047816 3.382363475887275 
2.8392692830773543 2.9958885823062897 
3.156429293491062 2.9582721689223987 
2.8392692830773543 2.9958885823062897 
2.34951823609289 3.5107260009638384 
2.718822352018495 3.3497034029451056 
2.602726013504264 3.333018482500606 
2.8511502475305197 3.4143598771236503 
2.876625569562685 2.8002567182756772 
2.4853890443328233 2.753230013640839 
2.1522837175535363 3.1813054322144216 
2.705405370391036 3.237032044135214 
2.5332568503120765 3.3990339435223387 
2.302724611366717 3.302414177518801 
2.705405370391036 3.237032044135214 
2.5714900673945458 2.9401735011348666 
2.3681860848103806 3.417052473431869 
2.602726013504264 3.333018482500606 
2.3681860848103806 3.417052473431869 
2.499913919460793 3.265605842213226 
1.9908678264657524 3.3064503122060205 
2.4641741586876686 3.3998504896868673 
2.1522837175535363 3.1813054322144216 
2.295267940180358 2.419669433129689 
2.183917090707986 3.403149157170229 
2.295267940180358 2.419669433129689 
2.301740767214451 3.5853419966352504 
2.1999072072370334 2.3292921148571684 
2.183917090707986 3.403149157170229 
1.92484257879557 3.742502764264685 
2.123020608688476 2.9298914502476334 
2.1999072072370334 2.3292921148571684 
2.123020608688476 2.9298914502476334 
1.9427814788137283 3.7889108867810894 
2.234123383525813 3.85488484029579 
2.1238729875410707 4.591734825071029 
1.8182516526426364 4.151450026358312 
2.053498644474714 4.152608319004481 
1.9427814788137283 3.7889108867810894 
2.272400919937301 5.5001502704319645 
2.1627829379942716 4.329441073707227 
2.1279868374741358 5.931742591009906 
1.8182516526426364 4.151450026358312 
2.1236656121788413 4.467323533225761 
2.16947949111329 5.804876616498152 
2.020729859518871 3.781801656683196 
2.1279868374741358 5.931742591009906 
2.0508166450167007 4.788906893354836 
2.0508166450167007 4.788906893354836 
