0.5607608107211263 0.4737571231139718 1.1014388799245662 
0.3746406856710187 0.5201103496865602 1.1365163513929155 
0.48460357258156156 0.40487444748371904 1.1100025943205725 
0.48567832005142414 0.4394346581343497 1.0906530016653229 
0.5340691866588082 0.5332524023183961 1.136479532728675 
0.5779069942713212 0.43010486295036576 1.1278919947679844 
0.4874370901355019 0.4087401929003729 1.1286547299992897 
0.3746406856710187 0.5201103496865602 1.1365163513929155 
0.48460357258156156 0.40487444748371904 1.1100025943205725 
0.36714201492499265 0.42551353762736677 1.1114094962810512 
0.48567832005142414 0.4394346581343497 1.0906530016653229 
0.3710823601180481 0.48108715836101434 1.117748411438791 
0.4504482585451253 0.40870504860583745 1.091084910984896 
0.4534553233795893 0.4458962272460675 1.0885880025477992 
0.3746443300756733 0.5215931905156888 1.1367498247682977 
0.4504482585451253 0.40870504860583745 1.091084910984896 
0.36714201492499265 0.42551353762736677 1.1114094962810512 
0.47133880348539764 0.47113733993185314 1.0994638244821067 
0.4874370901355019 0.4087401929003729 1.1286547299992897 
0.4534553233795893 0.4458962272460675 1.0885880025477992 
1.8881818403898056 2.383582009704923 3.4919029751363704 
1.8362046277089816 2.826843762638637 2.3442919850990087 
3.530470479929396 1.921003276605279 3.8564743166951216 
1.677490958777887 2.4628410538366543 3.092932007153391 
1.4051126345505256 0.9404087759254978 1.9117326314332745 
3.326579937572351 1.7452710372149791 3.871972895575224 
1.4051126345505256 0.9404087759254978 1.9117326314332745 
1.4988821121310798 1.8299784023746593 2.3189920834155844 
1.7692174431447636 0.9521216810980316 2.03743788946217 
3.3423277526202106 0.4277285722622872 2.7404310847727227 
1.7711295925243389 1.1183518944049744 1.5291217675147655 
1.1439364362345255 1.5181741972286098 1.73347024985806 
3.3511426918334006 2.2256759651619094 3.945491695342769 
1.9961841853256264 2.4698063712083465 3.1521739045903283 
2.0557977281588244 1.9983379896632674 3.069546897688618 
1.7019837073024031 1.1456566508698625 2.990306739292662 
1.9210103810305057 1.574634514442788 2.0591900157312253 
2.387197397877115 2.5425874157419406 2.4524604085899138 
1.1439364362345255 1.5181741972286098 1.73347024985806 
2.674056083744723 1.849866350332244 2.463429390299475 
2.085306094263381 2.835030722823485 3.162654556968766 
3.3322862191911193 1.8216799127033652 3.6043752106695415 
2.0380690810108675 1.2580066119227156 1.8706778563973718 
2.0684505919494085 3.2176812732612725 3.313886973293344 
2.0673199958502577 1.3012378849370174 1.7345249719951612 
1.908154497087262 2.677916140016558 3.0080247750889897 
1.9347879954827003 1.491000089024309 1.6978015947100142 
0.9539912448383375 3.0187308693298993 2.8827252772307976 
2.20148854674112 2.2129110362980655 3.644449492527667 
1.045634803568906 1.0909500204424682 1.9071850480980066 
0.53521600811777 1.1705299580286874 1.5562021074022931 
1.4197700521430119 3.3178463614030056 3.261424732884958 
2.3182569232314614 2.7523852680035974 3.184106403226457 
1.6524744163037415 2.7100619362071923 3.259244235574503 
3.020796383819529 1.3043831574291571 3.0332946976498043 
1.0879809748454259 0.6362205360021996 1.523134545915637 
1.4750948160322341 0.8190313510666467 3.638480278984626 
1.0912650485835533 3.4042353358736044 3.2798554413423426 
1.3365433716485322 2.575328109622754 2.8422450384178575 
1.0879809748454259 0.6362205360021996 1.523134545915637 
1.4029344819682916 0.48385293809955454 2.7100834580723765 
2.8935532564672326 3.0532666985310857 2.999324913714715 
2.085306094263381 2.835030722823485 3.162654556968766 
0.900136860236626 0.7687188526800064 1.3058034169916408 
2.5335757196175153 2.031772780883391 2.6523108775476905 
2.3821313186442463 2.245030582847436 3.385910265548101 
3.0822603630353584 3.5437497015815387 3.007795990527833 
3.326579937572351 1.7452710372149791 3.871972895575224 
2.305107414661477 2.6775482013049707 3.08652808866879 
0.41597505990128675 0.40205344120336073 2.2275361218014305 
2.633535593529663 2.4813319460168337 2.3231620391402723 
0.41597505990128675 0.40205344120336073 2.2275361218014305 
1.4197700521430119 3.3178463614030056 3.261424732884958 
2.233420598020226 3.195848980323188 3.3403581031503093 
3.236790002753954 1.1528478510048465 3.2985019160103564 
2.0673199958502577 1.3012378849370174 1.7345249719951612 
3.065596201027517 2.153597284770393 1.4167763736108157 
2.312627588670588 0.8131784541051916 2.9455578811257133 
1.6958004632032555 2.4756447045338366 2.8618306235244635 
0.8347080714263386 1.0533145114839175 1.306545067195278 
1.60162731169318 2.6708411856782903 2.7124896083891485 
3.1627042281375504 1.1891264474003431 3.423504785576554 
1.9602605247684899 1.590181674498786 2.1706634147371546 
3.1491135947752005 2.1131010522155114 2.2173638902365855 
2.823903020346872 3.1480254900723352 1.8829532831080777 
0.900136860236626 0.7687188526800064 1.3058034169916408 
3.0822603630353584 3.5437497015815387 3.007795990527833 
1.677490958777887 2.4628410538366543 3.092932007153391 
1.6371766620672048 1.785008204295589 2.028388453304334 
3.065596201027517 2.153597284770393 1.4167763736108157 
2.5758143162834775 2.2705344159076 3.1299163606679397 
1.60162731169318 2.6708411856782903 2.7124896083891485 
1.7692174431447636 0.9521216810980316 2.03743788946217 
0.8596611167892426 1.5524074691703844 2.3782940742362815 
2.2592735221603193 2.4776477875078693 3.2833957857249514 
1.330434132340715 1.6494400787983245 2.514047237721687 
2.9878036741322074 1.845886914905267 3.8416990995079705 
2.607083010950919 2.9508662245822928 3.510959332194583 
2.0065735607019306 1.633923135291349 3.693714525953344 
1.882234569639373 2.674536748164299 3.10429326769765 
1.9347879954827003 1.491000089024309 1.6978015947100142 
1.4293137505400364 1.9025491472743123 2.4823743701888903 
1.9210103810305057 1.574634514442788 2.0591900157312253 
2.079849437712611 0.6616296400525129 2.2056611014867316 
2.4928609529088694 0.9002859195967318 2.6626677608713454 
1.1015388044056125 1.264803844373022 2.671807973203811 
2.5491640239238476 2.102584353087992 2.819617861385054 
3.1796486511690434 1.0335229917650457 3.6517376968257578 
1.4051126345505256 0.9404087759254978 1.9117326314332745 
3.1755242651526197 2.620774305863517 3.7220452496609484 
0.8596611167892426 1.5524074691703844 2.3782940742362815 
1.6407604000767013 1.8067833025471476 2.042871498380835 
1.4750948160322341 0.8190313510666467 3.638480278984626 
2.47136282984984 2.8865956432148008 3.6631548244356247 
2.6112236635298878 2.393875198557702 3.0747419958514586 
0.8347080714263386 1.0533145114839175 1.306545067195278 
2.268020586964036 2.335456499994863 2.676405196938536 
2.4596361062809464 1.599227983249894 1.7887031813415288 
2.305107414661477 2.6775482013049707 3.08652808866879 
3.196683965803433 2.0686378401298917 2.3929380343370124 
2.6373020665140094 2.699751233714624 3.8701493108978675 
2.7547016357394263 2.9955687952267898 2.7255107977215802 
1.9250073114724102 1.0468598376387166 1.1604723309542193 
0.719042535778071 1.2687747556993287 2.9366937381225653 
2.973107190749523 2.5067270852620536 2.829362149774978 
1.7711295925243389 1.1183518944049744 1.5291217675147655 
1.3365433716485322 2.575328109622754 2.8422450384178575 
2.5335757196175153 2.031772780883391 2.6523108775476905 
1.882234569639373 2.674536748164299 3.10429326769765 
0.7940095466917411 1.6165913902454458 1.931538142912447 
1.6958004632032555 2.4756447045338366 2.8618306235244635 
0.6722073146714789 1.3515107703897853 1.9700525364149446 
0.53521600811777 1.1705299580286874 1.5562021074022931 
1.7227597205809855 2.2800485652941145 2.1968228648135995 
2.2362201565839412 3.4757283346477137 3.914320319506643 
1.8209010006648527 1.684546149183269 2.356117676044939 
1.1015388044056125 1.264803844373022 2.671807973203811 
2.387197397877115 2.5425874157419406 2.4524604085899138 
2.3182569232314614 2.7523852680035974 3.184106403226457 
1.85296936638588 1.5375839735396861 2.0909122264072852 
2.202453609224262 3.5525313980652182 3.9675200660672765 
2.079849437712611 0.6616296400525129 2.2056611014867316 
2.5119880110208226 2.4940244156536284 3.592098893753913 
1.8881818403898056 2.383582009704923 3.4919029751363704 
2.246861146163643 3.3051332066152566 3.818756418614501 
1.4094449594233989 2.8444989479699876 2.735562335530319 
1.3174184110644003 3.48063701110939 3.7250438046069974 
1.4988821121310798 1.8299784023746593 2.3189920834155844 
2.246861146163643 3.3051332066152566 3.818756418614501 
2.506679697119989 1.8962029510320688 3.321935878921857 
0.7519589494692772 2.4334833648510976 1.8235712667729767 
2.879792170611318 2.023268520422664 3.9583734950531726 
2.3208781214499092 2.5577004449124687 2.639130459537419 
2.286321188608281 1.9235332933690314 3.9262071407908987 
1.8409255311116717 3.5268656331054724 2.9317494295703166 
1.6832567169063415 3.2110451576901484 3.1958668245891397 
0.9539912448383375 3.0187308693298993 2.8827252772307976 
2.1991510193245563 1.3379811515834548 3.4832135057160842 
1.6407604000767013 1.8067833025471476 2.042871498380835 
0.9443048285292173 2.0315311003187904 2.702473461614981 
0.5977201094324627 1.0909100724476712 2.786068646570039 
1.269916867232944 1.6966239346683425 1.891465345615285 
2.0380690810108675 1.2580066119227156 1.8706778563973718 
0.7519589494692772 2.4334833648510976 1.8235712667729767 
3.165587401683102 2.7007169588445965 2.631602102106844 
2.784815723554773 1.9996993843561763 3.947950010484892 
0.839011054450142 0.4415744032400085 1.417548964949603 
2.420552754538484 2.6958521933848854 3.802402065400938 
1.8870533887535492 1.6836752488468423 3.162180106295612 
0.9443048285292173 2.0315311003187904 2.702473461614981 
3.128990083453307 1.7220762447105327 3.928891214664019 
1.7397371316747414 2.852232479338085 2.011465395299176 
2.0220011067518846 0.6425923842217072 2.1806707573805237 
2.2592735221603193 2.4776477875078693 3.2833957857249514 
1.7482343687793886 2.9087342472989968 2.9032203637322445 
1.9787337230663218 3.206095208797384 3.558446347705167 
2.879792170611318 2.023268520422664 3.9583734950531726 
2.2307491586921357 0.9017101282620363 2.658742482084149 
1.4358459729933244 1.4299648235183509 3.69145248356356 
0.719042535778071 1.2687747556993287 2.9366937381225653 
1.269916867232944 1.6966239346683425 1.891465345615285 
3.2667267678581147 2.0104564506387437 3.673126432839648 
2.161569087430952 1.8696304970169844 2.527859642648015 
1.6371766620672048 1.785008204295589 2.028388453304334 
0.839011054450142 0.4415744032400085 1.417548964949603 
1.4094449594233989 2.8444989479699876 2.735562335530319 
2.506679697119989 1.8962029510320688 3.321935878921857 
3.1755242651526197 2.620774305863517 3.7220452496609484 
3.020796383819529 1.3043831574291571 3.0332946976498043 
1.3693635839008234 0.7211297327843575 1.6352884070101643 
2.4349902477055645 0.8970427437881233 2.6331630549822 
1.6832567169063415 3.2110451576901484 3.1958668245891397 
0.5977201094324627 1.0909100724476712 2.786068646570039 
2.5491640239238476 2.102584353087992 2.819617861385054 
1.9250073114724102 1.0468598376387166 1.1604723309542193 
1.3693635839008234 0.7211297327843575 1.6352884070101643 
3.011826363506925 1.5480098614718636 3.5471823218780965 
1.6524744163037415 2.7100619362071923 3.259244235574503 
2.9541829325879685 1.5704306152249323 3.288026853305265 
1.3660790209752665 1.581205479940426 2.9757246272820845 
2.7975702564443927 2.430141694765513 3.3397719753010238 
1.9602605247684899 1.590181674498786 2.1706634147371546 
2.7929564128150473 2.688801791790546 3.2557082504811006 
1.85296936638588 1.5375839735396861 2.0909122264072852 
1.045634803568906 1.0909500204424682 1.9071850480980066 
2.4596361062809464 1.599227983249894 1.7887031813415288 
1.4293137505400364 1.9025491472743123 2.4823743701888903 
1.8209010006648527 1.684546149183269 2.356117676044939 
1.4051126345505256 0.9404087759254978 1.9117326314332745 
2.674056083744723 1.849866350332244 2.463429390299475 
