1.0798961686004327 0.016985060978505762 
1.0798961686004327 0.016985060978505762 
0.9864267651623132 0.02767896127151759 
0.9850148394363005 0.04377628010335018 
0.9855762873127745 0.038321756116752564 
0.9850148394363005 0.04377628010335018 
0.9856281252636782 0.0393128677671747 
0.98545370069805 0.07778453431709263 
0.9834478475801898 0.04455505489023903 
0.9827121630159241 0.10377177124026593 
0.985444083562118 0.06763044803549367 
0.982321891971392 0.14051280461758897 
0.982780335350333 0.13403077044642908 
0.982321891971392 0.14051280461758897 
0.9827121630159241 0.10377177124026593 
0.7162720626417756 0.1899759506126048 
0.7810949103099616 0.19054885746585273 
0.680287107569855 0.19054170537227003 
0.7162720626417756 0.1899759506126048 
0.699782852924042 0.19145599002662658 
0.680287107569855 0.19054170537227003 
0.6691369158551358 0.1965228068172595 
0.6564736374894629 0.2060837413297544 
0.6544822222524991 0.21210122027210795 
0.6442750692385629 0.22064920682257666 
0.6433558558312226 0.2304558309956123 
0.6427509502784403 0.23601810563269982 
0.6431809096386757 0.2579795225851703 
0.6431263547241541 0.23559394041150236 
0.6428060441870508 0.2321193722900957 
0.6427509502784403 0.23601810563269982 
0.6425834553868404 0.30702574020872275 
0.6425834553868404 0.30702574020872275 
0.6424665950017762 0.33493026576009477 
0.6424665950017762 0.33493026576009477 
0.5948078164933959 0.3555043797753733 
0.5948078164933959 0.3555043797753733 
0.5425689093173991 0.3760237137421953 
0.5455342029312897 0.37699263462353994 
0.5455342029312897 0.37699263462353994 
0.4499179085843879 0.3865071629853251 
0.48787369616783177 0.3867406629059497 
0.48787369616783177 0.3867406629059497 
0.4594998301824116 0.3868191485366241 
0.4499179085843879 0.3865071629853251 
0.4396194136188676 0.3872750369823023 
0.42559625236558685 0.3869947092981445 
0.41759411228833765 0.3936271979920013 
0.3992264852211132 0.3963888345394894 
0.3903565615105047 0.401223813118218 
0.3833519005484635 0.404704733956355 
0.3702517118380847 0.41287419145744 
0.36996680095134377 0.4212332165714101 
0.34859774831385854 0.42919169303373145 
0.3446183401464004 0.4316768013698577 
0.3383978767377938 0.43494394085934174 
0.33300648362076674 0.4392441711399365 
0.3269356110242595 0.4582667076318394 
0.32231300280212144 0.47240465578211416 
0.3181123931994321 0.4805353516669364 
0.3111152623910398 0.4927295199980578 
0.3098665585731021 0.500595980229781 
0.27872004427743796 0.5139158508688947 
0.2790042214270904 0.5137721283949503 
0.27872004427743796 0.5139158508688947 
0.26495726304887063 0.5247500119727935 
0.260308547459541 0.5295187775137296 
0.24889994231375842 0.5311600093285965 
0.2352575943802284 0.5355903067213375 
0.2311321010711629 0.5371977201864292 
0.2259763585096098 0.5462184917517603 
0.21127043001028542 0.5554186441665367 
0.20973638646643106 0.5594570282612327 
0.20054950060901372 0.5698378131127523 
0.1897670620987343 0.5769308287697266 
0.1839220123836044 0.5859338548603527 
0.17842049982131125 0.5975855395177928 
0.17181421488205675 0.5985131569473731 
0.16535320019625493 0.6112147815335647 
0.15768179062052232 0.6237231385574715 
0.15020850507953223 0.6295689538303355 
0.140919082649743 0.6391740894175476 
0.13562045817021534 0.6470635044734052 
0.12848306675734067 0.6599029231481535 
0.12071278267830014 0.6649045541869889 
0.11129668297730107 0.6783058040398433 
0.10721147788512599 0.6924997003101401 
0.09796856197914129 0.7028636408257193 
0.09038969969931719 0.7191553710647662 
0.08522646129689694 0.7320949159647905 
0.07832254933634243 0.7413114649107535 
0.07040110582040494 0.7592423359962691 
0.05990645322438413 0.7759405824071568 
0.05417834063246977 0.7926864017325126 
0.047991726816853014 0.8119347319529899 
0.03915974889987886 0.8342367616841799 
0.03196052406085348 0.8560820130083397 
0.021923284917390137 0.8918722362214829 
0.014660746120756659 0.9501245892550413 
0.005718370307543638 1.039096965045444 
