0.9795718517452049 -0.13782649288740473 0.864663975076207 0.04995147002866377 0.7568416138074484 0.1519627476822093 0.4536849760330822 0.15862091228081662 0.29702902953931326 0.14583219009813328 -0.27921179970226584 0.19377133094604077 0.19075580504987408 0.4438960572338329 0.6564173589414672 0.6423119024869207 0.0507629591750536 0.8816807732278724 -0.03366317809154162 0.9208987423032039 -0.172309113131923 0.685003896559034 -0.17362356385459604 0.3252923832757636 -0.20788030656472462 0.12487017417046362 -0.25442141612975 0.1847355725631674 -0.9009454487601728 0.1255721914164902 
0.9795718517452049 -0.13782649288740473 0.864663975076207 0.04995147002866377 0.7568416138074484 0.1519627476822093 0.4536849760330822 0.15862091228081662 0.29702902953931326 0.14583219009813328 -0.27921179970226584 0.19377133094604077 0.19075580504987408 0.4438960572338329 0.6564173589414672 0.6423119024869207 0.0507629591750536 0.8816807732278724 -0.03366317809154162 0.9208987423032039 -0.172309113131923 0.685003896559034 -0.17362356385459604 0.3252923832757636 -0.20788030656472462 0.12487017417046362 -0.25442141612975 0.1847355725631674 -0.9009454487601728 0.1255721914164902 
0.9811708293201363 -0.12530329917662522 0.8634719230165838 0.0847519141793156 0.7696479154318042 0.16266522619483267 0.4375424974039729 -0.053294231065131106 0.3183737933099194 0.19283962855926062 0.20963473163808655 0.2995593980454498 0.20392374134099275 0.4438960572338329 0.33992810199505863 0.6363651111384531 0.0978896302545207 0.8816807732278724 -0.03366317809154162 0.9165949568318719 -0.1634211799872461 0.685003896559034 -0.23834505427372876 0.33251017240531316 -0.20384726386149069 0.12487017417046362 -0.23826972561215548 0.16089428094538802 -0.40677233278769825 0.12466839625463731 
0.9812760896443856 0.024381015413116623 0.8643817179967308 0.40388688815403917 0.7755875687659758 0.16455710175240848 0.451125502938965 0.15196389274985628 0.31488821187465293 0.15089845363411894 0.2157798612550759 0.29609110877355965 0.18347621588948718 0.4457493628965271 0.31513545279556565 0.6368359917277707 0.08664436843118468 0.9452874648370277 -0.05496073152366012 0.9141518963209042 -0.1634211799872461 0.8050140464201709 -0.2443008181990895 0.3367289240876977 -0.2036096345734969 0.1718565284753269 -0.2583778464030368 0.16858229464223515 -0.4346715428133822 0.0897067199192973 
0.9812760896443856 0.023342316602288235 0.863010775834332 0.09166768897808851 0.7756140458228689 0.16455710175240848 0.4350380112210641 -0.053294231065131106 0.3094644863231845 0.15085882061737993 0.20963473163808655 0.30081331236953274 0.1886356890104078 0.44123537700302023 0.31513545279556565 0.45780924849590976 0.08664436843118468 0.9452874648370277 -0.04203468561766954 0.9165949568318719 -0.16792288979138595 0.562031472060699 -0.2443008181990895 0.33677725556174853 -0.2036096345734969 0.11791504659026111 -0.2583778464030368 0.16089428094538802 -0.42710636188730455 0.11626505365960756 
0.9812760896443856 0.024381015413116623 0.8643817179967308 0.40388688815403917 0.7755875687659758 0.16455710175240848 0.451125502938965 0.15196389274985628 0.31488821187465293 0.15089845363411894 0.2157798612550759 0.29609110877355965 0.18347621588948718 0.4457493628965271 0.31513545279556565 0.6368359917277707 0.08664436843118468 0.9452874648370277 -0.05496073152366012 0.9141518963209042 -0.1634211799872461 0.8050140464201709 -0.2443008181990895 0.3367289240876977 -0.2036096345734969 0.1718565284753269 -0.2583778464030368 0.16858229464223515 -0.4346715428133822 0.0897067199192973 
0.9812760896443856 0.030434310810583308 0.8585816791617327 0.0757974931243533 0.772157690359665 0.16266522619483267 0.4350380112210641 -0.053294231065131106 0.31391882677921557 0.15085882061737993 0.20784588886753863 0.30081331236953274 0.20392374134099275 0.4459231313912039 0.3115623249769089 0.45786081545203516 0.09313628599246146 0.8826019323767148 -0.04203468561766954 0.9165949568318719 -0.16792288979138595 0.6830312131667315 -0.2443008181990895 0.3331523387914113 -0.2036096345734969 0.12922143447431841 -0.2583778464030368 0.16089428094538802 -0.40677233278769825 0.12466839625463731 
0.9812760896443856 0.030434310810583308 0.8624108078758309 0.40388688815403917 0.7703627313925304 0.16059392241273765 0.4455721829121142 -0.05495232758823445 0.3183737933099194 0.15089845363411894 0.20784588886753863 0.299108037467687 0.1985441063568001 0.446752670422449 0.30696332712509145 0.6368359917277707 0.09216978977563971 0.8867319345003258 -0.03366317809154162 0.9141518963209042 -0.1634211799872461 0.23534491563234156 -0.17362356385459604 0.3367289240876977 -0.18763898324670877 0.12922143447431841 -0.23826972561215548 -0.15212245111160305 -0.42710636188730455 0.09102462861140236 
0.9800342506461922 -0.11646111749455038 0.8727777527733751 0.0847519141793156 0.7652775634548666 0.16506706044625352 0.5552386643934972 -0.053294231065131106 0.3115852585698438 0.18962694050210882 0.2050682732749775 0.299108037467687 0.21301427246750895 0.4438960572338329 0.33992810199505863 0.6363651111384531 0.1028785530029598 0.8840378622402779 -0.03366317809154162 0.9165949568318719 -0.15642991823651023 0.685003896559034 -0.17362356385459604 0.3316928750154784 -0.1992636284483538 0.12487017417046362 -0.23826972561215548 -0.15212245111160305 -0.4135682498803865 0.12466839625463731 
0.9799420937637067 0.028659350529540207 0.8651061337134072 0.0847519141793156 0.7756140458228689 0.14804011120119873 0.5633597415791172 -0.061394144606685366 0.325408834070348 0.15085882061737993 0.19695369113720704 -0.3504703099946458 0.20196336878362406 0.44123537700302023 0.33992810199505863 0.45780924849590976 0.1028785530029598 0.8840378622402779 -0.03366317809154162 0.9165949568318719 -0.15642991823651023 0.562031472060699 -0.24348909332490032 0.3333653754581174 -0.1992636284483538 0.09252951082818377 -0.23826972561215548 -0.15212245111160305 -0.43145476815967276 0.10243651748042891 
0.9800342506461922 -0.12530329917662522 0.8681517231598728 0.49922669850855694 0.7748875735622073 0.16506706044625352 0.44486475312987817 -0.061683136835569745 0.3115852585698438 0.1960001387084258 0.20157920487165804 0.30005339455615776 0.1886356890104078 0.44123537700302023 0.3248311895605369 0.406581793771873 0.09216978977563971 0.9489033654207895 -0.05079213346625077 0.9165949568318719 -0.1634211799872461 0.5635343607608487 -0.23391936524405646 0.3316928750154784 -0.20384726386149069 0.11791504659026111 -0.24920283338079524 0.19189467170689184 -0.4135682498803865 0.07827579418658481 
0.9800342506461922 0.028659350529540207 0.8571570688181739 0.0847519141793156 0.7568416138074484 0.16506706044625352 0.5552386643934972 -0.05844635748167474 0.325408834070348 0.1482229187719065 0.2050682732749775 0.19377133094604077 0.20196336878362406 0.4438960572338329 0.298575580723284 0.6389978758121218 0.1028785530029598 0.8840378622402779 -0.045652148568725716 0.9165949568318719 -0.1634211799872461 0.6931738200287088 -0.17362356385459604 0.3316928750154784 -0.19353553919981958 -0.6187892502740155 -0.23826972561215548 -0.15212245111160305 -0.4218748058030984 0.1255721914164902 
0.9800342506461922 0.030434310810583308 0.8593261154563475 0.09459519476287856 0.7568416138074484 0.44499337933813354 0.5552386643934972 -0.045506295485304715 0.3278598153945181 0.18962694050210882 0.2206244434001551 0.30081331236953274 0.21301427246750895 0.44123537700302023 0.31513545279556565 0.6325007663537764 0.1028785530029598 0.9370993406840971 -0.05166577614765845 0.9165949568318719 -0.15642991823651023 0.685003896559034 -0.17362356385459604 0.3316928750154784 -0.1992636284483538 -0.6318802672153475 -0.22499963284346006 0.16461037748645008 -0.42633803163488065 0.13433910297291848 
0.9800342506461922 0.028659350529540207 0.8571570688181739 0.0847519141793156 0.7568416138074484 0.16506706044625352 0.5552386643934972 -0.05844635748167474 0.325408834070348 0.1482229187719065 0.2050682732749775 0.19377133094604077 0.20196336878362406 0.4438960572338329 0.298575580723284 0.6389978758121218 0.1028785530029598 0.8840378622402779 -0.045652148568725716 0.9165949568318719 -0.1634211799872461 0.6931738200287088 -0.17362356385459604 0.3316928750154784 -0.19353553919981958 -0.6187892502740155 -0.23826972561215548 -0.15212245111160305 -0.4218748058030984 0.1255721914164902 
0.9799420937637067 0.028659350529540207 0.8651061337134072 0.0847519141793156 0.7756140458228689 0.14804011120119873 0.5633597415791172 -0.061394144606685366 0.325408834070348 0.15085882061737993 0.19695369113720704 -0.3504703099946458 0.20196336878362406 0.44123537700302023 0.33992810199505863 0.45780924849590976 0.1028785530029598 0.8840378622402779 -0.03366317809154162 0.9165949568318719 -0.15642991823651023 0.562031472060699 -0.24348909332490032 0.3333653754581174 -0.1992636284483538 0.09252951082818377 -0.23826972561215548 -0.15212245111160305 -0.43145476815967276 0.10243651748042891 
0.6597308403513363 0.027480533828443555 0.8634719230165838 0.1428271592997374 0.7351676571821092 0.1435169185616157 0.4261176607928855 0.1607904106950848 0.3099553597887816 0.1420104893853608 0.1928101947423285 0.29609110877355965 0.1809139288753731 0.43887006204300183 0.089251668905146 0.5411838050938895 -0.18270724314778217 0.5081321765309184 -0.05496073152366012 0.4127611522986414 -0.1634211799872461 0.2379121744459631 -0.252241639470927 0.22586958281793496 -0.06683368906450544 0.1718565284753269 -0.25442141612975 0.17962282265430654 -0.41212779597253896 0.0897067199192973 
0.6622214018325545 0.018833475757027852 -0.2855742955306131 0.12918081297094997 0.5278644032047913 0.142782931473015 0.43613047390584325 0.16378559915714747 0.33419189505150143 0.13284527159848442 0.4779963480177178 0.29609110877355965 0.1516332389080008 0.4351224991250256 0.07956054590641164 0.5411838050938895 -0.1690925268176291 0.4896923273884446 -0.053511915286828984 0.4012843240557652 -0.1704580793916616 0.22254714940773154 -0.20706951947914914 0.2238666494945823 -0.06089888246609528 0.18043376694891722 -0.2770780779661418 0.15406357662232223 -0.4167132355310929 0.08642415515135919 
0.6578224759864457 0.027480533828443555 0.5079923896506797 0.13666959920853614 0.5278644032047913 0.14100551190157695 0.2502422689207621 0.16929370232008656 0.3099553597887816 0.1420104893853608 0.20157920487165804 0.29609110877355965 0.15276363762274245 0.44729639680465577 0.089251668905146 0.5411838050938895 0.0315438263684557 0.5081321765309184 -0.053511915286828984 0.40701974629866794 0.12906667226593083 0.2147218122384747 -0.10110919186502106 0.2321961092990956 -0.06285587792932956 0.18878843479669655 -0.25442141612975 0.17045744420345305 -0.41212779597253896 0.08642415515135919 
0.6597308403513363 0.027480533828443555 0.8634719230165838 0.1428271592997374 0.7351676571821092 0.1435169185616157 0.4261176607928855 0.1607904106950848 0.3099553597887816 0.1420104893853608 0.1928101947423285 0.29609110877355965 0.1809139288753731 0.43887006204300183 0.089251668905146 0.5411838050938895 -0.18270724314778217 0.5081321765309184 -0.05496073152366012 0.4127611522986414 -0.1634211799872461 0.2379121744459631 -0.252241639470927 0.22586958281793496 -0.06683368906450544 0.1718565284753269 -0.25442141612975 0.17962282265430654 -0.41212779597253896 0.0897067199192973 
0.6597308403513363 -0.03915077792786276 0.49243006993848437 0.04466427068173756 0.5279830818815974 0.142782931473015 0.43613047390584325 0.15452884724465465 0.3099553597887816 0.14266247079783767 0.4742355987092559 0.29609110877355965 0.15777992381669492 0.44729639680465577 0.09574206666500845 0.5411838050938895 -0.1690925268176291 0.4899758743288555 -0.020948650589186223 0.40701974629866794 -0.17894598895821787 0.22254714940773154 -0.172112576323616 0.22810177408735907 -0.11140345641478273 0.18043376694891722 -0.25442141612975 0.15406357662232223 -0.21658568694057775 0.08642415515135919 
0.6578224759864457 0.027480533828443555 0.5079923896506797 0.13666959920853614 0.5278644032047913 0.14100551190157695 0.2502422689207621 0.16929370232008656 0.3099553597887816 0.1420104893853608 0.20157920487165804 0.29609110877355965 0.15276363762274245 0.44729639680465577 0.089251668905146 0.5411838050938895 0.0315438263684557 0.5081321765309184 -0.053511915286828984 0.40701974629866794 0.12906667226593083 0.2147218122384747 -0.10110919186502106 0.2321961092990956 -0.06285587792932956 0.18878843479669655 -0.25442141612975 0.17045744420345305 -0.41212779597253896 0.08642415515135919 
0.6578224759864457 0.024632256273851794 0.5079923896506797 -0.07129578287735816 0.5278644032047913 0.1435169185616157 0.24085939909675386 0.16605407740238978 0.33419189505150143 0.13760880707758588 0.20157920487165804 0.28525814427846896 0.15276363762274245 0.44779878932030714 0.07956054590641164 0.6194483150090381 0.0315438263684557 0.4896923273884446 -0.053511915286828984 0.4070713590869438 -0.1704580793916616 0.2147218122384747 -0.09626062986467986 0.23546397716164072 -0.06285587792932956 0.1718565284753269 -0.2770780779661418 0.17045744420345305 -0.4122458443223371 0.08642415515135919 
0.6505184687398872 0.016578433034382375 0.49805441335599804 0.04466427068173756 0.5290588496911057 0.1435169185616157 0.23316605882927643 0.1858455246092697 0.3099553597887816 0.1420104893853608 0.1897146446478493 0.2931352408046435 0.16466947137641394 0.28983400408596993 0.09574206666500845 0.2751127992624983 0.0315438263684557 0.5081321765309184 -0.03585914522150313 0.40402966411255054 -0.14167031117363607 0.2379121744459631 -0.18008375011045347 0.09248681062795916 -0.06683368906450544 0.2162032823625454 -0.23231963118990356 0.1742686279856002 -0.4122458443223371 0.23139892600273027 
0.6436695782440809 0.015283237034693323 0.49129709251744985 0.04466427068173756 0.5268054064077407 0.08021072159052284 0.23316605882927643 0.16396744686228198 0.363522085287355 0.13760880707758588 0.24825022777129907 0.28525814427846896 0.14493109365731288 0.28983400408596993 0.09574206666500845 0.27266646793340077 0.0315438263684557 0.5601373409805218 -0.01997449860638429 0.40402966411255054 -0.14167031117363607 0.20515344391847007 -0.1788361377235357 0.23471238914497514 -0.19793149518460543 0.22162798395014652 -0.23231963118990356 0.18054209573071192 -0.4122458443223371 0.23139892600273027 
0.6409458989274813 -0.04314789099941567 0.47455505476542037 0.0505104123917891 0.5268054064077407 0.08021072159052284 0.431827857101884 0.16532873296892875 0.36121813136470327 0.34279808454022415 0.2569998362370908 0.2907630312354652 0.14493109365731288 0.44779878932030714 0.09574206666500845 0.19752389197506715 0.10658559855545595 0.5746584889968844 -0.028784634335738774 0.40402966411255054 -0.14167031117363607 0.49417867682294725 -0.18248833632855388 0.24536883834160694 -0.1870813064540048 0.22162798395014652 -0.23231963118990356 0.1717498407127922 -0.22690557462984356 0.23139892600273027 
0.6383385466806835 -0.027675291081006814 0.49129709251744985 0.04466427068173756 0.5354898593699273 0.08828006229477288 0.43859894688613993 0.16396744686228198 0.3652684363617873 0.35136344737422376 0.262037812023189 0.16841454706598954 0.15395444592820523 0.24620036203482545 0.09574206666500845 0.185052940273241 0.11435488310926942 0.5746584889968844 -0.025467287071415753 0.40951545454941457 -0.14167031117363607 0.5426121098996658 -0.18918665053193243 0.0809892968260161 -0.2121115782164709 0.2309701467233182 -0.23231963118990356 0.18054209573071192 -0.217787006583635 -0.029768127214184786 
0.6383385466806835 -0.06366003062217174 0.49129709251744985 0.041730653121879645 0.5268054064077407 0.08206599524776788 0.43859894688613993 0.1800724482975562 0.3652684363617873 0.3536392430841988 0.249274473868533 0.1569482446022296 0.15395444592820523 0.24620036203482545 0.09574206666500845 0.20303668451397544 0.11897213898803159 0.5719201270979989 -0.022480952100207296 0.40324112964991304 -0.14818963606921698 0.20094827336237123 -0.1759375158870256 0.09039670423490367 -0.14194710066441307 0.22439082133283958 -0.23231963118990356 0.18054209573071192 -0.2278585993874855 -0.018618826719850046 
0.6383385466806835 -0.016657920619760964 0.4955111992601951 0.04466427068173756 0.5268054064077407 0.08142885595694596 0.4388829279930918 0.1800724482975562 0.3630258841599671 0.35814760611300533 0.262037812023189 0.1569482446022296 0.1413653532462961 0.2379291684444291 0.09574206666500845 0.20303668451397544 0.1186882717668891 0.04638321870782591 -0.034169599866810306 0.40324112964991304 -0.14167031117363607 0.20094827336237123 -0.1793243065302164 0.09039670423490367 -0.13700762010582698 0.23409214302721423 -0.23231963118990356 0.1786927737605977 -0.21225923249479084 -0.035015619264211796 
0.6383385466806835 -0.04314789099941567 0.49129709251744985 0.04870049931835601 0.5354898593699273 0.08021072159052284 0.43458764368837477 0.16396744686228198 0.36121813136470327 0.3404748414585961 0.2385859991175278 0.16319532105808277 0.15395444592820523 0.24620036203482545 0.09574206666500845 0.1936341165712958 0.10754333357589427 0.5768333406712147 -0.022160270373484118 0.4127611522986414 -0.14964506216547593 0.22131746606758043 -0.18383497063700607 0.0809892968260161 -0.1939166364697199 0.2319959692785693 -0.23231963118990356 0.18671741210917592 -0.219409904382827 -0.02459502944802808 
0.6383385466806835 -0.016657920619760964 0.4955111992601951 0.04466427068173756 0.5268054064077407 0.08651767944342781 0.4388829279930918 0.1709854363736128 0.37033416941599184 0.3379602428529134 0.262037812023189 0.1569482446022296 0.1413653532462961 0.24620036203482545 0.09330910068619924 0.20303668451397544 0.11435488310926942 0.5678707841297767 -0.016752492906083397 0.40324112964991304 -0.14167031117363607 0.20094827336237123 -0.17491133376137158 0.09039670423490367 -0.13700762010582698 0.2319959692785693 -0.23231963118990356 0.18054209573071192 -0.217787006583635 0.19889557785313672 
0.6383385466806835 -0.06366003062217174 0.49129709251744985 0.041730653121879645 0.5268054064077407 0.08206599524776788 0.43859894688613993 0.1800724482975562 0.3652684363617873 0.3536392430841988 0.249274473868533 0.1569482446022296 0.15395444592820523 0.24620036203482545 0.09574206666500845 0.20303668451397544 0.11897213898803159 0.5719201270979989 -0.022480952100207296 0.40324112964991304 -0.14818963606921698 0.20094827336237123 -0.1759375158870256 0.09039670423490367 -0.14194710066441307 0.22439082133283958 -0.23231963118990356 0.18054209573071192 -0.2278585993874855 -0.018618826719850046 
0.6349455656557004 0.014123996632465859 0.49437452756351674 -0.07129578287735816 0.5268054064077407 0.08206599524776788 0.4388829279930918 0.1709854363736128 0.35606644537490284 0.34245481212108525 0.24995270402343583 -0.05699040423354573 0.1413653532462961 0.44779878932030714 0.09771288564145128 0.20303668451397544 0.10658559855545595 0.03311595151393276 -0.016752492906083397 0.4128475129680122 -0.14167031117363607 0.49417867682294725 -0.1732968349415811 0.23471238914497514 -0.12445251890066457 0.8791338453832032 -0.2309617978735543 0.16855712349496746 -0.217787006583635 -0.023903946995358555 
0.6349455656557004 0.014123996632465859 0.49437452756351674 -0.07129578287735816 0.5268054064077407 0.08206599524776788 0.4388829279930918 0.1709854363736128 0.35606644537490284 0.34245481212108525 0.24995270402343583 -0.05699040423354573 0.1413653532462961 0.44779878932030714 0.09771288564145128 0.20303668451397544 0.10658559855545595 0.03311595151393276 -0.016752492906083397 0.4128475129680122 -0.14167031117363607 0.49417867682294725 -0.1732968349415811 0.23471238914497514 -0.12445251890066457 0.8791338453832032 -0.2309617978735543 0.16855712349496746 -0.217787006583635 -0.023903946995358555 
0.6383385466806835 0.6537217008690661 0.4910753230668574 0.04466427068173756 0.5268054064077407 0.08142885595694596 0.4388829279930918 0.1800724482975562 0.3608263386786064 0.35814760611300533 0.262037812023189 0.15707790266476912 0.1413653532462961 0.2379291684444291 0.09574206666500845 0.20303668451397544 0.11929346121320149 0.03311595151393276 -0.01410673846616715 0.4111860032780483 -0.14167031117363607 0.20094827336237123 -0.1759375158870256 0.09039670423490367 -0.1799250165526849 0.24224800943361696 -0.22569973768210308 0.18885341373328307 -0.2154682616900312 0.19889557785313672 
0.6383385466806835 0.6537217008690661 0.4910753230668574 0.04466427068173756 0.5268054064077407 0.08142885595694596 0.4388829279930918 0.1800724482975562 0.3608263386786064 0.35814760611300533 0.262037812023189 0.15707790266476912 0.1413653532462961 0.2379291684444291 0.09574206666500845 0.20303668451397544 0.11929346121320149 0.03311595151393276 -0.01410673846616715 0.4111860032780483 -0.14167031117363607 0.20094827336237123 -0.1759375158870256 0.09039670423490367 -0.1799250165526849 0.24224800943361696 -0.22569973768210308 0.18885341373328307 -0.2154682616900312 0.19889557785313672 
0.49024510702492635 -0.02782031874249343 -0.06466155399297846 0.06650713504887303 -0.034421770769076515 -0.05290716524089205 -0.16632944574144481 -0.13477944785201193 -0.0571754121854382 0.01865188446712645 -0.10647115766092889 -0.11090771247191311 -0.03649834278694881 -0.12974620283316818 0.5746772093339658 -0.05364488630808781 0.057507590418299795 -0.1537240374496634 -0.07179828343403635 -0.09213383996146879 0.26883416442160357 -0.025526722407839215 0.052204292956466336 -0.09369079479574764 -0.039579491132215594 0.09243670448350419 0.1042142366927143 0.06013312449215826 0.11208918367921675 0.0419711278631747 
0.49024510702492635 -0.02782031874249343 -0.06466155399297846 0.06650713504887303 -0.034421770769076515 -0.05290716524089205 -0.16632944574144481 -0.13477944785201193 -0.0571754121854382 0.01865188446712645 -0.10647115766092889 -0.11090771247191311 -0.03649834278694881 -0.12974620283316818 0.5746772093339658 -0.05364488630808781 0.057507590418299795 -0.1537240374496634 -0.07179828343403635 -0.09213383996146879 0.26883416442160357 -0.025526722407839215 0.052204292956466336 -0.09369079479574764 -0.039579491132215594 0.09243670448350419 0.1042142366927143 0.06013312449215826 0.11208918367921675 0.0419711278631747 
0.49024510702492635 -0.04510778130011877 -0.08764606710498392 0.08377119401659905 -0.021972106781873956 -0.055448677673553354 0.03450871468727157 -0.13477944785201193 -0.027725424479142505 -0.060847900102981724 -0.10647115766092889 0.04744288389588616 -0.06634829609620636 0.008439923271339338 0.0427909296906988 -0.05481259179157795 -0.1490642922968184 -0.10252440074967417 -0.06916957263881326 -0.0920408198644873 0.26883416442160357 -0.034010504780208395 0.052204292956466336 0.019394065060528876 0.1600173108250154 0.09243670448350419 0.11567751859251882 0.03385435049631264 0.11574159087110364 0.043893519590881176 
0.49024510702492635 -0.04510778130011877 -0.08764606710498392 0.09336169606970074 -0.021972106781873956 -0.055448677673553354 -0.4857456625135852 -0.13477944785201193 -0.018805548886032704 -0.060847900102981724 -0.10647115766092889 0.04744288389588616 -0.06634829609620636 0.008439923271339338 0.0427909296906988 -0.05481259179157795 -0.16365170587546143 -0.09459722140285586 -0.06916957263881326 -0.09213383996146879 0.26883416442160357 -0.025526722407839215 0.052204292956466336 0.010658294872074738 0.16804488539679227 0.09243670448350419 0.10585597940516181 0.03385435049631264 0.11574159087110364 0.043893519590881176 
0.49024510702492635 -0.04510778130011877 -0.08764606710498392 0.09336169606970074 -0.021972106781873956 -0.055448677673553354 -0.4857456625135852 -0.13477944785201193 -0.018805548886032704 -0.060847900102981724 -0.10647115766092889 0.04744288389588616 -0.06634829609620636 0.008439923271339338 0.0427909296906988 -0.05481259179157795 -0.16365170587546143 -0.09459722140285586 -0.06916957263881326 -0.09213383996146879 0.26883416442160357 -0.025526722407839215 0.052204292956466336 0.010658294872074738 0.16804488539679227 0.09243670448350419 0.10585597940516181 0.03385435049631264 0.11574159087110364 0.043893519590881176 
0.38497929969679917 0.17156251908314804 0.014117009022225844 0.102367916866779 0.22641707127893437 0.34897926610713564 0.23602244773709188 0.27925015626015864 -0.22398672378771048 0.15971761465778375 -0.01671998872118182 0.1495876827178162 0.0022356445753917704 0.17278286190353243 0.03978346784106265 0.09044944372205097 -0.5255394486027997 0.14151374308546316 -0.10646990657387133 0.08136961595787218 -0.10400110721516032 0.007710417315694089 0.012087039802259003 -0.11229246392609644 -0.19911281483225152 -0.07473103340195121 -0.3227598030964675 -0.12995952810615427 -0.10992937749123549 -0.11982221288463826 
0.38497929969679917 0.17156251908314804 0.7760347197693478 0.102367916866779 0.23058860051620497 0.34897926610713564 0.0378814202722307 0.2734090681917396 -0.2280256592083384 0.14714814593338849 0.00359639515491654 0.15913925276276522 0.0022356445753917704 0.17793813027301925 0.03401101511801356 0.0996571682702725 -0.07086352172381573 0.14569590368946428 -0.09207898938508342 0.08136961595787218 -0.21999710335632988 -0.003651515526383451 -0.4047363788180618 -0.11229246392609644 -0.19911281483225152 -0.065452760112884 -0.08430926909652327 -0.12995952810615427 -0.1027742689190573 -0.11982221288463826 
0.38497929969679917 0.17156251908314804 0.7760347197693478 0.102367916866779 0.23058860051620497 0.34897926610713564 0.0378814202722307 0.2734090681917396 -0.2280256592083384 0.14714814593338849 0.00359639515491654 0.15913925276276522 0.0022356445753917704 0.17793813027301925 0.03401101511801356 0.0996571682702725 -0.07086352172381573 0.14569590368946428 -0.09207898938508342 0.08136961595787218 -0.21999710335632988 -0.003651515526383451 -0.4047363788180618 -0.11229246392609644 -0.19911281483225152 -0.065452760112884 -0.08430926909652327 -0.12995952810615427 -0.1027742689190573 -0.11982221288463826 
0.3914838837115838 0.15004181237692446 -0.09058887419926354 0.08938466623209884 0.23058860051620497 0.33742843942489903 0.23343499569731874 0.27099703112317286 0.15401270561750421 0.17030942539598848 -0.004268293505867136 0.1495876827178162 0.07231468769400484 0.15327175938994478 0.05166896305805598 0.09028087354172867 -0.08938728164379965 0.14713586536697884 -0.08674004264731239 0.08136961595787218 -0.21813001998089843 -0.0044004866768446345 -0.39621460057455193 -0.12467820859045194 -0.19911281483225152 -0.007230236436954085 -0.29162296511992347 -0.1383617420635303 -0.08952492830452859 -0.24035720293431284 
0.38497929969679917 0.17156251908314804 0.014117009022225844 0.102367916866779 0.22641707127893437 0.34897926610713564 0.23602244773709188 0.27925015626015864 -0.22398672378771048 0.15971761465778375 -0.01671998872118182 0.1495876827178162 0.0022356445753917704 0.17278286190353243 0.03978346784106265 0.09044944372205097 -0.5255394486027997 0.14151374308546316 -0.10646990657387133 0.08136961595787218 -0.10400110721516032 0.007710417315694089 0.012087039802259003 -0.11229246392609644 -0.19911281483225152 -0.07473103340195121 -0.3227598030964675 -0.12995952810615427 -0.10992937749123549 -0.11982221288463826 
0.38497929969679917 0.14078303436969625 -0.09058887419926354 0.102367916866779 0.2394632611016521 0.3304701088799582 0.23343499569731874 0.2765682998667826 0.15401270561750421 0.15083749911451944 -0.006768950123460064 0.1578459960647226 -0.018935124559403875 0.18449560909839902 0.043991288657904234 0.09899505706141047 -0.08071322486232768 0.14713586536697884 -0.10175786958416966 0.08136961595787218 -0.10400110721516032 -0.003651515526383451 -0.3972453417368015 -0.1309812843623834 -0.17764700993000174 -0.05801501788569341 -0.29162296511992347 -0.12995952810615427 -0.09595922629792211 -0.12179501721657042 
0.38497929969679917 0.17156251908314804 0.01600163633594202 0.102367916866779 0.24204061899060447 0.34897926610713564 0.04103637397195192 0.283299770426493 -0.2280256592083384 0.15083749911451944 -0.010906332140588353 0.14892869486441013 0.0022356445753917704 0.17793813027301925 0.05315592581566651 0.0996571682702725 -0.072734761138565 0.14713586536697884 -0.10175786958416966 0.08136961595787218 -0.09470958144478053 -0.003651515526383451 -0.40047556077635876 -0.1309812843623834 -0.188356700044512 -0.065452760112884 -0.3227598030964675 -0.12995952810615427 -0.09595922629792211 -0.11982221288463826 
0.3786504942074144 0.1565754458206291 0.01600163633594202 0.07429993811367175 0.18992425007405297 0.32225918012079274 0.22466165902180782 0.20076103470976794 0.15401270561750421 0.15745846811934244 0.0036689843606116605 0.15525543716296666 0.0022356445753917704 0.1921087558683507 0.05082121997697944 0.10220712532417067 -0.07616208183300656 0.13855449105060894 -0.09650385304307968 0.10345053134782871 -0.10294052209617688 0.0043751566296769085 -0.4000340988694134 0.08417565179025949 -0.20820947739352294 -0.06894891516934631 -0.29667059218498 -0.12995952810615427 -0.10478933760203989 -0.12666606261088242 
0.3718485303591618 0.17156251908314804 0.01600163633594202 0.09529351564792307 0.23058860051620497 0.3395916909434228 0.22551732598164553 0.28121949003321156 0.15401270561750421 0.15971761465778375 -0.010906332140588353 0.15913925276276522 -0.024948950226502117 0.1921087558683507 0.03751400610253663 0.11730409156977717 -0.08071322486232768 0.15145036259220704 -0.09207898938508342 0.10345053134782871 -0.21813001998089843 -0.009673998914775767 -0.4047363788180618 0.06514606406974355 -0.20820947739352294 -0.065452760112884 -0.08430926909652327 -0.14705138811657473 -0.10516297047735265 -0.11987416603319781 
0.36574802175229015 0.15004181237692446 0.20859134338489707 0.102367916866779 0.23058860051620497 0.3309796410799276 0.23602244773709188 0.28121949003321156 0.14672891036929897 0.17030942539598848 -0.004268293505867136 0.1578459960647226 0.07231468769400484 0.17061813793833103 0.04677609819729443 0.09520918186666104 -0.1356760283373982 0.14713586536697884 -0.08674004264731239 0.08136961595787218 -0.21813001998089843 -3.493200707749167E-4 -0.39621460057455193 0.0616801126819473 -0.20820947739352294 -0.007230236436954085 -0.29162296511992347 -0.14248504956254662 -0.10478933760203989 -0.12460537032260065 
0.3639714569740748 0.2036768885229523 0.21354778513037964 0.0979685950420873 0.22046339498808745 0.33583734113115277 0.2466003835170299 0.27593250368695776 -0.04999576964450952 0.2333071509205289 -0.008120977531295592 0.15530390738863664 -0.03052615482240939 0.21410911205830618 0.03751400610253663 0.026602074309788337 -0.14691268960891052 0.15330084053905396 -0.10043972264184023 0.10345053134782871 -0.21813001998089843 -3.493200707749167E-4 -0.40646494833536356 0.06531461430316764 -0.18282383388120446 -0.06811865279720579 -0.30157030903843257 -0.1368899862469826 -0.09542290761899813 -0.12851925387733312 
0.3566333891632625 0.18051299127220483 0.21354778513037964 0.08256702948675215 0.21552798383215552 0.3074771151029925 0.15871252210080983 0.272381070165962 0.14630263167695387 0.17030942539598848 -0.01380167669245437 0.15530390738863664 -0.03052615482240939 0.21410911205830618 0.0015233889413935903 0.08782767737814201 -0.06322109433970721 0.15101257900546664 -0.09343439452576288 0.09080565498133251 -0.21813001998089843 0.15806466884279027 -0.036875814672855174 0.08417565179025949 -0.18328218124060816 0.09280142391233226 -0.29162296511992347 -0.14248504956254662 -0.2880334135583862 -0.12379664542610118 
0.3535576511422871 0.17156251908314804 0.01600163633594202 0.09400377354337269 0.20950730990897648 0.33583734113115277 0.23078796727494555 0.18415479266102044 0.14075151153956675 0.2333071509205289 -0.008120977531295592 0.15530390738863664 -0.03052615482240939 0.341347834157601 -0.007324247687606176 0.10044565564447047 -0.14147553254018577 0.14660726322783516 -0.07574460613167312 0.09226095275722994 -0.10406829006870974 -0.07806091900541445 -0.4000340988694134 0.06433969713045593 -0.18328218124060816 -0.06969062342365576 -0.15448352411483335 -0.13421758851304738 -0.24919669744951523 0.017379636042712705 
0.33909095556311664 0.18051299127220483 0.21354778513037964 0.09112331895362494 0.22356835265493177 0.1486792645960634 0.23595044987343639 0.19153325830187432 0.14075151153956675 0.2333071509205289 -0.008120906745391503 0.1515637371788632 -0.011756497796751385 0.2035394878287065 0.0015233889413935903 0.10334712239254723 -0.06175622844625157 0.16665628170810792 -0.10043972264184023 0.1261670001916861 -0.08105280167222305 0.165353125698894 -0.2929244834595006 0.08417565179025949 -0.18525619344516073 -0.06709716815251668 -0.3227598030964675 -0.13473851365110012 -0.24919669744951523 0.010776765173510644 
0.33273356977501517 0.18300498627979753 0.03863643971175277 0.09946668912256532 0.2066436480811852 0.15819931356579597 0.1561677197600742 0.19153325830187432 0.14075151153956675 0.13970360940159804 -0.017084935796977594 0.15530390738863664 -0.006039772265263013 0.21169307789062566 -0.1280343209833077 0.10334712239254723 -0.06537094136883503 0.16665628170810792 -0.07076309408936986 0.24520903549908557 -0.08105280167222305 0.15806466884279027 -0.036875814672855174 0.08417565179025949 -0.18525619344516073 0.09280142391233226 -0.310919857771372 0.1363099673258873 -0.24920726160198953 0.0104995610107589 
0.3337090379736454 0.18051299127220483 0.14851676880234246 0.09112331895362494 0.2217701758851149 -0.047533431154571835 0.16090697036101578 0.20103091087580233 0.14075151153956675 0.14006821070960293 5.253574327525844E-4 0.1515637371788632 -0.011756497796751385 0.19457629820669342 0.0015233889413935903 0.10334712239254723 -0.06613896819739307 0.1711426886810484 -0.07574460613167312 0.1261670001916861 -0.09073362330882023 0.18400049592918524 -0.025721787633465033 0.0753422288613361 -0.18762064968495368 -0.06679942586703025 -0.15426398289161208 0.08084334019437156 -0.24919669744951523 0.0078122998984717 
0.3269597300005971 0.18300498627979753 0.1485104518432917 0.09946668912256532 0.21766021620562873 -0.047533431154571835 0.15936740599997495 0.19153325830187432 0.21487942428053342 0.11914911100092396 0.11869446369064607 0.15530390738863664 0.006401378607181558 0.21396066334011846 -0.006869121865953516 0.10220712532417067 -0.056642728890347424 0.17450414840620418 -0.07440386840114874 0.2578532519165983 -0.08105280167222305 0.16725496408064475 -0.03389878340897834 0.08516184308152579 -0.19993593191651257 0.09280142391233226 -0.25393781702907514 0.12493802401937984 -0.25718579516322887 0.044819103756416054 
0.3206743914485298 0.18051299127220483 0.14462314764456494 0.0648888977531644 0.20860552117526915 0.14051744683365613 0.24488168401440846 0.20103091087580233 0.1420915495826931 0.12116322702863586 0.11318739924272737 0.26817465117985123 0.007131893988560223 0.20651789583313243 0.04569761065145886 0.11926648676358148 -0.062973142480927 0.16665628170810792 -0.08242741340376848 0.23521332874525605 -0.09371620818568803 0.1585942660347201 -0.0642986949803912 0.2523462312309541 -0.19470142419660058 -0.06679942586703025 -0.15861166890478895 -0.16032951348232072 -0.2880334135583862 0.011250973700496871 
0.30506412637157676 -0.14906818183103532 0.141335957343417 0.08742826798766201 0.23058860051620497 0.14051744683365613 0.23595044987343639 0.18777346087692012 0.14341562753274495 0.12510717681368902 -0.008120906745391503 0.2681146388492802 0.007131893988560223 0.341347834157601 0.0015233889413935903 0.10044565564447047 -0.06175622844625157 0.17393313215334638 -0.07574460613167312 0.2442657712033899 -0.08105280167222305 0.16532570515034095 -0.04894028586048818 0.08537725453966491 -0.19102207318143052 -0.06709716815251668 -0.30079558481900665 0.13967425895043448 -0.11597993653393728 0.0078122998984717 
0.29749055951628905 0.18975077754785558 0.1497186345630411 -0.10911888072348974 0.20860552117526915 -0.05431823882283824 0.25417828483315935 0.19578528694121392 -0.03957505660025021 0.1315920343731573 0.11775758310548193 0.14388407714679097 -0.018720786710724715 0.20651789583313243 0.04569761065145886 0.1097286923171887 -0.04880948003670401 0.16665628170810792 -0.07574460613167312 0.07057185797260783 -0.08631855070839521 0.1585942660347201 -0.03389878340897834 0.2523462312309541 -0.19993593191651257 -0.06709716815251668 -0.15426398289161208 0.1415354537721579 -0.181743914691284 0.04627785354595164 
0.29749055951628905 0.18051299127220483 0.14462314764456494 0.06645721861832135 0.20950730990897648 0.14051744683365613 0.24488168401440846 0.19153325830187432 0.12978305116556232 0.12116322702863586 0.11775758310548193 0.26817465117985123 0.007131893988560223 0.3512174717305369 0.04569761065145886 0.10044565564447047 -0.07260869667404003 0.16665628170810792 -0.07574460613167312 0.23521332874525605 -0.07927031650137888 0.16725496408064475 -0.04028569820942748 0.2523462312309541 -0.19993593191651257 -0.06709716815251668 -0.15426398289161208 0.14637661254070167 -0.181743914691284 0.011677009253474209 
0.2920500655496428 0.18975077754785558 0.1497186345630411 0.06645721861832135 0.21766021620562873 -0.0027752079879885816 0.25417828483315935 0.19054732101483035 0.13176595495859858 0.11914911100092396 0.11775758310548193 0.2763650670759437 0.007131893988560223 0.3512174717305369 0.0015233889413935903 0.10044565564447047 -0.07260869667404003 0.16665628170810792 -0.07186813802304855 0.25411116095412833 -0.07863088459605558 0.16725496408064475 -0.03389878340897834 0.11794399328585739 -0.19993593191651257 -0.07181886475736418 -0.1494808874270051 0.13980521660572495 -0.1692373907883406 0.0394760946641249 
0.25407553885744316 -0.02183544651374062 0.04108924889478534 -0.09952169344213423 -0.02661086077034422 -0.045818980106515625 -0.023622206817870067 -0.1146671756980411 -0.018240202504563197 -0.10574361229482787 0.09446973894478096 -8.000332716837782E-6 -0.054016663616944904 -0.13049280217938258 0.11127243844239265 -0.06584715214536058 0.05927273040202931 -0.12887687071712461 0.008629822966256275 0.08090110056391277 0.25935108978870874 -0.013396584762022346 0.004714112123693159 -0.009494922669437527 0.07636884832425661 0.115763623025578 0.10591939142827685 0.13967425895043448 0.1220460798449541 0.03414126062558264 
0.25407553885744316 -0.028883561815732765 0.04108924889478534 -0.10911888072348974 -0.02661086077034422 -0.05345130204197503 0.032504498671480864 -0.11927166866043869 -0.018240202504563197 -0.10574361229482787 0.09446973894478096 0.014840886850135937 -0.054016663616944904 -0.13049280217938258 0.11127243844239265 -0.05742068881026462 0.05927273040202931 -0.12887687071712461 0.008629822966256275 0.08090110056391277 0.2676145049119055 -0.013396584762022346 0.0025534394339975 -0.0023169438357950422 0.1613263142291508 0.10879572219276451 0.10591939142827685 0.13967425895043448 0.1220460798449541 0.02298727285933474 
0.25407553885744316 -0.02183544651374062 0.04108924889478534 -0.09952169344213423 -0.02661086077034422 -0.045818980106515625 -0.023622206817870067 -0.1146671756980411 -0.018240202504563197 -0.10574361229482787 0.09446973894478096 -8.000332716837782E-6 -0.054016663616944904 -0.13049280217938258 0.11127243844239265 -0.06584715214536058 0.05927273040202931 -0.12887687071712461 0.008629822966256275 0.08090110056391277 0.25935108978870874 -0.013396584762022346 0.004714112123693159 -0.009494922669437527 0.07636884832425661 0.115763623025578 0.10591939142827685 0.13967425895043448 0.1220460798449541 0.03414126062558264 
0.24032706924902938 -0.028883561815732765 -0.08804306840821761 -0.21184144061962115 0.18646047975511482 -0.05290716524089205 -0.02251661099247028 -0.1146012930710301 -0.036289839658771 -0.06400499044946652 0.18302111619810785 -0.11090771247191311 -0.04991916374609721 -0.12974620283316818 0.05279802687635191 -0.06205735049624468 0.0619413826265723 -0.14703738696380375 0.017983132082870668 0.10657022922021309 0.2676145049119055 -0.013396584762022346 0.010300811395543182 -0.006687530796598749 0.15735989517285548 0.10879572219276451 0.1133496542259282 0.03035430439532943 0.11266271540955226 0.031939620336107206 
0.24032706924902938 -0.034349997419350305 -0.08347708035444167 -0.07470113384212049 -0.03064151256200284 -0.04967018610748047 -0.023622206817870067 -0.11011090800400705 0.10376878948952692 0.07039931623524565 0.09303717070145939 0.009302345037298966 -0.03118193735081397 -0.12377178255109268 0.05279802687635191 -0.05936105403122284 0.06166840378787771 -0.031187468558693004 0.017983132082870668 -0.1747178594205276 0.27729756904563796 0.0613031176754506 0.010300811395543182 -0.021610466106372614 0.15689840527237883 0.1083670401875705 0.082039502092704 0.07960910297254808 0.15051521746423893 0.033382293892444154 
0.23245420380609366 -0.025067471545374653 -0.08347708035444167 -0.2120670686777189 -0.04178455655641092 -0.05431823882283824 -0.023622206817870067 -0.11011090800400705 0.10376878948952692 -0.06400499044946652 0.09687507077619542 0.009302345037298966 -0.054016663616944904 -0.1275137973524515 0.05279802687635191 -0.05936105403122284 0.047775373479338905 0.17318268318427774 0.017983132082870668 0.08074425385475015 0.2676145049119055 -0.01837285762418951 0.16559492650757712 -0.021610466106372614 0.15275195308845274 0.10879572219276451 0.1133496542259282 0.13967425895043448 0.15051521746423893 0.03414126062558264 
0.22239013853917303 -0.029949532042794623 -0.08804306840821761 -0.21351312696385816 -0.00541610935724072 -0.06089813577109264 -0.02251661099247028 -0.12016006920947128 0.10376878948952692 -0.05216378438094047 0.08889026488315466 -0.10986751724499771 -0.053467071496877995 -0.11112357287798387 0.05205087160543731 -0.05742068881026462 0.051020074205844104 -0.1135463292524676 0.020456715862326176 -0.08326311569549945 0.27355840335302206 -0.010363172244557397 0.010300811395543182 0.06415693660159749 0.16286381694692617 0.1245909152070932 0.11282069699443077 0.03385435049631264 0.10051051027417632 0.04139784425138714 
0.22239013853917303 -0.029949532042794623 -0.08804306840821761 -0.21406397303521368 -0.04178455655641092 -0.05290716524089205 0.032504498671480864 -0.11521501900148838 0.10376878948952692 -0.06400499044946652 0.08889026488315466 -0.11090771247191311 -0.03832576788954016 -0.12974620283316818 0.05279802687635191 -0.0665142280549417 0.051020074205844104 -0.12419135071665341 0.21138926731996266 0.10657022922021309 0.20966601845836855 -0.01837285762418951 0.0169233570485979 -0.018407008476560238 0.16563710878084903 0.10879572219276451 0.12739947626905596 0.03417983262093021 0.107127897273285 0.048780296450744616 
0.21214731084239305 -0.028883561815732765 0.04108924889478534 -0.10610932722516284 -0.04178455655641092 -0.06027940254917955 0.0414752297333046 -0.104220074044415 -0.02357419234805344 -0.053198912374814646 0.1734019434037775 -0.15755718748126724 -0.04141168661237016 -0.13219743400093822 0.10554578273345488 -0.05742068881026462 0.05699217912364195 -0.12887687071712461 0.008629822966256275 0.08090110056391277 0.03848233700643333 -0.01032263893413268 0.013830553106632164 -0.012581357790361368 0.16987573435076334 -0.009891456990239522 0.10591939142827685 0.038944405563975375 -0.028451800909513825 0.04044330273803866 
0.20031021680124614 -0.028883561815732765 -0.08300324612505137 -0.1149686603346947 -0.04178455655641092 -0.05345130204197503 0.0414752297333046 -0.10696473852144604 -0.009096281283928155 -0.06400499044946652 0.1734019434037775 -0.15755718748126724 -0.03832576788954016 -0.13219743400093822 0.11127243844239265 -0.07117251933953761 0.06833482714657678 -0.12419135071665341 -0.037555274815760445 -0.09085519004500857 0.03848233700643333 -0.013396584762022346 0.01134152834941668 -0.006687530796598749 0.16018634466631526 -0.009891456990239522 0.1133496542259282 0.04446565475156416 0.11266271540955226 0.0467695258213117 
0.20031021680124614 -0.03277372519577778 -0.09825235237112531 0.021026904694171848 -0.04178455655641092 -0.05431823882283824 -0.026764022691032216 -0.10696473852144604 -0.03721093865677072 -0.012324395095040463 -0.09345206859086823 -0.1457170801505038 -0.03832576788954016 -0.13219743400093822 0.05288672613332281 -0.06461907766090551 0.06461279876700084 -0.12419135071665341 -0.037555274815760445 -0.09085519004500857 0.03848233700643333 -0.016354498614469318 0.01118067550007859 -0.014169782201077806 0.16563710878084903 0.12151367300818068 0.11640079665434526 0.03913082717776009 0.107127897273285 0.0467695258213117 
0.19106127404105738 0.02000577316113465 -0.04807408160657742 -0.15810868903480157 -0.033621365184947995 -0.06089813577109264 -0.019966405930205624 -0.11927166866043869 -0.07080651422035289 -0.06400499044946652 0.08889026488315466 -0.14013759207361529 -0.05825453906948033 -0.12043774442871344 0.048538081823431216 -0.06287099646866716 0.0626033122769503 -0.1240207809338112 -0.06674079977043945 -0.08326311569549945 0.211772901140766 -0.0077504212436057054 0.010300811395543182 -0.021051899163822493 0.1648723544895422 -0.12969770442634881 0.1133496542259282 -0.06744293448915255 0.11266271540955226 0.026571258429713352 
0.18221079755813405 -0.029949532042794623 -0.08579706685017353 -0.10911888072348974 -0.04178455655641092 -0.054856607320120106 -0.018690652416110634 -0.11927166866043869 -0.07080651422035289 -0.06400499044946652 0.0925047015253469 -0.13639185716562174 -0.047206296771196476 -0.11307324238353836 0.11127243844239265 -0.0665142280549417 0.05927273040202931 -0.12419135071665341 0.008629822966256275 -0.09815364317937689 0.20966601845836855 -0.01837285762418951 0.0169233570485979 -0.0018317798495892568 0.16033422296055655 0.10879572219276451 0.12454639787948762 0.03452785163560289 0.107127897273285 0.048780296450744616 
0.17603796021456355 -0.025325011480063265 -0.08584605092662956 0.01724322279173056 -0.1432453461851051 -0.05431823882283824 -0.02429046023521475 -0.11521501900148838 -0.027061914488554217 -0.1132244916261881 -0.0860992022768831 -0.006263933460704713 -0.04474597063054753 -0.13705680962862984 0.03920872837880675 -0.06967485179468559 0.05233760886806868 -0.10366693699884588 -0.06331188895476446 -0.0935524594934919 -0.04792427333385474 -0.009701993872099888 -0.0068625332067489 -0.09599968784503816 0.025743885825517204 -0.13010802315228615 0.11149369819342471 -0.0734277228188481 0.08126474300179012 0.03274719745934004 
0.16661266275345132 -0.011411246943330627 -0.04807408160657742 0.02666026047800928 -0.023633116067167965 -0.060049046628483434 -0.04527952889896732 -0.04078630533050856 -0.06595798537242387 -0.08147654649499776 -0.08803616208047864 0.0020269018985693303 0.15594124532697773 -0.13752370355775073 0.07316582437305441 -0.06508892670016327 0.055856076803955004 -0.10231159611405227 -0.06674079977043945 -0.09245000486532395 -0.07673487402106599 -0.03262199329871457 0.002620429369023077 -0.17282422451034227 0.038194252208615 -0.12369468563701708 0.08575929758969471 -0.06744293448915255 0.12664675916064952 0.031596206678406874 
0.16823315525862287 -0.03483710287298647 -0.09252482346379227 0.008459918043439858 -0.02259866919520339 -0.05431823882283824 -0.06336577431657853 -0.11521501900148838 -0.03721093865677072 -0.014611712443960591 -0.0860992022768831 -0.006263933460704713 -0.04474597063054753 -0.13219743400093822 0.03184493439716243 -0.06260477080335987 0.06461279876700084 -0.12419135071665341 -0.04752736736572283 0.08090110056391277 0.03848233700643333 -0.009701993872099888 0.01118067550007859 -0.014633204047900328 0.025743885825517204 -0.13010802315228615 0.10839796658636004 -0.0734277228188481 0.09449993070457681 0.02763935513642553 
0.15561439448936526 0.02000577316113465 -0.04807408160657742 0.02666026047800928 -0.023633116067167965 -0.05566109533006848 -0.038674086018537904 -0.13349599172819832 -0.01743360575586077 -0.07116724221380344 -0.08803616208047864 0.0020269018985693303 -0.04390532466271327 -0.14047820803858582 0.07316582437305441 -0.06287099646866716 0.05804038158462664 -0.1000122528887685 -0.06674079977043945 -0.06555249930559388 -0.09093541245961206 -0.03262199329871457 0.002620429369023077 -0.17282422451034227 -0.06346695645719842 -0.12369468563701708 0.08575929758969471 -0.06744293448915255 0.12137103585129147 0.026571258429713352 
0.1506952094375889 0.10696346700091128 -0.03899112833692775 -0.10911888072348974 -0.04178455655641092 -0.056717433156304724 -0.04166171326846703 -0.04135466403633815 -0.025289591547569948 -0.06400499044946652 -0.10709610239802447 0.012338230405521854 -0.052024275739343165 0.010435911738430281 -0.09319157583539688 -0.0665142280549417 0.05804038158462664 -0.1331225735151646 0.008629822966256275 -0.09815364317937689 -0.08699606758411559 0.11395837605821568 -0.011787617193727116 0.004827786728276482 0.15498809633502308 -0.12499324296815703 0.08753384203639566 -0.06744293448915255 0.1188682023029948 0.028604521235738048 
0.14139025792820414 -0.031036381843098322 -0.08584605092662956 0.0234766189306969 -0.029705955711810256 0.05109916300290841 -0.03747838246089212 -0.12039502072440622 -0.02105162494436803 -0.11916316863175164 -0.10702544659115353 -9.047730740889513E-4 -0.05102771838753638 -0.13035431902636127 0.04491315794929826 -0.07619077764976256 -0.1741610253832851 -0.12271004163757465 -0.07548621733333107 -0.08776838246828382 -0.051776356432551275 -0.018746468004728387 0.004220364491201662 -0.09389289826167137 -0.06015181878914769 -0.10992399985047129 0.06103271194999227 -0.061955955687588195 0.08982340728085994 0.03476096466326223 
0.13506377902780875 -0.02017232055098817 -0.05331101334425216 -0.07470113384212049 -0.029705955711810256 0.04329105357195453 -0.038674086018537904 -0.038429634274051355 -0.025132056883389067 0.004011869743436247 -0.008809998980527091 0.02259732168054785 -0.01383857364394447 0.0017037587066461666 0.040259545166172216 -0.05936934899458806 0.04184897033475958 -0.09896253841363291 -0.05777925150259072 -0.09986183924937443 -0.057295345838056067 -0.03366166091598791 -0.005864701455265724 -0.03184113959837657 -0.05173022314498263 -0.13539502159621988 0.07886218968174843 0.03778179506863986 0.07969191833090443 0.04898143517583932 
0.13050418547573206 -0.013862412345330496 -0.04807408160657742 -0.07470113384212049 -0.04061300801695812 -0.060049046628483434 -0.038674086018537904 -0.043042937891707655 -0.06609310641951542 0.010402539556057602 -0.08646517283020895 0.022047373880832114 -0.06172873828079818 0.059038004798816865 0.041284955094661076 -0.06287099646866716 0.06413917202894848 -0.11520635285112277 -0.037948892114712654 -0.09415950603836448 -0.07673487402106599 -0.03262199329871457 -0.01901151680261092 -0.17783716805950034 0.03945561003918738 -0.12369468563701708 0.08575929758969471 -0.1300896858196659 0.12137103585129147 0.026571258429713352 
0.12117530452592142 -0.025325011480063265 -0.07780274415967399 0.01724322279173056 -0.015700405517233507 -0.06459486132104782 -0.02429046023521475 -0.12421189222679385 -0.013585519994752243 -0.05738191173392343 -0.09141905221901861 0.022047373880832114 -0.07285054020408627 0.009338115320374865 0.04228977015194624 -0.06287099646866716 0.05233760886806868 -0.10930670926173557 -0.06301081809466139 -0.16441975792719377 -0.0938514394452404 -0.030150044497164814 -0.014894592191526133 -0.13248232502905852 -0.038148192098330556 -0.12395231179903815 0.11149369819342471 -0.0734277228188481 0.1188682023029948 0.028240633186783992 
0.11640896847800306 -0.010377051157568432 -0.07778342302256576 0.08290974051135691 -0.029705955711810256 0.05798354336163032 -0.035847854906920246 -0.04135466403633815 -0.025289591547569948 0.004011869743436247 -0.0947952219134729 0.004992593990375157 -0.05608111902183331 0.05419289609669593 -0.09171802184701772 -0.05936934899458806 0.04184897033475958 -0.10750526023075505 -0.05777925150259072 -0.01953813985849706 -0.07898151343570878 -0.025775012759686588 -0.005864701455265724 -0.08827827956888452 -0.056555313459593685 -0.12001974007315384 0.07886218968174843 0.03778179506863986 -0.03147945795154992 0.03585417239817885 
0.10624441480634235 0.01625763910830294 -0.08584605092662956 0.08175399362811818 -0.030721608977040432 0.05109916300290841 -0.03059196802580847 -0.04900696364771652 -0.06609310641951542 -0.0033168112580275744 -0.10702544659115353 0.022572350315941198 -0.05102771838753638 0.018515107139857837 -0.031095987338471964 -0.04869483609447385 -0.12380826955804936 -0.12135277218513714 -0.07548621733333107 -0.08379233591170454 -0.057295345838056067 -0.019446286984861116 0.0032154512451260013 -0.03687161426995112 0.03945561003918738 -0.12342007645386717 0.10511204942593032 -0.05938646570544066 0.12121440403728127 0.03247061230126007 
0.0998608530710428 -0.023258257471378198 -0.06793117603291222 0.028571870461801204 -0.02973667503197034 -0.050369825731761374 -0.03531877612449623 -0.04132421159644562 -0.01743360575586077 0.010402539556057602 -0.11719378452159904 0.041722470106903775 -0.054525670608916915 0.05986071812710511 0.056016678448589874 -0.06364252404361251 -0.12246239769462364 -0.11100049445991418 -0.06916957263881326 -0.013679860497994658 -0.07818861741878283 -0.019072731611666293 -0.004893466572598159 -0.10015400833873211 -0.04491035831644706 -0.1169694670362661 0.10555583588858426 -0.19816920665336002 0.12137103585129147 0.026571258429713352 
0.09110423042860841 0.01625763910830294 -0.06086961471837534 0.08572857186135943 -0.036901545556638646 0.05131327295511827 -0.028003218215336717 -0.038429634274051355 -0.015339092303331515 0.005009044991920009 -0.09813491079008663 0.018463642803385142 -0.07697943130133682 8.665948521276721E-4 0.045713217776803705 -0.05871915536199095 0.04234992425353987 -0.014684388621231798 -0.06916957263881326 0.009502429355234685 -0.057295345838056067 -0.010072465849365763 0.0032154512451260013 -0.03687161426995112 -0.05476897522420224 -0.12369468563701708 0.10511204942593032 0.04089072492596553 0.08921804035763875 0.03247061230126007 
0.0824565675866755 -0.01627461012624861 -0.06254040815039862 0.07783353021406389 -0.029705955711810256 0.05109916300290841 -0.028003218215336717 -0.04132421159644562 -0.10334977465237549 0.016308940046035374 -0.10724228921082338 0.04649280889992631 -0.05114902437572743 0.0017037587066461666 0.040259545166172216 -0.051484554019304254 0.04234992425353987 -0.11461901786286115 -0.06490053499512692 0.01754326950202586 -0.07351029602139887 -0.010072465849365763 0.008077426392069834 -0.02911076606923353 -0.056555313459593685 -0.12102863960183737 0.10511204942593032 0.04089072492596553 0.08946771004164249 0.03144306655362467 
0.07537419067930527 -0.02782031874249343 -0.07267931776340354 0.07278641985562956 -0.034421770769076515 0.057097808684789364 -0.16632944574144481 -0.038429634274051355 -0.0571754121854382 0.025516878328096473 -0.012140900614381556 0.018463642803385142 -0.028358797514213954 0.019803842490463967 0.04379730439012281 -0.05364488630808781 0.057507590418299795 -0.0076872476819590425 -0.07698644319988718 -0.09904550215965645 -0.06851190161525084 -0.025775012759686588 -0.03012910534699309 -0.09646047165792358 -0.039579491132215594 -0.11843795866742651 0.1042142366927143 0.06013312449215826 -0.09068940470887077 0.03438574416879582 
0.07260104944267956 -0.023258257471378198 -0.07780274415967399 -0.07470113384212049 -0.029705955711810256 -0.06692555458211431 -0.04630365639314795 -0.04132421159644562 -0.015339092303331515 0.010402539556057602 -0.012140900614381556 0.022047373880832114 -0.04474597063054753 0.05986071812710511 0.036680155818980605 -0.06287099646866716 -0.1256765392928605 -0.11520635285112277 -0.037948892114712654 -0.013679860497994658 -0.07673487402106599 -0.030150044497164814 -0.009956517994798023 -0.10098854773365168 -0.044795772134923036 -0.12369468563701708 0.08605652166005487 0.04747369636980658 -0.09380900891749913 0.026571258429713352 
0.06193232226359157 -0.023258257471378198 -0.07314953042462835 0.06527202699992894 -0.03334459098699253 0.054383604628155814 -0.03806820505070037 0.13837578265489014 -0.01627898665625732 0.014538505180999719 -0.11065299210036367 0.04746369984540539 -0.06168144298436898 0.010523487172262017 0.041284955094661076 -0.047677393218552175 0.05699217912364195 -0.014171995580149841 -0.08132831772447535 -0.09904550215965645 -0.0902698922431239 -0.11831418333243293 0.008077426392069834 -0.03608251351042036 -0.04868833323270638 -0.12342007645386717 0.1042142366927143 0.050016722996963255 -0.09342283133950463 0.028137480418896608 
0.05308297288736746 -0.027319355765450092 -0.06254040815039862 0.04388789785754832 -0.034421770769076515 0.060297997806257095 -0.038674086018537904 -0.04132421159644562 -0.0571754121854382 0.008793737556229936 -0.0031748925328525177 0.018463642803385142 -0.05114902437572743 0.007155541403352293 0.045456792500322085 -0.04739320309555418 0.07000276893294188 -0.016372059574514035 -0.07671776776296321 0.01754326950202586 -0.06851190161525084 -0.025775012759686588 -0.013882176682960915 0.10232242702995853 -0.03215021825139172 -0.12342007645386717 0.09187666003463704 0.04089072492596553 -0.09068940470887077 0.03890928044234514 
0.04702802234740448 -0.024104431734459704 -0.037213245076582316 0.07958096114656153 -0.03095323356165984 0.05109916300290841 -0.038674086018537904 -0.038429634274051355 -0.10334977465237549 0.008215670137689273 -0.012140900614381556 0.02259732168054785 -0.07427703474954118 -6.921592669027646E-4 0.0409204044619912 -0.06287099646866716 0.04234992425353987 -0.12614809015183553 -0.05777925150259072 -0.09742376595767847 -0.06851190161525084 -0.03366166091598791 0.02475187668730716 -0.08827827956888452 -0.056555313459593685 -0.12102863960183737 0.09187666003463704 0.04374325479088248 -0.0885974546384659 0.02954917732553725 
0.04019091829068994 0.025474923013877326 -0.045977172577740595 -0.07470113384212049 -0.045472237601794946 -0.0673600404813209 -0.03806820505070037 -0.05130053745400345 -0.04336135858211764 0.07039931623524565 -0.012800920901040534 0.02818364482552923 -0.024691372711519867 0.010523487172262017 0.037079075601491276 -0.06864250177303668 0.06166840378787771 -0.031187468558693004 -0.06526628448287496 -0.1747178594205276 -0.07898151343570878 -0.016731104451358433 -0.009956517994798023 -0.03861554835476237 -0.050418014345494394 -0.11862059636568498 0.08605652166005487 0.07960910297254808 0.11655260212951711 0.0391046281298573 
0.030180979747765457 -0.023258257471378198 -0.09700648144266572 -0.07470113384212049 -0.04912143705615598 0.05109916300290841 -0.03806820505070037 -0.04132421159644562 -0.015339092303331515 0.010402539556057602 -0.0947952219134729 0.02259732168054785 -0.052486178440704204 0.05986071812710511 0.027212236143507804 -0.057270954856757324 0.04234992425353987 -0.02202955780763793 -0.07403891849363116 -0.013679860497994658 -0.07898151343570878 -0.025775012759686588 0.0032154512451260013 -0.03608251351042036 -0.050418014345494394 -0.12369468563701708 0.08605652166005487 -0.14060556124499946 0.08946771004164249 0.03585417239817885 
0.02388289780552883 -0.01627461012624861 -0.06254040815039862 0.08586956948613449 -0.03334459098699253 -0.055976763485760646 -0.028003218215336717 -0.12421189222679385 -0.10334977465237549 0.009422093985865788 -0.10724228921082338 0.02616943357680091 -0.05114902437572743 0.09709615392729454 0.040259545166172216 -0.047677393218552175 0.04234992425353987 -0.10742165613344383 -0.05303849955345302 0.012854537662110267 -0.07168323374195208 -0.025775012759686588 -0.014894592191526133 -0.012865359938496366 -0.05391805822729194 -0.12395231179903815 -0.05255403369804279 0.08137742331027087 0.08879095852788024 0.03144306655362467 
0.014085920423020086 -0.01627461012624861 -0.07780274415967399 0.08290974051135691 -0.029705955711810256 0.054383604628155814 -0.04383915065730694 -0.04132421159644562 -0.015339092303331515 0.007461645021241023 -0.012140900614381556 0.04705259536943618 -0.05608111902183331 0.05986071812710511 -0.09171802184701772 -0.05936934899458806 0.04234992425353987 -0.10750526023075505 -0.07582219785134481 -0.09950775704398732 -0.07898151343570878 -0.11831418333243293 0.008077426392069834 -0.02911076606923353 -0.050418014345494394 -0.12102863960183737 0.08469716200030061 0.03778179506863986 0.08840748289625698 0.04898143517583932 
0.003298741038292804 -0.028064471091169444 -0.06910467814993394 0.06986285336455635 -0.015700405517233507 -0.06212352352810438 0.126975160444325 -0.03885078463801807 -0.01743360575586077 -0.06167937526749572 -0.0914904053001944 0.04564541366471566 -0.05102771838753638 0.023073097635268495 0.041284955094661076 -0.051484554019304254 0.0500938740445804 -0.10870873485946057 -0.07694606587480603 -0.062041808706813965 -0.09474541637963901 -0.02310407734793589 0.0032154512451260013 -0.03687161426995112 -0.05050441328644719 -0.12369468563701708 0.11104173541707198 0.04089072492596553 0.11202747507900515 0.028137480418896608 
0.0 -0.01627461012624861 -0.062208943816225694 -0.07470113384212049 -0.029705955711810256 0.046321508883229064 -0.028003218215336717 -0.04243019661666163 -0.015339092303331515 0.49706128106952674 -0.012140900614381556 0.04649280889992631 -0.01383857364394447 0.0017037587066461666 0.040259545166172216 -0.045881366488414635 0.06166840378787771 -0.0022271967284200386 -0.08261159490961757 -0.09950775704398732 -0.057295345838056067 -0.025663779037097493 0.0031592631311085735 -0.03184113959837657 -0.056555313459593685 -0.1278277179409436 0.08469716200030061 0.04216944898512325 0.08946771004164249 0.04898143517583932 
