1.9245509826907616 0.54762071278467 
1.880779759415178 0.5842561615980899 
1.5424026653090839 0.5667455422633842 
1.7926289710131502 0.5728090018578234 
1.5278384332739583 0.5720968930619938 
1.5424026653090839 0.5667455422633842 
1.5181074103577865 0.5875345793997293 
1.5181074103577865 0.5875345793997293 
1.4358963990294678 0.610956219651512 
1.3400738464587132 0.6135329535190799 
1.3400738464587132 0.6135329535190799 
1.4358963990294678 0.610956219651512 
1.0477529657534348 0.6225275940888331 
1.1097313401427087 0.6310678737930029 
1.1997635295181324 0.6264768568736317 
1.0477529657534348 0.6225275940888331 
1.1997635295181324 0.6264768568736317 
1.1097313401427087 0.6310678737930029 
1.044663099343127 0.6235854471384918 
1.019234418355722 0.6405977303629181 
1.044663099343127 0.6235854471384918 
1.0995711540018926 0.6357529691638484 
1.0913941217044183 0.6396321295472103 
1.0102966030296374 0.6092053406838636 
1.1134751106203111 0.620499242617548 
1.0335169992456832 0.6276412260707294 
1.0624089942178578 0.6108590914836007 
1.0102966030296374 0.6092053406838636 
1.0335169992456832 0.6276412260707294 
1.0624089942178578 0.6108590914836007 
1.063899857592285 0.6536390511847785 
0.9811978593617833 0.637508799120218 
1.0400446620345187 0.6828383158038882 
0.9865590112101731 0.6843055836238214 
1.0180244655455553 0.6901019006553308 
0.9111812099110204 0.6703952424730354 
0.9865590112101731 0.6843055836238214 
0.9714680847303444 0.66327546198065 
0.9143179454854806 0.6709506275863878 
0.9811978593617833 0.637508799120218 
0.9714680847303444 0.66327546198065 
0.9415138926799073 0.6741620785080019 
0.9748324674575191 0.6338525727888273 
0.9143179454854806 0.6709506275863878 
0.9534036748857757 0.649093379206932 
0.9111812099110204 0.6703952424730354 
0.9397766111014103 0.6951446793580622 
0.9534036748857757 0.649093379206932 
0.9283225707277872 0.7236040479967643 
0.9177749528352986 0.7058068167948821 
0.9431546241677367 0.6900734258566686 
0.9349303234533455 0.7296361781588432 
0.9075581181586191 0.6987285954518339 
0.8968432690293306 0.7068391300425672 
0.8832743471374995 0.734578984647813 
0.8968432690293306 0.7068391300425672 
0.8807802485008103 0.6802718858145158 
0.917878293106981 0.7578278668690721 
0.8807802485008103 0.6802718858145158 
0.8894298675907532 0.6938684774206256 
0.9105568152938459 0.7306830469723974 
0.9173154372544785 0.7599936717242373 
0.8832743471374995 0.734578984647813 
0.9031640658277732 0.7692981060664992 
0.917878293106981 0.7578278668690721 
0.8701855883757214 0.802921741372524 
0.9053059496639106 0.7491278955933547 
0.9053059496639106 0.7491278955933547 
0.9160924757127894 0.7236218778078791 
0.9280265106386437 0.9168175142077305 
0.9110216794486699 0.8121423609448212 
0.8894298675907532 0.6938684774206256 
0.8701855883757214 0.802921741372524 
0.887213760225927 0.8227572561006229 
0.8622481068402097 0.8447537515857331 
0.887213760225927 0.8227572561006229 
0.8842053111478065 0.9312487570438102 
0.895680773837648 1.0040144506006854 
0.7732875761827402 0.9709696766942284 
0.8842053111478065 0.9312487570438102 
0.8463420322780884 0.9690158344833438 
0.8223202732031685 1.022724513078688 
0.8626893048868882 0.9033057644059413 
0.850598945810751 1.0645542583518646 
0.8086386032879795 1.0160159056162805 
0.8463420322780884 0.9690158344833438 
0.8324273790386372 1.047412936754751 
0.7732875761827402 0.9709696766942284 
0.7853594939355817 1.0851130025778777 
0.8290837289125017 1.139795458058701 
0.8290837289125017 1.139795458058701 
0.7978098264481708 1.1451280774973018 
0.7994269810106849 0.9979646026909297 
0.7829234055378282 1.1535169605277567 
0.7829234055378282 1.1535169605277567 
0.7958342252709479 1.305925522497537 
0.7945669658719148 1.5222728045340026 
0.7978098264481708 1.1451280774973018 
0.7945669658719148 1.5222728045340026 
0.7765633529263303 1.476818634698465 
