0.9000205608065776 0.13493023765705603 
0.865025351853466 0.1437512943218856 
0.8646150022699106 0.15215371516809198 
0.8629528349926633 0.16029937831983443 
0.8628931557443463 0.17094253646406882 
0.8628919418462961 0.17484797398325314 
0.8628858941662446 0.1781791131257892 
0.8628739116951171 0.19367823084184171 
0.8628741864822534 0.2034568344468936 
0.8628739116951171 0.19367823084184171 
0.8628464759196904 0.23118626810528176 
0.8628465897611419 0.2354050831887451 
0.8628464759196904 0.2312244684738244 
0.8628438012370712 0.2375723674463752 
0.8628438012370712 0.2375723674463752 
0.8628432051231305 0.23010937488243322 
0.8628495373481248 0.2637047644249225 
0.8628464759196904 0.23118626810528176 
0.8628459021099338 0.24011752084325252 
0.8628432051231305 0.23010937488243322 
0.8628448148398665 0.2427723088069022 
0.8628464759196904 0.23118626810528176 
0.8628464759196904 0.23118626810528176 
0.8628448148398665 0.2427723088069022 
0.8628466109440733 0.23797006143072186 
0.7828398949514109 0.41797998583379947 
0.7828398949514109 0.41797998583379947 
0.7573885667139054 0.42030526802183554 
0.721270411284736 0.4203977454027721 
0.6512038187825566 0.4204326880909265 
0.6512038187825566 0.4204326880909265 
0.6417362250056012 0.4239984965343817 
0.6215296594698063 0.431299663632088 
0.6034838244796733 0.4363799154030286 
0.5893486991298929 0.44320770210256727 
0.5795157312949796 0.4515701752197294 
0.5635002292532135 0.4568611708566589 
0.5547263587695701 0.4646543737222906 
0.5412749396959659 0.4731051456964253 
0.5293930754510461 0.4799342957694513 
0.5206348521800731 0.4880789399282545 
0.5138060161703827 0.49773569248287336 
0.502978138757288 0.5047740095294667 
0.4945951798150439 0.5144009463896787 
0.4855412409754666 0.5232153728755965 
0.47645525187824395 0.532615770126466 
0.4688351051000681 0.5425459307987771 
0.4599851104914261 0.5504678586096687 
0.45095152180063847 0.5587920700650373 
0.4402840703930574 0.5670415598903463 
0.4308458021844528 0.5748523868309549 
0.42152825661771565 0.5827590400518712 
0.41326556882804477 0.5912887495170533 
0.4046924369967037 0.6013232370103111 
0.39558115638139274 0.6084393823400919 
0.38616663206926954 0.6172604450769132 
0.37750429442347416 0.6266920500040722 
0.36745214650370245 0.6352221895034876 
0.35966077392124074 0.6436976222356465 
0.35039605117737016 0.6522705677975914 
0.3420149636133691 0.6608494701054854 
0.3324176988404563 0.6687943767971946 
0.3239703935431638 0.6780936191225744 
0.3153287838347661 0.686410666770732 
0.3062201567308943 0.6949810953277702 
0.2977881165149318 0.7038190360202534 
0.28895668424377735 0.7123517958540403 
0.28016333930794257 0.7213856363139846 
0.2711726264526992 0.7295116144479837 
0.2623794877001273 0.7388314549166213 
0.2536220522698616 0.7471185543878357 
0.24469510090637606 0.7563807507065157 
0.2360032453787969 0.7649770076362671 
0.2274859092011635 0.773381103003995 
0.2189036250013637 0.7828195326054327 
0.21007481361148395 0.7909324453383506 
0.2009565706981861 0.7998843846013839 
0.19220511865322387 0.8086795011601524 
0.18375646651579086 0.8173892037950716 
0.17530416071895613 0.8263207818037511 
0.1664017144154377 0.8346737845404596 
0.15743522647233446 0.8439178404085277 
0.14804224792523574 0.8532307215340094 
0.14024225449804878 0.861788113014907 
0.1313867343285548 0.8701538879555969 
0.1220117756181091 0.879218027918605 
0.11389864161741999 0.8874756391984675 
0.10508509077380392 0.8966478272938184 
0.09621057952892166 0.9048283653915049 
0.08733841019916083 0.9139330283649839 
0.07887084657769466 0.9231843611186652 
0.06998131506265222 0.9319507574501343 
0.06150144811434489 0.9411272509144257 
0.05091587359282061 0.9508640877389907 
0.043601112769353086 0.9594409803905142 
0.03429410649408958 0.9747583531955545 
0.025688374670698687 0.9778760878232459 
0.015704692239608666 1.000039893944781 
0.007551438958654765 1.0000455228010694 
2.5956371142697157E-4 1.0297602756127393 
