0.4876579004909928 0.00757803980133312 -0.18656731058103218 -0.18084720371015198 -0.29025734359817373 -0.3968781600167818 -0.5234518814349973 -0.5666810106229825 -0.590197210041427 -0.770757522009015 -0.9203110763116166 -0.867194467184179 -0.8987795902239084 -0.9919870219205094 -1.0 -0.9834553511788902 -0.9698370892938728 -1.0 -0.9131376540557237 -0.9524093843931409 -0.5628156246092845 -0.877999739297969 -0.7222021415918316 -0.7426951442339575 -0.6987895502317387 -0.5513992742618262 -0.7601156361925683 -0.4465202411158516 -0.3496121532268096 -0.23602920253132104 
0.4835746140223648 0.2296670894914434 -0.00524292741307282 -0.06651235343980551 -0.23418134732227058 -0.2589746525503375 -0.4177798891158281 -0.44780264816135595 -0.5959419780336505 -0.5822803972119214 -0.7461251072734296 -0.8837256381577392 -0.8584065727178766 -0.9746786048874942 -0.9290364424364284 -1.0 -0.9935593704522497 -0.8896358924209856 -0.99680863222469 -0.9748240792506302 -0.9473889327592622 -0.8866777840476422 -0.8656979313433018 -0.8879742394764651 -0.7381101599090317 -0.6207139369819086 -0.5579289844445201 -0.49129137183811117 -0.402654400205188 -0.2887063397966966 
0.48272825252012447 0.058380382484993915 -5.16915425215177E-4 -0.2061570756764542 -0.19813983968906576 -0.24389312905203991 -0.41603458110650915 -0.4629765413360526 -0.5766125172617145 -0.8929819265872307 -0.7499399592653819 -0.8075986974462609 -0.863700986034186 -1.0 -0.9506650554490926 -1.0 -0.9999588091504459 -0.908846099920116 -0.9963567733702904 -0.845106895843471 -0.9475125834222982 -0.945745920414971 -0.8707196586379918 -0.9122681587170476 -0.7342348723107415 -0.6985547231727568 -0.5966239395690195 -0.5119638386673235 -0.4201671456057716 -0.2512067493834321 
0.4780344233673889 0.1339808203251389 0.0921766796026522 -0.09954092407149012 -0.10618895453543359 -0.14063091338503492 -0.3132093340442513 -0.6097464377082824 -0.5109142221951091 -0.5783206371238921 -0.6810127829027208 -0.5817257288027181 -0.8169517948154946 -0.9164288275854964 -0.9373484978364209 -0.9044055770791612 -0.9871442829351552 -0.8646537636408795 -1.0 -0.8767346490099934 -0.9795218113303613 -1.0 -0.9121499891020524 -0.902738506506835 -0.783500306916604 -0.8634164171277701 -0.658523232634787 -0.7643729575121907 -0.49311076690639427 -0.40663479602819225 
0.4777974988016412 0.09615659907175317 0.09773690849514227 -0.14305505421085163 -0.10618267843606516 -0.11270450214806882 -0.3124116788522808 -0.5999823120320891 -0.5053358055740764 -0.4332099331007001 -0.6733629206701538 -0.5586633440223562 -0.8152191626415044 -0.9163770889028153 -0.9373827215513877 -0.9307193595980479 -0.9837839422496626 -0.7683869796331393 -1.0 -0.920749508523346 -0.9801754983152433 -1.0 -0.9103927897941991 -1.0 -0.7835040045740688 -0.8624717647325499 -0.6584292546297736 -0.7312485383833849 -0.5044500072413254 -0.400780360645568 
0.47776571678549584 0.09615659907175317 0.09874728797818219 -0.15222714028996226 -0.10618267843606516 -0.018245554712996326 -0.3123177339427849 -0.5999823120320891 -0.5022807507545206 -0.3178462612067993 -0.6716206708328103 -0.5586633440223562 -0.8152191626415044 -0.9164288275854964 -0.9373599057414098 -0.93679177094856 -0.9816377123552819 -0.9392975378698705 -1.0 -0.9398208909953625 -0.9801754983152433 -1.0 -0.912345018857081 -0.9976123105904431 -0.7835040045740688 -0.8675146147261298 -0.655690280470856 -0.7312485383833849 -0.5064627587526117 -0.43998598941251915 
0.4777769107243206 0.11135739485506688 0.09824237120707585 -0.14782882286628118 -0.10618267843606516 -0.0065673639938096245 -0.31241328890405995 -0.6078858131182905 -0.5034793098350432 -0.3178462612067993 -0.6713205112373536 -0.5634788330859846 -0.8152191626415044 -0.9164288275854964 -0.9373484978364209 -0.9408400451822349 -0.9816377123552819 -0.8646537636408795 -1.0 -0.9312749450745496 -0.9801754983152433 -1.0 -0.9121499891020524 -0.9957012744677487 -0.783500306916604 -0.8634164171277701 -0.658523232634787 -0.7632016436992246 -0.5068885859175494 -0.43998598941251915 
0.4777789202418006 0.11844991247310024 0.09596684347801955 -0.17188918189842534 -0.10612764898398508 -0.057354882103709925 -0.31222217898150983 -0.599532203165843 -0.5018595546746812 -0.20248258931289853 -0.6709034997878119 -0.5549179636395343 -0.8150722135067641 -0.9171186766879101 -0.9373593073850053 -0.9398007181096579 -0.9785888363854218 -0.8716000271703 -1.0 -0.9546163045956355 -0.9809502297923005 -0.9474481175273772 -0.9142927396559537 -0.6417076360034001 -0.7833116236731946 -0.860938256089381 -0.6626507773870958 -0.8271078543309041 -0.5034239093884547 -0.42705542255018814 
0.4777789202418006 0.11844991247310024 0.09445042057691364 -0.16179297175127516 -0.10612921800882719 -0.057354882103709925 -0.31222217898150983 -0.5887693936437554 -0.5018595546746812 -0.20248258931289853 -0.6709034997878119 -0.5549179636395343 -0.8150722135067641 -0.9171186766879101 -0.9373593073850053 -0.9398007181096579 -0.9785888363854218 -0.8716000271703 -1.0 -0.9546163045956355 -0.98078680804608 -0.9474481175273772 -0.9142927396559537 -0.5033282277648263 -0.7833116236731946 -0.8588571901836779 -0.6640202644665546 -0.8271078543309041 -0.4984685223751 -0.42705542255018814 
0.4777789202418006 0.11844991247310024 0.09596684347801955 -0.17188918189842534 -0.10612764898398508 -0.057354882103709925 -0.31222217898150983 -0.599532203165843 -0.5018595546746812 -0.20248258931289853 -0.6709034997878119 -0.5549179636395343 -0.8150722135067641 -0.9171186766879101 -0.9373593073850053 -0.9398007181096579 -0.9785888363854218 -0.8716000271703 -1.0 -0.9546163045956355 -0.9809502297923005 -0.9474481175273772 -0.9142927396559537 -0.6417076360034001 -0.7833116236731946 -0.860938256089381 -0.6626507773870958 -0.8271078543309041 -0.5034239093884547 -0.42705542255018814 
0.4776806523390615 -0.03987807522918488 0.100261264016658 -0.18345386882411885 -0.10607059881809318 0.06453550499832214 -0.31222217898150983 -0.560603917404856 -0.4955084802455514 -0.08711891741899772 -0.6663134373674265 -0.561428713333546 -0.8149251425177102 -0.9171186766879101 -0.9373028662164653 -0.9610814163506092 -0.9758072872175536 -0.8785462906997206 -1.0 -0.9694117181959085 -0.9809502297923005 -0.9474481175273772 -0.916054447227816 -0.557185893636564 -0.7831330062751058 -0.8651778534921171 -0.6694483446525854 -0.8910140649625835 -0.5024159828536974 -0.5051655270922044 
0.47768602744259736 -0.0876534814193488 0.100261264016658 -0.18345386882411885 -0.10607059881809318 0.06453550499832214 -0.31219156190613967 -0.5718875750892025 -0.4955084802455514 -0.08711891741899772 -0.6663134373674265 -0.561428713333546 -0.8149251425177102 -0.9171186766879101 -0.9373049669860982 -0.9610814163506092 -0.9787617123551554 -0.8734257597189505 -1.0 -0.973687687067652 -0.9809502297923005 -0.9341875641187836 -0.916054447227816 -0.557185893636564 -0.783189113091498 -0.8672589193978203 -0.6694483446525854 -0.8910140649625835 -0.5029232766128228 -0.5051655270922044 
0.4776806523390615 -0.03987807522918488 0.100261264016658 -0.18345386882411885 -0.10607059881809318 0.06453550499832214 -0.31222217898150983 -0.560603917404856 -0.4955084802455514 -0.08711891741899772 -0.6663134373674265 -0.561428713333546 -0.8149251425177102 -0.9171186766879101 -0.9373028662164653 -0.9610814163506092 -0.9758072872175536 -0.8785462906997206 -1.0 -0.9694117181959085 -0.9809502297923005 -0.9341875641187836 -0.916054447227816 -0.557185893636564 -0.7831330062751058 -0.8651778534921171 -0.6694483446525854 -0.8910140649625835 -0.5024159828536974 -0.5051655270922044 
0.4776806523390615 -0.1195037522127914 0.10253707093968109 -0.18345386882411885 -0.10607059881809318 0.06453550499832214 -0.31222217898150983 -0.5870459058787103 -0.4955084802455514 -0.08711891741899772 -0.6663134373674265 -0.561428713333546 -0.8149246008361368 -0.9171531691430308 -0.9373028662164653 -0.9671538277011213 -0.9805626634810322 -0.8785462906997206 -1.0 -0.9694117181959085 -0.9809502297923005 -0.9868620293818443 -0.9160079439210634 -0.557185893636564 -0.7831330062751058 -0.8651778534921171 -0.6694553210247289 -0.8830257886336236 -0.5024159828536974 -0.48330914088898064 
0.4776806523390615 -0.1195037522127914 0.10253707093968109 -0.18345386882411885 -0.10607059881809318 0.06453550499832214 -0.31222217898150983 -0.5870459058787103 -0.4955084802455514 -0.08711891741899772 -0.6663134373674265 -0.561428713333546 -0.8149246008361368 -0.9171531691430308 -0.9373028662164653 -0.9671538277011213 -0.9805626634810322 -0.8785462906997206 -1.0 -0.9694117181959085 -0.9809502297923005 -0.9868620293818443 -0.9160079439210634 -0.557185893636564 -0.7831330062751058 -0.8651778534921171 -0.6694553210247289 -0.8830257886336236 -0.5024159828536974 -0.48330914088898064 
0.4776914025461333 -0.13542888760951272 0.10481287786270417 -0.17950233972102364 -0.10616721403212898 0.11287013087799612 -0.3121609448307695 -0.583171232773549 -0.4987437663549281 -0.10503122688294271 -0.6679367574085353 -0.5630338763547555 -0.8149608269018269 -0.9171445460292507 -0.9373070677557312 -0.965129690584284 -0.9817161374927572 -0.8683052287381806 -1.0 -0.9779636559393954 -0.9803991782030141 -1.0 -0.9158684340008056 -0.7232411835228525 -0.7832452199078901 -0.8693399853035235 -0.6680797127014009 -0.8790316504691436 -0.5034305703719482 -0.47685330778478285 
0.4776806523390615 0.023822466357700342 0.100261264016658 -0.18740539792721406 -0.10604728598812649 0.04036819205848515 -0.31222217898150983 -0.560603917404856 -0.493890837190863 -0.09455567545132053 -0.6661231155930216 -0.5598235503123365 -0.8149251425177102 -0.9170841842327895 -0.9373028662164653 -0.9570331421169344 -0.9750383045430702 -0.8785462906997206 -1.0 -0.6750509594513838 -0.9810786647576748 -0.9211721762910658 -0.9161474538413212 -0.335778840454846 -0.7830977758164834 -0.8651778534921171 -0.6721873188115031 -0.8910140649625835 -0.500403231342411 -0.5095578736781632 
0.4776806523390615 -0.03987807522918488 0.100261264016658 -0.18345386882411885 -0.10607059881809318 0.06453550499832214 -0.31222217898150983 -0.560603917404856 -0.4955084802455514 -0.08711891741899772 -0.6663134373674265 -0.561428713333546 -0.8149251425177102 -0.9171186766879101 -0.9373028662164653 -0.9610814163506092 -0.9758072872175536 -0.8785462906997206 -1.0 -0.9694117181959085 -0.9809502297923005 -0.9474481175273772 -0.916054447227816 -0.557185893636564 -0.7831330062751058 -0.8651778534921171 -0.6694483446525854 -0.8910140649625835 -0.5024159828536974 -0.5051655270922044 
0.47757339643167096 -0.21044114193143393 0.10784572366491599 -0.199694760015324 -0.10616407598244476 0.11287013087799612 -0.3117629222606738 -0.6046968518177243 -0.4987437663549281 -0.10108631932782729 -0.6679367574085353 -0.5555155915175982 -0.8149862896359858 -0.9171876615981516 -0.9373070677557312 -0.9873951988694956 -0.9817161374927572 -0.8683052287381806 -1.0 -0.9779636559393954 -0.9807260216954552 -1.0 -0.9158684340008056 -1.0 -0.7832452199078901 -0.8735021171149299 -0.6653407385424832 -0.8750375123046636 -0.5133413443986576 -0.47685330778478285 
0.4776914025461333 -0.13542888760951272 0.10481287786270417 -0.17950233972102364 -0.10616721403212898 0.11287013087799612 -0.3121609448307695 -0.583171232773549 -0.4987437663549281 -0.10503122688294271 -0.6679367574085353 -0.5630338763547555 -0.8149608269018269 -0.9171445460292507 -0.9373070677557312 -0.965129690584284 -0.9817161374927572 -0.8683052287381806 -1.0 -0.9779636559393954 -0.9803991782030141 -1.0 -0.9158684340008056 -0.7232411835228525 -0.7832452199078901 -0.8693399853035235 -0.6680797127014009 -0.8790316504691436 -0.5034305703719482 -0.47685330778478285 
0.47768602744259736 -0.0876534814193488 0.10139916747816954 -0.30136930946520424 -0.10607059881809318 0.06453550499832214 -0.31219156190613967 -0.5718875750892025 -0.4955084802455514 -0.08711891741899772 -0.6663134373674265 -0.561428713333546 -0.8149248716769235 -0.9171186766879101 -0.9373049669860982 -0.9641176220258653 -0.9787617123551554 -0.8734257597189505 -1.0 -0.973687687067652 -0.9809502297923005 -0.9341875641187836 -0.9160311955744398 -0.557185893636564 -0.783189113091498 -0.8672589193978203 -0.6694518328386572 -0.8870199267981036 -0.5029232766128228 -0.5051655270922044 
0.4776806523390615 -0.03987807522918488 0.100261264016658 -0.18345386882411885 -0.10607059881809318 0.06453550499832214 -0.31222217898150983 -0.560603917404856 -0.4955084802455514 -0.08711891741899772 -0.6663134373674265 -0.561428713333546 -0.8149251425177102 -0.9171186766879101 -0.9373028662164653 -0.9610814163506092 -0.9758072872175536 -0.8785462906997206 -1.0 -0.9694117181959085 -0.9809502297923005 -0.9474481175273772 -0.916054447227816 -0.557185893636564 -0.7831330062751058 -0.8651778534921171 -0.6694483446525854 -0.8910140649625835 -0.5024159828536974 -0.5051655270922044 
0.4776806523390615 -0.03987807522918488 0.100261264016658 -0.18345386882411885 -0.10607059881809318 0.06453550499832214 -0.31222217898150983 -0.560603917404856 -0.4955084802455514 -0.08711891741899772 -0.6663134373674265 -0.561428713333546 -0.8149251425177102 -0.9171186766879101 -0.9373028662164653 -0.9610814163506092 -0.9758072872175536 -0.8785462906997206 -1.0 -0.9694117181959085 -0.9809502297923005 -0.9474481175273772 -0.916054447227816 -0.557185893636564 -0.7831330062751058 -0.8651778534921171 -0.6694483446525854 -0.8910140649625835 -0.5024159828536974 -0.5051655270922044 
0.47768602744259736 -0.0876534814193488 0.10139916747816954 -0.30136930946520424 -0.10607059881809318 0.06453550499832214 -0.31219156190613967 -0.5718875750892025 -0.4955084802455514 -0.08711891741899772 -0.6663134373674265 -0.561428713333546 -0.8149248716769235 -0.9171186766879101 -0.9373049669860982 -0.9641176220258653 -0.9787617123551554 -0.8734257597189505 -1.0 -0.973687687067652 -0.9809502297923005 -0.9341875641187836 -0.9160311955744398 -0.557185893636564 -0.783189113091498 -0.8672589193978203 -0.6694518328386572 -0.8870199267981036 -0.5029232766128228 -0.5051655270922044 
0.4777021527532051 -0.16727915840295532 0.10430697092984499 -0.17555081061792846 -0.10618053902182603 0.11287013087799612 -0.31217224231778584 -0.5785250590514257 -0.4987280549534604 -0.07224540135435209 -0.6666940809162365 -0.5628775883673612 -0.8150445840463114 -0.9170496917776688 -0.9373113489812108 -0.9691779648179588 -0.9773452525665204 -0.8683052287381806 -1.0 -0.9661787832740992 -0.9802334315098509 -0.9737240587636886 -0.9158684340008056 -1.0 -0.7832517421648071 -0.8841835219110433 -0.6666848855181905 -0.8910140649625835 -0.505690438628759 -0.4704758983972891 
0.06958085307591944 1.0 0.7906401754108306 0.9693580137562585 0.8033961392449401 0.9958546486368915 0.7849845756148351 0.8246112553716443 0.5601335779320917 0.7288670829244487 0.757325661083592 0.5842978412137843 0.8024424218735292 0.4565617582636677 0.7814830110427399 0.25920174639911114 0.27970409577385097 -0.05907997436605636 0.03485998277104385 -0.23255641739875202 0.08859343611256874 -0.47420725645547823 -0.25199214064541553 -0.5698285036441183 -0.04130018168862823 -0.73734157136498 -0.7732879903627973 -0.9048442486721817 -0.9505670510725219 -1.0 
0.06958085307591944 1.0 0.7906401754108306 0.9693580137562585 0.8033961392449401 0.9958546486368915 0.7849845756148351 0.8246112553716443 0.5601335779320917 0.7288670829244487 0.757325661083592 0.5842978412137843 0.8024424218735292 0.4565617582636677 0.7814830110427399 0.25920174639911114 0.27970409577385097 -0.05907997436605636 0.03485998277104385 -0.23255641739875202 0.08859343611256874 -0.47420725645547823 -0.25199214064541553 -0.5698285036441183 -0.04130018168862823 -0.73734157136498 -0.7732879903627973 -0.9048442486721817 -0.9505670510725219 -1.0 
0.06695785028051798 1.0 0.8373172719481395 1.0 0.7907480648601198 0.9964750573549515 0.8527316564380685 0.8519642134726401 0.5404736500212693 0.7353005871196354 0.7053388778218426 0.5403553572604909 0.837663650766518 0.44281734674168327 0.7492597410364601 0.2728481225623155 0.24340276743292516 0.043934767274546524 0.01952795943586748 -0.15670316503808635 0.07821493214428119 -0.40141136439150404 -0.22925511449833594 -0.6197623482424393 0.03554993166307635 -0.7418006191027453 -0.7819819688191506 -0.8679204496916386 -0.9652858717285747 -1.0 
0.0681194066778672 1.0 0.8749816091158311 0.9772236634228635 0.9128216977925221 0.993809703341834 0.8079982368685292 0.8370811264203432 0.550955219768142 0.743402196430015 0.743587911714156 0.5929093180732595 0.8778848903783254 0.40643141570260205 0.7534217952134007 0.2932133060236971 0.2784473980134747 -0.06734454027067908 0.03485998277104385 -0.23957426295477535 0.02622481185085984 -0.41971523387250403 -0.29176489010071943 -0.5530492365818371 -0.2152774836421958 -0.8647677124455608 -0.7675440417226573 -0.9048442486721817 -0.9124247621920178 -1.0 
0.07055042915885794 1.0 1.0 0.9888984450187936 0.8756545458129813 1.0 0.8344125204663213 0.8178800084718548 0.6079906494285054 0.7448461942694038 0.7555663091820111 0.5300786079411315 0.7108624163316524 0.41552519445864583 0.4877411113071777 0.17249745828477742 0.2851815913704565 -0.17351613171355895 -0.15009879298568196 -0.2773393953542908 -0.1623662791023162 -0.6602968894402844 -0.27582113131846847 -0.5903049828649657 -0.5542697952000444 -0.7798993004804715 -0.9998023273671144 -0.9401098824027395 -1.0 -1.0 
0.07055042915885794 1.0 1.0 0.9888984450187936 0.8756545458129813 1.0 0.8344125204663213 0.8178800084718548 0.6079906494285054 0.7448461942694038 0.7555663091820111 0.5300786079411315 0.7108624163316524 0.41552519445864583 0.4877411113071777 0.17249745828477742 0.2851815913704565 -0.17351613171355895 -0.15009879298568196 -0.2773393953542908 -0.1623662791023162 -0.6602968894402844 -0.27582113131846847 -0.5903049828649657 -0.5542697952000444 -0.7798993004804715 -0.9998023273671144 -0.9401098824027395 -1.0 -1.0 
0.069276840098457 1.0 1.0 1.0 0.8549467062804204 1.0 0.8797895300922091 0.8178800084718548 0.6079906494285054 0.7514978868916161 0.7555663091820111 0.5300786079411315 0.6995131049336485 0.41552519445864583 0.4649491089468143 0.17249745828477742 0.29273460976256716 -0.17351613171355895 -0.15009879298568196 -0.2361638788800679 -0.1623662791023162 -0.6602968894402844 -0.2845254664218903 -0.5903049828649657 -0.5057394798162956 -0.725766190057689 -1.0 -0.9401098824027395 -1.0 -1.0 
0.06247598404708348 0.9605402980742841 0.9981103549473431 1.0 0.9996449302065228 1.0 0.9249418965299321 0.9627957657396871 0.7173784799651636 0.9037785237770302 0.806059914731453 0.7105258670008511 0.8390901526589278 0.5178285653650491 0.6747036062732464 0.3459205040874345 0.2954094153591865 0.1419240457394716 0.07957281634065051 -0.1519674492461347 -0.0044509038323364 -0.25383036939485426 -0.4165896224299904 -0.5713396692446201 -0.3474762847395911 -0.7280322301280351 -0.7884428472412153 -0.8575712889612509 -0.9114853513946654 -0.9256281205295536 
0.059467367530073645 0.913991202254042 0.9420391372942962 1.0 0.9996449302065228 0.9946138312007717 0.8816114850778103 0.9231787702614789 0.7173784799651636 0.7787821103216142 0.8144118816821256 0.7105258670008511 0.8546988557909393 0.6110087624432688 0.6747036062732464 0.3541488248018639 0.2954094153591865 0.15840802609548987 0.09164548320203571 -0.1519674492461347 -0.0044509038323364 -0.25383036939485426 -0.4165896224299904 -0.5713396692446201 -0.3474762847395911 -0.7280322301280351 -0.7884428472412153 -0.7893953521409467 -0.8751469169818491 -0.9256281205295536 
0.05632652426262255 0.9843036068408101 0.8330661149661224 1.0 1.0 0.9977811106839599 0.8375216555646197 0.99723678642553 0.7096767040547447 0.8208146803309382 0.8591163762083296 0.7647507771609336 0.8950585964976107 0.5424140485750679 0.5864905306810989 0.45135601172018247 0.40902951931253506 0.07721030559474246 0.17334110239840697 -0.036728401723849 -0.046690916228317225 -0.20584442334338343 -0.3166812106747992 -0.3799688256361466 -0.5716423449680771 -0.7261348818130446 -0.581009048843451 -0.760905690731554 -0.8223067032618598 -0.8981267006796421 
0.053337621704807485 0.9552140221094261 0.9681354048543167 0.9901215534266723 1.0 0.9874282914769021 0.9748557207500776 1.0 0.7625530625806436 0.837180183832098 0.8533729569277293 0.7220817970118127 0.9241778688633724 0.5395483584355578 0.6750310495568658 0.3970430789537761 0.3062873815768471 0.27730025033979283 0.0883359100930138 0.03864554947429555 -0.057658918276855695 -0.0807920678745366 -0.41429318194037446 -0.4485935873227624 -0.3056265492191814 -0.7248840501530361 -0.565987370656634 -0.7353470193469428 -0.8678074173930013 -0.8422824571617019 
0.048988504807492526 0.9420800064457652 0.7862785709464922 1.0 0.9562103180314692 0.9934911611838462 1.0 0.9860014411430005 0.8766239219013705 0.9103795026490272 0.8793258814713614 0.8804185163973384 0.808602195431672 0.6895743407438732 0.6538244163953619 0.6500006905567427 0.5313067810046441 0.3552274296171718 0.39045313081918065 0.1281744613237077 0.14428017960409625 -0.06445861888326114 -0.23269764377395977 -0.30570914036578095 -0.34453417923582474 -0.47393477910368 -0.5026107363486776 -0.6061535191216005 -0.8490863216330322 -0.7574929876178769 
0.04612099511862043 0.931288736148822 0.7809618387280213 0.8534831516128798 1.0 0.9960304918971253 0.9693813383095815 1.0 0.9101150101329829 0.9103795026490272 0.9190475376262287 0.8804185163973384 0.808602195431672 0.7019811725852986 0.6538244163953619 0.6715946237398271 0.5313067810046441 0.34659266600151795 0.39045313081918065 0.1281744613237077 0.14428017960409625 -0.06445861888326114 -0.23615487628332496 -0.29731950683464037 -0.44159481000332235 -0.47376362048411086 -0.4091455672761887 -0.5880697035625866 -0.8247173120804276 -0.7470567603666856 
0.04151841614068987 0.830363537534522 0.8692784469301267 0.9360302363903892 0.9344322762984367 0.9429979261165352 0.9412445457098864 0.9722304998204034 0.8394347716447597 0.8974585903530556 0.9030592199017993 0.9195368886587006 0.7996890372335227 0.8153685424001451 0.7579775437100275 0.6772272794351331 0.5362772663763031 0.4343696904208434 0.43969926267819265 0.23782724801193564 0.18156972047876974 0.04623300395226959 -0.13165344547992863 -0.14119403037452902 -0.05988050266244948 -0.3928740390753288 -0.44859006682565417 -0.5566434565708961 -0.6480579278344774 -0.759961027549499 
0.03994462076890684 0.8345435233772983 0.770662620577627 0.9097847067480823 0.9389890199872895 0.9923389603608438 1.0 0.9873620018587392 0.964763148244362 1.0 0.9275300499890192 0.9518708853739685 0.8723999138909166 0.8801698947550234 0.7095450095378389 0.6398097938364626 0.6081642155786445 0.5180590309526856 0.4248483547338285 0.2764855596228714 0.27388491299505074 0.1315095954053649 -0.09555564081829562 -0.20262434927326706 -0.22004318787665259 -0.26824891646832605 -0.4033385482317544 -0.6306596471962936 -0.5863654790646192 -0.6456280743098959 
0.037230382787119196 0.7818701893508866 0.8045385330862691 0.9201141779882336 0.9376684545908974 0.9472017350600004 0.9337582905821264 0.9881540243447553 1.0 0.9991140303707232 0.946072278330899 1.0 0.8854868916971869 0.8664215103160178 0.7682892724901889 0.6897323705806659 0.6431338747291782 0.7039157890645701 0.4165683604687501 0.3092233454792883 0.27815298260383026 0.09341753321335652 -0.025792924749240054 -0.08266861122616832 -0.10353484563588672 -0.319646620457939 -0.42165183971023706 -0.4803471205904741 -0.5360129147449193 -0.6491272433113449 
0.03367295833896713 0.7144273099268279 0.8526363688662097 0.9201141779882336 0.8815215741395934 0.9406875293553939 0.9337582905821264 0.9680573050824173 0.9321805342225044 0.9991140303707232 0.9122004974215503 1.0 0.896240087461583 0.846251762101049 0.8491048727859054 0.673799574870859 0.6697619165973872 0.6715624856388288 0.46242831993812766 0.333652273515824 0.3514762492569973 0.19971209665852135 7.351647950055717E-4 0.06819011475226652 -0.0056975822622601785 -0.28747171227754315 -0.37248375695214486 -0.439327921334705 -0.5360129147449193 -0.6534396964529383 
0.03087743912978598 0.6698770852355519 0.8043798136556397 0.9118105627920207 0.8899048576776635 0.9296325520408109 0.8732536461880424 0.9680407608497562 0.9682769149367044 0.9458446770350715 0.9058785482582823 0.9819089842841517 0.873271549982816 0.8926299541276801 0.8511725275692925 0.8050206978305694 0.7016314489683104 0.6402299661443475 0.5539675208182913 0.508810634243306 0.4283660673630456 0.29741316747343427 0.17104906087131416 0.030471879875179894 -0.030667845058441667 -0.14701434590527035 -0.24543703356202995 -0.42647476134333095 -0.493862661821025 -0.4759802973441092 
0.028355708425501898 0.6627684579484525 0.7149244866007469 0.8232789831400849 0.8496317092256125 0.9547133038380085 0.9119030825498373 0.9714857939573953 0.966314667155716 0.9721087703559933 0.9398444741683599 0.9813365079679479 0.8876369793087207 0.9498482021017383 0.8823879023121562 0.7642593113016978 0.8120089905568375 0.5912322543297595 0.5711471917495698 0.46295253670743525 0.43826932208931213 0.20290603371285632 0.17629547183882222 0.07167951460818611 0.07758207637884657 -0.16754560979793678 -0.2504245056186955 -0.4073654058758843 -0.38006010471636986 -0.5759878577522041 
0.026057981411576562 0.6379622714400933 0.749216625861645 0.8464749129891944 0.7961938967089398 0.9113923444792842 0.9366268230940211 0.9660926236976746 0.9687129187314912 0.9567382869108154 0.9608270774349537 0.9808587448800002 0.8985596462610801 0.937958044737165 0.8272400039002925 0.8189389147686295 0.7480815422753574 0.8508848419395758 0.560750959170986 0.4721501658964319 0.46831605293430434 0.3507883749975422 0.26236145562007085 0.20132148844946657 0.11374894973618363 -0.056196443444011354 -0.1878527141249982 -0.2878707271009521 -0.3830953103734913 -0.4261059592542102 
0.023713937693359086 0.609439290325613 0.6413638143248803 0.8376865701018745 0.8168172950469152 0.8777168175355774 0.9718571167187171 0.9630535332680685 0.9751437732620164 0.9833712939753771 0.9806879055123874 0.9993906192639932 0.9074743862281524 1.0 0.8474069732751541 0.8297358813601716 0.8245462068618647 0.8270891452490512 0.6095021197498813 0.4859725648293628 0.4931675572371616 0.3072654889765009 0.274097909254706 0.21798849076879415 0.16188788133439205 -0.025494921339694734 -0.15854873442189027 -0.13809930218287528 -0.3273632976872042 -0.4171636738755614 
0.020804384878798994 0.5133598507905344 0.739582362606977 0.6690334267791466 0.6980871120899017 0.8584428530585555 0.9027982661005769 0.9369527342366983 0.9315908934790832 0.933285841680326 0.9445320514392647 0.987402738884684 0.9636613268092952 0.9820047274272868 0.8677377862136809 0.8875493681899423 0.7289758147498135 0.8193432575372579 0.6285358250076436 0.5692072021428806 0.549469634822199 0.4097112658925982 0.3353485733223577 0.20479357538877083 0.16970512231529522 0.005452381555141134 -0.1863616650232617 -0.08630201469698161 -0.22687712205411606 -0.3929111720130597 
0.019430132326089172 0.4710081009338256 0.6610763744655628 0.6690334267791466 0.6829852846339065 0.7827428935646075 0.8824890914197727 0.820389266840839 0.913889053901761 0.9238304540460571 0.9786849592905364 0.9439015780653656 0.9463587683789898 0.9442748760357775 0.8765070538987465 0.8789212196206181 0.8488083210342333 0.8072474657539896 0.6369286049021082 0.6040343192150675 0.5197836058825751 0.4766022888086985 0.2771354638317438 0.3197486087638678 0.1205565413095594 0.06879654677021407 0.004975652773827471 -0.11240141391601964 -0.306820180953036 -0.34379870389421907 
0.017429253084190292 0.4196487195046614 0.5065581994164302 0.6628736693202164 0.6902931239644976 0.8136755260731396 0.8326779773708055 0.889347758768621 0.9261587685547763 0.918694502078895 1.0 0.9623689515911447 0.9553915437321661 0.9565194070759373 0.9253979951590445 0.9025677684543597 0.8452726081151256 0.8639323022809939 0.7249999188092231 0.6263866748536696 0.6177561197526731 0.5053752652414376 0.4596334282545207 0.25188097812887 0.14555118231486192 0.1274504298948611 -0.11261687923882677 -0.07927733381282556 -0.13705878863875037 -0.3670863490569546 
0.015778741410998817 0.4253782043506263 0.6610763744655628 0.6690334267791466 0.6546113320667668 0.7827428935646075 0.8412987782784873 0.820389266840839 0.9241736216911123 0.9357173644432748 0.9631237691351564 0.9550060535620493 0.9463587683789898 0.9442748760357775 0.9030836263122924 0.8961775167592666 0.8488083210342333 0.8310711051721801 0.6983655878116932 0.6417551332898188 0.5791556637618228 0.4766022888086985 0.3704192982432787 0.3197486087638678 0.20480311053247902 0.12783708719546671 0.004975652773827471 -0.05584005670376691 -0.22687712205411606 -0.34379870389421907 
0.014282900240844835 0.40307917578723707 0.5429815841769732 0.6267846145777212 0.6721433110857387 0.8029236393473784 0.8449101876948215 0.893816876360398 0.9175317510299662 0.9096243956059422 0.9896623236588828 0.9616029355647387 0.9644184208122527 0.9581851411956034 0.9316968620683372 0.9080868809559359 0.8762986210342621 0.8798298868353227 0.7310450697487876 0.6363506668246734 0.6755515279367827 0.5107426942775964 0.487248955616821 0.3489259462405178 0.23147372051842396 0.14219349594922523 -0.06348213386556219 -0.05218664459645543 -0.13692777067726414 -0.2925170394066545 
0.012849235708266776 0.389950228669085 0.46808013511834157 0.579478622370446 0.6670575405005786 0.7638871299728277 0.8185106037293748 0.8894530632503004 0.9175099973776908 0.917600784398351 0.9962649210383592 0.9591654126207113 0.9566896744433956 0.9729245969181831 0.9857049115886143 0.9345316843506686 0.9505995569117471 0.860034749200606 0.7540160263810687 0.6916402625563971 0.6637720995765197 0.530477907058711 0.5060645983603673 0.3912062864010888 0.19000244141670175 0.18881904231337768 0.08094000405075853 -0.007517081893663555 -0.10815962486673175 -0.2451874351243499 
0.011611528708270804 0.39154725506743415 0.5055308596476573 0.5932008279471213 0.6199786833817428 0.783405384660103 0.8317103957120981 0.8916349698053492 0.9260095709303073 0.9412770124265426 0.9962649210383592 0.960384174092725 0.963121500698241 0.9657095290362249 0.9775411448743186 0.9345316843506686 0.9318354296613782 0.8804579624006329 0.8052741287230583 0.6639954646905353 0.6788705808449211 0.5792367382088147 0.5458525689174281 0.4142736363696511 0.19000244141670175 0.194126425749915 0.08094000405075853 -0.029851863245059493 -0.09336330898538839 -0.22981223388404257 
0.01040972663626232 0.3847030267819095 0.484149198766041 0.5295124592927803 0.6831461927058375 0.7452495704101176 0.8548603943516102 0.8850892501402028 0.8820969027088634 0.8822519892412237 0.9933812108766094 0.9574939057030898 0.9761343935835172 1.0 0.9574002029990634 0.9518115139665824 0.9432074434402701 0.9499480402053377 0.7430558500228335 0.7112474312646139 0.6519926712162568 0.5498832894752184 0.5281450277120059 0.43514915010389815 0.2452595336499616 0.24339641424977407 0.18650312292591473 -0.006924459072260115 -0.11268123429170689 -0.19785783084204522 
0.009489334631567245 0.3585913431435752 0.48596133719626 0.5141774172118566 0.5978634269324874 0.7497212742379423 0.7673059899280017 0.8579031839731988 0.8824725145382278 0.9588987048040054 0.9320013888243963 0.9774777378479884 0.9585535219357806 0.9569204180679961 0.9546601557003775 0.9423964960503599 0.9341026032931374 0.8787183840085611 0.8465513540067925 0.7171967614393215 0.7176410827444519 0.5562062900215614 0.5569869670663484 0.42427405283761044 0.29852529828197627 0.2544126338121034 0.12290342789128778 0.057282657720738546 -0.0854437893516449 -0.25273069926703595 
0.00844184675664969 0.3585913431435752 0.43192671437587493 0.4983556244957406 0.5978634269324874 0.7160543307726893 0.7886244211322557 0.8501228901963842 0.9100981676565495 0.9877375026312291 0.9259411341552068 0.9992827437657226 0.9446793003312994 0.979598136278424 0.9671115199088097 0.9444625330115659 0.9485296738792803 0.8721833259248474 0.8218238617803642 0.7200467853387333 0.6704097194738412 0.5892130581271044 0.5434083675485104 0.4112600386809477 0.3638837758347384 0.2874652846416871 0.1395479634569744 0.07055959339739627 -0.06699100425627619 -0.19862825712127533 
0.007431791450138139 0.3170173073358986 0.47131197565354693 0.4670068221576758 0.5388449336491066 0.6726581158688856 0.7745348306132169 0.8013456087170013 0.8331638416898662 0.9040548579281046 0.978198176591207 0.9875519305276749 0.96257592588549 0.979223771338376 0.9957090203813213 0.9586299628608067 0.9050377103092525 0.9123401969745424 0.8937658460497597 0.8180276999776805 0.7492396865332649 0.6659384530391439 0.550062792359471 0.48686976473436483 0.3567423416212858 0.31014686402921954 0.1849606133250364 0.09342310978164393 -0.012096648149872477 -0.19531381277931142 
0.006503331266903179 0.33093743031899703 0.44169283481901395 0.5014079619921221 0.6735981441406937 0.6832484474211323 0.7593702078509362 0.8306263763385345 0.8485984873012313 0.9482782544513506 0.9614625092505207 0.9840682263495821 0.9642040998490293 0.9928954347803579 0.9732778391441094 0.9833536899603845 0.9842222881098779 0.8993644388855877 0.8858864974924334 0.8285987407654909 0.7457403570853889 0.6800358929574664 0.5269196791077508 0.501577030887651 0.3844235848415651 0.3073686411704387 0.17797338840910165 0.06558187812679066 0.03428095236344298 -0.12360840020141886 
0.005931139594713565 0.3520878795193842 0.3706984765333722 0.5218034988968516 0.5839027078830057 0.6662967201666582 0.7143380479136887 0.8202219089511003 0.8990960498140966 0.9433488943349316 0.9273713490860834 0.9768811629485904 0.9812692997243508 0.8853399985158026 1.0 0.9671785701038134 0.9470785393337907 0.9128812070746009 0.8685430113390936 0.782869006345974 0.7572427511616323 0.6671361645565403 0.5678060956654839 0.49456410239981907 0.41738964539199463 0.30063672748700115 0.1709861634931669 0.1310122948347838 0.020054850413181252 -0.11977782407912589 
0.0051687125295168225 0.31815332622068004 0.34291639006212016 0.5202704714209342 0.6223594190889994 0.6904112782016367 0.7343154704731785 0.8021595340255703 0.8835228973550779 0.9297033151051108 0.9191103038878271 0.9740141233385748 0.9726242114959884 0.9806108153632265 0.9936112892106274 0.9833536899603845 0.9835979588604082 0.9263708532999977 0.8936147726358237 0.8391697815533014 0.7850991167951006 0.6929356213583923 0.5902202904484706 0.5078060961745365 0.4413674177653575 0.3489459605868589 0.22968132659470378 0.16776990778577727 0.013154693885042267 -0.1264300670382352 
0.004581551912864139 0.28717069624641894 0.38429160751322894 0.4810124250873925 0.5523850829382688 0.6938387789733791 0.7641830076481455 0.8145914798554101 0.8369376741792018 0.9264341156653015 0.9713780242683344 0.9828352938424944 0.9648939488967491 0.9879003046398454 0.9508466579068975 0.9648793225298485 0.9228923178511814 0.9262061290115797 0.8629461660351774 0.8297065062959177 0.7700973932709811 0.664994428373888 0.5673599454071352 0.4339644129083738 0.4301805022891438 0.3234110485902777 0.23933882864424738 0.12422451244833127 0.059660531004526174 -0.058555230582635634 
0.004030773444309529 0.2667496490543239 0.37531545441518355 0.5202704714209342 0.5552270820944853 0.6319627450163885 0.707144255859392 0.7898493320561454 0.8602593004232608 0.9172728698323386 0.9299487325889435 0.9740141233385748 0.9726242114959884 0.9853051492469878 0.9978101722961339 0.9879171354544191 0.9708466843253968 0.9263708532999977 0.9182140600797967 0.847742772962709 0.774826004269326 0.6929356213583923 0.5902202904484706 0.5081980277750098 0.4413674177653575 0.35856383402937575 0.2435330511536431 0.1646651803944457 0.03083087409937349 -0.05739903798022347 
0.003496731111462391 0.2907924166877638 0.3327323199985807 0.4416312992520638 0.4953859768290986 0.6616668890310352 0.6952366239206751 0.7815350790230318 0.8512384405901976 0.8544903943256907 0.9664622769332614 0.9849041430548092 0.9677050122111719 0.9737776696357461 0.9750972715831356 0.9843024130285866 0.9532286991538742 0.9319327893245959 0.861219503904785 0.8338789677224367 0.7954209659327691 0.699150812443033 0.6173774894841466 0.5558981982489987 0.4426067538327467 0.34615337847222644 0.242387786136466 0.15989257573470814 0.060175054275207786 -0.0905405608573248 
0.00306086218351337 0.2624041161551135 0.345145447592561 0.44080134392639997 0.5431642926535005 0.6792295600360644 0.7747492749068091 0.7687989284052876 0.8477057854599994 0.8702377115870981 0.9517039298892329 0.9638608867101544 0.9768705661636523 0.9805493320324081 0.9625141874185348 0.9944007530973884 0.9476592424307708 0.9570259015525107 0.869140399110758 0.829712297859167 0.7964255631584619 0.704914888859747 0.6134633708200872 0.5274669627513409 0.4301805022891438 0.3585273643689441 0.268480994348277 0.15064830292973164 0.04155552097118962 -0.05487594805700565 
0.002655625039026009 0.2541435409600188 0.3699268627592857 0.44164472360983115 0.5268442082844035 0.6384137964333216 0.7262590113994194 0.7815099525427742 0.831502975278523 0.8669857566303534 0.9777109153949501 0.95419660408453 0.9914106468937711 0.9845951555147892 0.9881896864095456 0.9955392874778313 0.9554771151634859 0.9414582904315889 0.8748460304316432 0.8419774709086576 0.7850920728567092 0.7005036046548376 0.6078826570412528 0.5562508987821974 0.4588472030521855 0.39339373510244074 0.303301521959582 0.14658814476284399 0.06286226877029456 -0.04221369107594718 
0.0023062108799912955 0.21534597188796775 0.3519168608361003 0.4398483090989491 0.4880947450999714 0.6215085740757751 0.731678000861009 0.7775391300867205 0.8094249793832833 0.8850327479179325 0.9230263365199738 1.0 0.9809391534052558 0.9805143476630269 0.989231633802895 0.9924805809484536 0.9580954097903853 0.9310478297850064 0.9238850723317429 0.8563157643721164 0.7715052885943832 0.737422958576936 0.6268518187093165 0.589666785817514 0.46815357253572726 0.3737878815884361 0.2573847757125824 0.1615604530031141 0.09181357390402942 -0.04978899049516606 
0.001998988039003464 0.25392090953654844 0.37346700866654936 0.41484318667368975 0.5297976515942342 0.6426366830877306 0.6821394450988676 0.7781884772128169 0.8415160929074619 0.8695903494725304 0.9417790306825213 0.9991198734516467 0.9861599457255875 0.9783052763393213 0.9738404306045911 0.9967105658332054 0.975454847978285 0.9353908425032994 0.885338248331341 0.8401568005761938 0.7931831552325443 0.6782357967475241 0.6149790838089078 0.5736597635803535 0.47426019640529005 0.39743122692991806 0.2803690169057176 0.1904395030449159 0.07808802561405062 -0.02911497635294155 
0.0016851308602137856 0.24994213804607457 0.3374258280045019 0.4134417612191521 0.5389735923942465 0.6235725489533362 0.7262815354017738 0.7820037493330945 0.7914653047816209 0.8857316323617017 0.9010570866401129 0.9545968656106202 0.9870284340284711 0.9971511820813302 0.9888246820237179 0.9912360265682985 0.9409518792578175 0.941801342873327 0.8987301940594271 0.8565724378437656 0.8396604153669216 0.7379514557791733 0.6355626387346545 0.5579785437013387 0.4757118979804117 0.3821330328792337 0.2935240034069051 0.1814003018846267 0.12157738049692635 -0.02251210606766682 
0.0014529919006307948 0.24272899542381396 0.3539434789608133 0.429611146449233 0.5457921808041996 0.5920980451631802 0.7254593853670535 0.7677807715469818 0.8147303534463168 0.8733625005462506 0.9324686688547996 0.9589493944071075 0.9848373275958211 0.9799028895286821 0.9830376649118432 0.9907289139884269 0.9548215434131512 0.9340447972151491 0.9090466010019747 0.8721128775088598 0.7952514472874709 0.7347591328086142 0.6363671352818014 0.5641886991690956 0.47780433491301055 0.388295481697102 0.27421605142467576 0.17839006159730814 0.09370862499897273 -0.02122179102380087 
0.001220852941047804 0.22732014205986595 0.32941675367590884 0.4238842366699669 0.5243333612482766 0.6157010303461798 0.6800674822831001 0.7640095230718728 0.7857396640462646 0.8743000709673245 0.9842231017033476 0.9503752691261114 0.9933526045043777 0.9807717662649607 0.9878746931618809 0.9926709245903711 0.965183578887268 0.9285413700060982 0.8938909096078531 0.8696829113887845 0.8040926545282129 0.7377028093362569 0.6577549426182326 0.5447430684076879 0.5050636266766035 0.37164589631320016 0.2988623874509643 0.18715670769378917 0.09754485577292538 -0.0291195792843705 
0.0010409509474219873 0.22395441369568392 0.3200063166174535 0.4350009415259266 0.5457921808041996 0.60771073296894 0.696853016896111 0.7584297783321698 0.8054576648338916 0.8734513450928849 0.9383809562966726 0.9633019232035948 0.9862721929246299 0.9777054166439678 0.9768436960207914 0.9973358852618248 0.9674599421784551 0.93782130812254 0.9076340401188947 0.8721128775088598 0.8197167399744885 0.7690633767388767 0.6563715641109632 0.572193543269318 0.49070249511620156 0.39737361167475405 0.2869546028418503 0.18965252359603785 0.09560367609391604 -0.016837757693958413 
8.662438679046306E-4 0.20455562915965841 0.31100131565586075 0.4238699423328265 0.5457921808041996 0.5992581217901667 0.6995625116269057 0.7584297783321698 0.8054576648338916 0.8734513450928849 0.9383809562966726 0.9862036211613298 0.9810364461803722 0.9756650127180867 0.977364669717466 0.995806531997136 0.9687690894919048 0.93782130812254 0.9321535610689445 0.8721128775088598 0.8197167399744885 0.7690633767388767 0.6658561449449951 0.572193543269318 0.49535567985797246 0.39737361167475405 0.2869546028418503 0.18965252359603785 0.11007932866078346 -0.020625407403567855 
7.193158741967459E-4 0.20932350834964003 0.3519168608361003 0.41507953023067906 0.4880947450999714 0.6003251805727711 0.7297792554953253 0.7580586025994567 0.7989641032805646 0.8850327479179325 0.9078746778662042 0.9558310006347508 0.9962343593124581 0.9805143476630269 0.9934257593232444 0.9929351486577429 0.9580954097903853 0.9325768875731799 0.9238850723317429 0.8563157643721164 0.8055482492693977 0.737422958576936 0.6428569813090836 0.589666785817514 0.48220999378286655 0.401585182012632 0.2923382098564993 0.18753793887097384 0.10516354900585131 -0.007326223197687375 
6.00367457142533E-4 0.241875982459893 0.3374258280045019 0.40255464562204935 0.5069053068776215 0.59170643377842 0.7147048256525104 0.7628147943506594 0.805117523216533 0.8822583264283321 0.914731806529181 0.9504046627072621 0.9890338636381116 0.9873401775070778 0.9800822926571253 0.9912360265682985 0.9409518792578175 0.9301200896613218 0.9094333605129155 0.8545901914978018 0.8189976059805587 0.7379514557791733 0.6355626387346545 0.5808108354703218 0.4809219697279429 0.39501772627878495 0.2935240034069051 0.2043609409839065 0.10478797581769442 -0.010934474543296512 
4.860982328835035E-4 0.23783923867851264 0.3295503995129201 0.4068914137892705 0.4594379444151567 0.6122070677183045 0.6727093849466927 0.7513923853821183 0.8517916570309779 0.8671543444354549 0.978166443151866 0.9496131647185336 0.9954215061130522 0.9829888042960937 0.986154706230969 0.9998103313892432 0.9465110249582215 0.9323323995976243 0.9100318312152038 0.8793502596850111 0.8142084661520064 0.745598842420142 0.6429004250285357 0.5666066507376193 0.5043214294384923 0.4045650697605708 0.27725093692773817 0.20193375176739908 0.1069578211890754 -0.016695771217681732 
4.0451966637839734E-4 0.21339278011073615 0.30226394144577673 0.4085031010514294 0.4947913840697479 0.6063344358868477 0.6958033530495122 0.7199474709467312 0.8211102726875269 0.8849570463299858 0.9431715285661176 0.9414314975667574 0.9848609578926534 0.9741501918945851 0.9868064864012416 1.0 0.9800983409437591 0.9468992205577937 0.8882289700975612 0.8731041177128271 0.8230247959931893 0.7787387073732508 0.6734438495516369 0.5928710406216238 0.4810320170669852 0.3968617366651739 0.28088329149742697 0.18553615908754453 0.08927744924792816 -0.007187204230246743 
3.229410998732911E-4 0.19311920421297307 0.32640186879696886 0.3939970424920294 0.5170985047640699 0.5951974354643758 0.6721753257350495 0.752050990493908 0.8287346016920255 0.8925352536775872 0.9378694580465241 0.9401232150313489 0.9791487450456413 0.9912476367886551 0.9770620961015928 0.9916261204165748 0.9494923113503584 0.944289384129918 0.9071912567160615 0.8653398265551974 0.839380684647398 0.7414826714602869 0.6493878146836809 0.5771325688694 0.5134796632843202 0.3901591750991611 0.29913966792311225 0.1959780215306155 0.10705530890018561 -0.017280876368008114 
2.5809873858404723E-4 0.20737641966653123 0.34523789280868955 0.41115689813729683 0.5034433352233616 0.5986051382915314 0.6604009829059097 0.7548875785050154 0.8517039879162147 0.8691749887870793 0.894163187772514 0.9425945642573523 0.9802916845520657 0.9936224345588507 0.9775095088339341 0.995994000154772 0.9545900840189055 0.9245292796506215 0.9135426812644187 0.8643569424097786 0.8118231121723032 0.7264495433060674 0.6622184234882783 0.5573696253052841 0.4941737389155005 0.40450841058853604 0.30076804975390714 0.19204635240634493 0.10880623588660104 -0.013841142542890731 
2.039753898557261E-4 0.20689571149777164 0.3226012218920264 0.4077641089125177 0.4792208466550226 0.5982452656697453 0.6945760823538675 0.7567556180811508 0.8064005902319771 0.8699827351759482 0.9323739092731587 0.956518791479444 0.9665869526268208 0.9818362488781935 0.9558189275328589 0.9987462804997003 0.9511186556785691 0.9517135678849156 0.942247386710698 0.8551790286608222 0.8183410491541607 0.7375722307024635 0.6368696775998992 0.5768913439051897 0.48529880114837276 0.4009721490462385 0.2824661636505521 0.18117225629029698 0.10210457928102809 -0.014895735551596838 
1.6211371777577393E-4 0.22806343381946617 0.3241357127620511 0.408770252241337 0.5165746176617315 0.5927345925930306 0.6760007783355013 0.7268171929603293 0.7671743578559354 0.8899725171731119 0.9296024198562488 0.926985875405004 0.9579293922847651 0.9841421228366494 0.99794972508032 0.9595111363727203 0.9860752827303887 0.918699831950876 0.8972038798137236 0.8517219717984683 0.7928366019500939 0.7639318594478925 0.7035642992475786 0.5569328493858076 0.49977000524619314 0.4075312681906649 0.29068846419998934 0.2140268948739458 0.09013061613391425 -0.03479102903431248 
1.2474506622988765E-4 0.23030261387063355 0.31808923718002724 0.40640625940185443 0.5271069591286452 0.611586185216327 0.6914391331893077 0.7573053708957571 0.816710900679102 0.8852733828311291 0.9477233791312089 0.9524600184471749 0.9829551684008562 0.9905041160281014 0.9829397435996972 0.9951295983786461 0.9581097525718825 0.9215527020113118 0.9218805095281588 0.8683104122986784 0.8269761722844517 0.7410911146010374 0.6397495566534299 0.588376490474774 0.4845193946202654 0.40426434226474073 0.29008907508199444 0.20365208684727162 0.07749694437934583 -0.017248472176224137 
9.359564081367117E-5 0.19845675421079953 0.32679425477025564 0.3879484378313071 0.45459959055121113 0.580531423191692 0.6529115182807912 0.7462817043168722 0.8271525149992909 0.8649490946866971 0.9396014824742944 0.953788762369737 0.9695155794340313 0.9651871671942234 0.9770380282557178 0.991468928260626 0.9590064830495807 0.9466474648396117 0.9066449006686201 0.8623692408117163 0.786209972414476 0.7647789341915843 0.647289151699107 0.5817081684966041 0.4902615320193118 0.41458750578904024 0.2705953883479242 0.19402993352979403 0.11675967406913151 -0.012352156070523711 
6.834555011481604E-5 0.21078182851128513 0.32699475753023455 0.39455878183716164 0.4872265492221018 0.5878961188822223 0.6518999040930908 0.7572480047569468 0.7980314990652081 0.8757792296434368 0.9837794531336898 0.9505767581301825 0.9820693921407979 0.9924642264581929 0.9678893547597209 0.9881125138578475 0.9639747378187788 0.9446359864249756 0.9055267286492196 0.8617311616917143 0.8200221653571618 0.7340275414059471 0.6469275485130421 0.5868952816052184 0.4915261073572552 0.4090938972599512 0.29051606204448 0.20220643510050001 0.09114149484715417 -0.013248781901482824 
5.111037087713363E-5 0.20239760734372925 0.3033387114757336 0.41126102484573024 0.5340709493558 0.6224752224094086 0.6587779140278953 0.7438678802960581 0.7949371120569626 0.8871596759395614 0.953957348749895 0.9427018468813201 0.9739343148754573 0.9936683618036626 0.9887933232519266 0.9925931615927339 0.9742867148885173 0.9332829246408355 0.9071482840446891 0.8618367950568442 0.7568000908776489 0.7477983346670145 0.7004266274575287 0.6048098046870898 0.4720690338589125 0.41271824694033876 0.27728521145929763 0.21920217632889574 0.049023749246091 -0.014832266551517734 
3.7806993444320063E-5 0.21202791650954023 0.36105116276337756 0.41751927106690767 0.5034433352233616 0.577364633591187 0.6697658570272171 0.7524697861142737 0.8447078793704894 0.8631123500663226 0.8977239631229115 0.9549906139880431 0.9725909939098403 0.991668704918062 0.980928982430058 0.9927848913911688 0.9481457074399537 0.9069312719272595 0.9144423414614291 0.8838243780160275 0.7959509180662248 0.7130794679787168 0.6708621143741003 0.561678271405786 0.476828579294426 0.42018782329719195 0.2979602174958036 0.1910786513641476 0.11759253988454323 -0.010433812909557326 
2.634153498140231E-5 0.22262486679070798 0.3108110128802783 0.40100597298361207 0.5146030397854938 0.5855216883974027 0.6660850327880925 0.7363264138857681 0.8284654866278556 0.8554843101685158 0.8973597112075586 0.9358992953804379 1.0 0.9663134069050465 1.0 0.9663121513367708 0.9773300117811914 0.9721770013650581 0.8966722645889006 0.8625546848319541 0.8006843345479735 0.7314092235006139 0.6367272522408086 0.5549488080265198 0.4853977907424217 0.38349878557577693 0.2933822449405591 0.21369105953540599 0.14059357753812352 -0.00147278265759721 
1.83329614248893E-5 0.23903268426690183 0.3415422883925523 0.39497927762617535 0.47044149162400273 0.5873213058286749 0.6760007783355013 0.746540952414975 0.8141362517292159 0.8617951114312552 0.940904593109948 0.9443137885679694 0.9944986280343328 0.976099508859126 1.0 0.9943448345128171 0.9890561994415874 0.9569056794454209 0.9337596268020946 0.8776235453135441 0.7903744528940377 0.7522947544594456 0.7199195567284145 0.5692687886189165 0.5161279772278251 0.39753989787329064 0.29226635291320996 0.21268681079007795 0.11158615472581598 -0.023022793416355398 
1.2017074308564961E-5 0.21032108492225243 0.35680774784224656 0.39511830775790857 0.45459959055121113 0.5719986704541691 0.6678634886864498 0.7459050884650225 0.7935637109375179 0.8704869856107906 0.9538330025425019 0.9367857989884567 0.9936625747975117 0.9770071551476036 0.9613647770244811 0.9903751203548761 0.9818179634259094 0.9381936554803256 0.9040872912742393 0.872380936218663 0.8079440985944599 0.7580305886971637 0.6544608040508335 0.5725795806210667 0.5071365269182521 0.4087500181629102 0.28041518645835883 0.20635641871597685 0.12120637026908714 -0.03646562750434054 
7.895064627869115E-6 0.21152071268127742 0.299586489094155 0.3997701490581791 0.481952511396028 0.5810031097403687 0.6582657559477091 0.721674773382064 0.806994813898813 0.8718415716407462 0.9294457471633868 0.948192994647123 0.9919496351665822 0.981945602065514 0.9578663020198539 0.9948496442504728 0.9784372844556346 0.9579948963260483 0.9447309677468854 0.8568290845195884 0.8003320243942094 0.7273186879500185 0.7028430665797538 0.5888332400162101 0.512132902573456 0.40797007325650697 0.2855234837761427 0.2026149116609739 0.0925438329780256 -0.020173170180098395 
4.778713376509273E-6 0.23218267505977846 0.322234159912009 0.4054982196369703 0.5454945537332334 0.5797714446635974 0.6858131645151472 0.7477441549920549 0.8260698693541142 0.851310409304135 0.9520417630218023 0.9524143951534257 0.9881980739629297 0.98681346828726 0.9625947015786924 0.9907232302681159 0.9718414212265081 0.9432909759596573 0.9158087222881739 0.857323012674808 0.77260094616091 0.7440385580687162 0.6784685501413695 0.5803512610144945 0.5103342100339987 0.4034743073876419 0.31728623152392865 0.2082835038928075 0.11235437481955778 -0.019062157747558008 
2.743828004195591E-6 0.20408774798180107 0.27387537591260785 0.39034907186883605 0.4609234920790226 0.5850334943756841 0.6258345015651657 0.7572917541456885 0.8002319554397852 0.864586002295981 0.9524313316982302 0.9712940582942733 0.9328486922969051 0.9841397872716141 0.9949069863018114 0.9833131965708608 0.9779403305067066 0.972436312309646 0.862666354980308 0.8626876540069852 0.7995562751719512 0.7632299707854271 0.6729292466186263 0.5912126634172756 0.5030897135264545 0.4322909334181164 0.29370256350291113 0.19762323158686063 0.0849398193544874 -0.01318247547829457 
1.5209530943448098E-6 0.2086632912579985 0.27387537591260785 0.3927857393620345 0.46908560252142273 0.5850334943756841 0.6258345015651657 0.7572917541456885 0.8153677988275342 0.864586002295981 0.9461794612254126 0.9712940582942733 0.9584583753341873 0.9841397872716141 0.9793076858203313 0.9874223946661772 0.9779403305067066 0.9682076543811697 0.862666354980308 0.8626876540069852 0.8190871851644546 0.6986669783677485 0.6531876070212328 0.5788350247010825 0.5030897135264545 0.4263330248042597 0.29370256350291113 0.1993303817472631 0.0849398193544874 -0.021367741624290785 
7.437363199142039E-7 0.21843433162912457 0.3270362520196679 0.41270738981573435 0.5379240980866075 0.5852128632159401 0.6709768602239744 0.7805521858742062 0.8504533489628161 0.8372707428307389 0.9548496503346532 0.9511704657720321 1.0 0.9959810190155864 0.9198835240390917 0.9713295477380564 1.0 0.9797600717908512 0.943096549504729 0.8819620713372212 0.8191805226742263 0.7530832582482712 0.6736279267408298 0.5711607932886005 0.508941998195819 0.41282865376899347 0.3294732019413401 0.2086133633964565 0.11780605382913716 0.007427365450511671 
2.980781844940285E-7 0.21323883453419595 0.2939457561412223 0.3952224068552329 0.4772477129638229 0.5904416671791304 0.6622409102231275 0.7620447729916962 0.8305036422152832 0.8554433294515895 0.9399275907525951 0.9674942903461595 0.9840680583714694 0.9833017838311084 0.9637083853388512 0.9915315927614936 0.9395267920013918 0.9639789964526936 0.93412809805027 0.8664676116212306 0.8386180951569578 0.7296034195511936 0.6334459674238393 0.5664573859848893 0.5240606364793288 0.420375116190403 0.3370499073982792 0.2010375319076656 0.1356781660340688 -0.029553007770287 
1.2267201621936272E-7 0.22389419383402825 0.3267846153276628 0.3944233016200811 0.43759903120003685 0.595542771759394 0.6162103447056952 0.7826950240323999 0.8221592119681782 0.8461610155404313 0.9018444938413998 0.9607307968186468 0.9558607934921837 0.9862650593574414 0.9656781221619299 0.9911910204051575 0.9770237462595448 0.9201903379807117 0.8991606947750397 0.8882025124747073 0.8031182125066643 0.6961977721276613 0.7231356516908103 0.5782302524518792 0.533362979452147 0.3995540239244431 0.27742931012048855 0.2291883927413673 0.12987137479761246 -5.667779174869207E-4 
1.1080952943725282E-8 0.20318497233866387 0.25117641382514405 0.40861296086888665 0.4721015520621882 0.5899937720732875 0.542303068335602 0.7380577086307493 0.8483527645089627 0.8451851753857139 0.9335973372180671 0.953998077275027 0.9182619767545672 0.9788501715869844 0.8952440676827269 0.9758539639734674 0.9774930050162894 0.9485111135525428 0.8672543944459185 0.8596615318446619 0.8157446146228913 0.7500048284763634 0.5781774198527948 0.6246434794168592 0.5166035752949352 0.4169056153431142 0.21916584193304195 0.1912785387392223 0.0334556016057612 -0.007756836806283602 
5.540476471862641E-9 0.20973477030104234 0.3903621576034755 0.40558672456680156 0.47776636012847684 0.5991178848894847 0.6451913442926129 0.7189532441089737 0.8220020182964358 0.866481796243468 0.9046109133945293 0.9597573679239704 0.978680812091543 0.9815953147530119 0.9505824509571563 0.9859963812387351 1.0 0.9476316389067959 0.9035342446834426 0.8714768531474585 0.8269747893096533 0.7320355056291729 0.5858261911971716 0.5941713302330196 0.5159722578463177 0.4141730451377127 0.25338664874335126 0.2028960623650069 0.1493411758846592 -0.012507080173414405 
0.0 0.21048946380323696 0.224557170278259 0.40599381565489406 0.352494602333958 0.5905030130275761 0.7290932580984968 0.7324525783401814 0.9317693131998941 0.8700173348625306 0.9683636761576364 0.9579582202410406 0.9804484720091622 0.9929947137216762 0.8735771731467932 0.9957652362432265 0.9670305187072173 0.955016823565769 0.9172414377133902 0.8652855401893508 0.8205825284437516 0.7386159703242143 0.6006823750026347 0.5907265868408783 0.4690457869568051 0.4124182196573283 0.3169302737966957 0.203116610969717 -0.08888268635514915 -0.0014777628752644916 
0.0 0.21023789930250542 0.224557170278259 0.40599381565489406 0.4232376012505924 0.5933746369815457 0.7011259534965355 0.7324525783401814 0.8951802148987413 0.8700173348625306 0.9683636761576364 0.9579582202410406 0.9798592520366225 0.9891949140654548 0.8992455990835809 0.9957652362432265 0.9780203458048116 0.9525550953461113 0.9126723733700743 0.8652855401893508 0.8205825284437516 0.7386159703242143 0.6006823750026347 0.5907265868408783 0.484687943919976 0.4130031614841231 0.2957490654455809 0.203116610969717 -0.009474732275213033 -0.0014777628752644916 
0.0 0.17121448303936718 0.3230998065094755 0.5045228301017115 0.503012022314759 0.7151420942626789 0.6801615696683778 0.6493931638249952 0.8101634246425785 0.8506353564488364 0.9283498856517151 0.9456989820876431 0.975032036903765 0.9367559871610176 1.0 0.9757411985984306 0.9685479751798646 0.9401642595799184 0.9068771161673599 0.9109103885051597 0.825957371612708 0.7046154018199279 0.6608745478342835 0.7851081129865269 0.5082872528590647 0.5073186675400865 0.3180355649399074 -0.13162905685017634 0.07971108676878073 -0.12397636480702479 
