0.9323474001339038 -0.936409011413424 -0.5620488337985354 -0.9560230283295239 -1.0 -0.5538352993257182 -0.8724007722656765 -0.4955986385064186 0.8540529594134663 -0.014480695548496236 0.03789054110306915 -0.04261483633767693 0.3904235041351499 0.1339126890905443 0.5116523881266384 0.4838123718440538 0.10635527178251725 0.4823430618209524 0.30991196065568427 0.86432681564183 0.646430371183728 0.9255292090130127 0.8970148162561397 0.9580133186143319 0.9645653390068999 0.7944731127857565 0.7890783256566203 0.8883627169100682 0.856273299631328 0.8021717837009883 
0.9323474001339038 -0.9328650946509918 -0.5672020747141354 -0.9680808926666923 -0.997625589220597 -0.6090483566039162 -0.7023024508986239 -0.5284434759627223 0.7694140667028776 0.023702219513316622 -0.10380871148567446 -0.1795630401062935 0.3512704329974472 0.23862408480480696 0.46325496667579863 0.4172836372121052 0.4696481664488328 0.5109400265066555 0.3350269410396153 0.86432681564183 0.672207008456188 0.9354208407133049 0.8925902703343644 0.9611119382298159 0.9353991732595299 0.7361221928971674 0.9467520324967409 0.9426660063348797 0.928136649815664 0.8288643627296909 
0.9323474001339038 -0.9328650946509918 -0.5672020747141354 -0.9680808926666923 -0.997625589220597 -0.6090483566039162 -0.7023024508986239 -0.5284434759627223 0.7694140667028776 0.023702219513316622 -0.10380871148567446 -0.1795630401062935 0.3512704329974472 0.23862408480480696 0.46325496667579863 0.4172836372121052 0.4696481664488328 0.5109400265066555 0.3350269410396153 0.86432681564183 0.672207008456188 0.9354208407133049 0.8925902703343644 0.9611119382298159 0.9353991732595299 0.7361221928971674 0.9467520324967409 0.9426660063348797 0.928136649815664 0.8288643627296909 
0.9327181504503337 -0.961418295974377 -0.5497580063496024 -0.9771242909195685 -0.997625589220597 -0.6642614138821141 -0.7023024508986239 -0.40251411973019957 0.74963508190855 -0.03347493128657858 -0.10380871148567446 -0.41311026129802764 0.29605338532134284 0.35988983137967384 0.3924670308836585 0.36880079753542494 0.4696481664488328 0.5359259551286806 0.35248024217378293 0.86432681564183 0.7342451852759443 0.9521608131473245 0.9228908897998285 0.9570796669813973 0.9062330075121601 0.6962725623562301 0.9646029429025506 0.9684465129526234 0.9994257158695712 0.8288643627296909 
0.9337196758980675 -0.961418295974377 -0.6080899351579736 -0.9868772061499289 -0.9582097854088828 -0.79581894302344 -0.6866221658679363 -0.5075275909191228 0.74963508190855 -0.17385746180248465 -0.06783857502294052 -0.41311026129802764 0.3392541486040441 0.39026538891693574 0.3373938329346692 0.3639958201037039 0.4696481664488328 0.5359259551286806 0.2785941520596131 0.8831369183693535 0.7195038063688217 0.968167587427716 0.9228908897998285 0.9570796669813973 0.8823579116029059 0.6370438509842532 0.9646029429025506 0.9805830209648523 0.9994257158695712 0.8288643627296909 
0.9347278218354811 -0.9687952457309801 -0.5271606970694692 -0.9741098248352764 -0.9683271314799032 -0.7368849417173482 -0.5411923578032443 -0.27658476349767686 0.7298560971142225 -0.06002010130726735 -0.10518368366014345 -0.518970557777531 0.2755499562891497 0.3764441822402781 0.37007651654235807 0.32031795785874473 0.269195314512901 0.5284768228070887 0.36993354330795053 0.9349625474495387 0.7962833620957006 0.967660821214944 0.9063449495889483 0.8554629690130746 0.9341700956705988 0.6515120610657312 0.9824538533083602 0.9406433873175425 0.964068324907832 0.9437635576938748 
0.9347278218354811 -0.9243319611748031 -0.5258723868405693 -0.9513226418653613 -0.9604089143498791 -0.5189624215837951 -0.5687734567940818 -0.44681979072960265 0.7410894712816962 0.0555031347298023 -0.09730669800095643 -0.5380511713611151 0.34045152393767353 0.42879988009740944 0.4026533824673341 0.2836492102595108 0.3104378654982958 0.517376107319437 0.366218790875854 0.909389343464895 0.59511937338242 0.9255252774191736 0.8516124412893193 0.848953915777543 0.9446261865816936 0.6515120610657312 0.9342939467810203 0.9427046949219537 0.9856019703301901 0.9234343767396774 
0.9350206122504117 -0.9964686509429885 -0.5591465454051341 -0.9969848798690313 -0.9841635657399517 -1.0 -0.5497625809891042 -0.47905132813451146 0.7304136077968112 -0.3407851623390795 0.09470956393215302 -0.41493283554283156 0.293307766264316 0.45162196970708446 0.2555848790172579 0.3644726540361134 0.3694217404808669 0.543829207838744 0.3697536811018445 0.970280413353393 0.8524477349294064 1.0 0.86798461289357 0.9106503950836287 0.9218406383592086 0.6515120610657312 0.976072428593415 0.9649164033420004 1.0 0.8908077095495035 
0.9349230154454348 -0.9752674655123229 -0.5591465454051341 -0.9851040677528955 -0.9683271314799032 -0.9178280652097421 -0.5411923578032443 -0.47905132813451146 0.7270477535723541 -0.3407851623390795 0.019478827830226267 -0.5503995434362962 0.293307766264316 0.45162196970708446 0.33065456783077757 0.3532596343751767 0.269195314512901 0.5328661473947145 0.3759246193845096 0.9349625474495387 0.8524477349294064 0.9794549777988176 0.8761864987071681 0.8554629690130746 0.9218406383592086 0.6515120610657312 0.976072428593415 0.9649164033420004 1.0 0.9250407156833216 
0.9360837147996165 -0.9423661336168494 -0.5976994334425185 -0.9724691485806792 -0.8421615029147365 -1.0 -0.4160746763887796 -0.4866117058755232 0.6256354845002976 -0.3407851623390795 0.07432911426618843 -0.5442253573987057 0.293307766264316 0.4474242610983882 0.2621027414579403 0.3107080029953027 0.25001401476796414 0.5239893824492639 0.2941900769777324 0.973733922680182 0.5952161157832034 0.999298293575604 0.9547170245202046 0.8554629690130746 0.8875467166332379 0.5876014119788331 0.944738567234119 0.9482576220269654 0.9892014777476426 1.0 
0.9350206122504117 -0.9964686509429885 -0.5591465454051341 -0.9969848798690313 -0.9841635657399517 -1.0 -0.5497625809891042 -0.47905132813451146 0.7304136077968112 -0.3407851623390795 0.09470956393215302 -0.41493283554283156 0.293307766264316 0.45162196970708446 0.2555848790172579 0.3644726540361134 0.3694217404808669 0.543829207838744 0.3697536811018445 0.970280413353393 0.8524477349294064 1.0 0.86798461289357 0.9106503950836287 0.9218406383592086 0.6515120610657312 0.976072428593415 0.9649164033420004 1.0 0.8908077095495035 
0.9357293472832149 -0.9604003060588958 -0.5848484707633904 -0.9724691485806792 -0.8894955238564749 -1.0 -0.46063731125555446 -0.4866117058755232 0.6605615255991355 -0.3407851623390795 0.08112259748817663 -0.5442253573987057 0.293307766264316 0.4474242610983882 0.25993012064437954 0.3107080029953027 0.2898165900055984 0.5306026575790905 0.2941900769777324 0.9725827529045856 0.6809599888319378 0.9995321957170693 0.9258062206446597 0.8554629690130746 0.8875467166332379 0.6089049616744658 0.9551831876872177 0.953810549131977 0.9928009851650951 0.9731288921601369 
0.9360837147996165 -0.9423661336168494 -0.5976994334425185 -0.9724691485806792 -0.8421615029147365 -1.0 -0.4160746763887796 -0.4866117058755232 0.6256354845002976 -0.3407851623390795 0.07432911426618843 -0.5442253573987057 0.293307766264316 0.4474242610983882 0.2621027414579403 0.3107080029953027 0.25001401476796414 0.5239893824492639 0.2941900769777324 0.973733922680182 0.5952161157832034 0.999298293575604 0.9547170245202046 0.8554629690130746 0.8875467166332379 0.5876014119788331 0.944738567234119 0.9482576220269654 0.9892014777476426 1.0 
0.9349230154454348 -0.9752674655123229 -0.5591465454051341 -0.9994142188220903 -0.9683271314799032 -1.0 -0.5411923578032443 -0.47905132813451146 0.7270477535723541 -0.7442186991331591 0.019478827830226267 -0.5503995434362962 0.293307766264316 0.4987273601542282 0.33065456783077757 0.3532596343751767 0.5119665750899086 0.5328661473947145 0.4418070011633755 0.9349625474495387 0.8524477349294064 0.9794549777988176 1.0 1.0 1.0 0.6515120610657312 1.0 0.9649164033420004 1.0 1.0 
0.3893233257854277 0.8470678378818006 1.0 1.0 0.9372064271947808 0.9941132019410266 0.9698015571779022 1.0 0.9160391800780445 0.9849128883587579 0.9003301159920568 0.9752181358813765 0.38221385952838627 0.31661180251030085 1.0 0.29058450868338015 -0.17510465565571937 0.15486393470221702 0.2344540273181222 -0.08745920919133104 -0.38013058791845067 -0.2505024072470388 -0.9895339962140458 -0.33163259686566676 -1.0 -0.8082623073717784 -1.0 -0.6772373298862914 -0.6886921177209314 -0.6896263434887213 
0.3885014910048758 0.8182423099443515 1.0 0.9410100865699055 0.8776650527518361 0.9941132019410266 0.9698015571779022 1.0 0.9160391800780445 0.9849128883587579 0.8685612142563567 0.9735348091897007 0.31004628363195674 0.30814885445487306 1.0 0.29058450868338015 -0.1524892499569262 0.15486393470221702 0.2344540273181222 -0.08745920919133104 -0.38013058791845067 -0.1322428105155624 -0.9895339962140458 -0.33163259686566676 -0.9962218331447513 -0.8082623073717784 -0.9478599055097929 -0.6772373298862914 -0.6886921177209314 -0.6896263434887213 
0.3893233257854277 0.8470678378818006 1.0 1.0 0.9372064271947808 0.9941132019410266 0.9698015571779022 1.0 0.9160391800780445 0.9849128883587579 0.9003301159920568 0.9752181358813765 0.38221385952838627 0.31661180251030085 1.0 0.29058450868338015 -0.17510465565571937 0.15486393470221702 0.2344540273181222 -0.08745920919133104 -0.38013058791845067 -0.2505024072470388 -0.9895339962140458 -0.33163259686566676 -1.0 -0.8082623073717784 -1.0 -0.6772373298862914 -0.6886921177209314 -0.6896263434887213 
0.3910150965558109 0.7483169065065004 0.970337167273612 0.897425177667284 0.8477931763999329 0.9766408741136038 0.8246060596676132 1.0 0.8831077942915655 0.820069276854808 0.569992363770855 0.6410779166714053 0.16165659612437028 0.4212287662168653 0.8128926627815358 0.30673150020872364 0.03352503532196041 0.183928377664946 0.1423695648664866 -0.2739899538465229 0.008280998721099123 -0.3664646665245139 -0.43199625922880674 -0.031041198036275433 -0.6924752969776387 -0.545439318810482 -0.5726171999679037 -0.8889333823334368 -0.7084941965641987 -0.6927888521108612 
0.3910150965558109 0.7483169065065004 0.970337167273612 0.897425177667284 0.8477931763999329 0.9766408741136038 0.8246060596676132 1.0 0.8831077942915655 0.820069276854808 0.569992363770855 0.6410779166714053 0.16165659612437028 0.4212287662168653 0.8128926627815358 0.30673150020872364 0.03352503532196041 0.183928377664946 0.1423695648664866 -0.2739899538465229 0.008280998721099123 -0.3664646665245139 -0.43199625922880674 -0.031041198036275433 -0.6924752969776387 -0.545439318810482 -0.5726171999679037 -0.8889333823334368 -0.7084941965641987 -0.6927888521108612 
0.38821693036235155 0.7731288449821718 0.9675081558382227 0.7649659697253639 0.8426042970602231 0.9838477906571264 0.8746439408159102 0.9069201313588409 0.9294681691916269 0.8259502518592365 0.6604628627082394 0.822546142657512 0.46776415158363593 0.5670652306008223 0.8367528254887169 0.29737568663628305 -0.009548233086277905 -0.13643025585399943 0.23806376792495423 -0.29159395708190083 -0.029631739020626546 -0.10594865191791575 -0.54770206840128 -0.3049855153590918 -0.6281222007049991 -0.5256248915556632 -0.5940191856355929 -0.599311263148285 -0.7835412693061151 -0.5805685202286119 
0.39058587534935363 0.7731288449821718 0.9675081558382227 0.7649659697253639 0.7481453316144069 0.9838477906571264 0.8746439408159102 1.0 0.9294681691916269 0.8259502518592365 0.6604628627082394 0.822546142657512 0.46776415158363593 0.5670652306008223 0.8367528254887169 0.29737568663628305 -0.060338894405556356 -0.13643025585399943 0.23806376792495423 -0.30713698708966986 -0.07138918434640373 -0.37436183605569934 -0.48760075446286655 -0.17070897331022095 -0.6849703246627201 -0.5256248915556632 -0.5940191856355929 -0.6321619580303963 -0.7835412693061151 -0.5805685202286119 
0.39112381281444175 0.7855027822614374 1.0 0.7207011390992812 0.7573719342378208 0.9522552093487522 0.8832361270939626 1.0 0.8831077942915655 0.7777683453916546 0.6416689909906207 0.6759694613722207 0.5326955358030716 0.4096096795615096 0.7931006558463192 0.23178550303265333 -0.015597567563945862 -0.004817138219809919 0.202005361772431 -0.35178500114795835 -0.062391149494698726 -0.43669496813987374 -0.4543639034891807 -0.034763657226317024 -0.6683867772441997 -0.5435876685331997 -0.6005174082100999 -0.6089973918279591 -0.7990026910177164 -0.5609893113948712 
0.3910150965558109 0.7828411461853548 0.99879604974974 0.7647983277572 0.7971058760509 0.9580701528178711 0.8852343807435035 1.0 0.8831077942915655 0.7777683453916546 0.7603197098007821 0.6410779166714053 0.47354790959452375 0.28532518555761927 0.8128926627815358 0.30414563490131824 0.03133439729981252 -0.004817138219809919 0.18568699300122077 -0.27824261753023166 -0.03652421863574097 -0.3220025137463088 -0.43199625922880674 -0.09484825808537542 -0.6807069074225321 -0.3904836081439241 -0.5726171999679037 -0.6161034462794387 -0.7982493457456864 -0.49964515623620365 
0.3910150965558109 0.7162035606582775 0.99879604974974 0.8741878086073677 0.8464606777516067 0.9766408741136038 0.8246060596676132 1.0 0.8831077942915655 0.7777683453916546 0.7603197098007821 0.6410779166714053 0.3560747282177045 0.3181321781248158 0.8128926627815358 0.3025936192969216 0.03352503532196041 -0.004328295115410413 0.1423695648664866 -0.2739899538465229 0.008280998721099123 -0.3664646665245139 -0.43199625922880674 -0.031041198036275433 -0.6880468658376488 -0.3904836081439241 -0.5726171999679037 -0.6521595511546905 -0.7820345787620553 -0.49964515623620365 
0.39004383259219055 0.7828411461853548 0.9461941911772644 0.7428335544123226 0.7300995438074304 0.673576966075162 0.8852343807435035 1.0 0.9062879817415962 0.7553714537692477 0.7603197098007821 0.7318120296644587 0.49857838643056274 0.2703002369533203 0.8128926627815358 0.2521834304568104 0.08467225058906053 -0.21041772574335113 0.18658163734578231 -0.2573057762069785 -0.13855227754842278 -0.3220025137463088 -0.4543639034891807 -0.19991688672223362 -0.6557175636323066 -0.4983508860386625 -0.5833181928017483 -0.6128919258770391 -0.8903319763406994 -0.44641753126111083 
0.3918707348220296 0.7828411461853548 0.9461941911772644 0.7207011390992812 0.7300995438074304 0.8972984025047599 0.8852343807435035 1.0 0.8831077942915655 0.7553714537692477 0.7603197098007821 0.7318120296644587 0.5293926212774895 0.2703002369533203 0.8128926627815358 0.2521834304568104 0.08467225058906053 -0.21041772574335113 0.18658163734578231 -0.22301759533205606 -0.13855227754842278 -0.3220025137463088 -0.4543639034891807 -0.09484825808537542 -0.6557175636323066 -0.4983508860386625 -0.5726171999679037 -0.6264725886057931 -0.8903319763406994 -0.31226654229360973 
0.39004383259219055 0.7828411461853548 0.9461941911772644 0.7428335544123226 0.7300995438074304 0.673576966075162 0.8852343807435035 1.0 0.9062879817415962 0.7553714537692477 0.7603197098007821 0.7318120296644587 0.49857838643056274 0.2703002369533203 0.8128926627815358 0.2521834304568104 0.08467225058906053 -0.21041772574335113 0.18658163734578231 -0.2573057762069785 -0.13855227754842278 -0.3220025137463088 -0.4543639034891807 -0.19991688672223362 -0.6557175636323066 -0.4983508860386625 -0.5833181928017483 -0.6128919258770391 -0.8903319763406994 -0.44641753126111083 
0.39079397278831285 0.7496736280043524 0.9353096846132924 0.7859934312915302 0.7481453316144069 0.9676955813142527 0.8746439408159102 1.0 0.9294681691916269 0.8321959850354773 0.7020941289273089 0.822546142657512 0.46776415158363593 0.2860888349372005 0.8330289761841517 0.27254313923478357 0.016669630277332384 -0.45630004626854537 0.23806376792495423 -0.20041498190383494 -0.0922102034110821 -0.4182688975426495 -0.41795720022076305 -0.17070897331022095 -0.6934876313261176 -0.49879202303589676 -0.5818387158539302 -0.6510538398351068 -0.8570816515039716 -0.5900798655570256 
0.3910150965558109 0.7828411461853548 0.999413254126306 0.7207011390992812 0.7203911322991743 0.9586427648262553 0.8852343807435035 1.0 0.8831077942915655 0.7777683453916546 0.7603197098007821 0.7318120296644587 0.5293926212774895 0.2693035139638116 0.8128926627815358 0.3161121058386972 0.02290669477749851 -0.004817138219809919 0.202005361772431 -0.22301759533205606 -0.08676981970183159 -0.3220025137463088 -0.4543639034891807 -0.09484825808537542 -0.6706465662631811 -0.4983508860386625 -0.5726171999679037 -0.6089973918279591 -0.8357728821166446 -0.5609893113948712 
0.3918707348220296 0.7828411461853548 0.9461941911772644 0.7207011390992812 0.7300995438074304 0.8972984025047599 0.8852343807435035 1.0 0.8831077942915655 0.7553714537692477 0.7603197098007821 0.7318120296644587 0.5293926212774895 0.2703002369533203 0.8128926627815358 0.2521834304568104 0.08467225058906053 -0.21041772574335113 0.18658163734578231 -0.22301759533205606 -0.13855227754842278 -0.3220025137463088 -0.4543639034891807 -0.09484825808537542 -0.6557175636323066 -0.4983508860386625 -0.5726171999679037 -0.6264725886057931 -0.8903319763406994 -0.31226654229360973 
0.39163424452575607 0.7710367908162585 0.9461941911772644 0.7207011390992812 0.8375502862816322 0.94864920125238 0.9068309322846817 1.0 0.8831077942915655 0.8011598307225849 0.7771432308088795 0.7426030383193982 0.5426928647834982 0.40397693952444885 0.8128926627815358 0.1942604308324643 0.14442726615656915 -0.1449143951128813 0.09987257222039993 -0.16995077249608787 -0.19595430479394027 -0.5141427531099056 -0.3717591315689828 -0.09484825808537542 -0.628702408148625 -0.18557539979394483 -0.5189183286745722 -0.6280497392993881 -0.7495468034750565 -0.19089549887533733 
0.39195809153334055 0.676451145972336 0.9461941911772644 0.6726403141167268 0.8125849422873017 0.9291063756004686 0.9068309322846817 1.0 0.8869394519627509 0.8563409863719167 0.8839118507290222 0.7761049150221835 0.6068310850315577 0.4006352358374491 0.8128926627815358 0.1488483630543149 0.14442726615656915 -0.2750230257142887 0.09987257222039993 -0.07638411776573978 -0.19595430479394027 -0.5141427531099056 -0.3717591315689828 -0.12710886742763888 -0.6364734652976125 -0.18557539979394483 -0.47367407617795804 -0.6280497392993881 -0.7753901261121138 -0.052085567307099345 
0.3913082501698677 0.5075885888449763 0.9579895152443703 0.7626116762682753 0.7965299897629459 0.8983080975159401 0.8793405078040495 0.9855460207887954 0.8907711096339364 0.8881306566903182 0.889976713865415 0.708081670076976 0.4969647692460358 0.31144877075081623 0.7529427978635537 0.17479473388523695 0.15581868409425617 -0.12113544554357311 0.13331021807748727 -0.16059212122775113 -0.20001865759216683 -0.7062829924735025 -0.5081437725661174 0.03443108470281862 -0.7257861212845809 -0.07461900069795546 -0.4652194573812407 -0.6296268899929831 -0.8337212240361698 -0.22202529309972768 
0.39096383374879246 0.7385379933539248 0.9229012079403944 0.8430808546745182 0.9117858057780763 1.0 0.9231426156495683 0.8591245862166474 0.8361371347832893 0.846948207675922 0.9330177724250298 0.7695673540356311 0.5559931082895069 0.481487093584717 0.642190587646422 0.12700381665335125 0.09395912775151218 -0.1574485768654295 0.06079261644136699 -0.11688394966011967 -0.24644045320383 -0.728488315190758 -0.26226442511031656 0.23185610202444873 -0.6016872526649435 -0.08466585621958067 -0.5559588500506546 -0.6064030660722324 -0.7011085384919247 -0.23140072856548471 
0.39195809153334055 0.676451145972336 0.9461941911772644 0.6726403141167268 0.8125849422873017 0.9291063756004686 0.9068309322846817 1.0 0.8869394519627509 0.8563409863719167 0.8839118507290222 0.7761049150221835 0.6068310850315577 0.4006352358374491 0.8128926627815358 0.1488483630543149 0.14442726615656915 -0.2750230257142887 0.09987257222039993 -0.07638411776573978 -0.19595430479394027 -0.5141427531099056 -0.3717591315689828 -0.12710886742763888 -0.6364734652976125 -0.18557539979394483 -0.47367407617795804 -0.6280497392993881 -0.7753901261121138 -0.052085567307099345 
0.39163424452575607 0.7710367908162585 0.9461941911772644 0.7207011390992812 0.8375502862816322 0.94864920125238 0.9068309322846817 1.0 0.8831077942915655 0.8011598307225849 0.7771432308088795 0.7426030383193982 0.5426928647834982 0.40397693952444885 0.8128926627815358 0.1942604308324643 0.14442726615656915 -0.1449143951128813 0.09987257222039993 -0.16995077249608787 -0.19595430479394027 -0.5141427531099056 -0.3717591315689828 -0.09484825808537542 -0.628702408148625 -0.18557539979394483 -0.5189183286745722 -0.6280497392993881 -0.7495468034750565 -0.19089549887533733 
0.3912766631223705 0.6638478211183955 0.9523852261476643 0.7667031679899485 0.8070926907026489 0.9488415401886383 0.9312984573320117 0.9897228191576167 0.8173643783464255 0.8698423961525906 0.9297864343720954 0.7609510995005274 0.5426928647834982 0.3955870244297781 0.6432895490885413 0.16529893102029125 0.10798070651304274 -0.2526375917583003 -0.030191025467673636 -0.16995077249608787 -0.2691212539854428 -0.7381459062884352 -0.3717591315689828 0.21305988848976987 -0.630240020837531 -0.040171264540835916 -0.5654463762359246 -0.6193344838289854 -0.7350138085152268 -0.006364438311437015 
0.39096383374879246 0.7385379933539248 0.9229012079403944 0.8430808546745182 0.9117858057780763 1.0 0.9231426156495683 0.8591245862166474 0.8361371347832893 0.846948207675922 0.9330177724250298 0.7695673540356311 0.5559931082895069 0.481487093584717 0.642190587646422 0.12700381665335125 0.09395912775151218 -0.1574485768654295 0.06079261644136699 -0.11688394966011967 -0.24644045320383 -0.728488315190758 -0.26226442511031656 0.23185610202444873 -0.6016872526649435 -0.08466585621958067 -0.5559588500506546 -0.6064030660722324 -0.7011085384919247 -0.23140072856548471 
0.39091908171898504 0.6579456434338473 0.9523852261476643 0.7513691583597261 0.8508706146201097 0.9745169395624483 0.9231426156495683 0.9794456383152335 0.8173643783464255 0.846948207675922 0.9297864343720954 0.7609510995005274 0.5559931082895069 0.4521382422659684 0.6432895490885412 0.1363374312081182 0.07153414686951634 -0.2255083103514454 0.01316350709501755 -0.11688394966011967 -0.24473227092160862 -0.7381459062884352 -0.27423394993315675 0.23185610202444873 -0.6047624780427553 -0.08863930962520555 -0.5654463762359246 -0.6106192283585827 -0.7398581401685034 -0.006364438311437015 
0.39091908171898504 0.6579456434338473 0.9523852261476643 0.7513691583597261 0.8508706146201097 0.9745169395624483 0.9231426156495683 0.9794456383152335 0.8173643783464255 0.846948207675922 0.9297864343720954 0.7609510995005274 0.5559931082895069 0.4521382422659684 0.6432895490885412 0.1363374312081182 0.07153414686951634 -0.2255083103514454 0.01316350709501755 -0.11688394966011967 -0.24473227092160862 -0.7381459062884352 -0.27423394993315675 0.23185610202444873 -0.6047624780427553 -0.08863930962520555 -0.5654463762359246 -0.6106192283585827 -0.7398581401685034 -0.006364438311437015 
0.39091908171898504 0.6296728565882446 0.9523852261476643 0.7513691583597261 0.8508706146201097 0.9813019872493769 0.9233231531254449 0.9794456383152335 0.8173643783464255 0.846948207675922 0.9297864343720954 0.7609510995005274 0.559318169166009 0.4521382422659684 0.6432895490885412 0.1363374312081182 0.07153414686951634 -0.2255083103514454 0.01316350709501755 -0.11688394966011967 -0.24473227092160862 -0.7930452268297876 -0.27423394993315675 0.327553210402389 -0.6047624780427553 -0.06440528708302073 -0.5654463762359246 -0.6106192283585827 -0.7398581401685034 0.040056657153712594 
0.3906646906631357 0.772427248025718 0.9631812202734187 0.7513691583597261 0.8508706146201097 0.9750015151277219 0.9289030531370459 0.9794456383152335 0.7790753679388901 0.8919410280475779 0.8244660859302384 0.7609510995005274 0.5965646761945549 0.4375157921280633 0.5549111638747259 0.1363374312081182 0.031573951360160044 -0.2255083103514454 0.10046903542207979 -0.11688394966011967 -0.24473227092160862 -0.8501474828777 -0.26945188202995773 0.42325031878032926 -0.5927925129898204 -0.040171264540835916 -0.5654463762359246 -0.6106192283585827 -0.7398581401685034 0.0864777526188622 
0.39085195367427394 0.8141484702765291 1.0 0.7387112916577715 0.9025632546424986 0.9643155217695223 0.8902153970654937 0.9462526560169697 0.830394872665902 0.953139309847054 0.8205413350409607 0.7566429722329756 0.5673672491810462 0.44364694547274525 0.6495056061930345 0.1410042384855017 0.03438303968069269 -0.0919228212189292 0.04370319417324126 -0.11348580367236435 -0.2421699974982765 -0.7526322929349513 -0.29218823716741704 0.23185610202444873 -0.6080333204007324 -0.09459948973364288 -0.5796776655138297 -0.6085111472154076 -0.7164448213797419 0.31854142920210066 
0.3906646906631357 0.8289728217169237 0.9600857027882188 0.7513691583597261 0.8508706146201097 0.9614314197538649 0.9285419781852927 0.9794456383152335 0.8173643783464255 0.846948207675922 0.8244660859302384 0.7609510995005274 0.5899145544415506 0.4375157921280633 0.6377036536110957 0.1363374312081182 0.07153414686951634 -0.2255083103514454 0.10046903542207979 -0.11688394966011967 -0.24473227092160862 -0.7381459062884352 -0.31821447284787074 0.23185610202444873 -0.6047624780427553 -0.08863930962520555 -0.5654463762359246 -0.6106192283585827 -0.7398581401685034 -0.006364438311437015 
0.39091908171898504 0.6579456434338473 0.9523852261476643 0.6981387162905012 0.8508706146201097 0.975789392000094 0.907553082188188 0.9155869722736482 0.8065297734764947 0.8911454714658967 0.8566822517792961 0.7609510995005274 0.5559931082895069 0.3933199367740458 0.6473076833087962 0.1363374312081182 0.06450687513785655 -0.2255083103514454 0.2171302092905133 0.011571988765273988 -0.24473227092160862 -0.7381459062884352 -0.2742339499331568 0.2879401754263856 -0.6047624780427553 -0.08863930962520555 -0.5654463762359246 -0.6495989580744296 -0.7823649643748938 -0.005211117014738906 
0.39085195367427394 0.8141484702765291 1.0 0.7387112916577715 0.9025632546424986 0.9643155217695223 0.8902153970654937 0.9462526560169697 0.830394872665902 0.953139309847054 0.8205413350409607 0.7566429722329756 0.5673672491810462 0.44364694547274525 0.6495056061930345 0.1410042384855017 0.03438303968069269 -0.0919228212189292 0.04370319417324126 -0.11348580367236435 -0.2421699974982765 -0.7526322929349513 -0.29218823716741704 0.23185610202444873 -0.6080333204007324 -0.09459948973364288 -0.5796776655138297 -0.6085111472154076 -0.7164448213797419 0.31854142920210066 
0.39091908171898504 0.6296728565882446 0.9523852261476643 0.7513691583597261 0.8508706146201097 0.9813019872493769 0.9233231531254449 0.9794456383152335 0.8173643783464255 0.846948207675922 0.9297864343720954 0.7609510995005274 0.559318169166009 0.4521382422659684 0.6432895490885412 0.1363374312081182 0.07153414686951634 -0.2255083103514454 0.01316350709501755 -0.11688394966011967 -0.24473227092160862 -0.7930452268297876 -0.27423394993315675 0.327553210402389 -0.6047624780427553 -0.06440528708302073 -0.5654463762359246 -0.6106192283585827 -0.7398581401685034 0.040056657153712594 
0.3907400735997554 0.8897589471991334 1.0 0.7387112916577715 0.9025632546424986 0.9286310435390446 0.8902153970654937 0.9462526560169697 0.830394872665902 0.8869306968723514 0.7080648976568916 0.7437185904303201 0.5787413900725855 0.4058067973607735 0.6495056061930345 0.15500466031765212 -0.0251930483901268 -0.0919228212189292 0.026613771905115532 -0.11008765768460904 -0.237899541792723 -0.7767762706791446 -0.3221120492245175 0.23185610202444873 -0.6080333204007324 -0.10453312324770507 -0.6033964809770048 -0.6106192283585827 -0.731781104267559 0.31854142920210066 
0.3906646906631357 0.772427248025718 0.9631812202734187 0.7513691583597261 0.8508706146201097 0.9750015151277219 0.9289030531370459 0.9794456383152335 0.7790753679388901 0.8919410280475779 0.8244660859302384 0.7609510995005274 0.5965646761945549 0.4375157921280633 0.5549111638747259 0.1363374312081182 0.031573951360160044 -0.2255083103514454 0.10046903542207979 -0.11688394966011967 -0.24473227092160862 -0.8501474828777 -0.26945188202995773 0.42325031878032926 -0.5927925129898204 -0.040171264540835916 -0.5654463762359246 -0.6106192283585827 -0.7398581401685034 0.0864777526188622 
0.0027455211110501854 0.5627681677875094 0.2530846815644754 0.2659424287825105 0.36251981007915385 0.2364737925651919 0.398533438905127 0.6810260819861118 0.9684950442768946 0.7550160150654911 0.43806532588645153 0.7432823816293886 0.9024105624667593 0.921648540441085 0.982638556622931 1.0 0.31128640205120284 0.8584930484684035 0.6462108100852989 0.9241051212162796 0.48289026520998896 0.5312669734727375 0.6163463921553163 0.3510495968020253 0.38150359949231916 0.016921218599205673 0.18165375057613165 0.0312448680855245 0.4900588845843355 -0.05155442373610053 
0.005520739663951873 0.4836473226946961 0.33306007179959163 0.3413339843042229 0.5294332393857862 0.24873803761181298 0.4308218239745163 0.9244847009808359 0.8963886676239277 0.768266335772628 0.2726605674153063 0.7695479245950932 0.9699374595333452 0.7976277926700288 0.9830903031357381 0.9915341344655327 0.4065996590040302 0.7106132225408894 0.4887542616742824 0.864242290087677 0.4523731279565515 0.2563969759685243 0.6184147302291281 0.2933799019515799 0.2862403422477138 0.12084431101011713 0.307759325443413 -0.008267458104306694 0.7140227950582259 0.1347134106394618 
0.004567421738518856 0.4368398461009262 0.1017146256861798 0.3413339843042229 0.5523015760426684 0.2115399434870606 0.45704338795898986 0.7530146811253766 0.8963886676239277 0.8500038507301655 0.12669301624375215 0.7172130221664533 0.9776993160515786 0.7976277926700288 0.9812221620393196 0.9915341344655327 0.30845852543757135 0.8062770329368865 0.28478755947878664 0.7961982111147944 0.46316391836990434 0.4630018502602751 0.676050246089426 0.2124523254396292 0.2543174449470959 0.07559017089672831 0.2763022679857029 0.0456382888894669 0.7679416166093853 0.1492390359808165 
0.004291066189103633 0.4809618824381139 -0.1964072334758523 0.30078406478710545 0.4277013200273397 0.2075975054671556 0.45704338795898986 0.7449657884237929 0.9160926746875928 0.7664600106615767 0.5596117753606995 0.8384807410679594 1.0 0.7507264468849557 0.9563069076505618 0.9855757213943812 0.30845852543757135 0.743007457539691 0.2382774056943074 0.7357863516622833 0.37040626554201117 0.3959172447508034 0.6163463921553164 0.18919444377812383 0.45182255726687026 0.055680917202929794 0.21722873629654937 0.08210968406707435 0.4258657538170797 0.16406974598957022 
0.005520739663951873 0.44098101984227667 0.08001784879372827 0.3413339843042229 0.5294332393857862 0.24507076042393391 0.4308218239745163 0.9208817100951858 0.8963886676239277 0.8099971799040542 0.2726605674153063 0.7172130221664533 1.0 0.7976277926700288 0.9928976687142801 0.9915341344655327 0.4051857206972145 0.6914898411705364 0.28478755947878664 0.7357863516622833 0.4523731279565515 0.2737569240854761 0.6184147302291281 0.2124523254396292 0.22264726497510212 0.055535352828004717 0.307759325443413 0.003764763100674459 0.7140227950582259 0.1492390359808165 
0.0032697056992514063 0.5218650251128116 0.2530846815644754 0.3045994734174027 0.4072222874127665 0.22098247968038265 0.41969996283593414 0.7714345500050738 0.9398133699762999 0.7550160150654911 0.43806532588645153 0.7483076006830436 0.9398749190666904 0.9283318531407823 0.982638556622931 0.988554927929957 0.31128640205120284 0.8436548759036224 0.4422441078898032 0.8965837907971368 0.39463574357831677 0.46137651494563436 0.6163463921553163 0.3065944642308411 0.4240411931081502 0.15210477051591742 0.1441448711644514 0.061160005175396825 0.491466040716086 0.15521898708253465 
0.005520739663951873 0.44098101984227667 0.08001784879372827 0.3413339843042229 0.5294332393857862 0.24507076042393391 0.4308218239745163 0.9208817100951858 0.8963886676239277 0.8099971799040542 0.2726605674153063 0.7172130221664533 1.0 0.7976277926700288 0.9928976687142801 0.9915341344655327 0.4051857206972145 0.6914898411705364 0.28478755947878664 0.7357863516622833 0.4523731279565515 0.2737569240854761 0.6184147302291281 0.2124523254396292 0.22264726497510212 0.055535352828004717 0.307759325443413 0.003764763100674459 0.7140227950582259 0.1492390359808165 
0.0037031048234092917 0.44036616645636967 0.15830715665757883 0.2872415252065952 0.4277013200273397 0.2075975054671556 0.46869275370947017 0.824160369334358 0.9302118212342125 0.7779861580633988 0.6749718510654059 0.917081186462304 1.0 0.7859663306439543 0.9616074308822355 0.988554927929957 0.30845852543757135 0.7332802743783211 0.21502232880206776 0.6711033502433639 0.3861530900194397 0.4282819540263716 0.6853086833320896 0.23446749900708524 0.45182255726687026 0.07494303998381807 0.23843742019062272 0.07038255309555035 0.5420595557974182 0.14097544434714057 
0.005520739663951873 0.4427441800199984 0.10831411427942778 0.3413339843042229 0.5294332393857862 0.24309954141398143 0.4308218239745163 0.9564545541996765 0.8963886676239277 0.7739883335706708 0.2726605674153063 0.8171471043143786 1.0 0.7976277926700288 0.9830903031357381 0.9915341344655327 0.4051857206972145 0.6549914618912537 0.28478755947878664 0.7357863516622833 0.4523731279565515 0.2563969759685243 0.6184147302291281 0.2124523254396292 0.3213998211349893 0.055211787371549595 0.307759325443413 0.01613689520371618 0.7140227950582259 0.14510724016397852 
0.004855497177489303 0.4809618824381139 0.12859159015099145 0.29877873469215765 0.4384063064879622 0.22760658538319045 0.4697100889368573 0.7537291683489242 0.8986906079625183 0.7664996664229005 0.6089356067834006 0.6509913019993603 1.0 0.7507264468849557 0.9563069076505618 0.9855757213943812 0.29440398197425177 0.6777541098999278 0.2382774056943074 0.8651523545001223 0.4150431939521272 0.3988366513255816 0.7563393125826745 0.2469143624956151 0.3667473700352082 0.07559017089672831 0.21722873629654937 0.09122753286147621 0.4258657538170797 0.15176101200385755 
0.005520739663951873 0.4836473226946961 0.33306007179959163 0.3413339843042229 0.5294332393857862 0.24873803761181298 0.4308218239745163 0.9244847009808359 0.8963886676239277 0.768266335772628 0.2726605674153063 0.7695479245950932 0.9699374595333452 0.7976277926700288 0.9830903031357381 0.9915341344655327 0.4065996590040302 0.7106132225408894 0.4887542616742824 0.864242290087677 0.4523731279565515 0.2563969759685243 0.6184147302291281 0.2933799019515799 0.2862403422477138 0.12084431101011713 0.307759325443413 -0.008267458104306694 0.7140227950582259 0.1347134106394618 
0.0032697056992514063 0.5627681677875094 0.2530846815644754 0.2659424287825105 0.4072222874127665 0.2188744978628187 0.4146269346395127 0.6810260819861118 0.9453148568268639 0.7550160150654911 0.43806532588645153 0.7432823816293886 0.9398749190666904 0.8401043949028983 0.982638556622931 1.0 0.31128640205120284 0.8542509788389625 0.6462108100852989 0.9926982285130707 0.4206077049862207 0.46137651494563436 0.6163463921553163 0.3510495968020253 0.38150359949231916 0.18694596448006484 0.18165375057613165 0.0333009774510286 0.5070561174998648 0.1432820869405368 
0.0032697056992514063 0.5627681677875094 0.2530846815644754 0.2659424287825105 0.4072222874127665 0.2188744978628187 0.4146269346395127 0.6810260819861118 0.9453148568268639 0.7550160150654911 0.43806532588645153 0.7432823816293886 0.9398749190666904 0.8401043949028983 0.982638556622931 1.0 0.31128640205120284 0.8542509788389625 0.6462108100852989 0.9926982285130707 0.4206077049862207 0.46137651494563436 0.6163463921553163 0.3510495968020253 0.38150359949231916 0.18694596448006484 0.18165375057613165 0.0333009774510286 0.5070561174998648 0.1432820869405368 
0.0032697056992514063 0.5218650251128116 0.2530846815644754 0.2804528774221854 0.4072222874127665 0.21323600166498716 0.4146269346395127 0.6810260819861118 0.9453148568268639 0.7550160150654911 0.43806532588645153 0.7432823816293886 0.9398749190666904 0.8813027585153217 0.982638556622931 0.9927878606971906 0.31128640205120284 0.8726738926922278 0.4422441078898032 0.9926982285130707 0.39463574357831677 0.46137651494563436 0.6163463921553163 0.3510495968020253 0.4240411931081502 0.15210477051591742 0.1441448711644514 0.0333009774510286 0.491466040716086 0.15367591646505352 
0.003007613405150796 0.5423165964501605 0.2530846815644754 0.2659424287825105 0.36251981007915385 0.22485489711508955 0.4065801867723199 0.6810260819861118 0.9569049505518792 0.7550160150654911 0.43806532588645153 0.7432823816293886 0.9211427407667249 0.921648540441085 0.982638556622931 0.9963939303485954 0.31128640205120284 0.8584930484684035 0.6462108100852989 0.9241051212162796 0.43876300439415283 0.5312669734727375 0.6163463921553163 0.3510495968020253 0.40277239630023465 0.08451299455756155 0.16289931087029152 0.0312448680855245 0.49076246265021073 0.051060746364476495 
0.003007613405150796 0.5423165964501605 0.2530846815644754 0.2659424287825105 0.36251981007915385 0.22485489711508955 0.4065801867723199 0.6810260819861118 0.9569049505518792 0.7550160150654911 0.43806532588645153 0.7432823816293886 0.9211427407667249 0.921648540441085 0.982638556622931 0.9963939303485954 0.31128640205120284 0.8584930484684035 0.6462108100852989 0.9241051212162796 0.43876300439415283 0.5312669734727375 0.6163463921553163 0.3510495968020253 0.40277239630023465 0.08451299455756155 0.16289931087029152 0.0312448680855245 0.49076246265021073 0.051060746364476495 
0.0032697056992514063 0.5627681677875094 0.3941748578029948 0.2659424287825105 0.4437587997182735 0.2188744978628187 0.4258643210362291 0.6810260819861118 0.9085426114943509 0.8647231801528017 0.43806532588645153 0.7432823816293886 1.0 0.6683297196601091 0.982638556622931 0.9992551983661061 0.29440398197425177 0.7061616298331603 0.6462108100852989 0.9926982285130707 0.42235018835781896 0.46137651494563436 0.6163463921553163 0.3510495968020253 0.38150359949231916 0.14031344094843914 0.29224649511990985 0.0333009774510286 0.4570459073846373 0.1432820869405368 
0.0027455211110501854 0.5627681677875094 0.2530846815644754 0.2659424287825105 0.36251981007915385 0.2364737925651919 0.398533438905127 0.6810260819861118 0.9684950442768946 0.7550160150654911 0.43806532588645153 0.7432823816293886 0.9024105624667593 0.921648540441085 0.982638556622931 1.0 0.31128640205120284 0.8584930484684035 0.6462108100852989 0.9241051212162796 0.48289026520998896 0.5312669734727375 0.6163463921553163 0.3510495968020253 0.38150359949231916 0.016921218599205673 0.18165375057613165 0.0312448680855245 0.4900588845843355 -0.05155442373610053 
0.0027590254543252927 0.41717371986882557 0.204288494531912 0.42018922955191457 0.546050438152522 0.22760658538319045 0.3809161720697072 0.6054145178639706 0.8975506039719088 0.7943192845763758 0.6900124311811148 0.7652196072830535 0.9699374595333452 0.7043660432224468 0.982638556622931 1.0 0.3117209378812985 0.6580695076393426 0.5183661938722657 0.8589132307039609 0.44240628311855446 0.6672498354633651 0.6173485586036018 0.09716694194880768 0.3154165366210715 0.13873403782357102 0.3375117896933417 0.09902331849302089 0.422907199976307 0.2630144323961837 
0.0027590254543252927 0.5427777364895907 0.2278775911418724 0.42018922955191457 0.546050438152522 0.22760658538319045 0.3809161720697072 0.652720285951791 0.8975506039719088 0.8400032917377701 0.7190326629432258 0.7652196072830535 1.0 0.6261186162325572 0.982638556622931 1.0 0.3117209378812985 0.6280621882643882 0.5601123365355949 0.8750329353585422 0.4483221497657228 0.6672498354633651 0.6173485586036018 0.09716694194880768 0.3667473700352082 0.12536330513122462 0.3375117896933417 0.09902331849302089 0.422907199976307 0.25673073532230467 
0.0027590254543252927 0.41717371986882557 0.204288494531912 0.42018922955191457 0.546050438152522 0.22760658538319045 0.3809161720697072 0.6054145178639706 0.8975506039719088 0.7943192845763758 0.6900124311811148 0.7652196072830535 0.9699374595333452 0.7043660432224468 0.982638556622931 1.0 0.3117209378812985 0.6580695076393426 0.5183661938722657 0.8589132307039609 0.44240628311855446 0.6672498354633651 0.6173485586036018 0.09716694194880768 0.3154165366210715 0.13873403782357102 0.3375117896933417 0.09902331849302089 0.422907199976307 0.2630144323961837 
0.001649465242306282 0.4302607864390278 0.4491161822125488 0.4644846894240798 0.7075166356493617 0.26361441249725126 0.33316012160827935 0.6801591356910281 0.8535610609329597 0.7528566815715755 0.8286889368324246 0.7742558180576915 1.0 0.5707707201164183 0.9377821825422017 0.911120537026779 0.3711700771541003 0.4578354790762944 0.5944882798547283 0.7955594977551289 0.5233708005025175 0.9530776395685697 0.6183507250518874 0.14697417295141102 0.5024623029154835 0.12540612814841295 0.44452035252394473 0.13606545597716757 0.3158810454683767 0.26990339509434347 
0.0012596496085539998 0.4677664364558821 0.4200910865926174 0.2280581071666122 0.6536945698170818 0.2509365064797429 0.4624362729819132 0.6461477510079425 0.8975506039719088 0.8056746698590711 0.792136845536025 0.8422178625461005 1.0 0.5991651853339142 0.9509480070283862 0.9248368737368389 0.3592160648551668 0.6309821275088371 0.47943700065958034 0.8220506436229333 0.5493693991175831 0.9356630196011487 0.6183507250518874 0.029503383067038452 0.43787281839054293 0.1343146342599811 0.38075926309480396 0.3276180736686395 0.3973586894380668 0.2298430404162614 
0.001649465242306282 0.4556369894533106 0.4200910865926174 0.4644846894240798 0.7064352346920562 0.2565899409766556 0.2632068890774045 0.6461477510079425 0.8932000872906402 0.7528566815715755 0.737491807508095 0.7186875726992824 1.0 0.6379078270990192 0.9377821825422017 0.911120537026779 0.3290378937883452 0.4578354790762944 0.5944882798547283 0.7857650168812516 0.49916858764396843 0.9356630196011487 0.6183507250518874 0.14697417295141102 0.49592633908508954 0.12540612814841295 0.44452035252394473 0.13606545597716757 0.389788675881156 0.38067192220487756 
0.0013966639682741248 0.4099892232286919 0.4200910865926174 0.5483403318375147 0.7328055671295434 0.28557329657012076 0.2202709310683958 0.5298029537418294 0.9251733346358082 0.724156478181532 0.9057014851024296 0.7233425483590384 1.0 0.6216993414618386 0.8575203303466696 0.911120537026779 0.2955641883761134 0.5430948810603118 0.6781619374511996 0.8220506436229333 0.5367637832333274 0.9356630196011487 0.6183507250518874 -0.10702870668438225 0.5162666538518922 0.15976708476208318 0.4208723155058568 0.1950844836274097 0.24468997194740363 0.493881274468802 
0.001649465242306282 0.4302607864390278 0.4491161822125488 0.4644846894240798 0.7075166356493617 0.26361441249725126 0.33316012160827935 0.6801591356910281 0.8535610609329597 0.7528566815715755 0.8286889368324246 0.7742558180576915 1.0 0.5707707201164183 0.9377821825422017 0.911120537026779 0.3711700771541003 0.4578354790762944 0.5944882798547283 0.7955594977551289 0.5233708005025175 0.9530776395685697 0.6183507250518874 0.14697417295141102 0.5024623029154835 0.12540612814841295 0.44452035252394473 0.13606545597716757 0.3158810454683767 0.26990339509434347 
0.0012596496085539998 0.4677664364558821 0.4200910865926174 0.2280581071666122 0.6536945698170818 0.2509365064797429 0.4624362729819132 0.6461477510079425 0.8975506039719088 0.8056746698590711 0.792136845536025 0.8422178625461005 1.0 0.5991651853339142 0.9509480070283862 0.9248368737368389 0.3592160648551668 0.6309821275088371 0.47943700065958034 0.8220506436229333 0.5493693991175831 0.9356630196011487 0.6183507250518874 0.029503383067038452 0.43787281839054293 0.1343146342599811 0.38075926309480396 0.3276180736686395 0.3973586894380668 0.2298430404162614 
4.937205891434447E-4 0.4677664364558821 0.4141712587610858 0.4644846894240798 0.6536945698170818 0.25989005757771333 0.3248361783322367 0.5898528986957314 0.8932000872906402 0.8056746698590711 0.792136845536025 0.7186875726992824 1.0 0.5984446681744877 0.9688910912711008 0.911120537026779 0.3290378937883452 0.5430948810603118 0.5317330366573749 0.8220506436229333 0.36395433876469035 0.9269557096174382 0.6183507250518874 0.09076987476689846 0.4781449769962559 0.13324090666222405 0.38540025997872496 0.14600818513550715 0.3311618771455393 0.35114917156220127 
4.800183410494357E-4 0.49202533046102515 0.28592778238173516 0.21910492860720554 0.5482132400671331 0.24165552842438182 0.5208226371314568 0.48899111112526955 0.8182725512565479 0.9113106464340623 0.9014269215918852 0.8763560979998718 1.0 0.4918444022673554 1.0 0.9145374558914288 0.3959853046128087 0.7136136850283465 0.4271409646617858 0.8946218971062969 0.49672657548282106 0.9356630196011487 0.7135314544280299 -0.02163872160212662 0.3798192976959963 0.15213164648311742 0.373576241469681 0.16589364345218632 0.27509193915074837 0.1542532176770287 
4.800183410494357E-4 0.49202533046102515 0.28592778238173516 0.21910492860720554 0.5482132400671331 0.24165552842438182 0.5208226371314568 0.48899111112526955 0.8182725512565479 0.9113106464340623 0.9014269215918852 0.8763560979998718 1.0 0.4918444022673554 1.0 0.9145374558914288 0.3959853046128087 0.7136136850283465 0.4271409646617858 0.8946218971062969 0.49672657548282106 0.9356630196011487 0.7135314544280299 -0.02163872160212662 0.3798192976959963 0.15213164648311742 0.373576241469681 0.16589364345218632 0.27509193915074837 0.1542532176770287 
3.7286085449388855E-4 0.5159660567342036 0.28592778238173516 -0.008368475090855365 0.49547257519215876 0.2452830719828302 0.5860553225193815 0.48899111112526955 0.7835540435754408 0.9652742393447058 0.9014269215918852 0.9192161178091476 1.0 0.560422543568809 1.0 0.9385532104468988 0.3893942359219884 0.7188693739573624 0.3643857214644324 0.8901298890620302 0.48508334633376166 0.9356630196011487 0.7132809128159585 -0.03816017581473076 0.3798192976959963 0.15213164648311742 0.3406462106837511 0.15025704706053356 0.27509193915074837 0.0838841151650659 
3.7286085449388855E-4 0.5159660567342036 0.28592778238173516 -0.008368475090855365 0.49547257519215876 0.2452830719828302 0.5860553225193815 0.48899111112526955 0.7835540435754408 0.9652742393447058 0.9014269215918852 0.9192161178091476 1.0 0.560422543568809 1.0 0.9385532104468988 0.3893942359219884 0.7188693739573624 0.3643857214644324 0.8901298890620302 0.48508334633376166 0.9356630196011487 0.7132809128159585 -0.03816017581473076 0.3798192976959963 0.15213164648311742 0.3406462106837511 0.15025704706053356 0.27509193915074837 0.0838841151650659 
3.140572527513027E-4 0.5239462988252631 0.28592778238173516 0.05448722699205094 0.49547257519215876 0.24165552842438182 0.6066945531494743 0.48899111112526955 0.7835540435754408 0.9652742393447058 0.9014269215918852 0.9528628728202885 1.0 0.46343278887802974 1.0 0.9162459153237537 0.3959853046128087 0.7988730870123639 0.3434673070653146 0.9309075238479787 0.49672657548282106 0.9356630196011487 0.7611218191161011 -0.02163872160212662 0.3798192976959963 0.15213164648311742 0.373576241469681 0.16589364345218632 0.27509193915074837 0.041043865413104286 
1.1760720348517168E-4 0.37941551712912613 0.6909590677697395 0.4854486000274385 0.6273242373795946 0.20791597716766863 0.3664811869015433 0.8230738755039713 0.8719171454887282 0.9023809729746657 0.7526169505248328 0.7917408381973329 0.9922518236572422 0.4918444022673554 1.0 0.9183040922754383 0.35874112203969377 0.33681424204423815 0.6219636183588912 0.8962384145156603 0.45469610036019903 0.7641353330065379 0.6183507250518875 -0.02163872160212662 0.5203073663546244 0.13543619529557843 0.373576241469681 0.13795638845146352 0.2610593579632199 0.21085789380899092 
1.1760720348517168E-4 0.47606484627890616 0.43727652654948557 0.4854486000274385 0.6273242373795946 0.2702146456993667 0.2846748680819089 0.5675694310666061 0.8719171454887282 0.9023809729746657 0.9832799280450542 0.887188453982821 1.0 0.4918444022673554 1.0 0.9183040922754383 0.3959853046128087 0.47915032957229875 0.46897779346002144 0.8962384145156603 0.49855808460368156 0.9356630196011487 0.6183507250518875 -0.02163872160212662 0.46689957873781623 0.1232586729528988 0.373576241469681 0.156928922625699 0.27509193915074837 0.21085789380899092 
1.850225162727138E-6 0.44139685053779465 0.15509617407244675 0.7035819312361519 0.5542512127685807 0.1900279786730013 0.5346516742437073 0.9442243434019111 0.898489541368212 0.6829666428000445 0.39586229816853563 0.9065046425667675 0.9768560089042758 0.7356553666789793 0.9529663499325414 0.9907942963278583 0.3537059164846773 0.5989328195975024 0.5514303995577043 0.7724945766948821 0.4731421257387438 0.5071505709286972 0.7192441571851736 0.12051278859071021 0.44724181469212904 0.21652372001615022 0.24003898441785423 0.12295688668774842 0.3006808582199545 0.20734027007881967 
1.850225162727138E-6 0.4897215151126847 0.15509617407244675 0.7035819312361519 0.5542512127685807 0.1900279786730013 0.4937485148338901 0.9442243434019111 0.898489541368212 0.6829666428000445 0.39586229816853563 0.9065046425667675 0.9768560089042758 0.7356553666789793 0.9529663499325414 0.9907942963278583 0.37232800777123476 0.7753290275839032 0.5514303995577043 0.7724945766948821 0.4950731178604851 0.5929144142260026 0.7192441571851736 0.12051278859071021 0.44724181469212904 0.21652372001615022 0.24003898441785423 0.12295688668774842 0.3006808582199545 0.20734027007881967 
1.850225162727138E-6 0.4897215151126847 0.15509617407244675 0.7035819312361519 0.5542512127685807 0.1900279786730013 0.4937485148338901 0.9442243434019111 0.898489541368212 0.6829666428000445 0.39586229816853563 0.9065046425667675 0.9768560089042758 0.7356553666789793 0.9529663499325414 0.9907942963278583 0.37232800777123476 0.7753290275839032 0.5514303995577043 0.7724945766948821 0.4950731178604851 0.5929144142260026 0.7192441571851736 0.12051278859071021 0.44724181469212904 0.21652372001615022 0.24003898441785423 0.12295688668774842 0.3006808582199545 0.20734027007881967 
1.850225162727138E-6 0.44139685053779465 0.15509617407244675 0.7035819312361519 0.5542512127685807 0.1900279786730013 0.5346516742437073 0.9442243434019111 0.898489541368212 0.6829666428000445 0.39586229816853563 0.9065046425667675 0.9768560089042758 0.7356553666789793 0.9529663499325414 0.9907942963278583 0.3537059164846773 0.5989328195975024 0.5514303995577043 0.7724945766948821 0.4731421257387438 0.5071505709286972 0.7192441571851736 0.12051278859071021 0.44724181469212904 0.21652372001615022 0.24003898441785423 0.12295688668774842 0.3006808582199545 0.20734027007881967 
3.700450325454276E-6 0.32266739843464354 0.23128336636880595 -0.0702778347137773 0.3453694264720972 0.12068573491943406 0.7496679601586503 1.0 0.8962342051615031 0.8287489408050516 0.4401009665514426 0.7283208862381714 0.9845036473144844 0.719643542847232 0.9570390647702217 0.9787792405126885 0.3149058707757586 0.43419719890124114 0.670357371262172 0.7298948405531396 0.518450255681472 0.5926076464119271 0.8887122089770394 -0.08772453845254319 0.44486678124957724 0.1764866911684767 0.3276872164535839 0.11231197871206258 0.24702677677569146 0.22986655064793202 
0.0 0.5425045767678833 0.15601938614111344 0.7035819312361519 0.5542512127685807 0.24842904533424298 0.2622000952884761 0.9442243434019111 0.9454616361537543 0.6829666428000445 0.35162362978562867 0.9065046425667675 0.8797498381333808 0.8353937527529338 0.9415194584447657 0.9896151175229437 0.42975014476671086 0.7753290275839032 0.5514303995577043 0.8150943128366246 0.49270376564501245 0.5932211820400781 0.7268095208978321 0.16855561107506833 0.44738377365503046 0.21652372001615022 0.15239075238212457 0.12549174066943736 0.37511235938120335 0.27767299254307065 
3.700450325454276E-6 0.3459729715769899 0.23128336636880595 0.016141921987974983 0.3453694264720972 0.12068573491943406 0.6744134836606338 1.0 0.8962342051615031 0.8015897347624454 0.42730524704327016 0.7309367219723593 0.9294950912842612 0.7455292070652708 0.9498932209612753 0.9756979902605378 0.3457352467242 0.518709659943492 0.670357371262172 0.7298948405531396 0.518450255681472 0.6249503665622812 0.8949465724615404 -0.08772453845254319 0.4301868644193438 0.1764866911684767 0.2779205701023006 0.11231197871206258 0.19905641990761586 0.22313669903959923 
0.0 0.5324293697697913 0.07371090704406064 1.0 0.4642052580647339 0.24842904533424298 0.28657112106782234 1.0 1.0 0.6829666428000445 0.314865457841086 0.9065046425667675 0.7902913057726944 0.9817061268510199 0.9084709230370727 0.9896151175229437 0.47480782046414727 0.8035588543971737 0.5514303995577043 0.8150943128366246 0.49706950842232867 0.5721538506658499 0.7386875070232557 -0.008038159468782835 0.4451506991753801 0.21652372001615022 0.15239075238212457 0.12549174066943736 0.39588977909818923 0.3925379883409389 
0.0 0.4803969278300347 0.15601938614111344 0.7287393991744076 0.4642052580647339 0.24842904533424298 0.28657112106782234 1.0 0.9901783947325877 0.6829666428000445 0.35162362978562867 0.9065046425667675 0.7902913057726944 0.919120314995141 0.9262190256579899 0.9896151175229437 0.42975014476671086 0.7081673519724293 0.5514303995577043 0.8150943128366246 0.49706950842232867 0.5932211820400781 0.7767459416887534 -0.008038159468782835 0.4451506991753801 0.21652372001615022 0.15239075238212457 0.12549174066943736 0.39588977909818923 0.370531995576434 
0.0 0.5685862798103802 0.15509617407244675 0.7035819312361519 0.5542512127685807 0.25389963388040576 0.2622000952884761 0.9442243434019111 0.9454616361537543 0.6829666428000445 0.35162362978562867 0.9065046425667675 0.8797498381333808 0.8353937527529338 0.9375563303764254 0.9907942963278583 0.42975014476671086 0.7753290275839032 0.5514303995577043 0.8150943128366246 0.4950731178604851 0.5932211820400781 0.7192441571851736 0.1603559780825904 0.44738377365503046 0.21652372001615022 0.15239075238212457 0.1295467676664358 0.37511235938120335 0.27767299254307065 
0.0 0.3917507588585063 0.31782743749028936 0.04194646078565589 0.3153806657844652 -0.02720918316271407 0.634797374078074 0.8480895437216165 0.8729875607331075 0.8429819190834955 0.425139973674714 0.6041224185040046 0.8210829352786272 0.7278756680532235 0.9693991344264483 0.9466905606241076 0.360187710670799 0.5845460227344146 0.5895942843038955 0.6615419252606873 0.49381483188839403 0.6850207366798662 0.813153754397801 -0.024204940912597478 0.3753531487366955 0.15770681961774294 0.3095051068589275 0.07468768252011297 0.30147385068621524 0.2696021212317926 
0.0 0.4671276678131948 0.2369234118157014 0.3727641960109039 0.3153806657844652 0.11060993108576447 0.634797374078074 0.8480895437216165 0.9092245984434308 0.8429819190834955 0.38838180173017134 0.7553135305353861 0.8210829352786272 0.3472409447424888 0.955459296435607 0.9466905606241076 0.3949689277187549 0.6799375251591588 0.5705123419307999 0.6615419252606873 0.49325929876670327 0.6850207366798662 0.7699816376478166 -0.07076457618833995 0.411368461195863 0.15770681961774294 0.3095051068589275 0.07468768252011297 0.3382931050337093 0.2696021212317926 
0.0 0.46452139593086694 0.31971313226655235 0.016141921987974983 0.319323557602073 -0.005326828978062845 0.6016132849663712 0.8645508804008849 0.8150056065495932 0.8454028117110786 0.425139973674714 0.6180587804149936 0.855664848207141 0.7102221290411761 0.9730525356182598 0.9371020351918807 0.3396347933718381 0.5845460227344146 0.6579213739578205 0.6855271978256637 0.5032922407502844 0.6353558447885345 0.7953610265161692 -0.08716384217329584 0.3753531487366955 0.13371050204134113 0.3350915872831967 0.022254383480245415 -0.03605007685771951 0.2336610070140609 
0.0 0.3917507588585063 0.31782743749028936 0.04194646078565589 0.3153806657844652 -0.02720918316271407 0.634797374078074 0.8480895437216165 0.8729875607331075 0.8429819190834955 0.425139973674714 0.6041224185040046 0.8210829352786272 0.7278756680532235 0.9693991344264483 0.9466905606241076 0.360187710670799 0.5845460227344146 0.5895942843038955 0.6615419252606873 0.49381483188839403 0.6850207366798662 0.813153754397801 -0.024204940912597478 0.3753531487366955 0.15770681961774294 0.3095051068589275 0.07468768252011297 0.30147385068621524 0.2696021212317926 
0.0 0.3917507588585063 0.31782743749028936 0.04194646078565589 0.3153806657844652 -0.02720918316271407 0.634797374078074 0.8480895437216165 0.8729875607331075 0.8429819190834955 0.425139973674714 0.6041224185040046 0.8210829352786272 0.7278756680532235 0.9693991344264483 0.9466905606241076 0.360187710670799 0.5845460227344146 0.5895942843038955 0.6615419252606873 0.49381483188839403 0.6850207366798662 0.813153754397801 -0.07076457618833995 0.3753531487366955 0.15770681961774294 0.3095051068589275 0.07468768252011297 0.30147385068621524 0.2696021212317926 
0.0 0.3917507588585063 0.31782743749028936 0.04194646078565589 0.3153806657844652 -0.02720918316271407 0.634797374078074 0.8480895437216165 0.8729875607331075 0.8429819190834955 0.425139973674714 0.6041224185040046 0.8210829352786272 0.7278756680532235 0.9693991344264483 0.9466905606241076 0.360187710670799 0.5845460227344146 0.5895942843038955 0.6615419252606873 0.49381483188839403 0.6850207366798662 0.813153754397801 -0.07076457618833995 0.3753531487366955 0.15770681961774294 0.3095051068589275 0.07468768252011297 0.30147385068621524 0.2696021212317926 
