0.7002311358629394 0.7436517444083848 0.8240949572445533 0.863145997235709 0.9180683053685206 0.9552030798931078 0.9720027785350928 0.99271119287792 0.8134399742022564 1.0 0.9940631230613548 0.9463942580748432 0.9303966152637627 0.8465157288385108 0.8151961898810226 0.7428863998193365 0.6725893350935698 0.5682809593770755 0.4764999231953228 0.4055368361004525 -0.18347086712130692 0.21707557235217192 0.6350633437366036 -2.450675969167112E-4 -0.08128930072213382 -0.21486285668827854 -0.30132640590116394 -0.3976669145088604 -0.4775178145878751 -0.5825733796987697 
0.7001521947748367 0.7653033714321067 0.823210217714554 0.8755549815269579 0.9180683053685206 0.9487427163409514 0.9761665818905209 1.0 0.9640209824361571 1.0 0.970701925320117 0.9407051870935658 0.9303966152637627 0.8673311296731911 0.8151961898810226 0.7496211179894182 0.10654856312921779 0.5856725321634719 0.5093079554839582 0.3889443889120459 0.30950994315395464 0.21556372994730896 0.11201838307065022 -0.030681987517717883 -0.08792076543725244 -0.21486285668827854 -0.28600982330820734 -0.40705664198766817 -0.480564893403167 -0.5958445965063572 
0.7004215503660677 0.7431939937932597 0.8304365094629693 0.8662629939209144 0.917826146755555 0.9370907215171891 0.9818417034658521 0.971073301424577 0.9684645096327281 1.0 0.9783906850009053 0.9463942580748432 0.9171559012622647 0.8423715417903831 0.7780666218326264 0.7491774500462349 0.6624900371704954 0.5751310866884222 0.5093079554839582 0.38634129884300705 0.294723535150756 0.19703531319085632 0.09282893259817136 -2.450675969167112E-4 -0.09264060557903425 -0.21486285668827854 -0.3069752645899567 -0.40855596335635364 -0.5137449465003103 -0.583377459999346 
0.7004215503660677 0.7431939937932597 0.8304365094629693 0.8662629939209144 0.917826146755555 0.9370907215171891 0.9818417034658521 0.971073301424577 0.9684645096327281 1.0 0.9783906850009053 0.9463942580748432 0.9171559012622647 0.8423715417903831 0.7780666218326264 0.7491774500462349 0.6624900371704954 0.5751310866884222 0.5093079554839582 0.38634129884300705 0.294723535150756 0.19703531319085632 0.09282893259817136 -2.450675969167112E-4 -0.09264060557903425 -0.21486285668827854 -0.3069752645899567 -0.40855596335635364 -0.5137449465003103 -0.583377459999346 
0.7004215503660677 0.7353097246195562 0.8176380455090017 0.8662629939209144 0.917826146755555 0.9397490380296087 0.9774449194759848 0.9640578944561169 0.9684645096327281 1.0 0.982463951503454 0.9280863058765592 0.9303966152637627 0.8627736408826447 0.7780666218326264 0.757681347174871 0.6542137106862097 0.5730760442199729 0.5093079554839582 0.38634129884300705 0.30842767286297645 0.2147979407630821 0.09282893259817136 -0.01874300320875058 -0.09264060557903425 -0.21486285668827854 -0.31755416383456936 -0.40705664198766817 -0.48623438056412605 -0.5943794078808045 
0.6997342829560536 0.7436517444083848 0.8222207674852634 0.8603314704291924 0.9203733381481101 0.9370812569415486 0.972658789917594 0.9723715111275166 0.986441459398105 0.9834519913418583 0.9768371838129588 0.9317919801689519 0.9303966152637627 0.8432148764558173 0.8086260458355762 0.7560777319133279 0.6799815944613056 0.5730760442199729 0.5093079554839582 0.392361247519197 0.3054113853281001 0.207549845965475 0.0780618165574304 0.02525674695005997 -0.09264060557903425 -0.21486285668827854 -0.28600982330820734 -0.41635274663415994 -0.5332328917098244 -0.5864773555267339 
0.7002311358629394 0.7575706544026255 0.824698248570087 0.8538739272111002 0.9208266178322514 0.9396535481029178 0.9798974606315997 0.9801278280632868 0.9878018387568656 0.9899356256456077 0.9881360299742825 0.9185862426960193 0.8968444385646802 0.8410820873188262 0.8070294412478772 0.7609478634018584 0.6708690346025894 0.5791540077290791 0.4940436158417392 0.3947829497184149 0.2979030714004442 0.2149718699093102 0.12844265961279702 -0.019804983037998887 -0.09977436922789006 -0.2347970179829483 -0.32192269055092804 -0.4240548220050894 -0.49131644918488526 -0.5886515064754368 
0.6997342829560536 0.7653033714321067 0.8106756255854921 0.8683737790091197 0.9180683053685206 0.9487427163409514 0.9798974606315997 0.9723715111275166 0.9884798565855122 1.0 0.970701925320117 0.9379131334128958 0.9257757663537668 0.8452760795476413 0.8151961898810226 0.7583055785006734 0.6800830795668563 0.5682809593770755 0.5093079554839582 0.40070284113459237 0.30842767286297645 0.21556372994730896 0.11201838307065022 -0.01874300320875058 -0.08792076543725244 -0.2153952827221851 -0.3036215568291519 -0.36966322297225057 -0.4995264454659412 -0.5958445965063572 
0.6997342829560536 0.7323624020974697 0.8153479438349178 0.8662660529782956 0.9124491803764514 0.9487427163409514 0.9798974606315997 0.9723715111275166 1.0 0.9983171171233739 0.9743978073844372 0.9399725861927407 0.9264460583510897 0.8631401019860625 0.8151961898810226 0.758393696143553 0.6800830795668563 0.5856725321634719 0.5007500340210542 0.3947829497184149 0.30950292704308735 0.21556372994730896 0.11201838307065022 -0.015436564836846986 -0.08792076543725244 -0.21345161414050967 -0.3036215568291519 -0.43911853029610426 -0.4995264454659412 -0.5958445965063572 
0.6997342829560536 0.7653033714321067 0.8153479438349178 0.8702556870174962 0.9208266178322514 0.9419674187753028 0.9757281254461639 0.9723715111275166 0.9830473513176088 0.9899356256456077 0.9881360299742825 0.9185862426960193 0.8968444385646802 0.8410820873188262 0.8148897806829634 0.7535860919491992 0.6872714458833873 0.5698874419998377 0.5021945088424569 0.3889012559027375 0.30842767286297645 0.21454264837340958 0.12844265961279702 -0.01874300320875058 -0.09378538958986808 -0.21486285668827854 -0.2865669189088014 -0.4240548220050894 -0.49131644918488526 -0.6048091618655974 
0.6997342829560536 0.7653033714321067 0.8153479438349178 0.8595442240917934 0.917826146755555 0.9370812569415486 0.9747244900451979 0.9723715111275166 0.9878018387568656 0.9899356256456077 0.9828531956367152 0.9185862426960193 0.9303966152637627 0.8452760795476413 0.8151961898810226 0.7583055785006734 0.6800830795668563 0.5730760442199729 0.5093079554839582 0.39425539967245404 0.30842767286297645 0.2147979407630821 0.11683034534352582 -0.01874300320875058 -0.09264060557903425 -0.21486285668827854 -0.2867455412768396 -0.36966322297225057 -0.4895536648478531 -0.6010657807984034 
0.6997342829560536 0.7047542899197778 0.8222207674852634 0.8595442240917934 0.9203733381481101 0.9370812569415486 0.9818417034658521 0.9723715111275166 0.9878018387568656 1.0 0.9814853565941377 0.9317919801689519 0.9125175995664543 0.8468795891202371 0.8170515106921138 0.769461173047553 0.6713424646575263 0.5751310866884222 0.5135195321017144 0.385624003869405 0.294723535150756 0.19703531319085632 0.10330771105824137 -0.01874300320875058 -0.09264060557903425 -0.21785955109936425 -0.3069752645899567 -0.36966322297225057 -0.5048346904836647 -0.6010657807984034 
0.6997342829560536 0.7653033714321067 0.8153479438349178 0.8687626415260791 0.917826146755555 0.951257392730007 0.9813595915028505 0.9640578944561169 1.0 0.9910582713909273 0.9743978073844372 0.9407051870935658 0.9264460583510897 0.8673311296731911 0.8132534513849443 0.7558935675817297 0.6680292482620158 0.5375045326854824 0.5007500340210542 0.38391304050501607 0.3053085876311692 0.21556372994730896 0.11201838307065022 -0.024291368691864434 -0.09967992839387751 -0.18506308768985183 -0.31755416383456936 -0.40705664198766817 -0.4886532607380971 -0.5958445965063572 
0.6997342829560536 0.7653033714321067 0.8153479438349178 0.8755549815269579 0.9123069143572201 0.9927634653719863 0.9813595915028505 0.9723715111275166 1.0 0.9896944148727072 0.9772530681021552 0.9407051870935658 0.9264460583510897 0.8673311296731911 0.8070046837511278 0.7468754841774651 0.6680292482620158 0.5856725321634719 0.49704979071464345 0.3947829497184149 0.30842767286297645 0.21556372994730896 0.1036985185069325 -0.024291368691864434 -0.09378538958986808 -0.18506308768985183 -0.3069752645899567 -0.3902165210169721 -0.4886532607380971 -0.5958445965063572 
0.6997342829560536 0.7323624020974697 0.8153479438349178 0.8662660529782956 0.9124491803764514 0.9487427163409514 0.9798974606315997 0.9723715111275166 1.0 0.9983171171233739 0.9743978073844372 0.9399725861927407 0.9264460583510897 0.8631401019860625 0.8151961898810226 0.758393696143553 0.6800830795668563 0.5856725321634719 0.5007500340210542 0.3947829497184149 0.30950292704308735 0.21556372994730896 0.11201838307065022 -0.015436564836846986 -0.08792076543725244 -0.21345161414050967 -0.3036215568291519 -0.43911853029610426 -0.4995264454659412 -0.5958445965063572 
0.6997342829560536 0.7653033714321067 0.8153479438349178 0.8687626415260791 0.917826146755555 0.951257392730007 0.9813595915028505 0.9640578944561169 1.0 0.9910582713909273 0.9743978073844372 0.9407051870935658 0.9264460583510897 0.8673311296731911 0.8132534513849443 0.7558935675817297 0.6680292482620158 0.5375045326854824 0.5007500340210542 0.38391304050501607 0.3053085876311692 0.21556372994730896 0.11201838307065022 -0.024291368691864434 -0.09967992839387751 -0.18506308768985183 -0.31755416383456936 -0.40705664198766817 -0.4886532607380971 -0.5958445965063572 
0.6997342829560536 0.7653033714321067 0.8073561583292463 0.8728557374303205 0.9123069143572201 0.9890620102653538 0.967485094137455 0.9795894837087707 0.9878018387568656 0.9987012732535573 0.9700092003585343 0.9192968206754034 0.9264460583510897 0.8673311296731911 0.8180138474514869 0.7348164502806641 0.6800830795668563 0.5751310866884222 0.5028152647885724 0.39904081556837234 0.30842767286297645 0.2147979407630821 0.11683034534352582 -0.015927312610043078 -0.09355677389740243 -0.1436877146384521 -0.3071167938458307 -0.41491819954729986 -0.49281567596964976 -0.5746231908820277 
0.6997342829560536 0.7653033714321067 0.8106756255854921 0.8683737790091197 0.9180683053685206 0.9487427163409514 0.9798974606315997 0.9723715111275166 0.9884798565855122 1.0 0.970701925320117 0.9379131334128958 0.9257757663537668 0.8452760795476413 0.8151961898810226 0.7583055785006734 0.6800830795668563 0.5682809593770755 0.5093079554839582 0.40070284113459237 0.30842767286297645 0.21556372994730896 0.11201838307065022 -0.01874300320875058 -0.08792076543725244 -0.2153952827221851 -0.3036215568291519 -0.36966322297225057 -0.4995264454659412 -0.5958445965063572 
0.6997342829560536 0.7653033714321067 0.8153479438349178 0.8755549815269579 0.9123069143572201 0.9927634653719863 0.9813595915028505 0.9723715111275166 1.0 0.9896944148727072 0.9772530681021552 0.9407051870935658 0.9264460583510897 0.8673311296731911 0.8070046837511278 0.7468754841774651 0.6680292482620158 0.5856725321634719 0.49704979071464345 0.3947829497184149 0.30842767286297645 0.21556372994730896 0.1036985185069325 -0.024291368691864434 -0.09378538958986808 -0.18506308768985183 -0.3069752645899567 -0.3902165210169721 -0.4886532607380971 -0.5958445965063572 
0.6997342829560536 0.7794073825233112 0.8106756255854921 0.8687337946969877 0.9121652708947356 0.9397291322191894 0.9798974606315997 0.9801278280632868 1.0 0.9920752228707233 0.9772530681021552 0.9281505252297981 0.9211145979077514 0.8757593980129844 0.8020204897866561 0.803643302071825 0.6708690346025894 0.5823347032008789 0.502676059786298 0.3947829497184149 0.31208540127701195 0.20997728476448932 0.10330771105824137 -0.029668914057828684 -0.09977436922789006 -0.22857438803048877 -0.3071167938458307 -0.3902165210169721 -0.48686315231749633 -0.5856568246616551 
0.6997342829560536 0.7794073825233112 0.8106756255854921 0.8687337946969877 0.9121652708947356 0.9397291322191894 0.9798974606315997 0.9801278280632868 1.0 0.9920752228707233 0.9772530681021552 0.9281505252297981 0.9211145979077514 0.8757593980129844 0.8020204897866561 0.803643302071825 0.6708690346025894 0.5823347032008789 0.502676059786298 0.3947829497184149 0.31208540127701195 0.20997728476448932 0.10330771105824137 -0.029668914057828684 -0.09977436922789006 -0.22857438803048877 -0.3071167938458307 -0.3902165210169721 -0.48686315231749633 -0.5856568246616551 
0.6997903194962883 0.7323624020974697 0.8107926620637678 0.9127546888078655 0.9096202952556718 0.9539458173813125 0.9715236649417873 0.9785300244814676 1.0 0.9864631640339682 0.9783258835633788 0.9428813304677899 0.9206726200025499 0.8673311296731911 0.8218725984025195 0.7468754841774651 0.6780984660307378 0.5856725321634719 0.5098802387233284 0.3947829497184149 0.3173205540611578 0.2803324357962744 0.10867226639206895 -0.024291368691864434 -0.09468187526629973 -0.21998921234485194 -0.3173255708614535 -0.38830799058613774 -0.49522982713117397 -0.5879886305357889 
0.6997903194962883 0.7323624020974697 0.8107926620637678 0.9127546888078655 0.9096202952556718 0.9539458173813125 0.9715236649417873 0.9785300244814676 1.0 0.9864631640339682 0.9783258835633788 0.9428813304677899 0.9206726200025499 0.8673311296731911 0.8218725984025195 0.7468754841774651 0.6780984660307378 0.5856725321634719 0.5098802387233284 0.3947829497184149 0.3173205540611578 0.2803324357962744 0.10867226639206895 -0.024291368691864434 -0.09468187526629973 -0.21998921234485194 -0.3173255708614535 -0.38830799058613774 -0.49522982713117397 -0.5879886305357889 
0.6998788687752326 0.7323624020974697 0.8153479438349178 0.8755549815269579 0.9191786525131864 0.8713948806068548 0.9813595915028505 0.9723715111275166 1.0 0.9983171171233739 0.9845935393540246 0.9399725861927407 0.9264460583510897 0.8673311296731911 0.8087305086689641 0.7468754841774651 0.6680292482620158 0.5856725321634719 0.5017745959943175 0.3947829497184149 0.30842767286297645 0.2803324357962744 0.10867226639206895 -0.024291368691864434 -0.09378538958986808 -0.18225691151237697 -0.3020860974830915 -0.37327462616710877 -0.4978259000581968 -0.5879886305357889 
0.6997903194962883 0.7416307883508815 0.8107926620637678 0.8015612386636124 0.9183667658585561 0.9429251687427413 0.9795540941009804 0.9632049808785943 0.997280364719123 0.9864631640339682 0.9783258835633788 0.9213427815776748 0.9211145979077514 0.8746534181489461 0.8154651008499344 0.7997815812510194 0.6732755062907583 0.5173572573066112 0.5082537591863395 0.3947829497184149 0.3173205540611578 0.20997728476448932 0.10598237340672174 0.004385508305218444 -0.09468187526629973 -0.22460168180037982 -0.3036215568291519 -0.38162690133400035 -0.4942967541606638 -0.6087802623701655 
0.6997903194962883 0.7723118836030666 0.8106756255854921 0.8683737790091197 0.9203733381481101 0.8810770787684638 0.9798974606315997 0.9695170517802915 0.9971130526160995 0.9864631640339682 0.970701925320117 0.9281505252297981 0.9211145979077514 0.8746534181489461 0.8154651008499344 0.7583055785006734 0.6800830795668563 0.15035864222479756 0.503165535597989 0.40070284113459237 0.3153437610206023 0.20997728476448932 0.10136539942612885 -0.009182029794455114 -0.10309598808847617 -0.22460168180037982 -0.2998771781706742 -0.37317868844764235 -0.4995264454659412 -0.5856568246616551 
0.6998788687752326 0.7323624020974697 0.8153479438349178 0.8755549815269579 0.9191786525131864 0.8713948806068548 0.9813595915028505 0.9723715111275166 1.0 0.9983171171233739 0.9845935393540246 0.9399725861927407 0.9264460583510897 0.8673311296731911 0.8087305086689641 0.7468754841774651 0.6680292482620158 0.5856725321634719 0.5017745959943175 0.3947829497184149 0.30842767286297645 0.2803324357962744 0.10867226639206895 -0.024291368691864434 -0.09378538958986808 -0.18225691151237697 -0.3020860974830915 -0.37327462616710877 -0.4978259000581968 -0.5879886305357889 
0.6997903194962883 0.7723118836030666 0.8106756255854921 0.8683737790091197 0.9203733381481101 0.8810770787684638 0.9798974606315997 0.9695170517802915 0.9971130526160995 0.9864631640339682 0.970701925320117 0.9281505252297981 0.9211145979077514 0.8746534181489461 0.8154651008499344 0.7583055785006734 0.6800830795668563 0.15035864222479756 0.503165535597989 0.40070284113459237 0.3153437610206023 0.20997728476448932 0.10136539942612885 -0.009182029794455114 -0.10309598808847617 -0.22460168180037982 -0.2998771781706742 -0.37317868844764235 -0.4995264454659412 -0.5856568246616551 
0.6997903194962883 0.7416307883508815 0.8112217338560791 0.801761595365775 0.9191786525131864 0.8827510130421516 0.9784700620926978 0.9632049808785943 1.0 0.9849270742382206 0.9755302273471685 0.9300966445247252 0.9077428475329572 0.8807147812577681 0.8151961898810226 0.7953224630676407 0.672616885258 0.5173572573066112 0.5017745959943175 0.3947829497184149 0.3077491457279434 0.20997728476448932 0.11086080857253167 -0.029668914057828684 -0.09433604442044177 -0.21479799131224175 -0.3036215568291519 -0.37733555113118333 -0.4942967541606638 -0.5879886305357889 
0.6997903194962883 0.7416307883508815 0.8107926620637678 0.8015612386636124 0.9183667658585561 0.9429251687427413 0.9795540941009804 0.9632049808785943 0.997280364719123 0.9864631640339682 0.9783258835633788 0.9213427815776748 0.9211145979077514 0.8746534181489461 0.8154651008499344 0.7997815812510194 0.6732755062907583 0.5173572573066112 0.5082537591863395 0.3947829497184149 0.3173205540611578 0.20997728476448932 0.10598237340672174 0.004385508305218444 -0.09468187526629973 -0.22460168180037982 -0.3036215568291519 -0.38162690133400035 -0.4942967541606638 -0.6087802623701655 
0.6997903194962883 0.7332299886199622 0.8112217338560791 0.9127546888078655 0.9275824878489055 0.8749183695918131 0.9715236649417873 0.9666621018885947 1.0 0.9864600773737495 0.9805295930593314 0.93612956744321 0.9150120428091555 0.877288958339797 0.8091818312334008 0.7928837687364026 0.6682888342356127 0.5004306767092748 0.5017745959943175 0.3947829497184149 0.3153437610206023 0.20997728476448932 0.1066224608362991 -0.015820449968401432 -0.09464704237747257 -0.21998921234485194 -0.30944737507194614 -0.38830799058613774 -0.49522982713117397 -0.5879886305357889 
0.6997903194962883 0.7332299886199622 0.8112217338560791 0.9127546888078655 0.9275824878489055 0.8749183695918131 0.9715236649417873 0.9666621018885947 1.0 0.9864600773737495 0.9805295930593314 0.93612956744321 0.9150120428091555 0.877288958339797 0.8091818312334008 0.7928837687364026 0.6682888342356127 0.5004306767092748 0.5017745959943175 0.3947829497184149 0.3153437610206023 0.20997728476448932 0.1066224608362991 -0.015820449968401432 -0.09464704237747257 -0.21998921234485194 -0.30944737507194614 -0.38830799058613774 -0.49522982713117397 -0.5879886305357889 
0.6997342829560536 0.7348760959493812 0.8106756255854921 0.8683737790091197 0.9203733381481101 0.9429251687427413 0.974874585484534 0.9792763344219909 0.997280364719123 0.9655122529349351 0.9783258835633788 0.9064632419310537 0.9159800220336803 0.8757593980129844 0.8211054120095753 0.7953224630676407 0.6732755062907583 0.5823347032008789 0.502791622149313 0.3942948054988105 0.31255720997381325 0.2186930542332107 0.12124143907535086 0.14342487489827405 -0.09468187526629973 -0.22460168180037982 -0.3041333005227924 -0.38162690133400035 -0.4982595177691486 -0.6034033508708183 
0.6997903194962883 0.7416307883508815 0.8107926620637678 0.9127546888078655 0.9203733381481101 0.8749183695918131 0.9798974606315997 0.9632049808785943 1.0 0.9864631640339682 0.9783258835633788 0.9281505252297981 0.9211145979077514 0.8746534181489461 0.8154651008499344 0.7953224630676407 0.667709581584698 0.5173572573066112 0.5017745959943175 0.3947829497184149 0.3153437610206023 0.20997728476448932 0.10598237340672174 -0.029668914057828684 -0.09468187526629973 -0.22460168180037982 -0.3036215568291519 -0.38162690133400035 -0.4942967541606638 -0.5879886305357889 
0.6997903194962883 0.7416307883508815 0.8112217338560791 0.801761595365775 0.9191786525131864 0.8827510130421516 0.9784700620926978 0.9632049808785943 1.0 0.9849270742382206 0.9755302273471685 0.9300966445247252 0.9077428475329572 0.8807147812577681 0.8151961898810226 0.7953224630676407 0.672616885258 0.5173572573066112 0.5017745959943175 0.3947829497184149 0.3077491457279434 0.20997728476448932 0.11086080857253167 -0.029668914057828684 -0.09433604442044177 -0.21479799131224175 -0.3036215568291519 -0.37733555113118333 -0.4942967541606638 -0.5879886305357889 
0.6997903194962883 0.7416307883508815 0.8107926620637678 0.9127546888078655 0.9203733381481101 0.8749183695918131 0.9798974606315997 0.9632049808785943 1.0 0.9864631640339682 0.9783258835633788 0.9281505252297981 0.9211145979077514 0.8746534181489461 0.8154651008499344 0.7953224630676407 0.667709581584698 0.5173572573066112 0.5017745959943175 0.3947829497184149 0.3153437610206023 0.20997728476448932 0.10598237340672174 -0.029668914057828684 -0.09468187526629973 -0.22460168180037982 -0.3036215568291519 -0.38162690133400035 -0.4942967541606638 -0.5879886305357889 
0.6997903194962883 0.7416307883508815 0.8112217338560791 0.8015612386636124 0.9203733381481101 0.8749183695918131 0.981102610578299 0.9666621018885947 1.0 1.0 0.9744713089611656 0.931475178148592 0.9172714963065819 0.8746534181489461 0.8151961898810226 0.7953224630676407 0.6682888342356127 0.5597790464447487 0.5017745959943175 -0.15346851689119512 0.3153437610206023 0.20588603347005535 0.1127079810237726 -0.029668914057828684 -0.09925243160363308 -0.22460168180037982 -0.30639192196065634 -0.3907931698216331 -0.4942967541606638 -0.5879886305357889 
0.6997903194962883 0.7416307883508815 0.8112217338560791 0.8015612386636124 0.9203733381481101 0.8749183695918131 0.981102610578299 0.9666621018885947 1.0 1.0 0.9744713089611656 0.931475178148592 0.9172714963065819 0.8746534181489461 0.8151961898810226 0.7953224630676407 0.6682888342356127 0.5597790464447487 0.5017745959943175 -0.15346851689119512 0.3153437610206023 0.20588603347005535 0.1127079810237726 -0.029668914057828684 -0.09925243160363308 -0.22460168180037982 -0.30639192196065634 -0.3907931698216331 -0.4942967541606638 -0.5879886305357889 
0.401321908935873 1.0 0.9842230891789545 0.9872129997871216 0.9738233590779923 0.9447578510553993 0.9271479073626946 0.8602265751945052 0.796824253395009 0.7376686803931456 0.658921713051649 0.5534865728667492 0.47728752768396415 0.38668198038665236 0.27217490021741897 0.19905538810256596 0.14828381649511016 -0.029831843899959336 -0.2158452061220395 -0.23025811661249707 -0.30584455434288127 -0.4315478878287359 -0.5290420267355532 -0.6122920263275234 -0.6331789513847654 -0.7570045241192506 -0.8089237132447209 -0.872389759320463 -0.9072059540573751 -0.9602497649185822 
0.401321908935873 1.0 0.9941840457266201 0.9930365581274317 0.9738233590779923 0.9447578510553993 0.9244777021801824 0.849096254585337 0.7932126682132963 0.7278712669132105 0.666167259688914 0.5542382824250133 0.4357288740135279 0.3950485093864774 0.28149458239422087 0.18712161983777054 0.07330425775539649 -0.031181416653233075 -0.22000157021471778 -0.2276344743065864 -0.3076647851616695 -0.4251405414560917 -0.5358568787927427 -0.6075274425045227 -0.6268971200677662 -0.7600019604221075 -0.8279038790663942 -0.8633956265121979 -0.9062620292482899 -0.9551543989587759 
0.401321908935873 1.0 0.9941840457266201 0.9930365581274317 0.9738233590779923 0.9447578510553993 0.9244777021801824 0.849096254585337 0.7932126682132963 0.7278712669132105 0.666167259688914 0.5542382824250133 0.4357288740135279 0.3950485093864774 0.28149458239422087 0.18712161983777054 0.07330425775539649 -0.031181416653233075 -0.22000157021471778 -0.2276344743065864 -0.3076647851616695 -0.4251405414560917 -0.5358568787927427 -0.6075274425045227 -0.6268971200677662 -0.7600019604221075 -0.8279038790663942 -0.8633956265121979 -0.9062620292482899 -0.9551543989587759 
0.4009941930291482 0.9974920809309683 0.9869502790377711 1.0 0.9738233590779923 0.9371118888632726 0.9376554971030265 0.8596319606419677 0.7955298754027018 0.7201845765022518 0.6681542075598371 0.5626775399566358 0.4802933403990855 0.3872675637341107 0.28115279833992235 0.18872298282025313 0.13438973104168084 -0.03357455586274251 -0.5785662216166998 -0.22583086868472446 -0.3180839898672263 -0.4287081260274846 -0.5199969486889704 -0.6049912506748937 -0.6885399955337214 -0.7482222160408111 -0.8089237132447209 -0.8696292697569007 -0.9249224268586222 -0.9524545076969266 
0.401321908935873 1.0 0.9918856456357114 0.9872129997871216 0.9869815459080051 0.9447578510553993 0.9244777021801824 0.8571023648116933 0.796824253395009 0.7376686803931456 0.6822008616750395 0.5542382824250133 0.4708924299397035 0.3950485093864774 0.27217490021741897 0.18819010534070593 0.14828381649511016 -0.031181416653233075 -0.2158452061220395 -0.22707814923224023 -0.30584455434288127 -0.43225065453620054 -0.519796412101446 -0.6162362831688863 -0.6349221768924933 -0.7555270318893773 -0.8298648623339288 -0.8633956265121979 -0.8982813995244459 -0.9602497649185822 
0.401321908935873 0.9974920809309683 0.9842230891789545 0.986451903728053 0.9738233590779923 0.9400632049426254 0.9309951769803054 0.8602265751945052 0.796824253395009 0.7278712669132105 0.7367963564538353 0.5626775399566358 0.5073399772498184 0.39209869696362043 0.2497198599059087 0.19984325738844447 0.07330425775539649 -0.02462772803013552 -0.13222598425544205 -0.22319564391788366 -0.30584455434288127 -0.43366787412487356 -0.5199969486889704 -0.6075274425045227 -0.6885399955337214 -0.7600019604221075 -0.8089237132447209 -0.872389759320463 -0.9176513768501253 -0.9617135461005537 
0.401321908935873 0.9940060661144968 0.9909701106698051 0.9872129997871216 0.9757353140181811 0.9430751527557643 0.9294670095389317 0.850441794918935 0.7890330692401211 0.727897780263638 0.11140491778433326 0.5513986989317763 0.42676344784123565 0.39169574192353246 0.2666223542549747 0.19905538810256596 0.050776156678706594 -0.02580947775670242 -0.1543323109953555 -0.22707814923224023 -0.30996938703644833 -0.43532674904549945 -0.5358568787927427 -0.6158626187105734 -0.6651773158793916 -0.7570045241192506 -0.8024874376809705 -0.8614512320648631 -0.9149285291742886 -0.9602497649185822 
0.401321908935873 1.0 0.9833624895630839 0.986451903728053 0.9745118273935742 0.9447578510553993 0.9225574261523428 0.8596319606419677 0.7863898477656882 0.721585943891858 0.6559541557195077 0.5534865728667492 0.4759959841778088 0.3918046463762405 0.2662405685518323 0.16928439128269496 0.12858477847607608 -0.029831843899959336 -0.15029751234328326 -0.2256649583727319 -0.3060122428955689 -0.43225065453620054 -0.5290420267355532 -0.6075274425045227 -0.6331789513847654 -0.7576111216094593 -0.8089237132447209 -0.8585573882348968 -0.8940665129286484 -0.9602497649185822 
0.4009941930291482 0.9974920809309683 0.9869502790377711 1.0 0.9738233590779923 0.9371118888632726 0.9376554971030265 0.8596319606419677 0.7955298754027018 0.7201845765022518 0.6681542075598371 0.5626775399566358 0.4802933403990855 0.3872675637341107 0.28115279833992235 0.18872298282025313 0.13438973104168084 -0.03357455586274251 -0.5785662216166998 -0.22583086868472446 -0.3180839898672263 -0.4287081260274846 -0.5199969486889704 -0.6049912506748937 -0.6885399955337214 -0.7482222160408111 -0.8089237132447209 -0.8696292697569007 -0.9249224268586222 -0.9524545076969266 
0.401321908935873 0.9940060661144968 0.9919822141315695 0.986451903728053 0.9766259381991814 0.9447578510553993 0.9225574261523428 0.8554601976922509 0.7863898477656882 0.7278712669132105 0.6740854610497389 0.5626775399566358 0.5313396396429009 0.3872675637341107 0.2497198599059087 0.18712161983777054 0.07330425775539649 -0.03357455586274251 -0.15886977698886368 -0.2256649583727319 -0.30881780296996947 -0.4251405414560917 -0.5199969486889704 -0.6075274425045227 -0.6586241941441789 -0.7600019604221075 -0.8089237132447209 -0.8580818428660778 -0.8940665129286484 -0.9421279257119115 
0.401321908935873 0.9940060661144968 0.9919822141315695 0.986451903728053 0.9766259381991814 0.9447578510553993 0.9225574261523428 0.8554601976922509 0.7863898477656882 0.7278712669132105 0.6740854610497389 0.5626775399566358 0.5313396396429009 0.3872675637341107 0.2497198599059087 0.18712161983777054 0.07330425775539649 -0.03357455586274251 -0.15886977698886368 -0.2256649583727319 -0.30881780296996947 -0.4251405414560917 -0.5199969486889704 -0.6075274425045227 -0.6586241941441789 -0.7600019604221075 -0.8089237132447209 -0.8580818428660778 -0.8940665129286484 -0.9421279257119115 
0.401321908935873 0.9974920809309683 0.9883823619624277 0.986451903728053 0.9745118273935742 0.9363454412702419 0.9225574261523428 0.8532821252646022 0.796824253395009 0.721585943891858 0.6457331657379931 0.55897590454996 0.4759959841778088 0.39209869696362043 0.26932399011735925 0.20608838393341822 0.1324254169408657 -0.017522052577863895 -0.15029751234328326 -0.2256649583727319 -0.3060122428955689 -0.43366787412487356 -0.5290420267355532 -0.6075274425045227 -0.6331789513847654 -0.7497840871049483 -0.8089237132447209 -0.872389759320463 -0.8940665129286484 -0.9561289165139121 
0.401321908935873 0.9974920809309683 0.9883823619624277 0.986451903728053 0.9745118273935742 0.9363454412702419 0.9225574261523428 0.8532821252646022 0.796824253395009 0.721585943891858 0.6457331657379931 0.55897590454996 0.4759959841778088 0.39209869696362043 0.26932399011735925 0.20608838393341822 0.1324254169408657 -0.017522052577863895 -0.15029751234328326 -0.2256649583727319 -0.3060122428955689 -0.43366787412487356 -0.5290420267355532 -0.6075274425045227 -0.6331789513847654 -0.7497840871049483 -0.8089237132447209 -0.872389759320463 -0.8940665129286484 -0.9561289165139121 
0.4009941930291482 0.9940060661144968 0.9771629008125222 0.9952212689781398 0.9702840917113067 0.9371118888632726 0.9309951769803054 0.8554601976922509 0.7871278829842578 0.721585943891858 0.6818780042450885 0.5626775399566358 0.47448465734437373 0.3872675637341107 0.2829664065394432 0.18872298282025313 0.1324254169408657 -0.03357455586274251 -0.13107362482090607 -0.22583086868472446 -0.30881780296996947 -0.4075354980281085 -0.5199969486889704 -0.6158626187105734 -0.6885399955337214 -0.7600019604221075 -0.8089237132447209 -0.8662919255639915 -0.9008320643274197 -0.9617135461005537 
0.4009941930291482 0.9974920809309683 0.9869502790377711 1.0 0.9736003130132347 0.9364583519838074 0.9309951769803054 0.8602265751945052 0.796824253395009 0.7201845765022518 0.6818780042450885 0.5626775399566358 0.4759959841778088 0.3839551661144709 0.2729261841425245 0.2115518048914848 0.1324254169408657 -0.03978531286129048 -0.15785871391624284 -0.22583086868472446 -0.2983029314868116 -0.43366787412487356 -0.5199969486889704 -0.6067087738244836 -0.6885399955337214 -0.7600019604221075 -0.8089237132447209 -0.872389759320463 -0.9176513768501253 -0.9617135461005537 
0.4009941930291482 0.9974920809309683 0.9869502790377711 1.0 0.9736003130132347 0.9364583519838074 0.9309951769803054 0.8602265751945052 0.796824253395009 0.7201845765022518 0.6818780042450885 0.5626775399566358 0.4759959841778088 0.3839551661144709 0.2729261841425245 0.2115518048914848 0.1324254169408657 -0.03978531286129048 -0.15785871391624284 -0.22583086868472446 -0.2983029314868116 -0.43366787412487356 -0.5199969486889704 -0.6067087738244836 -0.6885399955337214 -0.7600019604221075 -0.8089237132447209 -0.872389759320463 -0.9176513768501253 -0.9617135461005537 
0.4009941930291482 0.9846971124507492 0.9869502790377711 0.9854658632128178 0.9764387495595651 0.9371118888632726 0.9264492765244554 0.8554601976922509 0.7890330692401211 0.721585943891858 0.6818780042450885 0.5527929395115695 0.48554876410981884 0.38656032900327325 0.2729261841425245 0.19409813804360546 0.10412170162469492 -0.03978531286129048 -0.13222598425544205 -0.22583086868472446 -0.3066747247814525 -0.43451559173638443 -0.5358568787927427 -0.6158626187105734 -0.6710573974587689 -0.7600019604221075 -0.8298648623339288 -0.8656520479673734 -0.9008320643274197 -0.960863165250681 
0.401321908935873 0.9773970090532318 0.9941840457266201 0.9926007605086234 0.9738233590779923 0.9449424373771249 0.9264492765244554 0.8554601976922509 0.7890330692401211 0.7278712669132105 0.6667469578091866 0.5626775399566358 0.4587399266846226 0.3939095335169293 0.2729261841425245 0.16928439128269496 0.07330425775539649 -0.03748807670117249 -0.15058946128829429 -0.2276344743065864 -0.3066747247814525 -0.4251405414560917 -0.5358568787927427 -0.6031657343712061 -0.6847491553376029 -0.7600019604221075 -0.8074385537649893 -0.8656520479673734 -0.9008320643274197 -0.9432421012252604 
0.401321908935873 0.9940060661144968 0.9842230891789545 0.9964672006803414 0.9738233590779923 0.9447578510553993 0.9299155820347614 0.8371183190824527 0.7890330692401211 0.721585943891858 0.6681542075598371 0.5458429201757166 0.47276228674775744 0.40814188707168664 0.2745351241739416 0.19521415293985953 0.07436180764643516 -0.01992228316062361 -0.1543323109953555 -0.2276344743065864 -0.30996938703644833 -0.43532674904549945 -0.5358568787927427 -0.6158626187105734 -0.6710573974587689 -0.7556405376080233 -0.8089237132447209 -0.8656520479673734 -0.9149285291742886 -0.9524545076969266 
0.401321908935873 1.0 0.9842230891789545 0.9900529031946275 0.9868457236644099 0.9447578510553993 0.919991142802628 0.8469295007675225 0.8030706786659161 0.721585943891858 0.6757808432382258 0.5458429201757166 0.4693273539151665 0.4221257819645106 0.30036608911735896 0.2049477894399165 0.07436180764643516 -0.01992228316062361 -0.1543323109953555 -0.21933588559912484 -0.3440555273615566 -0.43366787412487356 -0.5008665334439685 -0.6158626187105734 -0.6710573974587689 -0.7556241075113601 -0.8179727352917737 -0.8580818428660778 -0.9149285291742886 -0.950078766397248 
0.401321908935873 0.9916185326625638 0.9943088713534374 0.9778092070995049 0.9740613195601333 0.9464651426257503 0.9225574261523428 0.8596319606419677 0.7957111302271836 0.7371149881963075 0.6700703533888286 0.5460635851046713 0.4823372441023376 0.4044637004564661 0.27217490021741897 0.19447942867641083 0.07330425775539649 -0.024021144627807436 -0.08865092805439315 -0.233892436964374 -0.30996938703644833 -0.45958498236891676 -0.5232319531258942 -0.6105929875659792 -0.6870354376036443 -0.7947074245883844 -0.8298648623339288 -0.8580818428660778 -0.9263287348373807 -0.9524545076969266 
0.4009941930291482 0.9740029647332918 1.0 0.9900529031946275 0.9866474550796698 0.9350791238730565 0.9264492765244554 0.8526423413518033 0.8101003598628042 0.699137746178882 0.6606868358935968 0.5576765380761418 0.4860941296851287 0.38656032900327325 0.2645035751680189 0.18626436699407836 0.07825325932547071 -0.06523379879285685 -0.13222598425544205 -0.22895471792159072 -0.3307854389677442 -0.4244273204906082 -0.516441931502214 -0.608012842378354 -0.6668242617826757 -0.7600019604221075 -0.8275228187603202 -0.8438929602577288 -0.9008320643274197 -0.960863165250681 
0.4009941930291482 0.9823114913476445 0.9935378152806142 0.9894051752417599 0.9866474550796698 0.9449424373771249 0.9153581786408531 0.9030740450454888 0.7890330692401211 0.699137746178882 0.6606868358935968 0.5667325713228206 0.4823372441023376 0.38656032900327325 0.2645035751680189 0.16928439128269496 0.06942318470486235 -0.03748807670117249 -0.12194192916995368 -0.22895471792159072 -0.322776474693724 -0.42416832195221316 -0.5205313495082046 -0.6060365978335077 -0.6894107412904948 -0.7600019604221075 -0.8275228187603202 -0.9006212554289896 -0.9008320643274197 -0.9432421012252604 
0.401321908935873 1.0 0.9926158171439043 0.9618478925832505 0.9791750833785193 0.9447578510553993 0.9135531010173761 0.8526423413518033 0.7933928978107334 0.754722497008568 0.6606868358935968 0.5568962247803501 0.47182659480514383 0.3872675637341107 0.26402602210206555 0.19175093064618953 0.08231618572535751 -0.014292802778348032 -0.13511664248468575 -0.23986767273106546 -0.3195256647765736 -0.43451559173638443 -0.527211268228605 -0.6121278353968104 -0.6869411848738278 -0.7594985341476806 -0.8298648623339288 -0.835522163021807 -0.9011647623014271 -0.946445369486232 
0.4009941930291482 0.9823114913476445 0.9935378152806142 0.9894051752417599 0.9866474550796698 0.9449424373771249 0.9153581786408531 0.9030740450454888 0.7890330692401211 0.699137746178882 0.6606868358935968 0.5667325713228206 0.4823372441023376 0.38656032900327325 0.2645035751680189 0.16928439128269496 0.06942318470486235 -0.03748807670117249 -0.12194192916995368 -0.22895471792159072 -0.322776474693724 -0.42416832195221316 -0.5205313495082046 -0.6060365978335077 -0.6894107412904948 -0.7600019604221075 -0.8275228187603202 -0.9006212554289896 -0.9008320643274197 -0.9432421012252604 
0.4009941930291482 1.0 0.996893505320223 0.9699187510077396 0.98077148972719 0.9350791238730565 0.9135531010173761 0.8526423413518033 0.8101003598628042 0.754722497008568 0.6632660716479826 0.5527386336193298 0.4860941296851287 0.38656032900327325 0.28477803416172254 0.19323161160855318 0.07544098308736275 -0.018534494561145032 -0.13511664248468575 -0.2253584577863206 -0.32226075401464294 -0.4654773543201963 -0.527211268228605 -0.6327145719162869 -0.6891214736889498 -0.7882197200610185 -0.8298648623339288 -0.8265203795276906 -0.9008320643274197 -0.946445369486232 
0.4009941930291482 0.9740029647332918 0.9904493796251242 0.9933977199465495 0.9766697125349119 0.9307423768657853 0.9168794648406373 0.8189014947227669 0.8074555945169777 0.699137746178882 0.6646817908331109 0.544032496517794 0.4892509544087047 0.414545268549533 0.2899342386849759 0.19323161160855318 0.0875439322176623 -0.027694553533438568 -0.11241724223086946 -0.23422832132033755 -0.316672904387079 -0.46139216454583365 -0.5100499463102316 -0.6074078464920549 -0.6703074903204457 -0.7947209845779448 -0.8188834070776723 -0.8437235616632212 -0.9058049008013361 -0.9476339969405677 
0.4009941930291482 0.9940060661144968 0.996893505320223 0.9699187510077396 0.9766697125349119 0.9259491685828601 0.9103343773096925 0.8162664470093105 0.8025608489179674 0.6910707384831976 0.6567034189471241 0.544032496517794 0.4922550839378626 0.41002821516619514 0.2899342386849759 0.19323161160855318 0.07836588465912143 -0.027694553533438568 -0.11241724223086946 -0.23422832132033755 -0.316672904387079 -0.45334965728604376 -0.5100499463102316 -0.6074078464920549 -0.6891214736889498 -0.7882197200610185 -0.8188834070776723 -0.8437235616632212 -0.9058049008013361 -1.0 
0.4009941930291482 0.9931737682477557 0.996893505320223 0.976094123846081 0.9692230517496245 0.9258883440412563 0.908830648124794 0.8162664470093105 0.8025608489179674 0.6996999935053834 0.6397572650047278 0.5450199379011744 0.4844646740032328 0.35140715756141705 0.28606595780582295 0.1996676119275517 0.08677080015653982 -0.02342254029532635 -0.12306218122835041 -0.24510075566270761 -0.322776474693724 -0.46203254334236915 -0.5129951035593316 -0.6074078464920549 -0.6771043823640441 -0.7834121162657423 -0.8266559655172229 -0.8437235616632212 -0.928982928493574 -0.9916160907489316 
0.4009941930291482 0.9884996648927978 0.9946390786757465 0.976094123846081 0.9703293385415519 0.9280334568787821 0.9173418048047398 0.8296665006029869 0.8020985139887091 0.6991694379250137 0.6591290046900244 0.6227486739901728 0.4823372441023376 0.35140715756141705 0.2983753193461472 0.21827297454177286 0.08677080015653982 -0.027694553533438568 -0.12194192916995368 -0.23593278737793358 -0.322776474693724 -0.46203254334236915 -0.5129951035593316 -0.6319599231688777 -0.6894107412904948 -0.7849354714808923 -0.8225009837517385 -0.8921804823038605 -0.928982928493574 -1.0 
0.4009941930291482 0.9884996648927978 0.996893505320223 0.9727045843750242 0.9839579173560795 0.9258883440412563 0.9036503778353419 0.8258332318181373 0.7978897304826673 0.6870060075175027 0.6486121835433122 0.6228070155470574 0.47609423466554235 0.3508540517889452 0.29540201383821524 0.20618341388733072 0.0769769578426731 -0.0324974764178294 -0.12211676226354287 -0.23593278737793358 -0.32226075401464294 -0.45989723175668595 -0.5147351670035076 -0.6327145719162869 -0.6832741306374636 -0.7763030203120226 -0.8159374033872369 -0.8395800027261853 -0.928982928493574 -0.9044731210103527 
0.4009941930291482 0.9940060661144968 0.996893505320223 0.9778092070995049 0.9782832215939656 0.9280334568787821 0.9138726849520239 0.8258332318181373 0.8049224414581297 0.6951283424865101 0.6506910439380929 0.6237726470513345 0.4823372441023376 0.3592191417559789 0.29540201383821524 0.21069352140775743 0.0769769578426731 -0.027694553533438568 -0.12211676226354287 -0.229783594982519 -0.32226075401464294 -0.46203254334236915 -0.5100499463102316 -0.6327145719162869 -0.6894107412904948 -0.7882197200610185 -0.8201838170895485 -0.8437235616632212 -0.9104097119728125 -1.0 
0.4009941930291482 0.9884996648927978 0.9986654344140738 0.9768781756908104 0.9703293385415519 0.9272927239613803 0.9103343773096925 0.8258332318181373 0.8049224414581297 0.6910707384831976 0.6632660716479826 0.544032496517794 0.4824415414626471 0.3592191417559789 0.28477803416172254 0.20361448589354122 0.08677080015653982 -0.027694553533438568 -0.11752724801930586 -0.229783594982519 -0.32226075401464294 -0.46611858713885607 -0.5253001024819384 -0.6327145719162869 -0.684675384472557 -0.7882197200610185 -0.8201838170895485 -0.8423136259136352 -0.9104097119728125 -1.0 
0.4009941930291482 0.9940060661144968 0.9946390786757465 0.9816954083588962 0.9782832215939656 0.9327356882823757 0.9173418048047398 0.8352591328962923 0.8020985139887091 0.701630417189699 0.6591290046900244 0.6237726470513345 0.48914324190142294 0.41894119047203104 0.29540201383821524 0.21676162467319363 0.08677080015653982 -0.027694553533438568 -0.12541921344984616 -0.229783594982519 -0.32226075401464294 -0.008226909269495083 -0.5147351670035076 -0.6315676391943112 -0.6790415115558197 -0.7882197200610185 -0.8225009837517385 -0.8894727105124203 -0.9104097119728125 -0.9976633168080667 
0.4009941930291482 0.9884996648927978 0.9946390786757465 0.976094123846081 0.9703293385415519 0.9280334568787821 0.9173418048047398 0.8296665006029869 0.8020985139887091 0.6991694379250137 0.6591290046900244 0.6227486739901728 0.4823372441023376 0.35140715756141705 0.2983753193461472 0.21827297454177286 0.08677080015653982 -0.027694553533438568 -0.12194192916995368 -0.23593278737793358 -0.322776474693724 -0.46203254334236915 -0.5129951035593316 -0.6319599231688777 -0.6894107412904948 -0.7849354714808923 -0.8225009837517385 -0.8921804823038605 -0.928982928493574 -1.0 
0.4009941930291482 0.9884996648927978 0.996893505320223 0.9727045843750242 0.9839579173560795 0.9258883440412563 0.9036503778353419 0.8258332318181373 0.7978897304826673 0.6870060075175027 0.6486121835433122 0.6228070155470574 0.47609423466554235 0.3508540517889452 0.29540201383821524 0.20618341388733072 0.0769769578426731 -0.0324974764178294 -0.12211676226354287 -0.23593278737793358 -0.32226075401464294 -0.45989723175668595 -0.5147351670035076 -0.6327145719162869 -0.6832741306374636 -0.7763030203120226 -0.8159374033872369 -0.8395800027261853 -0.928982928493574 -0.9044731210103527 
0.4009941930291482 0.9811548491764986 0.9900769684654079 0.9768781756908104 0.9703293385415519 0.9258883440412563 0.9058507564545436 0.8258332318181373 0.8020985139887091 0.6902161630624556 0.6591290046900244 0.6228070155470574 0.4823372441023376 0.8048852259908876 0.2983753193461472 0.20361448589354122 0.08677080015653982 -0.02527340180965354 -0.13105284649517432 -0.229783594982519 -0.322776474693724 -0.45989723175668595 -0.5253001024819384 -0.6272397235839903 -0.6781250987231646 -0.7887964171622619 -0.8201838170895485 -0.8395800027261853 -0.928982928493574 -0.909032831166303 
0.4009941930291482 0.9884996648927978 0.9993175375181783 0.9768781756908104 0.9703293385415519 0.9272927239613803 0.9107625756043727 0.8352274638165849 0.7973478800530328 0.701630417189699 0.6506910439380929 0.6237726470513345 0.4815889651343716 0.41894119047203104 0.29540201383821524 0.2147258050132789 0.0769769578426731 -0.01978257405189241 -0.12211676226354287 -0.8329907402975885 -0.32226075401464294 -0.45334965728604376 -0.5147351670035076 -0.6328389529995577 -0.6894107412904948 -0.7882197200610185 -0.8247374033013842 -0.8423136259136352 -0.9144273374897043 -1.0 
0.4009941930291482 0.9884996648927978 0.9916285124062935 0.9727045843750242 0.9703293385415519 0.9253150042331362 0.9036503778353419 0.8352274638165849 0.7927877333403294 0.701630417189699 0.6506910439380929 0.6234704989958698 0.4815889651343716 0.41894119047203104 0.2983753193461472 0.21119867633364708 0.08677080015653982 -0.6203786657403338 -0.12194192916995368 -0.23593278737793358 -0.32226075401464294 -0.45185768385106195 -0.5147351670035076 -0.6322266835059925 -0.6894107412904948 -0.7830975505497316 -0.8247374033013842 -0.8423136259136352 -0.9144273374897043 -0.9938425825120363 
0.4009941930291482 0.9884996648927978 0.9993175375181783 0.9768781756908104 0.9703293385415519 0.9272927239613803 0.9107625756043727 0.8352274638165849 0.7973478800530328 0.701630417189699 0.6506910439380929 0.6237726470513345 0.4815889651343716 0.41894119047203104 0.29540201383821524 0.2147258050132789 0.0769769578426731 -0.01978257405189241 -0.12211676226354287 -0.8329907402975885 -0.32226075401464294 -0.45334965728604376 -0.5147351670035076 -0.6328389529995577 -0.6894107412904948 -0.7882197200610185 -0.8247374033013842 -0.8423136259136352 -0.9144273374897043 -1.0 
0.4009941930291482 0.9884996648927978 0.9916285124062935 0.9727045843750242 0.9703293385415519 0.9253150042331362 0.9036503778353419 0.8352274638165849 0.7927877333403294 0.701630417189699 0.6506910439380929 0.6234704989958698 0.4815889651343716 0.41894119047203104 0.2983753193461472 0.21119867633364708 0.08677080015653982 -0.6203786657403338 -0.12194192916995368 -0.23593278737793358 -0.32226075401464294 -0.45185768385106195 -0.5147351670035076 -0.6322266835059925 -0.6894107412904948 -0.7830975505497316 -0.8247374033013842 -0.8423136259136352 -0.9144273374897043 -0.9938425825120363 
0.06867816537861095 0.9826849053942459 0.9841970341314988 0.9868141165923311 0.9616092844145266 0.94438316398267 0.9173418048047398 0.8352591328962923 0.3138111637689607 0.701630417189699 0.6355591376285107 0.5631923051097698 0.47881559781280847 0.37207139254417687 0.29540201383821524 0.16541349235623531 0.013719934362169183 -0.031084471072165935 -0.12541921344984616 -0.25465672238550363 -0.33694425623984786 -0.4398501028676295 -0.5281200846893143 -0.6145574314532396 -0.6915614579020947 -0.7797521474310141 -0.8226020344934046 -0.8888536132704755 -0.9156263483524735 -0.9570747602347354 
0.06838735767086261 0.999160491813741 0.9899480033532273 0.9898373927539271 0.9628276087788915 0.9417793656386954 0.9055584790102211 0.8466965083842961 0.7989403456468062 0.7367655885239449 0.6755694386680601 0.554662649383862 0.4624193408988535 0.37109879441888655 0.2895969803970497 0.16541349235623531 0.07778219559902937 -0.02437376763861278 -0.14704682526395274 -0.25465672238550363 -0.3410727285765482 -0.4554892548426225 -0.5200157964210046 -0.6262574667468205 -0.6915614579020947 -0.7797521474310141 -0.8326658706735199 -0.8755086583230532 -0.918672177043018 -0.9505361804261087 
0.06897668042166753 0.9940763525537614 0.9811589402024508 0.9898373927539271 0.971167026290143 0.9363618259629014 0.912386007871615 0.8373085483856904 0.8099682550003849 0.7354777956447925 0.6334455491785038 0.5596471246051016 0.48644574157945947 0.3820601362015523 0.26609136729607996 0.16193149583603222 0.07778219559902937 -0.031084471072165935 -0.14538770582580463 -0.2521176019072745 -0.3491728294388359 -0.44376907111216224 -0.1002314723927582 -0.6254553899192814 -0.6888875158003833 -0.7608815853533841 -0.8326658706735199 -0.8755086583230532 -0.918672177043018 -0.9570747602347354 
0.06838735767086261 1.0 0.9811589402024508 0.9873588311347373 0.971167026290143 0.9363618259629014 0.8991100555017653 0.8393640183505255 0.8069980675932221 0.7354777956447925 0.6779678100244156 0.5631923051097698 0.47506711338451785 0.3816940099331593 0.2796423224356578 0.1717839161291369 0.07110019974731138 -0.031084471072165935 -0.13612790860408053 -0.24337794652445174 -0.3363992145268853 -0.44563420814365495 -0.5281200846893143 -0.6172533102355429 -0.6862051670357031 -0.7857129595367186 -0.8326658706735199 -0.881349238734725 -0.48697883099425976 -0.9570747602347354 
0.06838735767086261 0.9826849053942459 0.9841970341314988 0.9873588311347373 0.9627014615220119 0.9363618259629014 0.9162561526061248 0.8393640183505255 0.8069980675932221 0.7354777956447925 0.6355591376285107 0.5631923051097698 0.47881559781280847 0.3820601362015523 0.26609136729607996 0.1643902818634995 0.0633547547189155 -0.031084471072165935 -0.1382942899344328 -0.24337794652445174 -0.33694425623984786 -0.44376907111216224 -0.09281601570714486 -0.6254553899192814 -0.6888875158003833 -0.7787533366177926 -0.8326658706735199 -0.8742286394990969 -0.9156263483524735 -0.9570747602347354 
0.06838735767086261 1.0 0.9748410119056277 0.9881313845949692 0.9627014615220119 0.9486623105856755 0.8838456910830014 0.8221408285745424 0.7925326999994476 0.7367655885239449 0.6355591376285107 0.5522684986073263 -0.07011057217870054 0.36776579152091243 0.2962162775821274 0.1643902818634995 0.07778219559902937 -0.03005377839576751 -0.14704682526395274 -0.24337794652445174 -0.3608793201139242 -0.44183037627483307 -0.5190487463240676 -0.6254553899192814 -0.6957570828004696 -0.7733795452590988 -0.8326658706735199 -0.8742286394990969 -0.9123224968820541 -0.9505361804261087 
0.06867816537861095 0.9826849053942459 0.9841970341314988 0.9868141165923311 0.9616092844145266 0.94438316398267 0.9173418048047398 0.8352591328962923 0.3138111637689607 0.701630417189699 0.6355591376285107 0.5631923051097698 0.47881559781280847 0.37207139254417687 0.29540201383821524 0.16541349235623531 0.013719934362169183 -0.031084471072165935 -0.12541921344984616 -0.25465672238550363 -0.33694425623984786 -0.4398501028676295 -0.5281200846893143 -0.6145574314532396 -0.6915614579020947 -0.7797521474310141 -0.8226020344934046 -0.8888536132704755 -0.9156263483524735 -0.9570747602347354 
0.06838735767086261 0.9946071081692116 0.9909294762878997 0.9779536078269284 0.9628276087788915 0.9451465667673488 0.9028237587788793 0.8555864514514723 0.7989403456468062 0.7367655885239449 0.6874284429196996 0.5503092746293677 0.47506711338451785 0.37207139254417687 0.2916071842920773 0.16364734729792718 0.07362285624756726 -0.025172181792735553 0.38616110965996975 -0.24190801180302898 -0.3407531364638054 -0.44557087450090077 -0.5281200846893143 -0.6272285422941528 -0.6937195501091339 -0.7797521474310141 -0.8326658706735199 -0.8755086583230532 -0.918672177043018 -0.9505361804261087 
0.06838735767086261 1.0 0.9841970341314988 0.9898373927539271 0.9627014615220119 0.9417793656386954 0.9034766040603265 0.8407008334793676 0.7989403456468062 0.7367655885239449 0.629327412480529 0.5522684986073263 0.44029742845429887 0.37109879441888655 0.2962162775821274 0.1643902818634995 0.07778219559902937 -0.031084471072165935 -0.14704682526395274 -0.24337794652445174 -0.3317486451776635 -0.44183037627483307 -0.5200157964210046 -0.6254553899192814 -0.6915614579020947 -0.7733795452590988 -0.8326658706735199 -0.8742286394990969 -0.9123224968820541 -0.9505361804261087 
0.06897668042166753 0.9860456032050877 0.99308041035201 0.9898373927539271 0.9728922730942068 0.9383398624853793 0.9055584790102211 0.8373085483856904 0.7986889914614189 0.7367655885239449 0.6755694386680601 0.5596471246051016 0.4642128525450372 0.3774724107902851 0.26609136729607996 0.16541349235623531 0.07778219559902937 -0.055495470122511215 -0.1352156425427 -0.26176323153172526 -0.3410727285765482 -0.44578950938270634 -0.5304737237213958 -0.6225988300228023 -0.6888875158003833 -0.7669402581019491 -0.8349548149954293 -0.8747554311250153 -0.918672177043018 -0.9587751898807398 
0.06897668042166753 0.999160491813741 0.99308041035201 0.9898373927539271 0.9757671877172142 0.941857237005174 0.9055584790102211 0.8294518411796465 0.8075770630647519 0.7391669274098255 0.6334455491785038 0.5596471246051016 0.48644574157945947 0.3638795161986663 0.27123590788334084 0.15310553752394604 0.07778219559902937 -0.055495470122511215 -0.1352156425427 -0.2521176019072745 -0.3460880469055418 -0.4554892548426225 -0.5304737237213958 -0.6254553899192814 -0.6888875158003833 -0.7797521474310141 -0.8326658706735199 -0.8755086583230532 -0.918672177043018 -0.9505361804261087 
0.06838735767086261 1.0 0.9841970341314988 0.9898373927539271 0.9627014615220119 0.9417793656386954 0.9034766040603265 0.8407008334793676 0.7989403456468062 0.7367655885239449 0.629327412480529 0.5522684986073263 0.44029742845429887 0.37109879441888655 0.2962162775821274 0.1643902818634995 0.07778219559902937 -0.031084471072165935 -0.14704682526395274 -0.24337794652445174 -0.3317486451776635 -0.44183037627483307 -0.5200157964210046 -0.6254553899192814 -0.6915614579020947 -0.7733795452590988 -0.8326658706735199 -0.8742286394990969 -0.9123224968820541 -0.9505361804261087 
0.06897668042166753 0.9826849053942459 0.9811589402024508 0.9821052888069356 0.97892112386051 0.93030049205601 0.9343956384355879 0.8373085483856904 0.7986889914614189 0.7367655885239449 0.6355591376285107 0.5596471246051016 0.48751917505344894 0.37570372328357643 0.2895969803970497 0.15310553752394604 0.07778219559902937 -0.055495470122511215 -0.11773001034973694 -0.26442441335450545 -0.3608793201139242 -0.4479475169023767 -0.5264331503159718 -0.6262574667468205 -0.7041694916993148 -0.7669402581019491 -0.8475409332609465 -0.8742286394990969 -0.9156263483524735 -0.9587751898807398 
0.06897668042166753 0.9826849053942459 0.9811589402024508 0.9821052888069356 0.97892112386051 0.93030049205601 0.9343956384355879 0.8373085483856904 0.7986889914614189 0.7367655885239449 0.6355591376285107 0.5596471246051016 0.48751917505344894 0.37570372328357643 0.2895969803970497 0.15310553752394604 0.07778219559902937 -0.055495470122511215 -0.11773001034973694 -0.26442441335450545 -0.3608793201139242 -0.4479475169023767 -0.5264331503159718 -0.6262574667468205 -0.7041694916993148 -0.7669402581019491 -0.8475409332609465 -0.8742286394990969 -0.9156263483524735 -0.9587751898807398 
0.06897668042166753 0.9862417232314082 0.9811589402024508 0.9821052888069356 0.9634011350362262 0.9330566785437119 0.9072567779963796 0.8292454782483863 0.7986889914614189 0.7367655885239449 0.6355591376285107 0.5502706312764454 0.47795696589614955 0.37570372328357643 0.2895969803970497 0.15310553752394604 0.07311937323425535 -0.030885904225615622 -0.10251858620364801 -0.26442441335450545 -0.3608793201139242 -0.4479475169023767 -0.5264331503159718 -0.6313050282836655 -0.6957570828004696 -0.7928937737706107 -0.8475409332609465 -0.8849655852481288 -0.9156263483524735 -0.9627214097659884 
0.06897668042166753 0.999160491813741 0.99308041035201 0.9898373927539271 0.9757671877172142 0.941857237005174 0.9055584790102211 0.8294518411796465 0.8075770630647519 0.7391669274098255 0.6334455491785038 0.5596471246051016 0.48644574157945947 0.3638795161986663 0.27123590788334084 0.15310553752394604 0.07778219559902937 -0.055495470122511215 -0.1352156425427 -0.2521176019072745 -0.3460880469055418 -0.4554892548426225 -0.5304737237213958 -0.6254553899192814 -0.6888875158003833 -0.7797521474310141 -0.8326658706735199 -0.8755086583230532 -0.918672177043018 -0.9505361804261087 
0.06897668042166753 0.987145158310395 0.997126393426679 0.9821052888069356 0.9653047467085598 0.9424893706537775 0.9055584790102211 0.8328538999370739 0.7986889914614189 0.7391669274098255 0.6355591376285107 0.5502706312764454 0.47795696589614955 0.35394459733602013 0.2895969803970497 0.15310553752394604 0.07125552392636866 -0.0528400918833008 -0.13448822949284225 -0.26442441335450545 -0.3460880469055418 -0.4600213490957955 -0.5619598193476076 -0.6192523162823763 -0.6936270873714036 -0.7797521474310141 -0.8349548149954293 -0.8755086583230532 -0.9050333151352155 -0.9505361804261087 
0.06838735767086261 0.993055209836657 0.9858093558041524 0.9896125224874387 0.97892112386051 0.9222799355263924 0.8994556570460048 0.8206698292431104 0.7986889914614189 0.7500356201309251 0.6435302396263352 0.5549929724005808 0.49083746485434127 0.39008578241238007 0.2895969803970497 0.16852363428343214 0.07311937323425535 -0.030885904225615622 -0.12849127527503967 -0.26442441335450545 -0.3447073125266416 -0.4600213490957955 -0.5264331503159718 -0.6262574667468205 -0.6957570828004696 -0.7928937737706107 -0.8475409332609465 -0.8880699841765959 -0.9156263483524735 -0.9627214097659884 
0.06838735767086261 0.987145158310395 0.997126393426679 0.9921167465020753 0.97892112386051 0.9337077708588971 0.9080549997677413 0.8346085982033115 0.7986889914614189 0.7500356201309251 0.6686006166233948 0.5702683161590324 0.45917045496974035 0.8505405378990782 0.2895969803970497 0.16541349235623531 0.07778219559902937 -0.030885904225615622 -0.1322302605971886 -0.262701530115781 -0.3410727285765482 -0.4600213490957955 -0.5271895957643855 -0.6250498116863226 -0.6957570828004696 -0.7797521474310141 -0.8349548149954293 -0.8880699841765959 -0.9050333151352155 -0.9505361804261087 
0.06764491070179547 0.987145158310395 1.0 0.9868786930241542 0.9635231217151439 0.9221467249545163 0.9080549997677413 0.832623296970979 0.7920672040234848 0.7581302568284546 0.6728477882836512 0.5421709084529678 0.47119223295760604 0.35014910011273637 0.28228394723457045 0.18304892512390278 0.07402307746187715 -0.016441645849974738 -0.12638894776279444 -0.2344265204817616 -0.33357201971541933 -0.4730026734066377 -0.5277120999590373 -0.6327145719162869 -0.6746350006855907 -0.7873962128807732 -0.8255450234757642 -0.8410512990900666 -0.9051360155974033 -0.962792435251518 
0.06838735767086261 0.9919867707871157 0.9957922430601086 -0.30870648203393336 0.9628276087788915 0.9383398624853793 0.9028237587788793 0.8294518411796465 0.7863321172314341 0.7430522024136063 0.6342719449375029 0.5458423353227707 0.4735960844994535 0.3816940099331593 0.27123590788334084 0.16541349235623531 0.07111083699487859 -0.012074289559956762 -0.1352156425427 -0.2515999211738024 -0.3363992145268853 -0.458364731724463 -0.5238193639375747 -0.6254553899192814 -0.6888875158003833 -0.7824256935011176 -0.8326658706735199 -0.8755086583230532 -0.9217041860974309 -0.9570747602347354 
