1.0500758472061806 0.04044471791231037 
1.0382460225393002 0.04805889100859151 
1.0377703874016282 0.058353009959280194 
1.0261025233934862 0.06942080588781785 
1.0188307133628904 0.07219710564307086 
1.0128210088346583 0.09113579122997917 
1.0106199911779208 0.1014812211746055 
1.0064758077787797 0.10267667530095922 
1.0035906633976055 0.11865523613949655 
0.9976431055959964 0.1329565732708089 
0.9868361582555887 0.14269876878041812 
0.9867621654870956 0.14802656032239125 
0.9829577538004812 0.16524292001671104 
0.9758304563769619 0.1727646660463278 
0.9543431940345821 0.18968581568145051 
0.9464380851270293 0.19545058230153528 
0.9454719772940533 0.21178073274450748 
0.9453138107304077 0.21410595354174328 
0.9454453463825137 0.2324047570259825 
0.9449818480021003 0.23183494867685644 
0.9449818480021003 0.23183494867685644 
0.9452904600445151 0.24560133458632818 
0.9452405681651718 0.2132787590939094 
0.9450906646635551 0.2477407697191746 
0.9450906646635551 0.2477407697191746 
0.8883092587291189 0.3324358340284281 
0.8837105999636169 0.33941690388215623 
0.8740993706679555 0.35274679371835893 
0.8587746842538275 0.36189930677910664 
0.8574663261041712 0.36507604969802165 
0.8572992560982848 0.3774897589218498 
0.8566871217763146 0.38607292648060554 
0.856301934991658 0.41758771851057686 
0.856301934991658 0.41758771851057686 
0.8501029354590588 0.4541578579034254 
0.8278969652638297 0.46788639506800384 
0.8036206071264582 0.47277941429700443 
0.8001441778663065 0.48133146786453024 
0.7957355089704469 0.49981969019902456 
0.7938378905315492 0.5228343891682597 
0.7938378905315492 0.5228343891682597 
0.7683290946867616 0.5585710922801396 
0.7550870664718058 0.5679181861670364 
0.7416868450102648 0.5758025796050454 
0.7218215980496201 0.5900286232009109 
0.7166180107412792 0.5907808287546857 
0.7109489629136572 0.6105584992462134 
0.6995784207632798 0.628160734065076 
0.6869980099969424 0.6436282376448329 
0.6749814815025783 0.6451383741824797 
0.6578614069227591 0.6660164504620871 
0.6562703326517869 0.6788113968308891 
0.6559737789795397 0.6689866183993637 
0.6393475398125663 0.7233364623716863 
0.6298609984381083 0.7309496011710468 
0.606291914316861 0.7461988009262415 
0.5998905495062701 0.7612476339856404 
0.5898883942240353 0.7718693559214236 
0.5898883942240353 0.7718693559214236 
0.559831424775997 0.8183169549108531 
0.5290648112845352 0.8192558007722334 
0.5290648112845352 0.8192558007722334 
0.5054074228544485 0.8197691221256492 
0.49546592444949467 0.8235938767892231 
0.48524571363612357 0.8434892450808847 
0.4761897140793564 0.8553748127421126 
0.4570503849723554 0.8838737642430982 
0.45235105756767136 0.889094662331544 
0.43456962428435947 0.9013292539703038 
0.42342378704647704 0.9058539143940441 
0.40450626830818265 0.9257553861529003 
0.4006296007677359 0.9417052232510241 
0.39162762836717574 0.9609725161867118 
0.21585020186969586 0.9975830027703319 
0.22852915158556994 0.9978390783978867 
0.31474142036055575 0.9917702024682424 
0.23252373728434936 0.9976411881495891 
0.20664685215771206 0.9977448930140759 
0.2189467803795667 0.9977366643602553 
0.18824380370105892 0.997918089855301 
0.23252373728434936 0.9976411881495891 
0.21585020186969586 0.9975830027703319 
0.23202836358804996 0.9977514797603932 
0.22852915158556994 0.9978390783978867 
0.20664685215771206 0.9977448930140759 
0.18824380370105892 0.997918089855301 
0.1867026847740997 0.9982305065368133 
0.17903210223526028 0.9996023242710526 
0.16960842611572174 1.0179521829531395 
0.13513853088547145 1.0273182440493822 
0.13513853088547145 1.0273182440493822 
0.11475081391832614 1.0274385154711934 
0.10741107925850454 1.0276145262905843 
0.10741107925850454 1.0276145262905843 
0.09967330505358907 1.0280549547649411 
0.07245987537310394 1.0421982442665643 
0.07245987537310394 1.0421982442665643 
0.06332642346193508 1.0478837932039287 
0.05363883503239728 1.0481207945283244 
0.046945972813705925 1.1110972748687715 
