1.0 -1.809150535429591 1.7838637449679993 -1.9870500541267213 -1.341333624751083 -1.8139452561374443 -1.960537574796387 -1.9242072802393075 -1.8693614726263523 -1.5918321799389292 -1.6515891375900789 -1.9529720089249207 -1.582099535327602 -1.7938447526342711 -1.899656223118568 -1.5710797225638498 -1.976082702788385 -1.8368926298127173 -1.3752190885810867 -1.7562472875885649 -1.6886382956963342 -1.8876577625828523 -1.823007159176181 -1.9120658457037945 -1.92719252483627 -1.6382701807870765 -1.4512862836615454 -1.92929714311488 -1.9668167983347011 1.823005105357889 
1.0 1.9215135864251214 1.8041878149122617 -1.9911303307434105 -1.978268025088235 -1.8080669454382419 -1.9692616674687378 -1.9007809754115406 -1.8693614726263523 -1.4885925564259104 -1.9624105474485476 -1.942620125947206 -1.971266594381243 -1.414021345037845 -1.899742087783123 -1.5513391362397329 -1.9875144291944098 1.028369697508676 -1.9441292856474035 -1.7643293496018206 -1.7050542737453127 -1.8846657357552234 -1.823007159176181 -1.9055904409181117 -1.9333893458666718 -1.6373962415922325 -1.945225094242992 -1.9317777535159262 -1.9492798444226542 1.823005105357889 
1.0 1.912552849527527 1.8168811911543479 -1.9958840118791514 -1.9792711788983208 -1.80691593448632 -1.9692616674687378 -1.8973588209713037 -1.9767289988787264 -1.4885925564259104 -1.9743561221625516 -1.9460867282246566 -1.9671707924318482 -1.7814607359203167 -1.8970798152673487 -1.5527600173850864 -1.9875144291944098 1.028369697508676 -1.9591699016054878 -1.7519803982768885 -1.701650159655991 -1.8876577625828523 -1.9835580699406792 -1.5960499092587648 -1.9262765394870716 -1.6381937448054582 -1.945225094242992 -0.95968076803659 -1.8778044246828447 1.8098600796690438 
0.9863974929894056 1.9127222425790253 1.8019427449321188 -1.9872557343162518 -1.978268025088235 -1.8006451006701139 -1.9692616674687378 -1.887917845025009 -1.8693614726263523 -1.5723178135775604 -1.9654450010470357 -1.9488292499669038 -1.971266594381243 -1.7759799999965151 -1.899656223118568 0.9811801993188976 -1.9875144291944098 1.0310747384434797 -1.9595005409087427 -1.7641630960944714 -1.6982834491446397 -1.8968371203982388 -1.842779168569205 -1.9289034630128434 -1.7580942506077892 -1.631054206823334 0.6616982259459072 -1.8098082489014906 -1.9452427489304804 -1.433011098355865 
0.9854268957890547 1.919502792681932 1.8041878149122617 -1.9914560857687993 -1.9792711788983208 -1.80691593448632 -1.951179707829047 0.4744503653978285 -1.8833256301899637 -1.4885925564259104 -1.959944958045109 -1.9317627426407222 -1.972707678897437 -1.7814607359203167 -1.8981273381107264 -1.9476216369751314 -1.9747205300401658 1.0184431907655662 -1.9591699016054878 -1.7535713414023697 -1.6936952825059044 -1.8731787588898658 -1.9809620013676446 -1.9585662269569237 -1.92719252483627 -1.6534119345691864 -1.9348111577320373 -1.841434250061232 -1.9677885308265615 -1.4378354410989922 
0.9796255852359814 1.912552849527527 1.800017375966845 -1.6562954424642469 -1.9769817088147994 -1.8072586368701113 -1.9601465699364227 -1.8973588209713037 -1.8951800735859397 -1.4688180559782713 -1.9654450010470357 -1.948382932962239 -1.971536619086428 -1.783022123822447 -1.8970798152673487 -1.5083121240371669 -1.9875144291944098 1.0310747384434797 -1.9489135936174558 -1.7646706473588432 -1.6857771793869194 -1.8742491999096287 -1.8336845644752953 -1.936050299373729 -1.7580942506077892 -1.6291219926271898 0.6616982259459072 -1.8532007997668616 -1.9612685784848267 -1.0684533876624656 
0.9765818005544585 1.928538201269598 1.800062494527249 1.293623316009267 -1.978268025088235 -1.8224536822590753 -1.9601828935006809 -1.8914365082405218 -1.8682672371638194 -1.5723178135775604 -1.9698348989418881 -1.9488292499669038 -1.9753741824264912 -1.7816466608081623 -1.9083304315026954 -1.5681724413129212 -1.9795400640787448 1.0334464176323321 -1.9484649036351176 -1.755328648675813 -1.6931816941838271 -1.8893860759318792 -1.823007159176181 -1.9621143828966892 -1.92719252483627 -1.6391300225555463 -1.935638124140543 -1.9317777535159262 -1.8791521726715563 1.823005105357889 
0.9713007755532821 1.912552849527527 1.8041878149122617 -1.9911303307434105 -1.9792711788983208 -1.80691593448632 -1.9601828935006809 -1.8973588209713037 -1.9767289988787264 -1.4885925564259104 -1.959944958045109 -1.942620125947206 -1.575337668994965 -1.7814607359203167 -1.90113795403745 -1.5527600173850864 -1.9875144291944098 1.0184431907655662 -1.9591699016054878 -1.7535713414023697 -1.7050542737453127 -1.8911770304916395 -1.9740573436655517 -1.897113470989035 -1.92719252483627 -1.635113141719497 -1.9348111577320373 -1.841434250061232 -1.9492798444226542 -1.4402968397465223 
0.9685010132903485 1.912552849527527 1.8168811911543479 -1.6562954424642469 -1.9769817088147994 -1.730605989845973 -1.9601465699364227 -1.9007809754115406 -1.9811342322299597 -1.4838246136574662 -1.959944958045109 -1.9460867282246566 -1.9671707924318482 -1.783022123822447 -1.8870963429277146 -1.5513391362397329 -1.9865664231157474 1.028369697508676 -1.9475701279579567 -1.756638932388082 -1.701650159655991 -1.8833112097716784 -1.8336845644752953 -1.5906770261036443 -1.7580942506077892 -1.6381937448054582 -1.945225094242992 -1.8532007997668616 -1.9492798444226542 -1.0684533876624656 
0.961318059433623 1.839949202714466 1.7915604743240845 1.729576235148034 1.9818947492402952 -1.8155121561329188 -1.9601828935006809 -1.9242072802393075 -1.8852763938995407 -1.5824894815530264 -1.9678416971056547 -1.9488292499669038 -1.5865406904092643 -1.7814607359203167 -1.8970798152673487 -1.9476216369751314 -1.978596040795075 1.0325896054798975 -1.9489135936174558 -1.7535713414023697 -1.6931816941838271 -1.8911770304916395 -1.9740573436655517 -1.9621143828966892 -1.92719252483627 -1.6391300225555463 -1.9348111577320373 0.9158528732173665 -1.9699375300165733 -1.0909941161791392 
0.9505797522013182 1.9222245645362177 1.8071491225461818 1.729576235148034 1.7472292045488247 -0.3668516696849151 1.9670473930695505 -1.8973588209713037 1.9342259933138866 -1.5723178135775604 -1.959944958045109 -1.9488292499669038 -1.971266594381243 -1.7674866592154872 -1.90113795403745 -1.9642993756639853 -1.978596040795075 -1.8312073096214903 -1.9591699016054878 -1.7643293496018206 -1.7034153663136302 -1.8906422184474776 -1.8323907124582275 -1.946525681839838 -1.923469043876711 -1.6264333778635918 -1.9321482694154066 -1.8285257488579783 -1.9452427489304804 -1.0948772865280532 
0.9505797522013182 1.9222245645362177 1.8071491225461818 1.729576235148034 1.7472292045488247 -0.3668516696849151 1.9670473930695505 -1.8973588209713037 1.9342259933138866 -1.5723178135775604 -1.9678416971056547 -1.9488292499669038 -1.971266594381243 -1.7645286935117444 -1.9057521560994013 -1.9698214226551913 -1.978917364493877 -1.8256219197652757 -1.9591699016054878 -1.760385664983272 -1.7087526219261977 -1.8934339748699645 -1.8292849790316803 -1.9621143828966892 -1.923469043876711 -1.6357093486353151 -1.9321482694154066 1.0253450174496588 -1.9452427489304804 -1.0909941161791392 
0.9409392251984908 1.9222245645362177 1.8071491225461818 1.721712186713255 1.7347727915609723 -0.3736184653715404 -1.9601828935006809 -1.8973588209713037 1.9342259933138866 -1.607569706436633 -1.9692721214731437 -1.9488292499669038 -1.9614256113274735 -1.7639574963170155 -1.8970798152673487 -1.9384113323998746 -1.9886021995998355 -1.8312073096214903 -1.9591699016054878 -1.7535713414023697 -1.69212638020102 -1.866607395066389 -1.8323907124582275 -1.9457657279122889 -1.9413965977788117 -1.631102993426588 -1.9850674982695133 -1.8226792474679365 -1.8778044246828447 -1.3787492722207424 
0.9409392251984908 1.8992048464223914 1.8071491225461818 1.729576235148034 1.7347727915609723 -0.3668516696849151 1.9670473930695505 -1.9273324635192213 1.9190576331212257 -1.5741789985166528 -1.9692721214731437 -1.9447268861674283 -1.982901232183701 -1.7674866592154872 -1.90113795403745 -1.9642993756639853 -1.9845259645566589 -1.8155931931921592 -1.9564908229827505 -1.7732974358448816 -1.7080440208644518 -1.8713865400084169 -1.8478233685396024 -1.9557323839119347 -1.9409011756089014 -1.6264333778635918 0.9864405725273286 -1.8226792474679365 -1.9452427489304804 -0.5320829793197448 
0.9247386194817834 1.9122704254313176 1.7659728678578732 1.729576235148034 1.972727283605805 1.9890616514396249 1.961706717899784 -0.6091945547239547 1.9354313868321693 1.6390079378049285 -0.25870718468274406 -1.9377508467222913 -0.0631337697277978 0.05506532544824072 1.495156601122984 -1.9618274568934344 -1.9720313090369648 -1.8170021083907204 0.5595922962478805 -1.7386997252535554 0.7025152175611217 0.7820036199430387 -1.8340185920822751 -1.9669383585760563 0.9304162406505524 -0.7154760316801685 0.9779097175527114 -1.8273427385893324 -1.9417706288014107 -1.1004303840199832 
0.9247386194817834 1.9040478455320677 1.761098531204917 1.729576235148034 1.9681576125429434 1.9890616514396249 1.9557905434669525 -0.6109880186852973 1.838325159516653 1.641353707371734 -0.2593526590518485 -1.935079295381326 -0.06884984625555536 1.132777893174405 -1.890418754733935 -1.9618274568934344 -1.9671007052761538 -1.8131986838691652 0.5482616158677769 -1.8314050623473859 0.7025152175611217 0.7853673130744144 -1.8704088016470037 -1.9610600552512334 0.9304162406505524 -1.6645153428851385 0.9849553219725817 -1.8366520464756486 -1.9417706288014107 -1.8127140346465738 
0.9247386194817834 1.8992048464223914 1.761098531204917 1.7327320331547365 1.9619062693827622 1.9752540104459162 1.9557905434669525 -0.610055645257133 1.9299278830926698 1.6462465397741919 -0.2629655183046727 1.8716490435861184 -0.0631337697277978 -1.7330959444020642 -1.8850175992891693 1.3038106381085068 -1.9829275864100853 -1.8292753100261943 0.5401914441860003 -1.7693902026699724 0.7001701847899728 0.7839972965420036 -1.8309328868522554 -1.9531953238812203 0.9304162406505524 -0.19924658086170852 0.9950703102075623 -1.8478002115195147 -1.9635997074018192 -1.0981607740790775 
0.9247386194817834 1.907371810434163 1.7616711183866445 1.7327320331547365 1.9681576125429434 1.9752540104459162 1.9557905434669525 -0.5995325735496833 1.9371079820031007 -1.3857226784205827 -0.2629655183046727 -1.929678388034411 -0.058765934799802626 -1.7330959444020642 -1.889395717033515 -1.1611372450527349 -1.9720313090369648 -1.8131986838691652 0.5468192525591729 0.6814158871593916 0.7001701847899728 0.7844940819276599 -1.8210249211625549 -1.9531953238812203 0.9304504347255411 -0.7154760316801685 0.9826873023453436 -1.8383108185149988 -1.9609005770992252 -1.0981607740790775 
0.9247386194817834 1.907371810434163 1.7537457927087907 -1.9842223178596856 1.972727283605805 2.0 1.961706717899784 -0.6056443903185841 1.9424577048139544 1.6390079378049285 -0.26045838864261794 -1.9443957483927659 -0.052286455952113585 1.1330427150032325 -1.8974499391894522 -1.1659260803391471 -1.9829275864100853 -1.8131986838691652 0.5482616158677769 0.8559938574516495 0.704058074689867 0.788716513211702 -1.8309206416276225 -1.9475220155573736 0.9304162406505524 -0.7154760316801685 0.9909861740023181 -1.8383108185149988 -1.962323240322565 -1.0932038095809242 
0.9247386194817834 1.907371810434163 1.7633692118635604 -1.9712057923730697 1.972727283605805 1.9978470296808364 1.961706717899784 -0.6056443903185841 1.9371079820031007 1.6436390489890236 -0.26515196246684536 1.8716490435861184 -0.0631337697277978 -0.20193504414754093 -1.8930032299031947 -1.9508744394321855 -1.9720313090369648 -1.8131986838691652 0.5401914441860003 0.6827090476567941 0.704058074689867 0.788716513211702 -1.8309206416276225 -0.26512496396704766 0.9304162406505524 -0.20928163780928458 0.9909861740023181 -1.8385579262390814 -1.9459536390416639 -1.1004303840199832 
0.9247386194817834 1.907371810434163 1.7633692118635604 -1.9712057923730697 1.972727283605805 1.9978470296808364 1.961706717899784 -0.6056443903185841 1.9371079820031007 1.6436390489890236 -0.26515196246684536 1.8716490435861184 -0.0631337697277978 -0.20193504414754093 -1.8930032299031947 -1.9508744394321855 -1.9720313090369648 -1.8131986838691652 0.5401914441860003 0.6827090476567941 0.704058074689867 0.788716513211702 -1.8309206416276225 -0.26512496396704766 0.9304162406505524 -0.20928163780928458 0.9909861740023181 -1.8385579262390814 -1.9459536390416639 -1.1004303840199832 
0.9247386194817834 1.9103759754981402 1.7633692118635604 -1.976290553647188 1.965274981837383 2.0 1.9468355006286469 -0.5995325735496833 1.9424577048139544 1.6390079378049285 -0.26515196246684536 -1.935079295381326 -0.05531404893428439 -0.20699639401510186 -1.8897783269091057 -1.1568264705681959 -1.9829275864100853 -1.8131986838691652 0.5482616158677769 0.6827090476567941 0.704058074689867 0.15706994547569852 -1.8300236909009004 -1.9475220155573736 0.9339020221117125 -0.21352310194001017 0.9826873023453436 -1.8383108185149988 -1.9560092001338971 -1.0981607740790775 
0.9247386194817834 1.907371810434163 1.7628875680012688 1.7327320331547365 1.9681576125429434 2.0 1.9557905434669525 -0.5995325735496833 1.9371079820031007 1.6390079378049285 -0.2629655183046727 -1.935079295381326 -0.05531404893428439 1.1330427150032325 -1.889395717033515 -1.1611372450527349 -1.9720313090369648 -1.8131986838691652 0.5482616158677769 0.6814158871593916 0.704058074689867 0.788716513211702 -1.8210249211625549 -1.9531953238812203 0.9304162406505524 -0.7154760316801685 0.9826873023453436 -1.8383108185149988 -1.9560092001338971 -0.8789130585542293 
0.9247386194817834 1.9103759754981402 1.7726861785984123 -1.9712057923730697 1.9896876973078668 1.9978470296808364 1.9557905434669525 -0.6056443903185841 1.9371079820031007 1.6390079378049285 -0.2629655183046727 -1.9383206061097797 -0.0631337697277978 -0.19324881588248727 -1.8930032299031947 -1.9508744394321855 -1.973462437333165 -1.8072995088372974 0.5420281826223519 0.6827090476567941 0.704058074689867 0.788716513211702 -1.8309206416276225 -0.26512496396704766 0.9304162406505524 -0.20928163780928458 0.9807112656343703 0.6528311470481296 -1.9459536390416639 -1.0920380510221461 
0.9247386194817834 1.9103759754981402 1.7726861785984123 -1.9712057923730697 1.9896876973078668 1.9978470296808364 1.9557905434669525 -0.6056443903185841 1.9371079820031007 1.6390079378049285 -0.2629655183046727 -1.9383206061097797 -0.0631337697277978 -0.19324881588248727 -1.8930032299031947 -1.9508744394321855 -1.973462437333165 -1.8072995088372974 0.5420281826223519 0.6827090476567941 0.704058074689867 0.788716513211702 -1.8309206416276225 -0.26512496396704766 0.9304162406505524 -0.20928163780928458 0.9807112656343703 0.6528311470481296 -1.9459536390416639 -1.0920380510221461 
0.847727720600724 1.9142063241320033 1.614970511517978 1.0754820702346584 1.8250115143230548 1.9875679418422305 1.8091138340518966 1.7477847685121208 1.9060094445201357 1.8081450399936583 1.4422372062961943 1.2895272049523683 1.9150541022481706 1.424252285081954 1.9372177196423426 1.9042203815997838 1.9403025106763683 1.930790131981119 1.9722647879777537 1.9576619227829901 1.7899432277657832 1.7332389869125329 1.8298000582805725 1.89371268174199 1.7627412097595165 1.8122644796386873 1.6785461563326338 -1.810358702234927 -1.984212046885533 1.8126096108100243 
0.847727720600724 1.91320932202733 1.6179892067039925 1.0754820702346584 1.8498766185605078 1.9992031361151992 1.6461969141723456 -0.735834754873889 1.895241205372924 1.9605493348712029 1.4461730370809633 1.2821867495896964 1.9106962698649343 1.4098202173489094 1.952940456652383 1.9042203815997838 1.9240431475908357 1.930790131981119 1.9421576944215324 1.966823915428189 1.7899432277657832 1.7378961077653263 1.841901965349876 1.89371268174199 -0.21605263273001407 1.7988693468191648 1.6785461563326338 -1.810358702234927 0.19098135154759427 1.8126096108100243 
0.8342784792247506 1.929434396158707 1.6179892067039925 1.0793327834306672 1.8588410717330508 1.995598479182939 1.8009790110398767 -0.7549235455443005 1.895241205372924 1.962268773690034 1.4440871488798306 1.2892141217254443 1.9150541022481706 1.4252035806190815 1.952940456652383 1.8939693354922187 1.9240431475908357 1.930790131981119 1.9593500359403606 1.966823915428189 1.7950815449805633 1.7378961077653263 1.8458991152871889 1.8999752714077993 1.7555982573684992 1.8077782962877036 1.6825259961226966 -1.8188245124104705 -1.993472639021904 1.8126096108100243 
0.8280121982688415 1.926028916594334 -0.25464261282658934 -1.8686714526271775 1.8222627222368173 1.983421646475163 1.8052389455743414 -0.7459478940717224 1.9163299919779178 1.9632546768163917 -0.828450107000028 1.2886665298537847 -0.9293040076679371 1.4339292689332312 1.9618854484630759 1.8939693354922187 1.9468697535355404 1.930790131981119 1.9593500359403606 1.965656244575369 1.795664323794493 1.7310539961173943 1.8376488433038713 1.9094192604843443 1.7663265875719911 1.793811542647555 1.6867762670071076 1.889810963995289 -0.2006148175895738 1.8126096108100243 
0.8280121982688415 -1.7188604046816196 -0.2409699925893393 -1.8686714526271775 1.8222627222368173 1.983421646475163 1.8052389455743414 -0.7459478940717224 1.9163299919779178 1.9669730751854837 -0.8337560855836306 1.398686664176162 -0.9293040076679371 1.4273015346900906 1.9674398172663385 1.8939693354922187 1.9459626458873485 1.9293267989133798 1.9593500359403606 1.965656244575369 1.795664323794493 1.7372216099744913 1.8452900212593488 1.9094192604843443 1.756558657016839 1.793811542647555 1.6956438376258323 1.8835716799370106 -0.2065176280129701 1.8126096108100243 
0.8280121982688415 1.926028916594334 -0.2409699925893393 -1.8741883991013712 1.8222627222368173 1.9992031361151992 1.8052389455743414 -0.746408140847081 1.911156637710938 1.9669730751854837 -0.8376237304556028 1.3915905197596303 -0.9293040076679371 1.4142793490780388 1.9618854484630759 1.8839939377917616 1.9468697535355404 1.9293267989133798 1.9593500359403606 -1.3589468989334061 1.7861941612458052 1.7310539961173943 1.8376488433038713 1.9094192604843443 1.7663265875719911 1.793811542647555 1.6867762670071076 1.8874404920373584 -0.2065176280129701 1.8126096108100243 
0.8280121982688415 1.9297235406571904 -0.2409699925893393 0.5551165454003213 1.8241430629851783 1.995683027490912 1.800959468355756 -0.746408140847081 1.911156637710938 1.9669730751854837 -0.8465293176857347 1.398686664176162 -0.9293040076679371 1.4103420796689592 1.9674398172663385 1.8839939377917616 1.9468697535355404 1.9293267989133798 1.9593500359403606 -1.3589468989334061 1.7783105928013763 1.7310539961173943 1.8376488433038713 1.89031982462121 1.7730310991258293 1.793811542647555 1.6867762670071076 1.8874404920373584 -0.2065176280129701 1.8126096108100243 
0.8280121982688415 1.9297235406571904 -0.2409699925893393 0.5551165454003213 1.8241430629851783 1.995683027490912 1.8028892703922967 -0.7451601482332773 1.911156637710938 1.9431704998908883 -0.8465293176857347 -1.9504592155547624 1.8961029300766783 -1.7303729400652388 1.9674398172663385 1.8839939377917616 1.9201958829925592 1.9339264037018637 1.9590040061643526 -1.3589468989334061 1.7783105928013763 1.1184324496168614 1.8376488433038713 1.885285341285132 1.8003392077782892 1.793811542647555 1.6948221175379918 1.8481909843598097 -0.2065176280129701 1.8126096108100243 
0.8280121982688415 1.9297235406571904 -0.2409699925893393 0.5551165454003213 1.8241430629851783 1.995683027490912 1.8028892703922967 -0.7451601482332773 1.911156637710938 1.9431704998908883 -0.8465293176857347 -1.9504592155547624 1.8961029300766783 -1.7303729400652388 1.9674398172663385 1.8839939377917616 1.9201958829925592 1.9339264037018637 1.9590040061643526 -1.3589468989334061 1.7783105928013763 1.1184324496168614 1.8376488433038713 1.885285341285132 1.8003392077782892 1.793811542647555 1.6948221175379918 1.8481909843598097 -0.2065176280129701 1.8126096108100243 
0.7793723611752362 -2.0 -1.49684038714409 -1.9524197329388235 -1.8038385372878596 -1.8025850463288022 -1.6366895258575225 0.506372634853636 -1.674316546945883 1.9383446838144094 -0.18877077794701513 -1.9573693616620875 1.9006482742743374 -1.7303729400652388 1.9422965549276079 1.4696044168810378 1.920161911244939 1.92359129383123 1.792013126314422 1.9710690418099583 -0.11425346668737646 1.446574793219414 -0.7552255999320074 1.8966877845610635 1.7872208701352126 1.811454983742781 -0.9794166271702334 1.8512026824596186 1.5834960899707813 1.9521007157340455 
0.7626520104610298 -1.9899090678393903 -1.4866263438346963 0.8811850071201164 -1.8103082724900263 -1.811827575253896 -1.6331416526639138 0.506372634853636 -1.6772692448995665 1.9308844790901292 0.2333609650110815 -1.9573693616620875 1.9033112731336812 -0.02736028864166462 1.9404803921418328 1.4696044168810378 1.9240952635576465 -0.4715452554376509 1.877361151724731 1.9461730942460311 -0.11516797052270653 1.4563256854041537 -0.7552255999320074 1.8966877845610635 1.7899190133351293 1.811454983742781 -0.9794166271702334 1.8478901152748148 1.588547258762348 1.9438418583134813 
0.7600054045004258 -1.5261386377765178 -1.4854722162133478 0.8799323917553663 -1.7863659139561943 -1.811827575253896 -1.6331416526639138 0.5076547364717197 -1.6772692448995665 1.944407868596174 0.2333609650110815 -1.9457257624429503 1.9033112731336812 -1.7303729400652388 1.9507941823765846 1.4696044168810378 1.9240952635576465 1.9339264037018637 1.8829672393867092 1.9461730942460311 1.6989960910741184 1.4563256854041537 -0.7565889194793617 1.8966877845610635 1.7899190133351293 -1.0168289057660473 -0.9748720656354033 1.8478901152748148 1.588547258762348 1.9587023749319035 
0.756540278203917 -1.523743258007623 -1.482664015794319 0.8811850071201164 -1.7863659139561943 -1.8077614701379654 -1.6331416526639138 0.49891213083288966 -1.686667332871645 1.9389232839620416 0.35827791485917465 -1.96434110829077 1.8961029300766783 -1.7303729400652388 1.946871809451545 1.4696044168810378 1.9398133948717242 1.9339264037018637 1.881331795977617 1.9520011138822921 1.6977190698081384 1.7272105102175481 1.6720636625184802 1.9029809235554889 1.7912930932307218 1.0266505414737699 -0.9794166271702334 1.8705765375263999 1.5895671584159239 1.9511862133233082 
0.7498698604535002 -1.5311106301352353 -1.4854722162133478 0.8811850071201164 -1.8019556820576912 -1.811827575253896 -1.6331416526639138 0.5076547364717197 -1.681818017955432 1.9421556916198002 0.3654215301383416 -1.9515249755015285 1.8961029300766783 -1.7303729400652388 1.9422965549276079 1.4696044168810378 1.9201958829925592 1.9339264037018637 1.8884157624061824 1.9461730942460311 1.7560919075846013 1.7123932753443325 1.6743725780083498 1.9119492366743345 1.7892979754299103 -1.0168289057660473 -0.9669096561544975 1.8512026824596186 1.5834960899707813 1.9521007157340455 
0.7498698604535002 -1.9857960689443586 -1.490733381951288 0.8811850071201164 -1.8103082724900263 -1.8033319199755955 -1.634268776475255 0.5076547364717197 -1.6902852803719466 1.9421556916198002 0.3714813165331823 -1.9573693616620875 1.9191431196821114 -0.02736028864166462 1.9497081084045778 1.460259823765243 1.9170464278031267 1.9339264037018637 1.884221449742252 1.9409213321868446 1.7007716674589768 1.4541699754304291 -0.7544944988900818 -1.0801710684906989 1.8101622908851365 -1.0168289057660473 -0.9729523723603605 1.8666907815544371 1.5703664220428626 0.4270244980068677 
0.7498698604535002 -1.9857960689443586 -1.490733381951288 0.8811850071201164 -1.8103082724900263 -1.8033319199755955 -1.634268776475255 0.5076547364717197 -1.6902852803719466 1.9421556916198002 0.3714813165331823 -1.9573693616620875 1.9191431196821114 -0.02736028864166462 1.9497081084045778 1.460259823765243 1.9170464278031267 1.9339264037018637 1.884221449742252 1.9409213321868446 1.7007716674589768 1.4541699754304291 -0.7544944988900818 -1.0801710684906989 1.8101622908851365 -1.0168289057660473 -0.9729523723603605 1.8666907815544371 1.5703664220428626 0.4270244980068677 
0.705282149548093 -1.9765064570282436 -1.2444280676924588 -1.6692037808745708 -1.8637052389295916 -1.838038041154546 -1.6749886098347897 -1.6045800708198794 -1.8794463785166948 -1.5828206344250577 -1.6459454170493548 -1.9612419914387353 -1.433108454622467 -1.9183270614504842 -1.6609478914296008 -1.9399785503231164 -1.98498207669976 -1.3524000833926106 -1.3145608236310318 -1.4962080671831273 -1.70994436356168 -1.8297058229569976 -1.8017201089612636 -1.604338374910462 -1.9193206329020125 -1.7909859429108 -1.989540468316988 1.8562187128151952 1.1944614597143357 1.5568932805897284 
0.6938468663759833 -1.9829928241803187 -1.4573334897280383 -1.6797264373891818 0.6904571779359858 -1.838038041154546 -1.6749886098347897 -1.6091094511394237 -1.8766384050498608 -1.6044864083538197 -1.6481198153130765 -1.9603921078136513 -1.6153236064570724 -1.9183270614504842 -1.687515878598048 -1.9312894437767336 -1.971421386003061 -1.336588077254059 -1.939784559098218 -1.4930049469963411 -1.70994436356168 -1.8368126595711864 -1.8012152738328127 -1.6097120707920427 -1.6895843717727281 -1.788875838056405 -1.9072556523484576 1.8518088503244001 1.1944614597143357 1.5531266314150545 
0.6905085304891602 -1.9608810970525417 -1.4573334897280383 -1.6748417200240975 -1.8738474048578637 -1.838038041154546 -1.6749886098347897 -1.6172676068822893 -1.8765435825550318 -1.5917973885883423 -1.6622261943100605 -1.9492306170142712 -1.5961021981091725 -1.9263346057823592 -1.6769517973679353 -1.9399785503231164 -1.9778519187682215 -1.336588077254059 -1.939784559098218 -1.2079884082186747 -1.70994436356168 -1.6129823750066266 -1.8042580031631232 -1.6194348318555596 -1.713098353090812 -1.6987608717264848 -1.9072556523484576 1.8580867506305727 1.19932332136101 1.557594434687107 
0.6755794527605755 -1.9752355682336151 -1.4534844502114044 -1.6797264373891818 -1.8732671521224353 -1.8354232956431205 -1.109769981511012 -1.6091094511394237 -1.8749955767664885 -1.5918878942842303 -1.6459454170493548 -1.9551597895680746 -1.4323357393058846 -1.9183270614504842 -1.679312388209655 -1.9387985965369048 -1.9878905940680034 0.9525834313241388 -1.939784559098218 -1.486666162686661 -1.7189605166148614 -1.8297058229569976 -1.8012152738328127 -1.9573691367599881 -1.92719252483627 -1.8029044341237428 -1.9892232003550356 1.8580867506305727 -1.757528570486645 1.5531266314150545 
0.6755794527605755 -1.9752355682336151 -1.4534844502114044 -1.6748417200240975 -1.8678940266771713 -1.8364533669963452 -1.681501916939347 -1.6045800708198794 -1.8765435825550318 -1.599422439862788 -1.6566292651513406 -1.9612419914387353 -1.4323357393058846 -1.9183270614504842 -1.6769517973679353 -1.9399785503231164 -1.9878905940680034 0.9525834313241388 -1.9406648274849365 -1.486666162686661 -1.7163045800911565 -1.8297058229569976 -1.8042580031631232 -1.9473895779011694 -1.9400320207109436 -1.6987608717264848 0.1827639889004251 1.8562187128151952 -1.757528570486645 1.5570901961029404 
0.6582486929446635 -1.9638538920842017 -1.466253771433853 -1.6818663666756573 -1.8702535693981057 -1.8354232956431205 -1.109769981511012 -1.605729621812987 -1.0456528913254663 -1.5905885580112316 -1.9964096071317854 -1.9551597895680746 -1.4323357393058846 -1.9183270614504842 -1.6778332486004541 -1.9387985965369048 -1.9871844612876628 0.9525834313241388 -1.302755167266647 -1.3159495260890175 -1.6965899851328141 -1.8297058229569976 -1.8017201089612636 -1.6041215458515254 -1.927606012812063 -1.7965357775603554 -1.9892232003550356 -1.8163778087307751 -1.757528570486645 -1.9171437481449065 
0.6479027776926362 -1.9759189956222725 1.758724211228214 -1.6797264373891818 -1.8732671521224353 -1.6968153925695857 1.646074610625258 -1.6091094511394237 -1.867541176220269 -1.5866061039549877 -1.644671725611289 -1.9678824978740397 -1.4408788459431003 -1.9199683794657552 -1.4570636269396884 -1.9314731038261093 -1.9781470898903846 -1.3327610287395082 -1.9380424581152582 -1.4333234540307216 -1.5155410466458508 -1.8373123192983674 -1.8012152738328127 -1.6097120707920427 -1.6924704825881192 -1.7981484039076494 -1.9871284383006804 -1.8352963341176884 -1.7468172413734155 -1.7947694307116344 
0.6366707147586618 -1.962181469097601 1.5970756087667457 1.726997272159095 1.9663037325743753 1.9843400687213297 -1.0837044322454137 -1.605729621812987 -1.8992633036273892 -1.596660480272661 -1.9992592144232446 -1.9579351815737704 -1.4323357393058846 -1.7169569632813257 -1.678097914763395 0.8931689577911183 -1.5126346345133643 -1.3494168282481573 -1.9113944114688874 -1.4258925954260242 -1.6989474287395603 -1.8318519304045708 -1.8023169507061056 -1.9573691367599881 -1.9138183431525149 -1.687276740431784 -1.9659116100408958 -1.8377721964021887 -1.7398555337652362 -1.7947684891197973 
0.6366707147586618 -1.9673426637502112 1.5970756087667457 1.7301900159768029 1.7810730965912733 1.981089648192824 0.17013746895160578 -1.605729621812987 -1.8992633036273892 -1.594624559222101 -1.997082686946024 -1.9579351815737704 -1.4323357393058846 -1.711004682570916 -1.678097914763395 0.8931689577911183 -1.7376819441341964 -1.3468378004772357 -1.9093679718946968 -1.467529321164788 -1.709941767965895 -1.8318519304045708 -1.8055527732783698 -1.934167976666794 -1.69723993142434 -1.687276740431784 -1.992473921790693 0.7590850691806836 -1.7398555337652362 -1.7935156989859877 
0.6173535825671544 1.7916070614364874 1.5970756087667457 1.7175922238206347 1.9663037325743753 1.9871556430045436 1.646074610625258 -1.605729621812987 0.024868078467010907 -1.6017904148116324 -1.9976624366675788 -1.9579351815737704 -1.4333890811304615 -1.711686058656168 -1.6709947515298411 -1.6099595299422675 -1.5126346345133643 -1.856210067552261 -1.908895211195719 -1.4808743629961787 -1.7034158507854058 -1.8458930339110458 -1.8023169507061056 -1.9573691367599881 -1.9138183431525149 -1.6497220434699547 -1.968739611554694 -1.8352963341176884 -1.7468172413734155 -1.7947684891197973 
0.6169737631943661 -1.962181469097601 1.5970756087667457 1.7170419810362632 1.9727569749247755 1.9786177853549034 1.6441721002218646 -1.605729621812987 0.021900656396641002 -1.5914867603280038 -2.0 -1.9556879907677542 -1.4333890811304615 -1.711686058656168 -1.668865456245918 -1.602502099586874 -1.9955762543582096 -1.3402683396461836 -1.908895211195719 -1.4258925954260242 -1.7643041668530057 -1.8496027482591109 -1.8099622294170794 -1.9573691367599881 -1.6931457314239116 -1.6497220434699547 -1.9659116100408958 -1.833693998801935 -1.7468172413734155 -1.7955469169599765 
0.6169737631943661 1.7916070614364874 1.6127814773262408 1.7175922238206347 1.9673533029521906 1.9908557498494566 1.646074610625258 -1.595769523873558 0.024868078467010907 -1.5918321799389292 -1.9976624366675788 -1.9692545862922237 -1.4333890811304615 -1.711686058656168 -1.6713174088794043 -1.602502099586874 -1.9955762543582096 -1.3402683396461836 -1.908895211195719 -1.47427161906468 -1.7034158507854058 -1.8370670415712766 -1.7960434061929365 -1.9573691367599881 -1.9348533911530448 -1.6497220434699547 -1.9892232003550356 -1.8352963341176884 -1.7468172413734155 -1.7947684891197973 
0.5905485444854596 1.7916070614364874 1.6014193543765503 1.7175922238206347 1.9727569749247755 1.9908557498494566 1.646074610625258 0.5704319280794259 1.969983149287296 -1.5958176511680573 1.9277525227494627 1.7611679717418134 -1.433733149759499 -1.7103423893706695 -1.6713174088794043 1.81772991805678 -1.968881597902077 -1.3393017663772295 -1.908895211195719 -1.4224943804908565 -1.5079891915497274 -1.8373123192983674 -1.7937388032155137 -1.9497757432310001 -1.6967724469173175 -1.6497220434699547 -1.9730677357899162 -1.8426153307423272 -1.7468172413734155 -1.794768195097585 
0.5849054429325325 1.1293126019314772 1.6014193543765503 1.741783684646229 1.9727569749247755 1.9812281536388483 1.646074610625258 -1.627772473171535 1.9630080490443247 -1.5866061039549877 1.9277525227494627 1.7611679717418134 1.9080825808674786 1.868017445635292 -1.4570636269396884 -1.9314731038261093 -2.0 -1.3311795674874491 -1.9280230936648974 -1.4224943804908565 -1.5079891915497274 -1.8373123192983674 -1.7937388032155137 -1.9573691367599881 -1.6924704825881192 -1.651541233154778 -1.9730677357899162 -1.8352963341176884 -1.7468172413734155 -1.7947684891197973 
0.5640992130928222 1.1295269236837195 1.6014193543765503 0.7815233408398661 1.9801178796505763 1.9887828891073775 1.6427620455093515 -1.6161290442483034 1.969983149287296 1.9453890404347902 1.9277525227494627 1.7611679717418134 1.9080825808674786 1.870018082933631 1.882641071676928 1.826658445764058 -1.968881597902077 1.898415515935228 -1.9280230936648974 1.9092971884762873 -1.7041223897982447 -1.8476585778020216 -1.83201370432221 -1.9533720467212854 -1.6924704825881192 -1.6575236065724728 -1.969627474277145 -1.8066651317507536 -1.7429998590525368 0.9452388179402269 
0.5502972182259495 0.6152814514733715 1.6083029437543428 1.7301633837915433 1.9801178796505763 1.9887828891073775 1.6350053171276984 -1.6253482533117836 1.9775474772211086 1.9453643778435301 1.94100460730253 1.7515195059908215 1.9080825808674786 1.870018082933631 1.8800175515719793 1.8261769529929568 1.6384691848390742 1.898415515935228 -1.9364861532181534 1.9078623446803435 -1.7103565749942693 1.9614003718555886 -1.8404645592015134 -1.9551890300003965 0.28372627081087565 -1.6455194575308154 -1.9792439168855982 -1.8370413845806075 -1.7457745377367333 -1.7659639068576107 
0.5443923898931616 -1.9765672821104698 1.6083029437543428 1.7301633837915433 1.9801178796505763 1.9887828891073775 1.6427620455093515 -1.6237684398006762 1.969983149287296 1.9453890404347902 1.9313948528629161 1.7515195059908215 1.9080825808674786 1.870018082933631 1.8800175515719793 1.8261769529929568 1.6477423686411734 1.898415515935228 -1.9364861532181534 1.9078623446803435 -1.7103565749942693 1.9588351213632946 -1.8404645592015134 -1.9551890300003965 0.2905290674980674 -1.6469951564209797 -1.969627474277145 -1.8370413845806075 -1.7429998590525368 -1.7659639068576107 
0.5443923898931616 -1.9765672821104698 1.6083029437543428 1.7301633837915433 1.9801178796505763 1.9887828891073775 1.6427620455093515 -1.6237684398006762 1.969983149287296 1.9453890404347902 1.9313948528629161 1.7515195059908215 1.9080825808674786 1.870018082933631 1.8800175515719793 1.8261769529929568 1.6477423686411734 1.898415515935228 -1.9364861532181534 1.9078623446803435 -1.7103565749942693 1.9588351213632946 -1.8404645592015134 -1.9551890300003965 0.2905290674980674 -1.6469951564209797 -1.969627474277145 -1.8370413845806075 -1.7429998590525368 -1.7659639068576107 
0.4459976067962762 0.7012843629187926 1.699747257614408 -1.946518742303338 1.9801178796505763 0.37788810402550005 0.288367705473383 0.20864351951164956 -1.8561768867401776 -0.030249519346706714 1.918927496757969 -0.23433153509397395 -0.18281933003810188 -0.425533109415073 1.6252688012196528 1.860977908284111 1.568193727857032 1.9582940361869388 1.2459537569697108 1.9671125811750472 1.686747833299502 1.9643608194931694 -0.15492543633553585 1.8721736221106426 1.7657827581960228 1.7694593772921863 0.27563485492186945 -0.9503953800214099 -1.7429998590525368 1.9912432022149829 
0.44583824718154225 0.7012843629187926 -1.9155159117125222 -1.946518742303338 1.974802184924191 0.37788810402550005 0.29114440017759424 0.208075642939708 -0.7034957208198511 -0.02140267073562735 1.9183740271472727 -0.23227604420743062 -0.20139582550090754 -0.425533109415073 1.6302713588366236 1.840366091702509 1.5768133307876027 1.958412191153468 1.2531165223997374 1.9671125811750472 1.6853165464489979 1.5885656719493157 1.7359293156672337 1.870462781732695 1.7657827581960228 1.7761682918951125 1.701594829916017 -0.9464884754739049 -1.7429998590525368 1.9968965891976542 
0.44583824718154225 0.7012843629187926 -1.9155159117125222 -1.946518742303338 1.974802184924191 0.37788810402550005 0.29114440017759424 0.208075642939708 -0.7034957208198511 -0.02140267073562735 1.9183740271472727 -0.23227604420743062 -0.20139582550090754 -0.425533109415073 1.6302713588366236 1.840366091702509 1.5768133307876027 1.958412191153468 1.2531165223997374 1.9671125811750472 1.6853165464489979 1.5885656719493157 1.7359293156672337 1.870462781732695 1.7657827581960228 1.7761682918951125 1.701594829916017 -0.9464884754739049 -1.7429998590525368 1.9968965891976542 
0.4459976067962762 0.7012843629187926 -1.4621265525701923 -1.944085263124369 -1.927127845522089 0.37788810402550005 0.29114440017759424 0.2394706779972007 0.10327600218378938 -0.030249519346706714 -0.07928318342016966 -0.23227604420743062 -0.20061950688582095 -0.42966541522060225 -0.39244010645944577 1.859972591244073 1.5768133307876027 1.9667215585226834 1.2459537569697108 1.9671125811750472 1.682017562845887 1.9584964821292175 1.7359293156672337 1.872070769361188 1.7657827581960228 1.7761682918951125 0.27563485492186945 -0.9464884754739049 1.5982671260321455 1.9968965891976542 
0.4459976067962762 -1.4781390608994913 -1.4490380072371534 -1.944085263124369 -1.927127845522089 0.37171432855084985 -1.642717676442888 0.246473773148548 -1.8561768867401776 -0.034793470516752266 1.9186524509951521 -0.23433153509397395 -0.20085089142786727 -0.41844676754895926 1.6359694900875128 1.8613743267501688 1.7990115169749261 1.958834730484688 1.8747982692134686 1.9671125811750472 1.682017562845887 1.9472388595032328 1.7237844204966333 1.8774637944703083 1.7657827581960228 1.7818070764566853 1.7136404167365795 -0.9462898898062113 1.6014554877514748 2.0 
0.4414520724962664 -1.9924766807125078 -1.9155159117125222 -1.944085263124369 -1.9192039016113187 0.39597907216792 -1.6372648851101352 -1.9178576476663762 -1.8561768867401776 -0.023261174965332025 1.9186524509951521 -0.23010538545044487 -0.1862876545966375 -0.425533109415073 -0.39184362816076623 1.8422883383072295 -0.6342393640776449 1.9666908702757424 1.2202263352823854 1.9677730938888436 1.6853165464489979 1.5885656719493157 1.714246022741701 1.8635382882274056 1.7657827581960228 1.7761682918951125 1.701594829916017 -0.9426872458458848 1.5962709793753596 1.9912432022149829 
0.43836691027344704 -1.477488145938371 -1.4291780709337714 -1.9386889383694859 -1.7678021494161384 0.3856203783028204 0.37518484223709647 0.2532305705822798 -1.8489501299721471 0.16573378527797145 -0.06554117020291766 -0.23433153509397395 -0.20073778019924252 -0.4244241311039547 -0.39244010645944577 -0.5032652865626601 1.78817947549824 1.968867032531614 1.2202263352823854 1.9671125811750472 1.682017562845887 1.4539460816370218 1.7237844204966333 1.8763160143075024 1.7619025307534801 1.7818070764566853 1.709136228348834 -0.9462898898062113 1.6014554877514748 2.0 
0.38605592233168656 -1.9849426681048077 -0.9466262917202566 -1.928346354844017 -1.6758526106145748 -1.8232833225884986 -1.8095721608709285 -1.90528728954067 -1.849839832001478 -1.9705586307637883 -1.3918994252432517 -1.8811646004365004 -1.9717373356897772 0.6401832810477518 -1.9142008473346446 -1.957026562050138 -1.7932273442519133 -1.751550520030115 1.7841669706185876 1.9581914190083711 -1.9370632645442847 -0.14718508704862607 -1.7984692895203893 1.9907721279127815 -1.932157922589954 1.8450804685922904 1.9930165842606724 1.8919180809757015 -0.5751370742431228 1.3305989201312292 
0.38605592233168656 -1.9849426681048077 -1.2765461640215932 -1.9651044693088306 -0.2549336068343955 -1.8154417775118987 -1.647441656036925 -1.8996559589251598 -1.82887994619753 -1.7853597490941235 -1.3566647138867387 -1.2642979867033648 -1.9625598225659227 0.6525592029723326 -1.9068020289822385 -1.9679082784148096 -1.968272648557498 -1.764990062678608 -1.886916917931751 1.9664669581937049 -1.530423665947818 -0.1636529105683287 1.938884700108416 1.986843936176516 -1.9325476067360596 1.4791130291124812 1.9967508392060143 1.8756165090127044 1.5972696848222334 1.4462756128258611 
0.381671141967289 -1.9849426681048077 -1.2607374397132927 -1.9651044693088306 -1.5262181362242693 -1.8154417775118987 -1.647441656036925 -1.8996559589251598 -1.831862914434693 -1.7764428567985997 -1.337383934461744 -1.2642979867033648 -1.9625598225659227 0.6418763875283424 -1.910245965740426 -1.9760867255636207 -1.968272648557498 -1.7666503683626111 -1.886916917931751 -1.3681969083181789 -1.5252569426539564 -0.1636529105683287 1.9427925039101916 1.9845528425677978 -1.9322136310936953 1.4791130291124812 1.9769795253807194 1.8775269506323249 1.601878202878986 1.9922698921110396 
0.3724566348990492 -1.9856403268406626 -1.2607374397132927 -1.9651044693088306 -1.5280706830846433 -1.8122225820315059 -1.647441656036925 -1.902989470043061 -1.832603496566976 -1.784818582492475 -1.3299991806615814 -1.2642979867033648 -1.96496984547432 -1.9459394919921174 0.6898415604544446 -1.9760867255636207 -1.968272648557498 -1.774447071023079 -1.886916917931751 -1.3681969083181789 -1.5252569426539564 1.901109226567662 1.9466475343237164 1.9771878175310142 -1.9404578138100448 1.6248869294052704 1.9967508392060143 1.8775269506323249 1.601878202878986 1.9980151041876357 
0.3490907077561953 -1.9849426681048077 -1.4633590981970503 -1.9781634063592133 -1.530696425438277 -1.8098944405367832 -1.8069097918780193 -1.9292185374005502 -1.8403581083100702 -1.4918341366232983 -1.957170156547837 -1.249027361516439 -1.9685626743818425 -1.9365425812714816 -1.9037414611685401 -1.5611686463208319 -1.8025781782227976 -1.7748088184343631 -1.8792056138731061 -1.755328648675813 0.7369005368729926 -1.8730751604775848 1.9465530216182978 -1.9030130765123223 -1.7137146835435224 1.6253245786938728 1.9519281349433792 -0.23085882147335948 1.6025137145748596 1.9911277840914325 
0.3490907077561953 0.7329193085855308 -1.4904104612439617 -1.9791732608098331 -1.9786973040507094 -1.8096213900814726 -1.8069097918780193 -1.9292185374005502 -1.9037520583484093 -1.5927769845281983 -1.6448294512849566 -1.9712176732710054 -1.9685626743818425 -1.9459394919921174 -1.3161432969314748 -1.5611686463208319 -1.80583736173155 1.023100738398893 -1.7811364262159437 -1.755328648675813 -1.7049422919026906 -1.8730751604775848 1.9465530216182978 -1.8933380323470217 -1.7161947876578425 1.6235538381718577 1.9591568531990666 -1.8532007997668616 -1.9571283052787496 1.825280700597633 
0.34072130598516825 0.7329193085855308 -1.4904104612439617 -1.9791732608098331 -1.9786973040507094 -1.8994613759270471 -1.8069097918780193 -1.8973588209713037 -1.9087864266519423 -1.59510294921724 -1.6448294512849566 -1.9712176732710054 -1.977323475375199 -1.9459394919921174 -1.9037414611685401 -1.5614956595826737 -1.8077107089391173 1.023100738398893 -1.780443887475017 1.9907352532710958 -1.7049422919026906 -1.553726982269913 1.9465530216182978 -1.8933380323470217 -1.7161947876578425 1.6288244562048166 1.9558199149185855 -1.8532007997668616 -1.9571283052787496 1.823005105357889 
0.11145783515717728 0.7444450370524852 -1.4917758555085359 -1.9502816598341777 -1.7879069519322905 0.4002053295391541 -0.6580551303515048 0.20229664551468923 0.8236745002492836 -0.0066129880500320724 -1.403658015723825 -0.2150839565572076 0.777667952932666 -0.4119766471437567 -0.48490195306545436 1.8937344478000204 -0.7394683605104934 -0.7436624493594363 0.7660278731389946 1.9989720880462134 1.8449366682572068 -0.9524127788261508 1.7599477172966946 1.9794078071345726 -0.8704384656512278 1.9204046026277903 1.3729343896559207 -0.950272385520899 1.790427264061572 1.9928936765367873 
0.11145783515717728 0.7361983544777932 -0.4080819904581072 -1.951880560976565 -1.7880263925634388 0.4014262803084095 -0.6580551303515048 0.19974476507070632 1.9426355433216407 -0.002831044703994389 -1.8643169040302912 -0.21555004724412907 0.777667952932666 -0.41165225550380935 0.9983938358747967 1.8858505138682007 -1.8775573853800007 -0.7436624493594363 0.7633784511083329 1.999717300916979 1.8485230193289317 -0.9547378706658941 1.7599477172966946 1.9712321456848738 -0.8704384656512278 1.9172934739250562 1.1784080185525163 -0.950272385520899 1.7819542397427115 2.0 
0.27011316056616264 1.1295269236837195 1.7841310378282245 1.7348624101302927 1.9861347790252935 1.9828074382278444 1.6420241941706541 -1.60417375875619 1.9134329052025396 1.369775056608782 1.9372943172305948 -1.6191895110239245 1.9806810477505776 1.8667753728218535 -1.8936375062233382 -1.5272489215099943 -1.9639381806913183 -1.819792569113546 -1.9501508318023608 -1.602886273742685 0.7416602258166224 -1.8682816451293394 -1.8306907391229776 -1.9257772859385425 -1.7390874533537513 -1.651541233154778 0.989205882837663 -1.8266799760111436 -1.7464132858417631 -1.7662787282367434 
0.11145783515717728 0.7395651879672369 -0.4080181233314883 -1.951880560976565 -1.7850139715529132 0.4061818670218322 -0.6580551303515048 0.20229664551468923 0.8183236028399864 -0.002831044703994389 -1.4027777654379583 -0.21480147700590313 -0.19232996697671845 -0.41165225550380935 0.9983938358747967 1.8858505138682007 -1.8838834540228875 -0.7476285133120911 1.429631706624845 1.999717300916979 1.8485230193289317 -0.9537389210468963 1.7599477172966946 1.9718816118311842 -0.8704384656512278 1.9176758404805088 1.3917598577025834 -0.950272385520899 1.7819542397427115 1.9837911304586244 
0.11145783515717728 0.7361983544777932 -1.4744598401366205 -1.946518742303338 -1.7850139715529132 0.40084338776388767 -1.8613042066289245 0.20229664551468923 0.8080100311413867 -0.002831044703994389 -1.403658015723825 -0.2150839565572076 -0.17381390282243214 -0.4167077777671305 1.021836029172422 1.8896606573116241 -1.8989301189827146 -0.7484236958930918 0.7660278731389946 1.9989720880462134 1.8485230193289317 -0.9547378706658941 1.7646996291721622 1.9847185746193274 1.8047008965520523 1.9204046026277903 1.3917598577025834 -0.9473372668067055 1.7883865856383658 1.9837911304586244 
0.11145783515717728 0.7361983544777932 -1.4917758555085359 -1.9557244727405971 -1.7850139715529132 0.3963340551726946 -1.8613042066289245 0.20229664551468923 0.8149720624017616 -0.007775014688536864 0.5478309905518125 -0.2150839565572076 0.777667952932666 -0.4119766471437567 -0.48490195306545436 1.8937344478000204 -1.894022543344685 -0.7441693959337329 0.7660278731389946 1.9952611990904194 1.8485230193289317 -0.9547378706658941 1.7433470422897257 1.9824611244134658 -0.8704384656512278 1.9204046026277903 1.3729343896559207 -0.950272385520899 1.800773276576529 1.989525092649776 
0.11145783515717728 0.7361983544777932 -1.4839554175040068 -1.9434027180892304 -1.7850139715529132 0.4002053295391541 -1.8613042066289245 0.20229664551468923 0.8149720624017616 -0.01015817043940924 -1.4044697307237677 -0.21795174171673712 -0.19232996697671845 -0.4119766471437567 -0.48490195306545436 1.8858505138682007 -0.7484606752812581 -0.7441693959337329 0.7660278731389946 2.0 1.8449364352161508 -0.9547378706658941 1.7646996291721622 1.9724262084736444 1.8000579038776834 1.9204046026277903 1.3917598577025834 -0.950272385520899 1.7883865856383658 1.9837911304586244 
0.11145783515717728 0.7395651879672369 -0.4080181233314883 -1.951880560976565 -1.7850139715529132 0.4061818670218322 -0.6580551303515048 0.20229664551468923 0.8183236028399864 -0.002831044703994389 -1.4027777654379583 -0.21480147700590313 -0.19232996697671845 -0.41165225550380935 0.9983938358747967 1.8858505138682007 -1.8838834540228875 -0.7476285133120911 1.429631706624845 1.999717300916979 1.8485230193289317 -0.9537389210468963 1.7599477172966946 1.9718816118311842 -0.8704384656512278 1.9176758404805088 1.3917598577025834 -0.950272385520899 1.7819542397427115 1.9837911304586244 
0.11145783515717728 0.7444450370524852 -1.4917758555085359 -1.9502816598341777 -1.7879069519322905 0.4002053295391541 -0.6580551303515048 0.20229664551468923 0.8236745002492836 -0.0066129880500320724 -1.403658015723825 -0.2150839565572076 0.777667952932666 -0.4119766471437567 -0.48490195306545436 1.8937344478000204 -0.7394683605104934 -0.7436624493594363 0.7660278731389946 1.9989720880462134 1.8449366682572068 -0.9524127788261508 1.7599477172966946 1.9794078071345726 -0.8704384656512278 1.9204046026277903 1.3729343896559207 -0.950272385520899 1.790427264061572 1.9928936765367873 
0.11145783515717728 0.7444450370524852 -0.4080819904581072 -1.951880560976565 -1.7879069519322905 0.4014262803084095 -0.6580551303515048 0.20229664551468923 0.8183236028399864 -0.006182822513060903 -1.8535483756045497 -0.21555004724412907 0.777667952932666 -0.41165225550380935 0.9983938358747967 1.8858505138682007 -0.7549903440509067 -0.7436624493594363 0.7633784511083329 2.0 1.8485230193289317 -0.9547378706658941 1.7599477172966946 1.9712321456848738 -0.8704384656512278 1.9204046026277903 1.3630024274418482 -0.950272385520899 1.7791135228206567 2.0 
0.11145783515717728 0.7361983544777932 -0.4080819904581072 -1.951880560976565 -1.7880263925634388 0.4014262803084095 -0.6580551303515048 0.19974476507070632 1.9426355433216407 -0.002831044703994389 -1.8643169040302912 -0.21555004724412907 0.777667952932666 -0.41165225550380935 0.9983938358747967 1.8858505138682007 -1.8775573853800007 -0.7436624493594363 0.7633784511083329 1.999717300916979 1.8485230193289317 -0.9547378706658941 1.7599477172966946 1.9712321456848738 -0.8704384656512278 1.9172934739250562 1.1784080185525163 -0.950272385520899 1.7819542397427115 2.0 
0.11145783515717728 0.7361983544777932 -1.4744598401366205 -1.946518742303338 -1.7850139715529132 0.40084338776388767 -1.8613042066289245 0.20229664551468923 0.8080100311413867 -0.002831044703994389 -1.403658015723825 -0.2150839565572076 -0.17381390282243214 -0.4167077777671305 1.021836029172422 1.8896606573116241 -1.8989301189827146 -0.7484236958930918 0.7660278731389946 1.9989720880462134 1.8485230193289317 -0.9547378706658941 1.7646996291721622 1.9847185746193274 1.8047008965520523 1.9204046026277903 1.3917598577025834 -0.9473372668067055 1.7883865856383658 1.9837911304586244 
0.11145783515717728 0.7361983544777932 -1.4839554175040068 -1.9434027180892304 -1.7850139715529132 0.4002053295391541 -1.8613042066289245 0.20229664551468923 0.8149720624017616 -0.01015817043940924 -1.4044697307237677 -0.21795174171673712 -0.19232996697671845 -0.4119766471437567 -0.48490195306545436 1.8858505138682007 -0.7484606752812581 -0.7441693959337329 0.7660278731389946 2.0 1.8449364352161508 -0.9547378706658941 1.7646996291721622 1.9724262084736444 1.8000579038776834 1.9204046026277903 1.3917598577025834 -0.950272385520899 1.7883865856383658 1.9837911304586244 
0.11145783515717728 0.7361983544777932 -1.4648131728066827 -1.9434027180892304 -1.7861597387442443 0.4002053295391541 -1.8668359771068979 0.20229664551468923 0.9998153583438998 -0.0037654877223700636 -1.4044697307237677 -0.21795174171673712 -0.19735184338230358 -0.4119766471437567 -0.4825372493153606 1.8865829331149708 -0.7484606752812581 -0.7396634887029435 0.7660278731389946 2.0 1.8485230193289317 -0.9547378706658941 1.7646996291721622 1.9724262084736444 1.8018116140178426 1.9204046026277903 1.3917598577025834 -0.9466388784062574 1.7883865856383658 1.9837911304586244 
0.11145783515717728 0.7522639102640609 -1.4744598401366205 -1.946518742303338 -1.7587362164280973 0.40117529322362816 -1.8646698894257647 0.20229664551468923 -1.873553150372886 -0.008172054038376462 0.9114274456300457 -0.21253373919289972 -0.19232996697671845 -0.4119766471437567 1.0128981267123738 1.8646766130910095 -0.7484606752812581 -0.7457041759636373 1.8650895396849627 1.9944204728960773 1.8544638992931108 1.990717611268597 1.7544562673085466 1.9847185746193274 1.8000579038776834 1.7829129276790179 1.3736948459335312 -0.9504186981651714 1.7875046067680533 1.9823422685566516 
0.10988026414661468 0.7419696305959874 -1.4823127665313296 -1.946518742303338 -1.7444151786392963 0.3921986421223782 -1.8593253426778964 0.21141829538971404 -1.8768975394739116 -1.4505707663294913 -1.7321810736730092 -0.2112634080479287 -0.19127542277948933 -0.40311818098772056 1.0128981267123738 1.8536468647624456 -0.7653480081260321 -0.7486374530973469 1.869538812449729 1.9969080112870696 1.8352111584164104 1.9812864617608723 1.7666952753424106 1.9847185746193274 1.7965739197435637 1.7823199140013692 1.364869634782868 -0.9473372668067055 1.7951891129462643 1.9763404382573442 
0.05171872214884833 -1.9937563646735283 -1.4989298415668495 -1.9339048143353739 -1.6801060008510336 -1.8150963508790579 -1.6277172151175003 -1.8968428594583413 0.30564941562907455 -1.9705586307637883 -1.3638160898720584 -1.8811646004365004 -1.9791741496720168 0.6437105551572101 -1.9168138967209536 -1.974851367740947 -1.7932273442519133 -1.7837989875621467 -1.8792056138731061 1.9509021792798054 -1.9501269123316676 -0.13947018149434448 -1.806041953006885 1.9117749105159358 1.8003259894691612 1.8207472033051462 2.0 1.877775385672669 -0.17800290898654803 1.9839411131743783 
0.05171872214884833 -1.9937563646735283 -1.4989298415668495 -1.9339048143353739 -1.6801060008510336 -1.8150963508790579 -1.6277172151175003 -1.8968428594583413 0.30564941562907455 -1.9705586307637883 -1.3638160898720584 -1.8811646004365004 -1.9791741496720168 0.6437105551572101 -1.9168138967209536 -1.974851367740947 -1.7932273442519133 -1.7837989875621467 -1.8792056138731061 1.9509021792798054 -1.9501269123316676 -0.13947018149434448 -1.806041953006885 1.9117749105159358 1.8003259894691612 1.8207472033051462 2.0 1.877775385672669 -0.17800290898654803 1.9839411131743783 
0.05171872214884833 -1.9853769518314723 -0.9466262917202566 -1.9320552420489632 -1.6758526106145748 -1.8333585767168883 -1.8117186666290985 -1.906603582207964 -1.849839832001478 -1.9705586307637883 -1.3638160898720584 -1.8811646004365004 -1.9791741496720168 0.6437105551572101 -1.9078621436539875 -1.974851367740947 -1.8090494567648134 -1.773675566757085 1.792013126314422 1.9509021792798054 -1.9501269123316676 -0.14718508704862607 -1.8066172890105399 1.9795456143855836 1.8003259894691612 1.8292188718355427 1.995309293953023 1.8886819758184341 -0.5751370742431228 1.990983473364191 
0.05171872214884833 -1.9853769518314723 -0.9398361380593567 -1.9339048143353739 -1.6758526106145748 -1.8150963508790579 -1.8079923188147502 -1.906603582207964 -1.849839832001478 -1.9705586307637883 -1.3580460397380254 -1.8811646004365004 -1.9791741496720168 0.6437105551572101 -1.9078621436539875 -1.9738661298559104 -1.7932273442519133 -1.7837989875621467 -1.8792056138731061 1.9509021792798054 -1.9501269123316676 -0.14566423194875533 -1.8066172890105399 1.919744964575369 1.8003259894691612 1.8361912712557553 2.0 1.8766558103914346 -0.6452098419703307 1.9875681035712263 
0.05171872214884833 -1.9853769518314723 -0.9398361380593567 -1.9339048143353739 -1.6758526106145748 -1.8150963508790579 -1.8079923188147502 -1.906603582207964 -1.849839832001478 -1.9705586307637883 -1.3580460397380254 -1.8811646004365004 -1.9791741496720168 0.6437105551572101 -1.9078621436539875 -1.9738661298559104 -1.7932273442519133 -1.7837989875621467 -1.8792056138731061 1.9509021792798054 -1.9501269123316676 -0.14566423194875533 -1.8066172890105399 1.919744964575369 1.8003259894691612 1.8361912712557553 2.0 1.8766558103914346 -0.6452098419703307 1.9875681035712263 
0.05171872214884833 -2.0 -1.5022834442810171 -1.9194505644172861 -1.7871116234510334 -1.7934912574577 -1.6277172151175003 -1.8993710818150316 -1.8405254659000188 -1.782085503602255 -1.3826722946270842 -1.8811646004365004 -1.978027957456958 0.6437105551572101 -1.9033506256434363 -1.8718929584258253 -1.8025781782227976 -1.783784802604139 -1.8875624014333203 1.9604194444469205 -1.9501269123316676 -0.13023144531518654 -1.8077186892844475 1.9728911429552882 1.7872989989240669 1.8198849880837125 1.9429118202579982 1.8863604756009178 1.607307724876049 2.0 
0.024296688489671703 -2.0 -1.4989298415668495 -1.9661097541911692 -1.7871116234510334 -1.799835543670225 0.8659281077799834 -1.902279108883244 -1.849839832001478 -1.7828127661651305 -1.3826722946270842 -1.8584101532260966 -1.9780563414465737 -1.9365425812714816 -1.9078621436539875 -1.9564184690599302 -1.7836043655762746 -1.7934725896080195 -1.8690147661563052 1.9683799882428632 -1.4899820579409182 -1.8670758464840067 -1.8134140398039038 1.9786426410662454 -1.7121093403260987 1.8317696168944284 2.0 -0.2376399052012792 1.6025137145748596 1.983165877562399 
0.024296688489671703 -2.0 -1.4989298415668495 -1.9661097541911692 -1.7871116234510334 -1.799835543670225 0.8659281077799834 -1.902279108883244 -1.849839832001478 -1.7828127661651305 -1.3826722946270842 -1.8584101532260966 -1.9780563414465737 -1.9365425812714816 -1.9078621436539875 -1.9564184690599302 -1.7836043655762746 -1.7934725896080195 -1.8690147661563052 1.9683799882428632 -1.4899820579409182 -1.8670758464840067 -1.8134140398039038 1.9786426410662454 -1.7121093403260987 1.8317696168944284 2.0 -0.2376399052012792 1.6025137145748596 1.983165877562399 
0.0037882001554053997 -1.3987850854677564 -1.4922148102584805 -1.9194505644172861 -0.6497423276350034 -1.833531061732864 -1.6260932074808987 -1.906603582207964 -1.8405254659000188 -1.9705586307637883 -1.3640763639877962 -1.8794941515845909 -1.8410766522422455 -1.7283736788923427 -1.9094424121895814 -1.968956546347976 -1.7918920193706989 -0.8603180477467025 -1.8797994825961128 -1.8163437885773495 -1.9526360377436374 -1.875803262162128 -1.82339473579653 -1.5868381805216918 -1.7476721375954085 -1.6322660583950972 1.947133536004915 -1.84677892715794 1.5982076665212142 1.983165877562399 
0.0037882001554053997 -1.3987850854677564 -1.4917151524721153 -1.9973561132928832 -1.6780600658188602 -1.813969526856866 -1.638544075639954 -1.906603582207964 -1.8434966108574593 -1.7810992443806541 -1.3640763639877962 -1.8811646004365004 -1.8410766522422455 -1.7242531948374729 -1.9094424121895814 -1.9632135351003757 -1.8025781782227976 -0.8603180477467025 -1.8875624014333203 -1.813223212063905 -1.6850944208972896 -1.875803262162128 -1.8180131321100639 -1.5868381805216918 -1.7449035752769162 -1.6322660583950972 1.947133536004915 -1.84677892715794 1.5982076665212142 1.983165877562399 
0.0 -1.9925480777138458 -1.4844539479761454 -1.9431862787088514 -1.7587362164280973 0.39818067195063 -1.8117186666290985 -1.5177725034253449 -1.8352859520665252 -1.7751318982960949 -1.358253280503793 -1.249027361516439 -1.9766077808817197 -0.4146772910226793 -1.8874600863781148 1.8699282539009983 -1.8117781658078314 -1.8113143367873672 -1.8792056138731061 1.9459160833086209 -1.5036969189593061 0.8028290993794753 -1.8077186892844475 1.9860949744484209 -1.7168265297095076 -1.56645167695005 -1.4749706127937026 -0.24137620794157727 1.8897798430355 1.9888479862506923 
