0.9993646238279373 -1.7506921485646716 1.9323840231299934 0.334335717384017 1.99911417413318 -1.522164979263126 1.998298229232342 -1.8334181372496179 -1.588693482296033 -1.6973780965392224 -1.9472202543290238 -1.8252394896191841 -1.9032293057280467 -1.8082319562746927 -1.7459551634535426 -1.8707356292925081 -1.971042399116341 -1.9204183231368581 -1.989482178315148 0.9612026563800145 -1.8788303140772888 -1.9463810104881283 -1.9921509267659265 -1.357685491775563 -1.5517449277583546 -1.6817287650853625 -1.843792145631824 -1.7247779928964475 -1.797050095955989 -1.8857376491919602 
0.9947574379711898 1.7910811951457455 1.9359514929403654 0.3256358642976096 1.99911417413318 -1.613577948376906 2.0 -1.832861291004015 -1.536410826266938 -1.601975030328012 -1.9378907624305304 -1.8252394896191841 -1.9032293057280467 0.9885340213553273 -1.7675792499794727 -1.8707356292925081 -1.9807550537627316 -1.147042772682226 -1.989482178315148 0.9522982373321094 -1.874705005535171 -1.9287863322333803 -2.0 -1.3717054314461212 -1.841932429101444 -1.6633362745150795 -1.860015081171561 -1.7247779928964475 -1.9951132415662505 -1.8649173692912422 
0.9880762118743411 1.7577838581904444 1.9367382348156705 0.13071722764718313 2.0 -1.6111122503195858 1.9933535004500724 -1.832861291004015 -1.536410826266938 -1.619602756255977 -1.9339955408202671 -1.7037134303939634 -1.923553193146741 0.9885340213553273 -1.7719089892536253 -1.8943722804913181 -1.9851934169945498 -1.907649798626441 -1.9850530763178376 0.9406674988570692 -1.880043205810046 -1.9314560500377043 -1.9701415175821182 -1.3511409223109874 -1.8418751663514683 -1.6814332790772177 -1.8603455172014245 -1.7355288891524248 -1.988978786477999 -1.864928851520855 
0.9846106345989498 1.7910811951457455 1.9367382348156705 0.13989373411510853 2.0 1.9029909069985125 2.0 -1.832861291004015 -1.536410826266938 -1.613431358154148 -1.9378907624305304 -1.7037134303939634 -1.912662302572273 -1.8082319562746927 -1.7675792499794727 -1.8943722804913181 -1.9890173704007121 -1.9121071831838354 -1.9834633302342597 0.945980927035595 -1.8732454615711387 -1.9171829130596816 -2.0 -1.3717054314461212 -1.8464551869109112 -1.6584269706314851 -1.8525374908648935 -1.737710569839946 -1.988978786477999 -1.8553346830482094 
0.9805074689560048 1.2606281784057325 1.9376201119235776 1.9468155698629834 2.0 1.8446574811905359 2.0 -1.8311196248933241 -1.588693482296033 -1.614812023456516 -1.9457918389256286 -1.7037134303939634 -1.9126580508879123 -1.8082319562746927 -1.7526190463313058 -1.890772707440496 -1.9885387118992455 -1.9204183231368581 -1.9850530763178376 0.9612026563800145 -1.8628794987070019 -1.9463810104881283 -1.969132217683658 -1.357685491775563 -1.8478773831005304 -1.6779996655522174 -1.8525374908648935 -1.7170168971672257 -1.7937241620620117 -1.8599338938386802 
0.970523831319955 1.7698340255041565 1.936462886998344 1.9479399921826315 2.0 -1.8921429244446712 2.0 -1.8257353763197721 -1.536410826266938 -1.614812023456516 -1.9457918389256286 -1.7037134303939634 -1.912662302572273 -1.8058668289031845 -1.7526190463313058 -1.890772707440496 -1.98434064050496 -1.911773457209365 -1.9901199323557262 0.9612026563800145 -1.8732454615711387 -1.9463810104881283 -2.0 -1.357685491775563 -1.8478773831005304 -1.6779996655522174 -1.8525374908648935 -1.7223573254375621 -1.800955117412817 -1.8663007305858548 
0.9664516752179703 1.7910811951457455 1.9376201119235776 1.9468155698629834 2.0 1.8379922733370355 1.99464982878817 -1.8318594468629759 -1.5241886721922822 -1.614812023456516 -1.9265673552885803 -1.6991993709521478 -1.916749497847469 -1.8082319562746927 -1.7798317011762426 -1.8929364679673555 -1.9851934169945498 -1.9002527503816042 -1.9996970372901632 0.943223369808635 -1.8546039629203872 -1.8505056624789282 -1.969132217683658 -1.3714025094168718 -1.8418751663514683 -1.6541822791442693 -1.8525374908648935 -1.6990027930070832 -1.9951132415662505 -1.8658625857714488 
0.9618850762466926 1.7746687822096225 1.9376201119235776 -0.34412260648334403 2.0 1.9029909069985125 2.0 -1.8229203991323673 -1.5787762045959692 -1.614812023456516 -1.9254035714883468 -1.7024617767607406 -1.912662302572273 -1.8082319562746927 -1.7526190463313058 -1.8855478389347762 -1.9792512947783008 -1.9056621479879365 -1.9831840108524035 0.9612026563800145 -1.8731125637163433 -1.643216672540196 -1.9737490307092347 -1.354846456791581 0.9738478622616555 -1.6575511802358665 -1.8525374908648935 -1.7285985636158951 -1.8080758973942532 -1.6266378270109167 
0.9597527554552598 1.7748930291457183 1.9365960319910953 -0.34412260648334403 2.0 1.8854927754280761 1.9942457516364438 -1.832861291004015 -1.536410826266938 -1.602843405820246 -1.9254035714883468 -1.9021003589490642 -1.8965506658529085 0.9895047468397218 -1.7675792499794727 -1.8991049317407218 -1.9960073500759339 -1.9056621479879365 -1.989482178315148 -1.8801041347078986 -1.8731125637163433 -1.6430114708460135 -1.9737490307092347 -1.354846456791581 -1.841932429101444 -1.6575511802358665 -1.9384825992482495 -1.7285985636158951 -1.8077413713818542 -1.851424938407004 
0.9510348646219985 1.8013990012635281 1.936462886998344 1.9479399921826315 1.990195175508551 1.9002056623759747 2.0 -0.3287271345337085 -1.5317594742878482 1.8196733284582542 -1.9339955408202671 -1.6990356314417818 -1.923553193146741 -1.8058668289031845 -1.77219970499319 -1.8987437939888236 -1.9863498418635879 -1.911773457209365 -1.9777111887661467 -1.9277645707196072 -1.880043205810046 -1.9463810104881283 -1.9677794314677473 -1.357685491775563 -1.8401447891937988 -1.6779996655522174 -1.854506302432117 -1.7223573254375621 -1.9905228082920416 -1.864928851520855 
0.9420375887587469 1.7577838581904444 1.9481615599336326 1.946555635631597 2.0 1.8854927754280761 2.0 -0.3220227538409961 1.9206611480302804 1.7511934516547893 -1.9500245565685785 1.9836312158075182 0.2675891667334952 -1.809143753366471 -1.7719089892536253 -1.8908046570698522 -1.9960073500759339 -1.9022548204117162 -1.9844337112687724 -1.8801041347078986 -1.8582221592857096 -1.9241904009466624 -1.9151806480059514 -1.355646832455203 -1.8310414080208433 -1.6574766119722666 -1.9387279762822367 -1.7006279953999264 -1.2547047896999457 -1.8599338938386802 
0.9420375887587469 1.7748930291457183 1.9481615599336326 1.7153048407420481 2.0 1.8854927754280761 1.9933535004500724 -0.3284393716829901 1.9282536310208285 1.7511934516547893 -1.9446485706281953 1.9836312158075182 0.2675891667334952 -1.809143753366471 -1.7719089892536253 -1.8991049317407218 -1.9960073500759339 -1.9345518389146823 -1.9844337112687724 -1.8801041347078986 -1.8673763220541473 -1.9172944713072428 -1.8991020709626656 -1.3504592474806867 -1.8310414080208433 -1.987656925313221 -1.9384825992482495 -0.9119971087965841 -1.9888593987659713 -1.851424938407004 
0.9420375887587469 1.7748930291457183 1.9481615599336326 1.7153048407420481 2.0 1.8854927754280761 1.9933535004500724 -0.3284393716829901 1.9282536310208285 1.7511934516547893 -1.9446485706281953 1.9836312158075182 0.2675891667334952 -1.809143753366471 -1.7719089892536253 -1.8991049317407218 -1.9960073500759339 -1.9345518389146823 -1.9844337112687724 -1.8801041347078986 -1.8673763220541473 -1.9172944713072428 -1.8991020709626656 -1.3504592474806867 -1.8310414080208433 -1.987656925313221 -1.9384825992482495 -0.9119971087965841 -1.9888593987659713 -1.851424938407004 
0.9238900920556496 1.7698340255041565 1.9735047260595302 1.3243558321908906 1.99911417413318 1.8977996662803833 1.9978653016011079 -0.5501062649147679 1.6803601594403044 1.7511934516547893 1.6739823530126146 1.988681322678065 -1.9179285097617549 -1.7966188185387684 -1.7562598754648266 -1.8844839645914622 -1.9792512947783008 -1.9049237147325904 -1.9831840108524035 -1.9314643704083192 -1.8673763220541473 -1.9171829130596816 -1.904497049604506 -1.3626976340520485 -1.8509375065226303 -1.6575511802358665 -1.410892082018771 -1.7083244273998284 -1.794970032912132 -1.8656713795573932 
0.9176633960367585 1.7706046890968126 1.9744900933208276 -0.86481334027435 2.0 1.8760574849192113 1.9349245339076513 1.7411054645577613 1.6676342286787273 1.8937217446079964 1.6739823530126146 1.988681322678065 1.980141374037457 -1.804524679178968 1.9843886020745216 -1.8996478590535346 -1.9781307449610939 -1.9208266327490588 -1.9821726881681105 -1.9314643704083192 -1.8478688512178694 -1.9172944713072428 -1.9057724100868727 -1.3626976340520485 -1.8509375065226303 -1.6575511802358665 -1.9382991284195161 -1.7083244273998284 -1.8032076584694465 -1.8656713795573932 
0.9155871151730743 1.7698340255041565 1.9744900933208276 1.9286473627973837 1.99258670704536 1.889301243631193 2.0 1.7272140674287824 1.9288852994733308 1.7548476382272127 1.6739823530126146 2.0 1.9854692589465366 -1.79083726598254 -0.02978129253746431 -1.8987437939888236 -1.9771522914693804 -1.9204526081390207 -1.9897786475588983 -1.891951151451178 -1.8835148847034444 -1.921360122475708 -1.9171161818158329 -1.35845037713513 -1.8268147573731222 -1.648274065496049 -1.4160085124482975 -1.7101412376428493 -1.794970032912132 -1.8656713795573932 
0.9076914383716805 1.7706046890968126 1.9833696341684017 1.9450360246566238 2.0 1.8772523719809668 1.9323271178014578 1.733864575632271 1.6676342286787273 1.7511934516547893 1.6739823530126146 1.9754714533436661 1.9757967674528234 -1.807839194528898 1.9843886020745216 -1.8930734806917195 -1.9792512947783008 -1.9204526081390207 -1.9848774413332584 -1.8953867661724486 -1.853777292687195 -1.9242878365230713 -1.8922265443201398 -1.3577418350872328 -1.83651613167607 -1.6642593045610798 -1.945085771113316 -1.5357853312280838 -1.8032076584694465 -1.4790633874715597 
0.9076914383716805 1.7706046890968126 1.9744900933208276 -0.86481334027435 2.0 1.8760574849192113 1.9349245339076513 1.7356346377497933 1.6676342286787273 1.7511934516547893 1.6739823530126146 1.981210808686994 1.974878892644384 -1.8117804063352831 1.9843886020745216 -1.8930734806917195 -1.9792512947783008 -1.9204526081390207 -1.9848774413332584 -1.8799703111041997 -1.853777292687195 -1.9172944713072428 -1.9088389762141091 -1.3577418350872328 -1.842775993974413 -1.6642593045610798 -1.945085771113316 -1.5357853312280838 -1.8032076584694465 -1.8656713795573932 
0.9024156250759499 1.7706046890968126 1.9744900933208276 -0.86481334027435 2.0 1.885667107371932 1.9349245339076513 1.7427486497057791 1.6676342286787273 1.8961918884711535 1.6739823530126146 1.9772617182953336 1.974878892644384 0.8489364311753667 1.9866582321594461 -1.8908046570698522 -1.9792512947783008 -1.9208266327490588 -1.9968534947775387 -1.8799703111041997 -1.8670298624299486 -1.9172944713072428 -1.9088389762141091 -1.3601632824419079 -1.8509375065226303 -1.6575511802358665 -1.945085771113316 -1.5357853312280838 -1.7944237580520166 -1.8595546219669736 
0.8921815641103782 1.807368931630266 1.956534966924445 1.9406911634504715 1.9799871602089518 1.5228598902469928 1.9998674822300802 1.7258889603227365 1.372314605061184 1.746540309131142 1.6828487479176166 1.9958228864598528 1.9865699029449495 -1.798887514376757 1.9765912262812333 -0.3336028079267375 1.7041301150895585 -1.9180301175337018 -1.9865433637636811 1.9241806737168703 -1.8637194073787275 -1.9260024171812737 -1.9115301991267757 -1.0829574163554545 -1.8268147573731222 -1.648274065496049 -1.4205819431451057 -1.7141203821614752 -1.799663638298114 -1.6385857878867869 
0.8868124818821554 1.807368931630266 1.9637181147627147 1.9340432113320356 1.9962214805694622 1.5151526775832675 1.9136490551915055 1.8664706157671775 1.372314605061184 1.745503707567534 1.9036612333706082 1.9949430180422447 1.9702805065249047 -1.798887514376757 1.9843886020745216 1.9491702082801512 1.686663207312693 -1.9283635846653633 -1.9865433637636811 1.932516857066592 -1.8704414293956475 -1.9260024171812737 -1.9115301991267757 -1.0922849408048048 -1.9606214548916534 -1.6575511802358665 -1.4176983640634826 -1.7141203821614752 -1.799040729479414 -1.8692144191694968 
0.8868124818821554 1.7677940306277642 1.9637181147627147 1.9351357562606173 1.9883330787134759 1.885667107371932 1.9997651705099366 -1.1268433915163323 1.6668717721280344 1.746540309131142 1.6825493721770997 1.9809693388333787 1.974878892644384 -1.8155321870477261 1.9843886020745216 -1.8930734806917195 1.7041301150895585 -1.9204526081390207 -1.9848774413332584 -1.899341064953499 -1.8704414293956475 -1.9260024171812737 -1.8964310653983658 -1.3511342431324782 -1.8422273571776189 -1.6575511802358665 -1.4176983640634826 -1.5357853312280838 -1.8042760557647497 -1.8692144191694968 
0.8684720585753881 1.7706046890968126 1.956534966924445 1.9236100992323448 1.9962214805694622 1.5151526775832675 1.9136490551915055 1.8664706157671775 1.486913168284238 1.6375638024853563 1.9070725650977742 1.9949430180422447 1.9818080655140855 1.7839252102972014 1.7121839254098672 1.9440695243331576 1.6855879083122156 1.9774111064642819 2.0 -1.9138099103762005 1.921658727680092 1.8538083245443493 1.8359146733062526 -1.3545615041686636 2.0 -1.6423717075324187 0.3129375219982329 -1.6034102194420676 -1.8089100614013705 -1.8476410493241453 
0.8684720585753881 1.7622973734236855 1.9735486547315357 1.8352386211958711 1.9914304078499245 1.8824900711543275 1.9136490551915055 1.7329191907952377 1.486913168284238 1.6375638024853563 1.9058941524303379 1.9949430180422447 1.9818080655140855 1.7839252102972014 1.7121839254098672 1.9456300555077946 1.6774986681515314 0.9501700374269935 2.0 -1.9138099103762005 1.9271582402311163 1.8479696319647747 1.8359146733062526 -1.3468516429432704 2.0 -1.6423717075324187 0.3127744918581058 -1.6034102194420676 -1.8188996478783872 -1.8476410493241453 
0.8503272074588354 1.7717894130821439 2.0 1.9349989525090334 1.986107461892253 1.5439106603158386 0.5361226628098437 1.8712069607890323 1.5110973084743058 1.6295252202674309 1.9133942115534017 1.976787675872702 1.9721367837894122 1.7781544309748847 1.9711301401367405 1.973601020832408 0.9933617954553041 2.0 1.9875690649727336 1.6232055056461636 1.9340553099491682 1.8711141462350571 1.8359146733062526 1.4240889543008084 2.0 1.4536178538102185 1.6897991356861068 -1.6034102194420676 -1.817257511911607 -1.8620109209589837 
0.8503272074588354 1.7717894130821439 2.0 1.8247841955050934 1.986107461892253 1.8920274588906016 1.9407378738604513 1.8718131610693771 1.4866260482353217 1.6375638024853563 1.8974381407362404 1.9949430180422447 1.9692496293692276 1.7781544309748847 1.9564659013043622 1.6816733258918797 1.6799434227696393 0.9501700374269935 2.0 1.6232055056461636 1.9340553099491682 1.8479696319647747 1.842090690693162 1.426750016674085 1.9924051096461284 1.4928226308861987 1.6897991356861068 -1.6013480665449336 -1.8188996478783872 -1.8620109209589837 
0.8369711520567753 1.7652428547492618 1.9666973839525879 1.8247841955050934 1.9962214805694622 1.5237869629654135 1.9322474843836432 1.8744354509238264 1.4866260482353217 1.8617943346072914 1.9026814935218455 1.976787675872702 1.9721367837894122 1.783709383496803 1.9564659013043622 1.6816733258918797 1.6855879083122156 2.0 2.0 1.6443119907853574 1.4512157470821156 1.8680291723055968 1.8493589780947846 1.4257509759859786 2.0 1.465028141939114 1.666032754549918 1.8129939233359291 -0.028875208321567758 -1.8528929038932151 
0.8369711520567753 1.7652428547492618 1.9744900933208276 1.827106013453307 1.9896278811357802 1.5439106603158386 1.9237959889680822 1.863271383235026 1.4866260482353217 1.6207382066478393 1.905929090811909 1.699352844231556 1.965050302056411 1.783709383496803 1.97694035151093 1.973601020832408 1.6859761069691577 1.9979079082430855 1.9898954711417103 1.6078494605683677 1.924734420858546 1.86041503867648 1.8359146733062526 1.4221001715673074 1.9999753994941476 -1.6575511802358665 1.666032754549918 1.8261363955679897 -0.028875208321567758 -1.8528929038932151 
0.8250313172289496 1.3794244376979847 1.9651839270435554 1.8247841955050934 1.9962214805694622 1.5478949920995704 1.9339333156452774 1.862203934443673 1.486913168284238 1.6207382066478393 1.8987410674505691 1.7072279606766307 0.9305643332960765 1.777635798464399 1.9647689773169281 1.6881898685477654 1.8398204558515614 2.0 1.9940408850324431 1.636797438064027 1.928484063104847 1.869793491253028 1.8493398610526344 1.4221001715673074 2.0 1.4582509151395977 1.6681881126754283 1.8265634834384659 1.8552835819166607 -1.8528929038932151 
0.8250313172289496 -1.7172505849790825 1.9657316163108982 -1.9084860458765478 1.9948474881915348 1.5478949920995704 1.9077643012535086 1.862203934443673 1.4796083838740985 1.6151227460414108 1.9133942115534017 1.699347356642088 1.971227928230076 1.783709383496803 1.97694035151093 1.9439711330016058 1.6855879083122156 1.9991295883902398 1.9940408850324431 1.6078494605683677 1.928484063104847 1.86041503867648 1.8493398610526344 1.2186263327416875 2.0 1.458400402650046 1.669399152416541 1.835233182756468 1.8552835819166607 -1.8278270660875828 
0.8051205331210586 -1.7309072149745681 -1.9124533010921183 -1.9015165728647128 1.9896278811357802 1.5490613247370777 1.9237959889680822 1.863271383235026 1.486913168284238 1.6207382066478393 1.905929090811909 1.7111858312162063 0.9338627235813437 1.845394972185322 1.9652071713323331 1.9915402983827004 1.8398204558515614 1.9979079082430855 1.9914904977310892 1.636797438064027 1.9282752879009493 1.86041503867648 1.8556665608495102 1.4221001715673074 1.8252934910504341 1.4599685006200038 1.6576008110026597 1.8265634834384659 1.8552835819166607 -0.37432262715208786 
0.8051205331210586 -1.7172505849790825 -1.931555705300641 -1.9084860458765478 1.9776257453277024 1.5396622303079144 1.9269876081763777 1.8768714215850348 1.486913168284238 -1.9019731616696187 1.905929090811909 1.7122282316665987 1.971227928230076 1.845900625679289 1.9652071713323331 1.9830700788287865 1.831413975474223 1.9991295883902398 1.9996116645687303 1.6613320985731486 1.9228163085478638 1.6417927436375126 1.8493589780947846 1.4221001715673074 1.8252934910504341 1.4561237622930865 1.8220747464551676 1.8116807261163284 1.8552835819166607 -1.8278270660875828 
0.7985291120950295 1.0094765625594606 -1.931555705300641 -1.9015165728647128 1.979017100235856 1.5513924269675248 1.9332111851835774 1.7272140674287824 1.492251258528889 -1.9019631148928904 1.9013530717514915 1.7054953061277232 1.9711960289645145 1.849416813640589 1.974015478230412 1.9915402983827004 1.831413975474223 1.9991295883902398 2.0 1.6613320985731486 1.8486140368797828 1.86041503867648 1.849458736455042 1.445847183355945 1.8252934910504341 1.4561237622930865 1.6576008110026597 1.8248860265266933 1.7373339581756433 1.7615644260754897 
0.78145111653371 -1.736402808405646 -1.9124533010921183 -1.8996224187831028 -1.765322123208561 1.5513924269675248 -1.9811305466453153 -1.7561105076782852 -1.8628816578680973 -1.8949440539309008 -1.9499695655113574 1.7109887531104355 1.9787599069869646 1.8455979570301366 1.9743010526868514 1.9285140654411412 1.3401803742886322 1.9941727515236014 1.9996116645687303 1.6530406615826754 1.7858910308953089 1.87088595844183 1.8446256238010472 1.448130464258261 1.8194478718539462 1.904104953118131 1.6487648824247485 1.8248860265266933 1.869278697932457 1.752604456241968 
0.7759820635685779 -1.7268295868702632 -1.9124533010921183 -1.8996224187831028 -1.7197537779022685 1.5513924269675248 -1.9772795514423005 -1.754543029496215 -1.8628816578680973 -1.9168637854120996 -1.9534937182173153 -1.9149312022410068 1.9787599069869646 1.8455979570301366 1.9743010526868514 1.936260129735971 1.3600731389728857 1.993826118818834 1.9944594480471072 1.769459664522458 1.5111890759122237 1.8662615200737473 1.8244800175388263 1.4528883005167694 1.8331415628763787 1.896666652271689 1.653356242533427 1.3038825633829507 1.8759612707215512 1.752604456241968 
0.7679908370001378 -1.732073654411835 -1.9181931422803555 -1.9031537972912564 -1.7241939520480734 -1.1139532308997746 -1.984476977320764 -1.7651401030914973 -1.869280443302612 -1.9082320368425356 -1.9637702242010473 -1.9241618186729383 -1.9565998918753782 -1.5857965375094314 1.9743010526868514 1.936260129735971 1.3538945956570365 1.993826118818834 1.9994277186607776 1.769459664522458 1.8447415899934028 1.8782740786935188 1.8244800175388263 1.4528883005167694 1.8284092634520566 0.5279826801925531 1.6449405987836836 1.8248860265266933 1.8696951154834123 1.7540822438318813 
0.7515065177505305 -1.7242144350393196 -1.9144687464517904 -1.9031537972912564 -1.7241939520480734 -1.6543847448384357 -1.9854045059050802 -1.7644711387560659 -1.869280443302612 -1.8949440539309008 -1.9499695655113574 -1.9267054560102057 -1.9565998918753782 1.8527167454476112 1.9700362434071235 1.9333026580802004 1.3600731389728857 1.993826118818834 1.98257333254423 1.769459664522458 1.5049135609859614 1.887639241287312 1.8386888439683458 1.4510810087930894 1.8284092634520566 1.9148257333912702 1.6449405987836836 1.82933725722873 1.8696951154834123 1.8031083098385277 
0.7473714645746258 -1.736402808405646 -1.9161397808445335 -1.9031537972912564 -1.7300957281203795 -1.1139532308997746 -1.984476977320764 -1.765160773562776 -1.8763798041957618 -1.9242971235627233 -1.9629897445367173 -1.9241618186729383 -1.9565998918753782 -1.6039241074080044 1.9743010526868514 1.936260129735971 -1.9517520610782666 1.993826118818834 1.9963980266161896 1.8159648225355716 1.8403690344509558 1.8857788020686381 1.8244800175388263 1.4496513499523955 1.840179330440283 0.531686348692411 1.6536012205311195 1.8248860265266933 1.861044511091246 1.7467705304906036 
0.7396501588609068 -1.736402808405646 -0.9589158390544066 -1.8930149193314145 -1.7315431559914922 -1.9352181358589369 -1.984476977320764 -1.7801339713571442 -1.8763798041957618 -1.9242971235627233 -1.9970540839647555 -1.7101784754181724 -1.9565998918753782 -1.8084809800987418 1.9743010526868514 -1.9328136394636986 -1.9665780449445598 -1.7312554335384154 1.9994277186607776 -0.24724248216600753 1.8473469297981187 -1.9727037969067343 -0.6306142272504296 1.4528883005167694 1.840179330440283 1.3196576007507845 1.6449405987836836 -0.8565700225303674 1.8631977706096507 1.7467705304906036 
0.7261275248955057 -1.732073654411835 -1.9249961204218318 -1.8932430986523825 -1.7380420415009763 -1.1271815405072587 -1.984476977320764 -1.7801339713571442 -1.8828699474075004 -1.9092124455730113 -1.9448832622163439 -1.921233760820404 -1.9565998918753782 -1.5919973093817203 -1.6029002227550935 -1.9255251419599502 -1.9712073404749053 -1.7478873010097633 2.0 1.8159648225355716 -0.145355427136244 -1.9516556941786578 1.8366821650615544 1.6758649525206653 1.2172241622778888 1.3196576007507845 1.6381978132437776 -0.8565700225303674 1.869278697932457 1.752515573202933 
0.7227620256590691 -1.727979309418818 -1.9432082056759217 -1.8672537446817672 -1.7273629838940068 -1.118338715913347 -1.984476977320764 -1.7758445600297263 -1.8758332995463314 -1.9009038497770872 -1.9561234064499182 -1.9259174495265918 -1.9185280609473951 -1.5865704770715041 -1.5957687533741705 -1.9313086043563008 -1.968714293803672 -1.4453791014763266 1.9714592627817495 -1.5658833726873065 -0.145355427136244 1.8588911091413387 1.830909025498138 1.6829732693672397 1.9484448107846946 -0.5096153465581605 1.6396914182694182 1.8299630176939528 1.8765882070949347 1.742025168980276 
0.7013672915592001 -1.7267580685685093 -1.9482932055266378 -1.8742348843456724 -1.7310927437546844 -1.9352181358589369 -1.9693210330727369 -1.8302800269336355 -1.8763798041957618 -1.9242971235627233 -1.943002864606211 -1.7167282524367025 -1.9518913172021461 -1.8084809800987418 -1.8386010498786824 -1.9248917045592544 -1.9662294147286052 -1.738985817645419 -1.939225879877888 -1.5665247516340473 -1.7935312142504705 -1.9727037969067343 -1.8779105849024524 1.6774067538711828 1.8345441520117616 1.8893643795705535 -1.9197898103531765 1.827519817428254 1.8631977706096507 1.781661928356363 
0.6949951479461857 -1.7267580685685093 -1.9468801502963289 -1.869263213184921 -1.7310927437546844 -1.121014256484426 -1.957424662245481 -1.7785408266264415 -1.67184615670089 0.9747710041791868 -1.943002864606211 -1.7167282524367025 -1.9518913172021461 -1.600358762154341 -1.664608904647487 -1.9255251419599502 -1.9712073404749053 -1.738985817645419 -1.9387725555448587 -1.5665247516340473 -1.805869927932485 -1.95978195287505 -1.9394881549256366 1.6797018355259958 1.8182529740494406 1.8968626739146581 -1.9197898103531765 1.827519817428254 1.8535921168778935 1.782655530550266 
0.6871751324009756 -1.7339499151483402 -1.9320958600923452 -1.8675649374084267 -1.7276748174282737 -1.0485690266321908 -1.9564165114148357 -1.7785408266264415 -1.6656168496276162 -1.9112887716135019 -1.9399828262569192 -1.748587808351353 -1.9360223375399057 -1.5919325327254403 -1.6513047894457016 -1.9165549479668196 -1.9712073404749053 -1.738985817645419 -1.85966169744215 -1.8967785567087951 -1.7977679960480268 -1.95978195287505 -1.9394881549256366 1.6797018355259958 0.1385803003793522 1.8953338904147181 -1.9067287983926349 1.819096151749367 1.8790368976067071 1.782655530550266 
0.6811781525766343 -1.732073654411835 -1.9468801502963289 -1.6980660733117274 -1.7241939520480734 -1.661744095444529 -2.0 -1.7668099419981127 -1.869280443302612 -1.9022238394947948 -1.9637702242010473 -1.7139026233586907 -1.9406945408561755 -1.5921594099227114 -1.7540838178100595 -1.9165549479668196 -1.9517520610782666 -1.9444186032943807 -1.9387725555448587 -1.5665247516340473 -1.7977679960480268 -1.95978195287505 -1.9394881549256366 -1.0321238206425347 1.822249553865295 1.9148257333912702 -1.9067287983926349 1.827519817428254 1.8790368976067071 1.8031083098385277 
0.6811781525766343 -1.7406218041199588 -1.9468801502963289 -1.8695588809289891 -1.7310927437546844 -1.5881537669596513 -2.0 -1.763015177660162 -1.869280443302612 -1.9112887716135019 -1.9637702242010473 -1.7167282524367025 -1.9406945408561755 -1.5905661723153286 -1.6513047894457016 -1.9208940608869634 -1.9694620389033997 -1.7332749042615814 -1.953189762437497 -1.5665247516340473 -1.7935312142504705 -1.9604953424496268 -1.9455604618216102 -1.2608771474837934 -1.7236263647786596 1.9072155276941716 0.009634572413537374 1.828844474872724 -0.11037321358696328 0.3888092897888805 
0.6515249746969096 -1.784241972431546 -1.9323466674409595 1.9357620106539286 2.0 -1.5226659360091863 2.0 -1.8302800269336355 -1.887231388445302 -1.911890529174193 -1.0821683507742477 -1.7071575812282673 -1.9185343942524604 -1.6020675002683866 -1.7540392630845196 -1.8866518050220367 -1.7267127819083232 0.9276591641860199 -1.8678682886074642 0.9612026563800145 -1.880043205810046 -1.9179585330642548 -1.8779105849024524 -1.3554781784518302 -1.4980529569386696 -1.6874188448827445 -1.8507770329217181 -1.7387617782687563 -1.7946318333502689 -1.8592711229912184 
0.6515249746969096 -1.7203948542168968 1.9688800458960274 1.940195489989004 1.914389193077044 -1.5881537669596513 -1.957424662245481 -1.763015177660162 -1.663746406656322 -1.9112887716135019 -1.5590728233619107 -1.7085991071998845 -1.9300132090457693 -1.6017081390272925 -1.6628562022930822 -1.9155545945720642 -1.995797339740754 0.9218108128185138 -1.8726014517503977 0.9612026563800145 -1.812860115828089 -1.9341674118964063 -1.9418417296995827 -1.2608771474837934 -1.732250727125509 -1.684697730079599 -1.9081043185787008 -1.7060195221001364 -1.7849324299388474 0.38639698470675876 
0.641718732984849 -1.7203948542168968 -0.15181037559220867 1.940195489989004 1.918584952676314 -1.5226659360091863 -1.957424662245481 -1.763015177660162 -1.6671177209075099 -1.9238928306516851 -1.943002864606211 -1.7257889758697738 -1.9277070115254915 -1.6090949749771835 -1.6704025386963168 -1.9155545945720642 -1.995797339740754 0.91667476924383 -1.8726014517503977 0.9612026563800145 -1.7991113731184654 -1.9341674118964063 -1.9507436779391083 -1.2512486220060866 -1.4900529287553055 -1.2182530028020402 -1.9068014519550749 -1.7104625542163516 -1.7849324299388474 0.38639698470675876 
0.6284579931812193 1.7583137069188342 -1.9323466674409595 -0.7522498318584401 1.9085723058988662 -1.5873705788905312 -1.957424662245481 -1.756264780193856 -1.8797071127981113 -1.908946733443057 -1.9399828262569192 -1.7105091938124173 -1.9185343942524604 -1.6020675002683866 -1.66115094000485 -1.9194114836198584 -1.730359046112212 0.9129163331221878 -1.8678682886074642 0.9612026563800145 -1.812860115828089 -1.9341674118964063 -1.8779105849024524 -1.2627211216309409 -1.4909511004823106 -1.684697730079599 -1.9068014519550749 -1.7060195221001364 -1.7849324299388474 -1.8592711229912184 
0.6301485006249272 1.7623211028604977 1.9688800458960274 -0.7522498318584401 1.9113846279785636 -1.1206906003102122 -1.9647415346310182 -1.7928722233038707 -1.67184615670089 -1.9029859767935406 -1.9399828262569192 -1.7064874747438437 -1.9680523623497137 -1.7843121804740416 -1.66115094000485 -1.9194114836198584 -2.0 1.0141867282907908 -1.8593356889981079 -1.148655187507622 -1.815242147654435 -1.9341674118964063 -1.9434508275874567 0.9341990722419942 -1.4900529287553055 -1.2182530028020402 -1.9068014519550749 -1.7104625542163516 -1.7659610713539284 0.508499528872707 
0.5847000535427284 1.7481855291882955 0.8532101503598306 1.9748632689896721 1.9895229502296259 1.4879985987790416 1.9229424673892321 1.737868585399229 1.3613063444373008 1.835624227641883 1.6685513763270547 1.946817108241156 1.988562937989729 1.8507426348490668 1.9584139828972458 1.959166765081729 -2.0 0.2762016703800536 -0.28702536493583386 1.9684928370400772 1.884581332644013 -1.9492210726508736 -1.9891238973530607 -1.8318939750494698 -1.7421608630523664 -1.629918594411894 -1.94760106829452 -1.7231170022485238 -1.7885532626335456 -1.8428015874324533 
0.5792620649904253 1.7664361752547029 1.9782145016925967 1.9585605777719028 2.0 1.4840747650214237 1.331127148610277 1.735517290835218 1.372314605061184 1.8348535026814492 1.6754203783111252 1.9550301544294022 1.992257804732955 1.8530270721610924 -0.02139654133292357 1.9571988932409776 -1.5884370898540476 1.988640740537647 1.984031440263377 -1.620692914539133 1.8886271713808673 -1.9401368271438888 -1.9812037509765938 -1.8272270446047758 -1.727443519933221 -1.6586502143110768 -1.94760106829452 -1.7187559816504163 -1.792878621672078 -1.837645924392874 
0.5684522162846668 1.758354360438375 1.9782145016925967 1.9679072645201088 2.0 1.48502103724898 1.9229424673892321 1.732446249301103 1.3487553824339258 1.8380149818910083 1.6754203783111252 1.9550301544294022 1.9908455237061495 1.8530270721610924 1.971288354495752 1.954494367350457 1.6766256316765296 1.9878629552591394 -1.7951344493468055 0.28098711357330375 1.880599445075138 -1.9383663471530912 -1.9844188807385814 -1.8209524591598174 -1.727443519933221 -1.6456561777817447 -1.94760106829452 -1.7187559816504163 -1.792491085611509 -1.837645924392874 
0.5619561565282285 1.758354360438375 1.9865551765401965 1.969800388184539 1.9925918293705847 1.4840747650214237 1.9229424673892321 1.7352701190230222 1.343574495742379 1.8351096094893287 1.6754203783111252 1.9583284002173085 1.9908455237061495 1.8438631832927135 1.9623501904941465 1.9514237265467929 1.6766256316765296 1.9819736913024237 1.9853967096197367 -1.620692914539133 1.884581332644013 -1.9531318958071198 -1.9844188807385814 -1.8300787002578816 -1.7370247044099083 -1.6606578704823356 -1.9349530857612114 -1.7104625542163516 -1.7885532626335456 -1.837874558059595 
0.5498288420012599 1.7513154238702242 1.963940978662185 1.9748632689896721 1.9895229502296259 1.479805954374365 1.9229424673892321 1.7291335960722143 1.3381730351803183 1.830758810540068 1.6754203783111252 1.9400991964191268 1.9830645587245268 1.8507426348490668 1.9696534410794184 1.959166765081729 1.6766256316765296 1.9931887678631202 -0.28702536493583386 1.965871047114034 1.8427506547543446 -1.9391412527424696 -1.9844188807385814 -1.8446923159199367 -1.7446554869676012 -1.6456561777817447 -1.94760106829452 -1.7233799607399336 -1.792878621672078 -1.8313651739221228 
0.5395551199937209 1.7543927235507935 1.959700065877244 1.9679072645201088 2.0 1.4719589152349177 1.9180007865518112 1.732446249301103 1.3381730351803183 1.8441847635392221 1.6754203783111252 1.9619826629253683 1.9901421107669939 1.8530270721610924 1.971288354495752 1.954494367350457 1.6820174180143668 1.9878629552591394 2.0 1.9678132339534053 1.8894466492719475 -1.9505002271615761 -1.9844188807385814 0.06973897969089426 -1.7395388227147466 -1.6495627505238426 -1.94760106829452 -1.7232948822102416 -1.792491085611509 -1.834567023525882 
0.5294172428646987 1.758354360438375 1.963940978662185 1.9679072645201088 1.9895229502296259 1.479805954374365 1.9209027610782605 1.7272140674287824 1.372314605061184 1.8277518576686447 1.660988275884585 1.9489363758873344 1.9822361412867553 1.8594534654305241 1.9696534410794184 1.9514237265467929 1.6766256316765296 1.9931887678631202 1.990272673850695 1.965871047114034 1.8427506547543446 -1.9391412527424696 1.8435441283255982 -1.8297598918069415 -1.7444588425804168 -1.6456561777817447 -1.9313163365609864 -1.7233799607399336 -1.792878621672078 -1.837874558059595 
0.5237693125586633 1.758354360438375 1.9672784520364626 1.9679741080842499 2.0 1.4719589152349177 1.9209027610782605 1.7215396298383625 1.3475952158001183 1.8277518576686447 1.6623345334060822 1.9688735726342044 1.9829657360172495 1.8438631832927135 1.9696534410794184 1.9514237265467929 1.6857706178582863 1.993317452253115 2.0 1.968313634894577 1.8894466492719475 -1.9519517127514592 1.8555955496868943 -1.8457846106275533 -1.728317780444361 -1.649656646735103 -1.9214635770314783 -1.7155844660877733 -1.8037565344082518 -1.4596599568749147 
0.510317728047347 1.760955802496064 1.9710550393388253 1.9679072645201088 2.0 1.4741889458797723 1.9267174852410023 1.7242877277984199 1.3651549466163035 1.8298824529022748 1.6544147943423013 1.9410404355825968 1.988562937989729 1.8507426348490668 1.9623501904941465 1.959166765081729 1.6857706178582863 2.0 1.6981127254249073 1.968313634894577 1.8363053765981316 -1.9479354067919787 1.8555955496868943 -1.8373063409435055 2.0 -1.628378498123118 -1.9350627705601922 1.943162905862557 -1.7885532626335456 -1.8373297890176685 
0.510317728047347 -1.5344940654122885 1.963940978662185 1.9679072645201088 1.9849831003054206 1.470367076762938 1.916074344778938 1.7146308276733973 1.3475952158001183 1.8374772992674646 1.660988275884585 1.9688735726342044 1.9829657360172495 1.8594534654305241 1.9696534410794184 1.9514237265467929 1.6760812425048712 1.9931887678631202 1.9943704942159153 1.9600939412428122 1.8363053765981316 -1.9603390084572987 1.8435441283255982 -1.8297598918069415 2.0 -1.649656646735103 -1.9214635770314783 1.943162905862557 -1.78602856432406 -1.8373297890176685 
0.42484100832900995 0.9052588239556805 -1.8770250299278861 -1.888472724407367 -0.4635069380162639 -1.6272680220065234 -1.9886907165747716 0.5297749783201389 -1.6988988864974883 -1.9367794335544595 -1.978665763119846 0.13615765074530467 -1.40757583411756 -0.08069449174793232 -1.7719703319495255 1.986689234759648 -1.4830628464489066 -0.47027201104291233 -1.2736688707366675 1.964676996370423 1.8861888128187925 -0.7834872187800634 1.8048128537238681 1.9129533018805662 1.3941860868693485 -0.966649132367744 -0.982806267282117 1.945194192037988 0.039006763437193726 1.7636603238227984 
0.42484100832900995 0.9351782668970836 -1.8864729934737978 -1.8948830475202716 -0.46359229071622643 -1.5346834201987876 -1.9976621425655927 0.5136224153774687 -1.7005822169888904 -1.9367794335544595 -1.9733421146356172 -1.9421488899593877 -0.9323022683748012 -0.07619105951032488 -1.7584196350064074 1.97931578104819 -1.472093924849987 -0.47027201104291233 1.9823678135009883 1.7947952289550122 1.8861888128187925 1.8588034004592866 1.8138453264383674 1.9076579560669844 1.3941860868693485 -0.9637090626384468 1.6737644849983595 1.803874103618391 -0.6498708473900442 1.7636603238227984 
0.42484100832900995 0.9351782668970836 -1.8864729934737978 -1.888472724407367 -1.4675770641518369 -1.5385690309279516 -1.984476977320764 0.5215401161459106 -1.7005822169888904 -1.9469047730261217 -1.9733421146356172 -1.9322477387050832 -1.8343322939088573 -0.07619105951032488 -1.7713047615937225 1.986689234759648 -1.4830628464489066 -0.4730006505545013 1.98257333254423 1.5966240969485455 1.8945798311806878 1.8698218101393318 1.814326904555529 1.9076579560669844 1.3941860868693485 -0.9677456265820356 1.6596821983639265 1.813148657078314 0.022723370536470874 1.7636603238227984 
0.42484100832900995 0.9052588239556805 -1.8864729934737978 -1.8997686423497904 -1.766964952161636 -1.6249930785175888 -1.9941468081253955 0.5297749783201389 -1.8939409227633373 -1.9518687854654366 -1.9393296421851682 0.13615765074530467 -1.40757583411756 -0.08069449174793232 1.2575871855411687 1.9959257300287438 -1.761739131731031 -1.962773627863385 -0.675589316880953 1.9573954373664813 1.890996552560175 -0.7834872187800634 1.8423517089523032 1.9129533018805662 1.3941860868693485 1.915466332571261 -0.982806267282117 1.945194192037988 1.866338040363991 1.8151488085808583 
0.3936499432379612 -1.7141422698145385 -1.8864729934737978 -1.7077643042635449 -1.116547231081404 -1.5385690309279516 -1.9941468081253955 -1.9233732922608036 -1.6710440057326728 -1.9342860467890222 -0.6438353829500437 -1.9315768564232854 -0.9323022683748012 0.4722970761686424 -1.7654556521898461 -1.772331201783514 -1.7436949093581515 0.12196068263607786 -1.8987013825122203 -1.9776375624310016 1.8137657067737583 1.8137034860580938 1.8189071631690408 1.9296404438425265 -1.7650070413989563 1.9484116241923388 1.6737644849983595 1.810942239747062 -0.6498708473900442 1.7636603238227984 
0.3936499432379612 -1.7141422698145385 -1.8864729934737978 -1.698516279394207 -1.7363853550678714 -1.5319739993156662 -1.9619954688402725 -1.804372577359946 -1.6710440057326728 -1.9342860467890222 -1.9750450646728754 -1.937614737170243 -0.9252539892060893 0.46904917859563033 -1.6540244058388291 -1.7840119730577537 -1.7436949093581515 0.12196068263607786 -1.8987013825122203 -1.9615171128993993 1.8137657067737583 1.8137034860580938 1.8452190365986811 1.9296404438425265 -1.7427836933463152 1.9213847926492782 1.6737644849983595 1.810942239747062 1.8649348468489637 1.7726668817145006 
0.3877390599732626 -1.784241972431546 -1.8949622428616337 -1.8923503471463823 -1.4800490851681343 -1.5172523678068217 -1.9535990634948168 -1.9437736183896444 -1.8702158735222607 -1.9342860467890222 -1.9750450646728754 -1.925938602092625 -1.4182166427366232 -1.654243808016764 -1.7517908489444736 -1.786785561965671 -1.7248824882035334 0.24537171325342205 -1.9064165049045712 -1.978504385662432 -1.841757836928086 -0.1993569615398206 1.8186054792136837 1.6319910141138136 -1.7427836933463152 1.4305756900975073 1.5590372104029873 1.8245149388314625 1.5686570499053927 1.7304012188776074 
0.3558708867850014 -1.784241972431546 -1.881844457623793 -1.884725791640774 -1.4907769646308373 -1.5259094889091398 -1.9941468081253955 -1.9611102598644519 -1.885018237953691 -1.9309101701953266 1.9126979684806225 -1.9242760240871257 -1.8343322939088573 -1.653566956261272 -1.7517908489444736 -1.786785561965671 -1.7246441856469648 -1.5057666607113969 -1.9064165049045712 -1.9922268031252792 -1.846051531477884 -1.9359467616177901 -1.869102974171337 0.15008415044622225 -1.7480322822208272 1.9484116241923388 1.6663827878257016 1.8338830587766413 1.8506775681168133 1.8852411776300304 
0.3558708867850014 -1.784241972431546 -1.881844457623793 -1.884725791640774 -1.4907769646308373 -1.5259094889091398 -1.9941468081253955 -1.9611102598644519 -1.885018237953691 -1.9309101701953266 1.9126979684806225 -1.9242760240871257 -1.8343322939088573 -1.653566956261272 -1.7517908489444736 -1.786785561965671 -1.7246441856469648 -1.5057666607113969 -1.9064165049045712 -1.9922268031252792 -1.846051531477884 -1.9359467616177901 -1.869102974171337 0.15008415044622225 -1.7480322822208272 1.9484116241923388 1.6663827878257016 1.8338830587766413 1.8506775681168133 1.8852411776300304 
0.3558708867850014 -1.784241972431546 -1.8901092985729038 -1.884725791640774 -1.4907769646308373 -1.5226659360091863 -1.960614879391477 -1.9611102598644519 -1.887231388445302 -1.9417375593713664 0.9441736490503915 -1.9176113818411449 1.026353199009585 -1.6573267766314026 -1.7540392630845196 -1.786785561965671 -1.7248824882035334 -1.5099520482602626 -1.9020566632320441 -1.9866179436981328 -1.846051531477884 -1.9179585330642548 -1.8779105849024524 0.15008415044622225 -1.7427836933463152 1.9201228671969843 -1.910591765697478 1.8273470636290436 1.8447340108648547 1.8852411776300304 
0.3463890376429859 -1.784241972431546 -1.9082393512860911 -1.8923503471463823 -1.4911888962962736 -1.5180884004494835 -1.960614879391477 -1.9582197301729412 -1.887231388445302 -1.9366019555440424 -1.9750450646728754 -1.6862988560089984 -1.8343322939088573 -1.6573267766314026 -1.7517908489444736 -1.7310800461129574 -1.7246441856469648 -1.496799835496876 -1.9064165049045712 -1.9859575434213517 -1.846051531477884 -1.9151145371198486 -1.8779105849024524 -1.7772352479814024 0.03458940696364099 1.9201228671969843 -1.9083694578720038 1.830343734154577 1.8447340108648547 1.7442757477470856 
0.3420815625248005 -1.784241972431546 -1.90220159169614 1.7691533379190676 -1.4825730836904507 -1.5180884004494835 -1.960614879391477 -1.949395186265686 -1.887231388445302 -1.9490334780769496 0.9441736490503915 -1.695916544345824 -1.8343322939088573 -1.6573267766314026 -1.7577137014819564 -1.7402770046331 -1.7246441856469648 -1.50402903261455 -1.9144367983022375 -1.9913250628012331 -1.846051531477884 -1.9128371653837692 -1.8779105849024524 -1.768359790013542 -1.7407056183544412 1.9153587636598564 -1.9074318429991144 1.830343734154577 1.8447340108648547 1.7262848368415786 
0.3375113957361584 -0.20501765834826946 -1.9082393512860911 -1.8754596498320781 -1.4825730836904507 -1.5226659360091863 -1.9666230614549887 -1.949395186265686 -1.8893780014952477 -1.9490334780769496 0.9441736490503915 -1.7017686873407532 -1.8343322939088573 -0.6881849148934281 -1.7577137014819564 -1.7310800461129574 -1.7248824882035334 -1.496799835496876 -1.9064165049045712 -1.980922107671254 -1.846051531477884 -1.9179585330642548 -1.8779105849024524 -1.768359790013542 -1.7407056183544412 1.9168787351338143 -1.907089119989219 1.830343734154577 1.8447340108648547 1.7399357420401809 
0.2927915418512351 1.7706046890968126 1.9744900933208276 1.9311119555635397 1.981343195548542 1.885667107371932 1.9972359111835356 1.7342192237714664 -1.5989423416560213 1.7869979925434545 1.6739823530126146 1.9588896673914853 -1.9185343942524604 -1.7958162085305125 1.9843886020745216 -1.8902938297986889 -1.9819170521211475 -1.9144516949395376 -1.983949286703387 -1.8953867661724486 -1.8640251438591933 -1.3083968396131969 -1.8964310653983658 -1.3545615041686636 -1.8567868756482042 -1.6575511802358665 -1.4120030651291817 -1.7039360185942152 -1.8039682455771944 -1.8217874548427369 
0.2927915418512351 -1.793310522449973 -1.8901092985729038 1.9371761231885873 1.981343195548542 -0.9607210477905682 -1.9577944550325181 -1.8176370271387687 -1.5989423416560213 1.7832428675821033 1.6739823530126146 -1.7999451537517759 -1.9185343942524604 -1.8037987524864434 -1.746621238128051 -0.9825258024298975 -1.971462255463977 -1.9144516949395376 -1.9875120848228847 -1.8974548163175187 -1.8640251438591933 -1.3083968396131969 -1.985222199573365 -1.3713095988731947 -1.8418751663514683 -1.6575511802358665 -1.9058736191309742 -1.7039360185942152 -1.8039682455771944 -1.8217874548427369 
0.09264541492099139 0.92493552235599 -1.8789178656236807 -1.8857747993578755 -1.7778187460858528 -1.8550566708599006 -1.9928106560193402 0.5297749783201389 0.9900968125248162 -1.9633218035156623 -1.952438358942498 0.1384876308407275 -1.425358038609547 -0.06477349365599794 1.2563807425751494 1.9744764834408175 -0.6159841861195978 -0.4792069602061944 -0.675280748780834 -0.6467785135029929 1.7336903206625476 -0.7864266303273306 -0.7116822709162898 1.8931682466544555 -1.561493203409019 -0.974845375224227 1.843602187657416 1.9312389341622451 1.8840538927714303 1.8038808237608155 
0.09264541492099139 0.9249951284175355 -1.8648835873448508 -1.9219617748223645 -1.7683020605632334 -1.8469011227588097 -0.39102632232018175 0.5297749783201389 -1.5130220346721663 -1.9461854327095098 -1.952438358942498 0.13439090869772077 -1.425358038609547 -0.06968505612907801 1.2538960308172045 1.9977455971739493 -0.4876053530425897 -0.4703855499506037 -0.675280748780834 1.9534914256827185 1.7421215868976372 -0.7844108425173113 -0.7123338712537411 1.9024213882645773 0.7397873181720862 -0.9677523826813332 -0.639874006783677 1.9313804577176772 1.8872899741529152 1.810150290549421 
0.09264541492099139 0.921887005720997 -1.8648835873448508 -1.9046829997745844 1.2861630780610773 -1.8469011227588097 -0.39102632232018175 0.5297749783201389 -1.5130220346721663 -1.9461854327095098 -1.9660234322994221 0.12266483022364523 -1.42133965734084 -0.06723690533795602 1.2538960308172045 1.9955323153661775 -0.4876053530425897 -0.4703855499506037 -1.9064165049045712 -0.6467785135029929 1.7421215868976372 -0.7861529846862026 -1.8779105849024524 1.897780846773963 0.7397873181720862 -0.9635127041876762 -0.639874006783677 1.9222821779999704 1.8875926347393266 1.8024397873696147 
0.09264541492099139 0.921887005720997 -1.8648835873448508 -1.9046829997745844 1.2861630780610773 -1.8469011227588097 -0.39102632232018175 0.5297749783201389 -1.5130220346721663 -1.9461854327095098 -1.9660234322994221 0.12266483022364523 -1.42133965734084 -0.06723690533795602 1.2538960308172045 1.9955323153661775 -0.4876053530425897 -0.4703855499506037 -1.9064165049045712 -0.6467785135029929 1.7421215868976372 -0.7861529846862026 -1.8779105849024524 1.897780846773963 0.7397873181720862 -0.9635127041876762 -0.639874006783677 1.9222821779999704 1.8875926347393266 1.8024397873696147 
0.09264541492099139 0.921887005720997 -1.8580295130235236 -1.8857573577327922 -1.7683020605632334 -1.8733250265333443 -1.9928106560193402 0.5297749783201389 0.9955682499091643 -1.9461854327095098 -0.6707702368547981 0.13502722387083815 -1.4319216230056302 -0.0674695655156302 1.253701620416589 1.9744764834408175 -0.4876053530425897 -0.4716300466330382 -0.6685836248674242 -0.6467785135029929 1.7420274211156517 -0.7782571955016508 -0.7116822709162898 1.8963345866639734 -1.5587105774912808 -0.9807836653905448 1.8329659742327264 1.9312389341622451 1.8902806103732446 1.8024397873696147 
0.09264541492099139 0.921887005720997 -1.8580295130235236 -1.9046829997745844 -1.7683020605632334 -1.8696544224006606 -0.39102632232018175 0.5297749783201389 -1.5185967821490545 -1.9461854327095098 -1.952438358942498 0.13502722387083815 -1.425358038609547 -0.0674695655156302 1.2530664859564344 1.9744764834408175 -0.4876053530425897 -0.4703855499506037 -0.6670643479015854 -0.6467785135029929 1.7421215868976372 -0.7782571955016508 -0.7097915058120352 1.8963345866639734 0.7397873181720862 -0.974845375224227 1.8298499046605263 1.9270206268026855 1.8875926347393266 1.8024397873696147 
0.09264541492099139 0.92493552235599 -1.8789178656236807 -1.8857747993578755 -1.7778187460858528 -1.8550566708599006 -1.9928106560193402 0.5297749783201389 0.9900968125248162 -1.9633218035156623 -1.952438358942498 0.1384876308407275 -1.425358038609547 -0.06477349365599794 1.2563807425751494 1.9744764834408175 -0.6159841861195978 -0.4792069602061944 -0.675280748780834 -0.6467785135029929 1.7336903206625476 -0.7864266303273306 -0.7116822709162898 1.8931682466544555 -1.561493203409019 -0.974845375224227 1.843602187657416 1.9312389341622451 1.8840538927714303 1.8038808237608155 
0.09264541492099139 0.921887005720997 -1.8580295130235236 -1.9046829997745844 -1.7683020605632334 -1.8696544224006606 -0.39102632232018175 0.5297749783201389 -1.5185967821490545 -1.9461854327095098 -1.952438358942498 0.13502722387083815 -1.425358038609547 -0.0674695655156302 1.2530664859564344 1.9744764834408175 -0.4876053530425897 -0.4703855499506037 -0.6670643479015854 -0.6467785135029929 1.7421215868976372 -0.7782571955016508 -0.7097915058120352 1.8963345866639734 0.7397873181720862 -0.974845375224227 1.8298499046605263 1.9270206268026855 1.8875926347393266 1.8024397873696147 
0.09264541492099139 0.921887005720997 -1.8580295130235236 -1.8857573577327922 -1.7683020605632334 -1.8733250265333443 -1.9928106560193402 0.5297749783201389 0.9955682499091643 -1.9461854327095098 -0.6707702368547981 0.13502722387083815 -1.4319216230056302 -0.0674695655156302 1.253701620416589 1.9744764834408175 -0.4876053530425897 -0.4716300466330382 -0.6685836248674242 -0.6467785135029929 1.7420274211156517 -0.7782571955016508 -0.7116822709162898 1.8963345866639734 -1.5587105774912808 -0.9807836653905448 1.8329659742327264 1.9312389341622451 1.8902806103732446 1.8024397873696147 
0.09264541492099139 0.9249951284175355 -1.8648835873448508 -1.9046829997745844 -1.7684106842765417 -1.8696544224006606 -1.9949656008988939 0.5297749783201389 -1.5170032237730364 -1.9506010145195685 -1.9393296421851682 0.1384876308407275 -1.425358038609547 -0.06968505612907801 1.2530664859564344 1.9744764834408175 -0.6224896257198226 -0.47085090912162764 -0.6810790073772768 1.9508117276899546 1.7311089573418215 -0.780921279481668 -0.7097915058120352 1.8959673042957033 0.7397873181720862 -0.974845375224227 1.843602187657416 1.9312389341622451 1.8875926347393266 1.810150290549421 
0.09264541492099139 0.9249951284175355 -1.8648835873448508 -1.9046829997745844 -1.7659160209516105 -1.8696544224006606 -1.9949656008988939 0.5297749783201389 -1.5170032237730364 -1.9506010145195685 -1.9369561384463247 0.1384876308407275 -1.425358038609547 -0.06889554939265168 1.2430844090428426 1.9831138433369697 -0.4876053530425897 -0.4787756104110485 -0.6849221357558392 1.9508117276899546 1.7563792968031064 -0.7877732261422677 -1.5955195276118603 1.8844766227532572 0.7485729431999327 -0.974845375224227 -0.8679766017250784 1.9313804577176772 1.880363186159068 1.8038808237608155 
0.09264541492099139 0.9249951284175355 -1.8607225229417124 -1.9003674571684943 -1.7594835839737977 -1.8606749748829372 -1.9899374445620845 0.5299512055228826 -1.516106572563455 -1.9575834373151506 -1.934824353322372 0.1384876308407275 -1.4302955900485508 -0.06504895681677658 1.2538960308172045 2.0 -0.4876053530425897 -0.46829740260534175 -0.6708590216617487 1.9565305318870603 1.9620232962380135 -0.780921279481668 1.8423517089523032 1.8876319998928304 0.7443670039143779 -0.9690767258696139 -0.639874006783677 1.9260419782787903 1.4919201564811035 1.8038808237608155 
0.09264541492099139 0.9260690854528443 -1.8726427429834196 -1.9003674571684943 -1.766964952161636 -1.6339557044519029 -1.985258302799515 0.5297749783201389 -1.5086124037200004 -1.9491649516137588 -1.9393296421851682 0.13657836979011473 -1.4246188125751786 -0.07049519636288727 1.2575871855411687 1.9959257300287438 -0.4876053530425897 -0.46123314719795977 -0.675589316880953 1.9573954373664813 1.7563792968031064 -0.7834872187800634 1.8423517089523032 1.8900755585403117 0.7485729431999327 -0.974845375224227 -0.8631576774288211 1.9313804577176772 1.885217190588144 1.8151488085808583 
0.048174972723740134 0.9013259306644996 -1.9363281362739793 -1.8997686423497904 -1.716029255509291 -1.8413575577926795 -2.0 -1.9323818797489631 -1.9049001287001728 -1.9659479749336872 -1.9620468728865583 -1.9083534693034514 -1.4133076384308805 -1.6405057229971292 -1.7631200571186467 -1.7958658214415983 -1.7580679911309447 -1.9571389295709896 -1.9042056398840514 0.1415340491437209 -1.775772186618858 -0.06134534618148968 1.8066974211684792 1.9119197770461578 -1.5281631103452507 1.91639709301335 -1.4275888908906142 1.9476160674970224 1.866338040363991 1.9773342379994707 
0.048119588967555235 0.8991492573421734 -1.9414944776970913 -1.8997686423497904 -1.7241939520480734 -1.8345675886697872 -2.0 -1.9220056547182922 -1.9012885490580804 -1.9659479749336872 -1.9612075242227027 -1.9083534693034514 -1.40757583411756 -1.6449972351759836 -1.7653532429873948 -1.7958658214415983 -1.7540981158204216 -1.9571389295709896 -0.7440608999645266 0.1415340491437209 -1.7860381266894754 -0.06134534618148968 1.8066974211684792 1.9119197770461578 -1.5641150360688045 1.9212560617435386 1.675560788587858 1.945194192037988 1.866338040363991 1.795540168329684 
0.048119588967555235 0.9047305792373901 -1.8679505640107832 -1.897134001816147 -1.7593985596506612 -1.8479206343188566 -1.9949656008988939 -1.9220056547182922 -1.9018945456961664 -1.9653750934285372 -1.9699474259804508 -1.9083534693034514 -1.4116222618257117 -1.6405057229971292 -1.7631200571186467 -1.7958658214415983 -0.6224896257198226 -1.9571389295709896 1.6046173411232054 0.1415340491437209 1.7363769991372178 -0.062032642270209035 1.8066974211684792 1.9119197770461578 0.7397873181720862 1.9212560617435386 1.68029853728335 1.9312389341622451 1.8707713466413347 1.9773342379994707 
0.048174972723740134 0.9013259306644996 -1.9363281362739793 -1.8997686423497904 -1.716029255509291 -1.8413575577926795 -2.0 -1.9323818797489631 -1.9049001287001728 -1.9659479749336872 -1.9620468728865583 -1.9083534693034514 -1.4133076384308805 -1.6405057229971292 -1.7631200571186467 -1.7958658214415983 -1.7580679911309447 -1.9571389295709896 -1.9042056398840514 0.1415340491437209 -1.775772186618858 -0.06134534618148968 1.8066974211684792 1.9119197770461578 -1.5281631103452507 1.91639709301335 -1.4275888908906142 1.9476160674970224 1.866338040363991 1.9773342379994707 
0.048174972723740134 0.9047305792373901 -1.9363281362739793 -1.8997686423497904 -1.716029255509291 -1.5375016028163084 -2.0 -1.9319338767254854 -1.6088860262861358 -1.9513908562385225 -1.9470053555473834 -1.911691356644013 -1.4133076384308805 -1.6304227931754314 -1.7574253046511765 -1.7958658214415983 -1.76729683765307 -1.9571389295709896 -1.8987013825122203 0.1341023008572886 -1.7815705026557642 -0.06933802672682912 -1.537830561325397 1.9013702647949193 1.8191557247008379 1.9212560617435386 1.6766729813769001 1.945194192037988 0.8393826751231308 1.9773342379994707 
0.026449092639497223 -1.7278387923393428 -1.9414944776970913 -1.8997686423497904 -1.7241939520480734 -1.54783733575095 -2.0 -1.9141201650594277 -1.9018945456961664 -1.6096009627101535 -1.9699474259804508 -1.9083534693034514 -1.4205941663975163 -1.6475342710499885 -1.770531004178323 -1.8054563488981183 0.8783022680275168 -1.9400307008975217 -1.8987013825122203 -1.97744590807464 -1.9449256402727568 -1.191504039496356 -1.536941392668044 1.9136002564148515 1.8135227381065229 1.901500306315315 -1.7533973522860822 1.955475638825447 1.866301997253072 1.805822885192797 
0.026449092639497223 -1.7278387923393428 -1.9414944776970913 -1.8997686423497904 -1.7241939520480734 -1.54783733575095 -2.0 -1.9141201650594277 -1.9018945456961664 -1.6096009627101535 -1.9699474259804508 -1.9083534693034514 -1.4205941663975163 -1.6475342710499885 -1.770531004178323 -1.8054563488981183 0.8783022680275168 -1.9400307008975217 -1.8987013825122203 -1.97744590807464 -1.9449256402727568 -1.191504039496356 -1.536941392668044 1.9136002564148515 1.8135227381065229 1.901500306315315 -1.7533973522860822 1.955475638825447 1.866301997253072 1.805822885192797 
0.026449092639497223 -1.7262160969582419 -1.9414944776970913 -1.8906527448477048 -1.7086192875139912 -1.54783733575095 -2.0 -1.9192335502376736 -1.5907864304167294 -1.6019437721204526 -1.9699474259804508 -1.9083534693034514 -1.4205941663975163 -1.6317467496864468 -1.770531004178323 -1.8054563488981183 -1.7709868694267688 -1.948788295772507 -1.8967535556307498 0.5963190131536509 -1.9449256402727568 -1.191504039496356 -1.5410127177767539 1.9132349930517394 1.8135227381065229 1.901500306315315 -1.739374391415379 1.9545722549141316 1.866301997253072 1.798796019302488 
0.016239042079250438 -1.7385663685790682 -1.930314680911459 -1.906359055523132 -1.7086192875139912 -1.539464615236787 -2.0 -1.738572524354469 -1.8932536248188623 -1.5932421521535778 -1.9699474259804508 0.5979627935893177 -1.4205941663975163 -1.583268792689105 -1.778400840794245 -1.8119498344938183 -1.6073233653262347 -1.948788295772507 -1.8997446748135096 0.1377670000229464 -1.9449256402727568 -1.191504039496356 -1.5410127177767539 1.9112126956279583 0.35867512533310375 1.901500306315315 -1.7532080979224083 1.9545722549141316 1.8832257267996941 1.805822885192797 
0.007205163756626609 -1.7210171910348968 -1.8683762815651819 -1.6912599206008931 -1.757817539394541 -1.5281357498825028 -2.0 -1.738572524354469 -1.8973767872272684 -1.6019437721204526 -1.9470053555473834 -1.928958080453664 -1.4205941663975163 -1.6304227931754314 -1.7579870034055025 -1.7842164481729228 -2.0 -1.9380932633455275 -1.8987013825122203 0.1377670000229464 -1.7835288781750678 -0.951467322906715 -1.5411329431492267 1.9112126956279583 1.8135227381065229 1.901500306315315 -1.744621546404825 1.7650535570020707 1.8832257267996941 1.7954075002089231 
0.0013002078172991724 -1.3338822256106342 -1.9363281362739793 1.4490309089466535 -1.757817539394541 -1.533792854116661 -2.0 -1.9408238043555097 -1.8973767872272684 -1.9513908562385225 -1.9470053555473834 -1.928958080453664 -1.421750413264512 -1.6304227931754314 -1.7723085723944394 -1.7889088354260128 -2.0 -1.948314659111553 -1.9037223263736442 0.1254792414170271 -1.7877466846821453 -0.9482295882341294 -1.5410127177767539 1.9112126956279583 0.35867512533310375 1.9065956390711083 -1.7522162960081749 1.945194192037988 1.8874334458942985 1.8101165565640336 
