3.322828092174882 3.2998382667440813 5.348775462830665 
3.1943436064010635 3.530600192456336 5.363685862305351 
3.319718746097964 3.245909835131914 4.481939036895175 
3.5510132387972257 3.3430470616729897 4.599003185239077 
3.3182826228181193 3.056396076578012 4.745417942116574 
2.9806660225464103 2.8453230571146837 4.858281620105791 
3.322828092174882 3.2998382667440813 5.348775462830665 
3.5675229123259404 3.4215777473170803 5.3908947772410185 
3.35415497001934 3.399911141816554 5.15048737756421 
3.43935390117833 3.2260064175209093 5.081599087259861 
3.5510132387972257 3.3430470616729897 4.599003185239077 
3.319718746097964 3.245909835131914 4.481939036895175 
3.3182826228181193 3.056396076578012 4.745417942116574 
3.43935390117833 3.2260064175209093 5.081599087259861 
2.761098630781521 2.8758077011866856 4.71764689010569 
3.562488059240653 3.4255441018173194 4.793215964317167 
2.761098630781521 2.8758077011866856 4.71764689010569 
3.4032884519702122 3.3803176569422955 4.861037810177811 
3.562488059240653 3.4255441018173194 4.793215964317167 
3.096033563187536 3.284142807961976 5.384518006841966 
11.689712816039467 9.752221079607244 14.19126680432992 
10.474323144749567 15.744144766624698 14.687824506475664 
10.861804994693989 11.26647628454276 7.6713808451886285 
11.420815373079169 7.485119292568308 12.399578211939778 
8.413333001886642 6.024319431952079 8.501460198962743 
11.557320649228586 11.93757352961256 14.86764661643086 
6.8770400340922215 10.180482929464135 11.86614511616785 
6.056698385855743 10.013142519551495 12.479116663171416 
6.8770400340922215 10.180482929464135 11.86614511616785 
11.222216120511263 13.779527892292082 12.074069529247405 
4.491833283737584 8.7084397096148 8.984937400472242 
6.4851020226896 6.4621736516154975 13.4713956444177 
8.250312473814727 10.83641678562221 11.58451855007173 
10.143969131709259 9.115532651758869 10.76430577096981 
10.276042969572456 6.554833926527877 11.518091020453356 
7.809181843248861 11.989557560750047 10.860389013634796 
7.521292948187081 7.855723079749804 13.32451265717165 
7.901584957885955 8.858137110509519 9.862987189165587 
7.901584957885955 8.858137110509519 9.862987189165587 
8.613561593502125 8.418812507705084 12.02614714359822 
9.241943459344656 7.772677592238993 11.515477616380617 
8.613561593502125 8.418812507705084 12.02614714359822 
5.572242299381657 9.552981866782572 6.074825600620233 
9.629188539115928 7.260927935309669 7.360822369904006 
11.861294323457452 7.850415123223691 8.60988127246342 
9.186707626354506 8.28055619109905 8.458031660178793 
10.515149422486612 7.287174459830899 12.258288331808062 
11.148973334128193 8.003434120478355 16.54475141797247 
7.825874016893908 8.324107672442382 9.451377461605604 
8.83399740560397 9.10499964982847 9.917934652435598 
9.188816796173374 15.84564657855424 16.36718639963713 
9.753607875742492 11.399431098876983 14.77736970497367 
13.32497233718196 10.965761042710533 14.601021817095956 
14.026091980565484 12.622540238100852 10.700344027193823 
12.324572383918202 10.210872367428594 10.244240440275918 
5.479325562726901 5.083732143953851 7.050439481174521 
7.286611921934682 8.623785262789145 12.679862252359637 
10.454304505888864 6.709360069000714 15.37830742192746 
11.079080142427006 13.195397362249675 12.3576574859021 
7.286611921934682 8.623785262789145 12.679862252359637 
11.420815373079169 7.485119292568308 12.399578211939778 
9.104075005017608 5.354750359129622 11.96616694998029 
8.760814314375994 12.118638433807364 11.733728742670523 
12.715282701328498 13.624536198518841 8.449516562092763 
7.198897410190179 10.917869232648185 10.053206494410995 
10.899648246755321 14.600573559832535 10.629984705254657 
11.986989918525342 12.524381850758036 11.260629830851803 
10.480863253563735 8.509022599586022 10.163633986729362 
12.345246928411216 12.8697119178304 9.765928069933352 
11.390088297427315 13.105846596996894 10.851749295054056 
4.491833283737584 8.7084397096148 8.984937400472242 
6.273184287011421 8.425628656756432 10.428059234755844 
7.644017346161139 12.97595908032181 12.904156848722094 
9.889594474286202 10.706165188422032 12.48732615845125 
11.689712816039467 9.752221079607244 14.19126680432992 
11.506335816051214 7.387172068243276 14.630628654466422 
9.889594474286202 10.706165188422032 12.48732615845125 
7.458848060704926 11.752187326444917 9.532380575409672 
10.454304505888864 6.709360069000714 15.37830742192746 
7.982289853755198 7.6201917855535335 11.808614776481852 
10.174151820919526 5.832052071565851 12.423408530122172 
7.563882529632716 4.928016887842032 7.259992427523013 
7.563882529632716 4.928016887842032 7.259992427523013 
13.32497233718196 10.965761042710533 14.601021817095956 
4.787104280815103 9.68252919209524 11.510978184235693 
11.717153540769468 8.950815728971843 9.737867113334783 
8.413333001886642 6.024319431952079 8.501460198962743 
10.276042969572456 6.554833926527877 11.518091020453356 
5.6755844223193925 8.320914755578311 11.529069610442194 
10.822854293351146 4.612986082160293 15.118021275878913 
10.143969131709259 9.115532651758869 10.76430577096981 
8.169549315080321 10.941174714930487 14.683215545686668 
4.754949567240289 6.09272822853359 8.458803021779131 
10.650466247081264 12.35886505785318 9.752017964159773 
8.241492655131045 6.401828262649566 10.202331585514703 
7.008640604381757 15.190863804768066 14.477752113196033 
15.871223777299047 15.459561189067557 14.877418881610017 
7.904466784319941 8.337288375934644 13.648401883672154 
12.324572383918202 10.210872367428594 10.244240440275918 
15.826451331477973 8.611154438983409 14.217624554947838 
13.593385235020332 11.758235670301021 5.829697824325892 
12.825185694089711 11.802882642521503 12.698267588532909 
8.75410810395033 8.505739037675909 17.15596769555357 
5.479325562726901 5.083732143953851 7.050439481174521 
7.901505198670348 7.581980680176489 12.1962163932261 
7.825874016893908 8.324107672442382 9.451377461605604 
7.901505198670348 7.581980680176489 12.1962163932261 
9.577037476669048 8.88554591990662 8.241943888460034 
7.792582967943372 11.614279275121811 14.903157783067906 
11.406653543500699 9.825298665161085 13.340135271565478 
8.069158179498174 12.135168223869151 11.724493711314937 
9.720271435872304 6.171961535028757 14.430832257727685 
7.435150877865953 15.078059216443181 8.315479351798547 
9.834783271615649 14.116170925723221 12.383192966262214 
6.696392489824345 5.10099981866661 11.428776970557987 
13.782270396611748 11.304794749702472 13.696988777729604 
9.70602897791104 10.626706638971665 8.543473567843055 
8.772612377548356 7.213846046085864 12.809720117618353 
12.67553249232823 12.474810550355409 9.8751408825326 
14.255010002627595 12.545032184519636 11.019007347476613 
9.415652387238033 9.439629899093248 11.609647139491951 
6.776345280331924 9.43186775709005 11.34555421005853 
13.449000643937653 11.25514826005592 12.644037337527855 
11.533509764673061 8.537975356505083 16.08555746653339 
10.984113736426856 9.14297521312783 11.682339515393869 
14.255010002627595 12.545032184519636 11.019007347476613 
6.788742860640207 7.543764345511219 13.782167463269953 
9.583396028108048 13.134209073827243 14.21934640580856 
14.026091980565484 12.622540238100852 10.700344027193823 
10.480863253563735 8.509022599586022 10.163633986729362 
10.822854293351146 4.612986082160293 15.118021275878913 
12.289355129263441 9.038163344591405 11.96528985514002 
7.458848060704926 11.752187326444917 9.532380575409672 
6.129451006234867 7.367987745032946 14.273826992815907 
11.70094213103122 9.331160812365658 11.443062047774976 
15.040270119693808 9.132495371658772 12.121915256515793 
9.104075005017608 5.354750359129622 11.96616694998029 
6.696392489824345 5.10099981866661 11.428776970557987 
10.328732584571156 10.122470882547779 11.866456132254706 
12.06633374160843 10.295738790248977 12.341049217421874 
12.047001133739869 10.08101974515962 14.881355103944006 
8.914388140915467 11.727790302749796 14.891093451295177 
14.55063998281247 10.208550319984615 10.231433434289006 
5.843387250661938 12.252078922260166 10.018616115501336 
8.241492655131045 6.401828262649566 10.202331585514703 
9.168297752732775 7.3593628253323455 14.851754804219828 
9.168297752732775 7.3593628253323455 14.851754804219828 
10.489869296852437 10.40225689816239 14.774844286934815 
10.332069440377879 9.160987305564573 12.277755058677586 
13.124686278113154 13.210686544520943 13.695160876354931 
11.817205888651701 15.396104103139827 11.77094018443635 
7.432183106914435 12.932383080298525 10.72721640574416 
7.904466784319941 8.337288375934644 13.648401883672154 
6.776345280331924 9.43186775709005 11.34555421005853 
8.819263065559015 7.6468420694501384 8.996063942457681 
8.620525616595781 13.397581355294964 11.163617114052943 
4.754949567240289 6.09272822853359 8.458803021779131 
3.326672401135112 6.95914105979574 7.766922407072693 
7.644017346161139 12.97595908032181 12.904156848722094 
5.8025906817239825 7.41914089677787 10.640501126508342 
10.15079681608061 12.034079271348208 13.563959676957978 
8.126742905041969 9.217850702737781 13.989767013321352 
12.289355129263441 9.038163344591405 11.96528985514002 
12.66586573391634 16.134706388893125 10.233640694800016 
10.033939535309946 7.085445647837167 9.148517070922784 
11.693332777851756 10.665997168257364 15.218249305975586 
11.533509764673061 8.537975356505083 16.08555746653339 
11.817205888651701 15.396104103139827 11.77094018443635 
7.982289853755198 7.6201917855535335 11.808614776481852 
11.557320649228586 11.93757352961256 14.86764661643086 
9.720271435872304 6.171961535028757 14.430832257727685 
19.409185256346607 11.751620251588932 10.654731862088166 
11.47883663032655 7.191437237006981 10.194275998781038 
10.861804994693989 11.26647628454276 7.6713808451886285 
9.577037476669048 8.88554591990662 8.241943888460034 
3.326672401135112 6.95914105979574 7.766922407072693 
9.868074584460883 6.0084871874748735 10.333392862782464 
11.47883663032655 7.191437237006981 10.194275998781038 
6.129451006234867 7.367987745032946 14.273826992815907 
12.871404811975209 13.45416894018469 10.418471161592326 
13.166146264949377 9.928121629613646 12.342767343352671 
3.2127851032628008 3.915159950979923 5.395280319458396 
11.195096078058192 13.320857903509207 13.607574824564146 
11.053334178008798 11.150837841151489 10.324971549901237 
9.415652387238033 9.439629899093248 11.609647139491951 
7.432183106914435 12.932383080298525 10.72721640574416 
13.2582011259877 11.85558950111971 12.376448702242937 
9.70602897791104 10.626706638971665 8.543473567843055 
6.847418704732624 10.584091237914675 14.92129399830711 
14.389988177695209 12.855652288142988 14.898160017237721 
7.008640604381757 15.190863804768066 14.477752113196033 
10.033939535309946 7.085445647837167 9.148517070922784 
12.281773424388092 7.747163759540115 6.434935628016125 
12.525492990857693 11.360374187437642 9.536268830094542 
13.782270396611748 11.304794749702472 13.696988777729604 
11.079080142427006 13.195397362249675 12.3576574859021 
8.169549315080321 10.941174714930487 14.683215545686668 
8.819263065559015 7.6468420694501384 8.996063942457681 
4.787104280815103 9.68252919209524 11.510978184235693 
8.772612377548356 7.213846046085864 12.809720117618353 
10.33163685231949 15.55153692263892 12.260591651458054 
7.8080021629800145 14.769854765802267 10.299520047442563 
11.70094213103122 9.331160812365658 11.443062047774976 
5.8025906817239825 7.41914089677787 10.640501126508342 
11.148973334128193 8.003434120478355 16.54475141797247 
6.788742860640207 7.543764345511219 13.782167463269953 
6.273184287011421 8.425628656756432 10.428059234755844 
8.126742905041969 9.217850702737781 13.989767013321352 
3.2127851032628008 3.915159950979923 5.395280319458396 
10.63256086968636 11.981752575611042 12.51611014807414 
