1.1797413836582153 0.0825702551253311 
0.9159363302178481 0.0830793035090462 
0.8985804998621364 0.0857885832348088 
0.8885512513908056 0.09353006753710327 
0.8872862110857277 0.10853966356461771 
0.8872862110857277 0.10853966356461771 
0.8880925280605114 0.1204039250066351 
0.888077702961299 0.1302023410302692 
0.8866937134759917 0.132506434351091 
0.8879065176781833 0.12044791757942801 
0.8871135193988008 0.16319471030735438 
0.8880925280605114 0.1204039250066351 
0.8866937134759917 0.132506434351091 
0.8870523397268524 0.19274930789394587 
0.8870523397268524 0.19274930789394587 
0.8861792256725117 0.20944882734070638 
0.8869937679545719 0.21678292387801315 
0.8861792256725117 0.20944882734070638 
0.8866081055714506 0.2447145605956488 
0.8866081055714506 0.2447145605956488 
0.6144552793174735 0.271635560466726 
0.5670418493668218 0.2715544468622305 
0.7679405198100704 0.2724997142739675 
0.6144552793174735 0.271635560466726 
0.6195753916841066 0.2720613889500941 
0.6195753916841066 0.2720613889500941 
0.6204142538070443 0.2737059887985477 
0.5670418493668218 0.2715544468622305 
0.5947810650637485 0.27528348393806096 
0.5579736958406741 0.2834742757663494 
0.557975699433061 0.28448717285865777 
0.5558444973402279 0.29288947652467967 
0.557975699433061 0.28448717285865777 
0.5558444973402279 0.29288947652467967 
0.557545043874942 0.31085684157372545 
0.5554682936559397 0.28208366377320254 
0.5557860271954578 0.34157924712678994 
0.5557860271954578 0.34157924712678994 
0.5554682936559397 0.28208366377320254 
0.553311887548324 0.32385339918970063 
0.5544489010883237 0.349409900234678 
0.553311887548324 0.32385339918970063 
0.5553470510940215 0.42739239589006073 
0.5530600386310166 0.4034148159587329 
0.5545179308654843 0.4141716312694992 
0.552916518916629 0.45331345461471056 
0.554602079743271 0.43288450767935327 
0.5536222599565839 0.45267389531127616 
0.5531394487623759 0.43591471117574637 
0.5543182985707451 0.346197000184456 
0.554602079743271 0.43288450767935327 
0.5545809354722955 0.37909921926556894 
0.5530600386310166 0.4034148159587329 
0.5531394487623759 0.43591471117574637 
0.5538634712899908 0.42005647258296075 
0.552916518916629 0.45331345461471056 
0.5544812535933319 0.6343936480819485 
0.5539825076919813 0.5917636484895484 
0.5538634712899908 0.42005647258296075 
0.26586597248048904 0.7700272069363028 
0.3980613938356117 0.7690955133864896 
0.43840037382817787 0.7671164966123851 
0.43840037382817787 0.7671164966123851 
0.3969229723635836 0.768987175285979 
0.37103725876809424 0.7689916192850739 
0.20962005758187213 0.7701516462408425 
0.3969229723635836 0.768987175285979 
0.37103725876809424 0.7689916192850739 
0.34330764181984486 0.7688298252634582 
0.34330764181984486 0.7688298252634582 
0.36035821973894006 0.7704502223909189 
0.20962005758187213 0.7701516462408425 
0.29502367052319023 0.7692725880843617 
0.2942160517764776 0.7690003128840894 
0.2942160517764776 0.7690003128840894 
0.2966607872881264 0.7693169817684252 
0.22381737839600632 0.7695079382641765 
0.23275251991729584 0.7703282269618341 
0.19936657887481044 0.7705631512772962 
0.1447422250816352 0.7703997492896273 
0.23275251991729584 0.7703282269618341 
0.16706724876553003 0.769640752045338 
0.16706724876553003 0.769640752045338 
0.1906839607688304 0.7706035876575206 
0.17850563856259496 0.7709637442751704 
0.128563039949277 0.770774088929918 
0.1370939868169248 0.7712063699564546 
0.11896582011378537 0.771412886608474 
0.14368803229790872 0.7716403632746034 
0.128563039949277 0.770774088929918 
0.1370939868169248 0.7712063699564546 
0.1288326439163079 0.772187205500245 
0.1211036199897039 0.7727547442811868 
0.1158674303164941 0.7724609451608819 
0.10994421828243169 0.7719277197924796 
0.09987503460251315 0.7724624030932958 
0.09327605196076302 0.7732732844118995 
0.0863999820469442 0.7798928798364654 
0.07225779254909862 0.79403127125325 
0.07225779254909862 0.79403127125325 
