0.880955587723607 -0.9703197151482981 -0.9373201183970371 -0.8330632822759143 -0.8729426898709187 -0.7993095258385009 -0.9424592758594401 -0.8989205421521609 -0.896428937489815 -0.8161876572925496 -0.9687191542615664 -0.9589968290117719 -0.6253185609106839 -0.6984944731679507 0.48319084568020654 -0.49547204671364276 -0.5075885280454555 -0.3060475312937554 -0.23877967490770602 -0.18392678563997095 -0.9433720177244216 0.14445261515942848 0.11920574064388674 0.11543569481983788 0.41231767465075925 0.47454620057343444 0.5969233798473572 0.7451536385660495 0.7088262069791551 0.8884126721299292 
0.880955587723607 -0.972238452843399 -0.4896553462515254 -0.8422384592466869 -0.8750835383505878 -0.7993095258385009 -0.9417068080544717 -0.8977972112458603 -0.9337839036206295 -0.8178694338416416 -0.9457072879869941 -0.9589968290117719 -0.7527502101635568 -0.7116582045668156 -0.546394015245787 -0.5099736373994841 -0.523538761176523 -0.3145876955568779 -0.2529010749548866 -0.17336746455829738 -0.009663427289019338 0.1563379261942331 0.11234510506065792 0.09745907475207428 0.41231767465075925 0.47454620057343444 0.5969233798473572 0.7377738895493338 0.6442930055603386 0.8976134959150764 
0.880955587723607 -0.9746839561458835 -0.936445181612664 -0.8338874263683511 -0.8708991596810316 -0.7874492162373498 -0.9506167095554289 -0.8726933332087793 -0.9285399927232917 -0.8178694338416416 -0.9680246743262161 -0.9589968290117719 -0.7395927259726539 -0.701449990705456 -0.5468999130423622 -0.5031826097738045 -0.25600000425601716 -0.3145876955568779 -0.2555948096294043 -0.19109994145106302 -0.010372291946586634 0.1563379261942331 0.0738096204551133 0.09745907475207428 0.41231767465075925 0.3593832311368257 0.7454318107839937 0.7544149229669525 0.6310719598617198 0.8588444096151308 
0.880955587723607 -0.9712498071857062 -0.9373201183970371 -0.8246538887221628 -0.8572295345271543 -0.7874492162373498 -0.9505773580269299 -0.8726069294110318 -0.8947562325981573 -0.8227875923428829 -0.9588489271800715 -0.9480615849420748 -0.7399123082278919 -0.7118371828073309 -0.5377398738023771 -0.49547204671364276 -0.5177299215693119 -0.11758809470666032 -0.28695729109184054 -0.19189758581177313 -0.010372291946586634 0.21484398143809774 0.10752771754767106 0.09745907475207428 0.41231767465075925 0.47341558217219837 0.600595552202908 0.7335163185261576 0.704590628245106 0.6745182829895169 
0.880955587723607 -0.9684441170775968 -0.9373201183970371 -0.8351899353791047 -0.8603570797373434 -0.783888548126428 -0.965880418090038 -0.8977972112458603 -0.9428969007583329 -0.826178501448172 -0.9643288057978371 -0.951307945630251 -0.7434871423364974 -0.694302395374181 -0.5353264765723827 -0.5306818880898121 -0.5203699779486487 -0.013437390206585187 -0.25477438640773004 -0.19306320095346566 -0.013214122584406376 0.360915807874076 0.19003808389868126 0.11512371482460647 0.4127561464080359 0.4641061480623423 0.600595552202908 0.7423513534698973 0.7035551599286866 0.8845185719789477 
0.880955587723607 -0.9684441170775968 -0.9373201183970371 -0.8351899353791047 -0.8603570797373434 -0.783888548126428 -0.965880418090038 -0.8977972112458603 -0.9428969007583329 -0.826178501448172 -0.9643288057978371 -0.951307945630251 -0.7434871423364974 -0.694302395374181 -0.5353264765723827 -0.5306818880898121 -0.5203699779486487 -0.013437390206585187 -0.25477438640773004 -0.19306320095346566 -0.013214122584406376 0.360915807874076 0.19003808389868126 0.11512371482460647 0.4127561464080359 0.4641061480623423 0.600595552202908 0.7423513534698973 0.7035551599286866 0.8845185719789477 
0.880955587723607 -0.9712498071857062 -0.9340928626603987 -0.8321203693587542 -0.8708991596810316 -0.44435141837968095 -0.9505773580269299 -0.9012661310432932 -0.896428937489815 -0.8040829530114779 -0.9588489271800715 -0.951307945630251 -0.7531381849641043 -0.7085492794938685 -0.5377398738023771 -0.49547204671364276 -0.5203699779486487 -0.3259821192585308 -0.27315728885039675 -0.19189758581177313 -0.009136581193701598 0.21484398143809774 0.10752771754767106 0.11512371482460647 0.42590390367240105 0.466442384222063 0.600595552202908 0.7391581254626971 0.706703792141958 0.6745182829895169 
0.880955587723607 -0.9797774172497724 -0.9373201183970371 -0.8300124654710878 -0.8708991596810316 -0.4379450313945308 -0.9505773580269299 -0.9053407256430802 -0.896428937489815 -0.8162790842073954 -0.9588489271800715 -0.951307945630251 -0.7527502101635568 -0.7085492794938685 -0.5377398738023771 -0.49547204671364276 -0.5203699779486487 -0.3264944919379496 -0.27808858518982027 -0.19189758581177313 -0.009136581193701598 0.364892655150808 0.11075166823552027 0.11512371482460647 0.42590390367240105 0.4656265972204362 0.600595552202908 0.7391581254626971 0.706703792141958 0.8845185719789477 
0.880955587723607 -0.3153466435293758 -0.9373201183970371 -0.8351899353791047 -0.8603570797373434 -0.7757498409471631 -0.965880418090038 -0.8919077233898701 -0.9428969007583329 -0.8120476157488599 -0.9588489271800715 -0.951307945630251 -0.7527502101635568 -0.694302395374181 -0.5447967463474817 -0.49547204671364276 -0.5075885280454555 -0.3264944919379496 -0.27808858518982027 -0.19026947953241444 -0.009136581193701598 -0.14654123858208723 0.1959411573774359 0.11043296469026087 0.40986798669813057 0.4641061480623423 0.5943610035189834 0.7423513534698973 0.7093734097665432 0.8879661196385291 
0.880955587723607 -0.9022391664107348 -0.9341295925914601 -0.823746849319157 -0.8819692486715142 -0.7823032561294548 -0.9524419495112537 -0.8977972112458603 -0.9337839036206295 -0.8178694338416416 -0.9780119990679296 -0.9589968290117719 -0.7538999117163357 -0.6984944731679507 -0.5425941719454603 -0.5074421628047421 -0.5195427782441296 -0.3060475312937554 -0.24780451221731326 0.2883096306249404 -0.0023773699356855614 -0.23477406874301177 0.11021344979720991 0.11543569481983788 0.4116780020103862 0.36454672581786046 0.600595552202908 0.7521469691230753 0.6442930055603386 0.8924272570433636 
0.880955587723607 -0.32243674852349247 -0.9341295925914601 -0.8351899353791047 -0.875026620379962 -0.7874492162373498 -0.9566649864269942 -0.8977972112458603 -0.9428969007583329 -0.8178694338416416 -0.9457072879869941 -0.9589968290117719 -0.7527502101635568 -0.6984944731679507 -0.5435050432534287 -0.516779599952522 -0.5075885280454555 -0.3060475312937554 -0.2362963978667424 0.2865593237259254 -0.0023773699356855614 0.3756670718645534 0.1138072215286118 0.11543569481983788 0.4116780020103862 0.4656265972204362 0.600595552202908 0.7423513534698973 0.6414498706598806 0.8896783527255936 
0.880955587723607 -0.9712498071857062 -0.9340928626603987 -0.8321203693587542 -0.8708991596810316 -0.44435141837968095 -0.9505773580269299 -0.9012661310432932 -0.896428937489815 -0.8040829530114779 -0.9588489271800715 -0.951307945630251 -0.7531381849641043 -0.7085492794938685 -0.5377398738023771 -0.49547204671364276 -0.5203699779486487 -0.3259821192585308 -0.27315728885039675 -0.19189758581177313 -0.009136581193701598 0.21484398143809774 0.10752771754767106 0.11512371482460647 0.42590390367240105 0.466442384222063 0.600595552202908 0.7391581254626971 0.706703792141958 0.6745182829895169 
0.880955587723607 -0.3153466435293758 -0.9373201183970371 -0.8351899353791047 -0.8603570797373434 -0.7757498409471631 -0.965880418090038 -0.8919077233898701 -0.9428969007583329 -0.8120476157488599 -0.9588489271800715 -0.951307945630251 -0.7527502101635568 -0.694302395374181 -0.5447967463474817 -0.49547204671364276 -0.5075885280454555 -0.3264944919379496 -0.27808858518982027 -0.19026947953241444 -0.009136581193701598 -0.14654123858208723 0.1959411573774359 0.11043296469026087 0.40986798669813057 0.4641061480623423 0.5943610035189834 0.7423513534698973 0.7093734097665432 0.8879661196385291 
0.8814281041822769 -0.3264155810174042 -0.9373201183970371 -0.8351899353791047 -0.8603570797373434 -0.7874492162373498 -0.965880418090038 -0.8977972112458603 -0.9428969007583329 -0.8227875923428829 -0.9463916488345021 -0.951307945630251 -0.7458842739653802 -0.7175185313833982 -0.5447967463474817 -0.517309291499152 -0.5075885280454555 0.3109760285613712 -0.2473267955201939 -0.19912542271446904 -0.009053871063339963 0.360915807874076 0.1112493716336137 0.11543569481983788 0.4056003045911143 0.4641061480623423 0.5943610035189834 0.7423513534698973 0.706703792141958 0.8911521054722568 
0.8814281041822769 -0.3264155810174042 -0.9373201183970371 -0.8351899353791047 -0.8603570797373434 -0.7874492162373498 -0.965880418090038 -0.8977972112458603 -0.9428969007583329 -0.8227875923428829 -0.9463916488345021 -0.951307945630251 -0.7458842739653802 -0.7175185313833982 -0.5447967463474817 -0.517309291499152 -0.5075885280454555 0.3109760285613712 -0.2473267955201939 -0.19912542271446904 -0.009053871063339963 0.360915807874076 0.1112493716336137 0.11543569481983788 0.4056003045911143 0.4641061480623423 0.5943610035189834 0.7423513534698973 0.706703792141958 0.8911521054722568 
0.880955587723607 -0.03363877294798456 -0.94345624915526 -0.8351899353791047 -0.8751590253595215 -0.7817729850153486 -0.965880418090038 -0.8919077233898701 -0.9342490312096832 -0.823062377203146 -0.9588489271800715 -0.9430703491640012 -0.7527502101635568 -0.6939827085845274 -0.548096943131572 -0.49547204671364276 -0.5075885280454555 -0.2978966155121368 -0.27808858518982027 -0.19026947953241444 -0.009136581193701598 -0.14654123858208723 0.1959411573774359 0.71329988772095 0.40986798669813057 0.47551929603485044 0.5943610035189834 0.7457548998293436 0.715732590523177 0.8856306718523083 
0.880955587723607 -0.03363877294798456 -0.9341295925914601 -0.8351899353791047 -0.8603570797373434 -0.7874492162373498 -0.9488157974296396 -0.8977972112458603 -0.9428969007583329 -0.8186505649514977 -0.9548135238772859 -0.9624400414083439 -0.7527502101635568 -0.7001890423622494 -0.5425941719454603 -0.517309291499152 -0.5127247667045648 -0.3060475312937554 -0.2473267955201939 0.2823595191375834 -0.0023773699356855614 0.360915807874076 0.19003808389868126 0.11543569481983788 0.4116780020103862 0.4656265972204362 0.600595552202908 0.7423513534698973 0.706703792141958 0.8906888270494101 
0.880955587723607 -0.03363877294798456 -0.94345624915526 -0.8351899353791047 -0.8751590253595215 -0.7817729850153486 -0.965880418090038 -0.8919077233898701 -0.9342490312096832 -0.823062377203146 -0.9588489271800715 -0.9430703491640012 -0.7527502101635568 -0.6939827085845274 -0.548096943131572 -0.49547204671364276 -0.5075885280454555 -0.2978966155121368 -0.27808858518982027 -0.19026947953241444 -0.009136581193701598 -0.14654123858208723 0.1959411573774359 0.71329988772095 0.40986798669813057 0.47551929603485044 0.5943610035189834 0.7457548998293436 0.715732590523177 0.8856306718523083 
0.880955587723607 -0.03363877294798456 -0.9341295925914601 -0.33356763786427446 -0.8751590253595215 -0.7817729850153486 -0.9488157974296396 -0.8977972112458603 -0.9428969007583329 -0.8178694338416416 -0.9588489271800715 -0.94429373448863 -0.7527502101635568 -0.6939827085845274 -0.5435050432534287 -0.5152338272339887 -0.5075885280454555 -0.30322260345756963 -0.27808858518982027 -0.19026947953241444 -0.0035683893745383152 0.3756670718645534 0.20478884834996602 0.11043296469026087 0.41042234406857003 0.4656265972204362 0.5972300147015678 0.7423513534698973 0.715732590523177 0.8896783527255936 
0.880955587723607 -0.03363877294798456 -0.9341295925914601 -0.33356763786427446 -0.8751590253595215 -0.7817729850153486 -0.9488157974296396 -0.8977972112458603 -0.9428969007583329 -0.8178694338416416 -0.9588489271800715 -0.94429373448863 -0.7527502101635568 -0.6939827085845274 -0.5435050432534287 -0.5152338272339887 -0.5075885280454555 -0.30322260345756963 -0.27808858518982027 -0.19026947953241444 -0.0035683893745383152 0.3756670718645534 0.20478884834996602 0.11043296469026087 0.41042234406857003 0.4656265972204362 0.5972300147015678 0.7423513534698973 0.715732590523177 0.8896783527255936 
0.5499455413895272 -0.9522720041476116 -0.8344248934075267 -0.9088579261500275 -0.8729761309418388 -0.8130962287485433 -0.9511060380199229 -0.9285153585994723 -0.8774327535486021 -0.782217160121623 -0.9193747237982959 -0.9377987185350777 -0.6928762642488684 -0.7037853935941089 -0.5319591932253991 -0.5537296362642318 -0.5333563203792864 -0.3198644048790264 -0.3322888421075108 -0.18432623754076966 -0.0012502566741443844 0.14768429674511172 0.8084015924537831 0.3217834523065643 0.42848036598099765 0.45887543935777075 0.4730018606700861 0.7511996071192113 0.710507315366607 0.7807033047018689 
0.5499455413895272 -0.9522720041476116 -0.8344248934075267 -0.909456321747228 -0.8753212607187276 -0.8227038149995036 -0.9511060380199229 -0.9195221799441105 -0.8673238739048026 -0.782217160121623 -0.9209066887510569 -0.9464784828999686 -0.686542436488473 -0.6978607545184592 -0.5369028429504928 -0.5537296362642318 -0.5333563203792864 -0.3268129233825991 -0.3322888421075108 -0.18432623754076966 -0.0012502566741443844 0.1469620908536746 0.36919501985460546 0.3217834523065643 0.4329070690280715 0.45963465260773334 0.46455523664816856 0.7511996071192113 0.710507315366607 0.7807033047018689 
0.5499455413895272 -0.9137769136545171 0.08715123963695937 -0.9133872974298562 -0.8729761309418388 -0.8130962287485433 -0.9571584527754092 -0.862417596857682 -0.8703213798415765 -0.782217160121623 -0.7169869996484702 -0.9377987185350777 -0.6928762642488684 -0.7095439848584092 -0.5286199271957869 -0.5074421628047421 -0.5286382605369541 -0.3198644048790264 -0.3322888421075108 -0.1844315191572459 -0.0012502566741443844 0.14768429674511172 0.8115807968655464 0.3217834523065643 0.43142597103235975 0.4592607543120135 0.6044588012999829 0.7511996071192113 0.710507315366607 0.7807033047018689 
0.5499455413895272 -0.9522720041476116 -0.8344248934075267 -0.9088579261500275 -0.8729761309418388 -0.8130962287485433 -0.9511060380199229 -0.9285153585994723 -0.8774327535486021 -0.782217160121623 -0.9193747237982959 -0.9377987185350777 -0.6928762642488684 -0.7037853935941089 -0.5319591932253991 -0.5537296362642318 -0.5333563203792864 -0.3198644048790264 -0.3322888421075108 -0.18432623754076966 -0.0012502566741443844 0.14768429674511172 0.8084015924537831 0.3217834523065643 0.42848036598099765 0.45887543935777075 0.4730018606700861 0.7511996071192113 0.710507315366607 0.7807033047018689 
0.5499455413895272 -0.9529852556634978 -0.8228557236644074 -0.9088579261500275 -0.8729761309418388 -0.8130962287485433 -0.5196734608958351 -0.9285153585994723 -0.8644478032774898 -0.7837479260288317 -0.4530918716990182 -0.9464784828999686 -0.6928762642488684 -0.7037853935941089 -0.5304480326291644 -0.5624035498170654 -0.4644199289822153 -0.3268129233825991 -0.33904326612116237 -0.18432623754076966 -0.0012502566741443844 0.14768429674511172 0.10848829060038895 0.3175918036614585 0.42848036598099765 0.45887543935777075 0.46455523664816856 0.7511996071192113 0.7121955275636533 0.7779828403393579 
0.5499455413895272 -0.9529852556634978 -0.8228557236644074 -0.9088579261500275 -0.8729761309418388 -0.8130962287485433 -0.5196734608958351 -0.9285153585994723 -0.8644478032774898 -0.7837479260288317 -0.4530918716990182 -0.9464784828999686 -0.6928762642488684 -0.7037853935941089 -0.5304480326291644 -0.5624035498170654 -0.4644199289822153 -0.3268129233825991 -0.33904326612116237 -0.18432623754076966 -0.0012502566741443844 0.14768429674511172 0.10848829060038895 0.3175918036614585 0.42848036598099765 0.45887543935777075 0.46455523664816856 0.7511996071192113 0.7121955275636533 0.7779828403393579 
0.5499455413895272 -0.9522720041476116 -0.9384908937452878 -0.8339627030023891 -0.5797244447430234 -0.8130962287485433 -0.9511060380199229 -0.9308212993624232 -0.8793560697132798 -0.782217160121623 -0.9193747237982959 -0.9377987185350777 -0.7557366711164576 -0.7037853935941089 -0.6305251441324501 -0.5537296362642318 -0.521727430731103 -0.31708167542237076 0.11987518906355461 -0.1844315191572459 -0.1749325159001641 0.14768429674511172 -0.023576511519624692 0.31204792426272593 0.42848036598099765 0.45887543935777075 0.6044588012999829 0.7511996071192113 0.41982101662574745 0.7807033047018689 
0.5499455413895272 -0.9522720041476116 -0.8344248934075267 -0.909456321747228 -0.8753212607187276 -0.8227038149995036 -0.9511060380199229 -0.9195221799441105 -0.8673238739048026 -0.782217160121623 -0.9209066887510569 -0.9464784828999686 -0.686542436488473 -0.6978607545184592 -0.5369028429504928 -0.5537296362642318 -0.5333563203792864 -0.3268129233825991 -0.3322888421075108 -0.18432623754076966 -0.0012502566741443844 0.1469620908536746 0.36919501985460546 0.3217834523065643 0.4329070690280715 0.45963465260773334 0.46455523664816856 0.7511996071192113 0.710507315366607 0.7807033047018689 
0.5499455413895272 -0.9522720041476116 -0.8344248934075267 -0.8952388562266891 -0.8540822175977073 -0.8397326201233791 -0.5196734608958351 -0.8786726096266535 -0.8673238739048026 -0.7695029789068418 -0.9192865180158032 -0.9389764791131885 -0.686542436488473 -0.6978607545184592 -0.5428848882956837 -0.5074421628047421 -0.4644199289822153 -0.4716086638410574 -0.3322888421075108 -0.18432623754076966 -0.010767820288182108 0.14768429674511172 0.10848829060038895 0.3217834523065643 0.4329070690280715 0.45963465260773334 0.5854670103750974 0.7511996071192113 0.6382224564951855 0.7738652268973795 
0.5450835467322803 -0.9522720041476116 -0.8447022294777417 -0.8229222698077806 -0.8669014485812413 -0.8130962287485433 -0.9511060380199229 -0.9285153585994723 -0.858817458516706 -0.7695029789068418 -0.9193747237982959 -0.9377987185350777 -0.6952225141352953 -0.7225368946981195 -0.7437656382208875 -0.517309291499152 -0.5333563203792864 -0.3092171029144719 -0.32341588583997194 -0.18870172459754647 -0.0023773699356855614 0.14475972925998304 0.1035518828205173 0.3217834523065643 0.43723444321901067 0.4663108517737376 0.6118963520022415 0.45087082411597645 0.6275384112381263 0.7830007931019242 
0.5450835467322803 -0.9522720041476116 -0.831061477371585 -0.8359576636558336 -0.8615311949603057 -0.8397326201233791 -0.9511060380199229 -0.8786726096266535 -0.8673238739048026 -0.7640746417039763 -0.9703064639924145 -0.9377987185350777 -0.7474633991063212 -0.6978607545184592 -0.5523666815724654 -0.5074421628047421 -0.5333563203792864 -0.3092171029144719 -0.32341588583997194 -0.18870172459754647 -0.0023773699356855614 -0.1525673796887521 0.1035518828205173 0.31204792426272593 0.4284802020608153 0.45963465260773334 0.6118963520022415 0.45087082411597645 0.6223318057352647 0.7734486023284627 
0.5460578821240705 -0.9773710406911138 -0.831061477371585 -0.8074781023179074 -0.8660567978828292 -0.7962773746968267 -0.9540784645414115 -0.8823087486812197 -0.9270645117615927 -0.7841857676721776 -0.9781727280948671 -0.9377819039407329 -0.6970720636506016 -0.6958986218232002 -0.5523666815724654 -0.507530997826493 -0.461002852963784 -0.33029571086825776 -0.28698297037695686 -0.1723627587971926 -0.03576931955870643 0.17014777479880625 0.10848829060038895 0.46494353208240846 0.44102482403654425 0.45963465260773334 0.46168706652142905 0.7800510255208588 0.7211663523267933 0.8879200472479303 
0.5450835467322803 -0.9522720041476116 -0.831061477371585 -0.8359576636558336 -0.8615311949603057 -0.8397326201233791 -0.9511060380199229 -0.8786726096266535 -0.8673238739048026 -0.7640746417039763 -0.9703064639924145 -0.9377987185350777 -0.7474633991063212 -0.6978607545184592 -0.5523666815724654 -0.5074421628047421 -0.5333563203792864 -0.3092171029144719 -0.32341588583997194 -0.18870172459754647 -0.0023773699356855614 -0.1525673796887521 0.1035518828205173 0.31204792426272593 0.4284802020608153 0.45963465260773334 0.6118963520022415 0.45087082411597645 0.6223318057352647 0.7734486023284627 
0.5460578821240705 -0.9773710406911138 -0.831061477371585 -0.8074781023179074 -0.8660567978828292 -0.7962773746968267 -0.9540784645414115 -0.8823087486812197 -0.9270645117615927 -0.7841857676721776 -0.9781727280948671 -0.9377819039407329 -0.6970720636506016 -0.6958986218232002 -0.5523666815724654 -0.507530997826493 -0.461002852963784 -0.33029571086825776 -0.28698297037695686 -0.1723627587971926 -0.03576931955870643 0.17014777479880625 0.10848829060038895 0.46494353208240846 0.44102482403654425 0.45963465260773334 0.46168706652142905 0.7800510255208588 0.7211663523267933 0.8879200472479303 
0.5450835467322803 -0.9522720041476116 -0.7978270913463585 -0.832149435750682 -0.8617538107063842 -0.8277429425324611 -0.9132327782776897 -0.8741009634754753 -0.9408258294503861 -0.7953412087622785 -0.9364448981394684 -0.9357736415258601 -0.6837676527751787 -0.7142865853603857 -0.5291547390152912 -0.9473014957135318 -0.45774150997657204 -0.3129615581564487 -0.32341588583997194 -0.18870172459754647 -0.010640830311084287 0.26116132903722084 0.109202651528054 0.3213574726516073 0.40394983597181 0.4536414782876969 0.47238133031616936 0.7710337414708697 0.7114327185280078 0.9198025734283289 
0.5479298352145778 -0.9582820248853307 -0.9101573748711649 -0.8994461784623172 -0.8714562047525263 -0.8157944838908259 -0.9299830068359233 -0.8711230759489109 -0.931184833828894 -0.8107948615527321 -0.9240077100483378 -0.9377987185350777 -0.6922444056894427 -0.7079430193994635 -0.6375001459282708 -0.5022947221794244 -0.45774150997657204 -0.48506249007541524 -0.25261235908861707 -0.1864538821893627 -0.01693797900148685 0.2536519678893849 0.10752771754767106 0.3536459135938944 0.43227596083428926 0.363640316046405 0.46555461468060055 0.7482642684915704 0.6261974691477805 0.7935073370095438 
0.5460437012386058 -0.9565481039953208 -0.8296428439724843 -0.6334668216248063 -0.8714562047525263 -0.8178525290358163 -0.9180472068319372 -0.9285153585994723 -0.9364408640428498 -0.8107948615527321 -0.9270396461268267 -0.9377987185350777 -0.6922444056894427 -0.7190993878929397 -0.6375001459282708 -0.5022947221794244 -0.45774150997657204 -0.31628727084061087 -0.3167277546729989 -0.7394270781460579 0.02350452743054434 0.24987366091867014 0.10752771754767106 0.3447189339751519 0.43227596083428926 0.4745751292875928 0.4747988349541404 0.4580715555263476 0.6241641773795892 0.9156385660371634 
0.5460437012386058 -0.9565481039953208 -0.8296428439724843 -0.6334668216248063 -0.8714562047525263 -0.8178525290358163 -0.9180472068319372 -0.9285153585994723 -0.9364408640428498 -0.8107948615527321 -0.9270396461268267 -0.9377987185350777 -0.6922444056894427 -0.7190993878929397 -0.6375001459282708 -0.5022947221794244 -0.45774150997657204 -0.31628727084061087 -0.3167277546729989 -0.7394270781460579 0.02350452743054434 0.24987366091867014 0.10752771754767106 0.3447189339751519 0.43227596083428926 0.4745751292875928 0.4747988349541404 0.4580715555263476 0.6241641773795892 0.9156385660371634 
0.5479298352145778 -0.9582820248853307 -0.9101573748711649 -0.8994461784623172 -0.8714562047525263 -0.8157944838908259 -0.9299830068359233 -0.8711230759489109 -0.931184833828894 -0.8107948615527321 -0.9240077100483378 -0.9377987185350777 -0.6922444056894427 -0.7079430193994635 -0.6375001459282708 -0.5022947221794244 -0.45774150997657204 -0.48506249007541524 -0.25261235908861707 -0.1864538821893627 -0.01693797900148685 0.2536519678893849 0.10752771754767106 0.3536459135938944 0.43227596083428926 0.363640316046405 0.46555461468060055 0.7482642684915704 0.6261974691477805 0.7935073370095438 
0.5444971827080216 -0.9533616804369756 -0.9243144923914363 -0.6334668216248063 -0.8660567978828292 -0.7908086471117558 -0.9511060380199229 -0.8823087486812197 -0.9394947460688765 -0.8107948615527321 -0.9781727280948671 -0.48323592985898545 -0.6895420058558843 -0.6995458650395046 -0.6259452372128361 -0.7941521803046359 -0.45774150997657204 -0.33029571086825776 -0.28698297037695686 -0.1723627587971926 -0.03576931955870643 0.1694697412374536 0.11071518835102939 0.3447189339751519 0.43227596083428926 0.45963465260773334 0.46770938846367044 0.46748022822086216 0.6239067954195691 0.8810748453534468 
0.5460578821240705 -0.9621674342453833 -0.9312229220578995 -0.8994461784623172 -0.8614527646707003 -0.7851539290392361 -0.9511060380199229 -0.8823087486812197 -0.9394947460688765 -0.7841857676721776 -0.9781727280948671 -0.49257498711654973 -0.6970720636506016 -0.6995458650395046 -0.635200192504966 -0.94379342743021 -0.4790853052128101 -0.33029571086825776 -0.28698297037695686 -0.1864538821893627 -0.004108528415735414 0.1694697412374536 0.09366824843304845 0.334517256224668 0.43440877708062786 -0.06215970833845108 0.6032817136689368 0.7513529520955452 0.6326812106645873 0.7817478720903028 
0.5444971827080216 -0.9533616804369756 -0.9243144923914363 -0.6334668216248063 -0.8660567978828292 -0.7908086471117558 -0.9511060380199229 -0.8823087486812197 -0.9394947460688765 -0.8107948615527321 -0.9781727280948671 -0.48323592985898545 -0.6895420058558843 -0.6995458650395046 -0.6259452372128361 -0.7941521803046359 -0.45774150997657204 -0.33029571086825776 -0.28698297037695686 -0.1723627587971926 -0.03576931955870643 0.1694697412374536 0.11071518835102939 0.3447189339751519 0.43227596083428926 0.45963465260773334 0.46770938846367044 0.46748022822086216 0.6239067954195691 0.8810748453534468 
0.5460578821240705 -0.9773710406911138 -0.9348636786590102 -0.8139335756574744 -0.8660567978828292 -0.7962773746968267 -0.9289221370241739 -0.8800357741247062 -0.9340214209355024 -0.7703493602079097 -0.9270396461268267 -0.9470530677755189 -0.68438359863882 -0.7006808724221908 -0.5355907247179391 -0.9404152682853597 -0.461002852963784 -0.47175119247080477 -0.32341588583997194 -0.1822029718872354 -0.03576931955870643 -0.008351231904528023 0.10848829060038895 0.6354259009976615 0.4449917761076791 -0.44347594827071735 0.46168706652142905 0.7800510255208588 0.7146368170452231 0.8879200472479303 
0.5460578821240705 -0.9811665994071478 -0.9065028612182189 -0.8994461784623172 -0.8641422517943294 -0.7793056841744255 -0.929597962089249 -0.8813120529080515 -0.9409665901420494 -0.7822330710617494 -0.9713240003267625 -0.48304524620185985 -0.7559129249006162 -0.7079430193994635 -0.6459797984505726 -0.5012572673161483 -0.5075885280454555 -0.5240346932362991 -0.3197943267536857 -0.1864538821893627 -0.01693797900148685 0.1563379261942331 0.10752771754767106 0.16380072225136955 0.4293577671460723 -0.4421923130502561 0.47414270699662947 0.7503570778850063 0.6249886201513217 0.7838936416624498 
0.5455873452099392 -0.9706866624673437 -0.9341295925914601 -0.21485432066450616 -0.8574353023013339 -0.8378712738110896 -0.9244135694252119 -0.8977972112458603 -0.9557635986343576 -0.8167936373537431 -0.9808315476533878 -0.9508985744429733 -0.7557366711164576 -0.7225368946981195 -0.5425941719454603 -0.9552279389545705 -0.45774150997657204 -0.31872266037546215 -0.2473267955201939 0.2823595191375834 -0.004108528415735414 0.36207025774200124 0.09366824843304845 0.12054316973362285 0.4251747353452465 0.4536414782876969 0.47414270699662947 0.7606943948600038 0.706703792141958 0.7807033047018689 
0.5478110050125637 -0.9797774172497724 -0.9328572922260611 -0.8139335756574744 -0.8817444153046223 -0.7962153947984328 -0.9511060380199229 -0.8841657935380369 -0.9340214209355024 -0.8162790842073954 -0.9240077100483378 -0.49264544869637095 -0.7672002059528693 -0.3941525322632566 -0.5355907247179391 -0.9404152682853597 -0.5075885280454555 -0.5825367206781356 -0.25261235908861707 -0.1743591877900258 -0.010308036688917287 0.1563379261942331 0.10848829060038895 0.3178033868663298 0.41231767465075925 -0.4421923130502561 0.5969233798473572 0.3475127237056177 0.7279192244383608 0.8879200472479303 
0.545623881225901 -0.9624984769098167 -0.899766403571311 -0.8139335756574744 -0.8641422517943294 -0.7793056841744255 -0.9324424021951286 -0.8800357741247062 -0.9261015746985422 -0.7788315999843178 -0.975599968333273 -0.49257498711654973 -0.6917594016670386 -0.3941525322632566 -0.6336295929571707 0.341361144723507 -0.5075885280454555 -0.3667758575411896 -0.28698297037695686 -0.16793967648338837 -0.013295339680759289 0.2533752163072302 0.10253626620935376 0.3357465779610179 0.4303348552479442 0.3569489507327856 0.5944375248757904 0.4580715555263476 0.6262752587613002 0.6745182829895169 
0.5460578821240705 -0.9811665994071478 -0.9065028612182189 -0.08344332377452135 -0.8641422517943294 -0.8277709025991425 -0.9371449254438678 -0.9012661310432932 -0.896428937489815 -0.785491046221187 -0.9588489271800715 -0.48304524620185985 -0.7463815763046853 -0.7079430193994635 -0.6375001459282708 -0.4988726134816041 -0.452405858357064 -0.3259821192585308 -0.3197943267536857 0.4554663244729993 -0.005636453659145985 0.1694697412374536 0.10752771754767106 0.334517256224668 0.43227596083428926 0.4745751292875928 0.600595552202908 0.7391581254626971 0.7279971724419582 0.6745182829895169 
0.5450835467322803 -0.9797774172497724 -0.9065028612182189 -0.8139335756574744 -0.8641422517943294 -0.7793056841744255 -0.9371449254438678 -0.8813120529080515 -0.9340214209355024 -0.7695029789068418 -0.9713240003267625 -0.48304524620185985 -0.7427093089831895 -0.3941525322632566 -0.635200192504966 -0.9404152682853597 -0.5075885280454555 -0.3259821192585308 -0.28698297037695686 -0.17528317118605152 -0.013295339680759289 0.1563379261942331 0.10328364739054965 0.16380072225136955 0.43227596083428926 -0.4421923130502561 0.6000208989083181 0.7391581254626971 0.6388468830530843 0.6745182829895169 
0.5460578821240705 -0.9624984769098167 -0.9065028612182189 -0.904558352193809 -0.8641422517943294 -0.784742467555289 -0.9511060380199229 -0.8800357741247062 -0.9340214209355024 -0.7847428790980551 -0.9494225372844693 -0.49257498711654973 -0.6917594016670386 -0.3941525322632566 -0.6336295929571707 -0.4988726134816041 -0.45840748154681776 -0.3676456105833321 -0.3197943267536857 -0.1864538821893627 8.564382172017463E-4 0.1694697412374536 0.10235040474180859 0.334517256224668 0.4303348552479442 -0.06961166239374861 0.6032817136689368 0.4580715555263476 0.6281673461477358 0.7838936416624498 
0.545623881225901 -0.9624984769098167 -0.899766403571311 -0.8139335756574744 -0.8641422517943294 -0.7793056841744255 -0.9324424021951286 -0.8800357741247062 -0.9261015746985422 -0.7788315999843178 -0.975599968333273 -0.49257498711654973 -0.6917594016670386 -0.3941525322632566 -0.6336295929571707 0.341361144723507 -0.5075885280454555 -0.3667758575411896 -0.28698297037695686 -0.16793967648338837 -0.013295339680759289 0.2533752163072302 0.10253626620935376 0.3357465779610179 0.4303348552479442 0.3569489507327856 0.5944375248757904 0.4580715555263476 0.6262752587613002 0.6745182829895169 
0.5455873452099392 -0.9621674342453833 -0.9300887299945381 -0.8994461784623172 -0.8574353023013339 -0.7851539290392361 -0.9244135694252119 -0.8823087486812197 -0.9340214209355024 -0.2614118118425828 -0.9808315476533878 -0.9508985744429733 -0.6917594016670386 -0.7044595942075386 -0.635200192504966 -0.4956458604392981 -0.4790853052128101 -0.33029571086825776 -0.28698297037695686 -0.1864538821893627 -0.004108528415735414 0.15396341248596626 0.09366824843304845 0.493271096903422 0.43440877708062786 -0.04120102296681072 0.47414270699662947 0.7606943948600038 0.6326812106645873 0.7838936416624498 
0.5460578821240705 -0.9811665994071478 -0.9065028612182189 -0.8994461784623172 -0.8641422517943294 -0.7793056841744255 -0.929597962089249 -0.8813120529080515 -0.9409665901420494 -0.7822330710617494 -0.9713240003267625 -0.48304524620185985 -0.7559129249006162 -0.7079430193994635 -0.6459797984505726 -0.5012572673161483 -0.5075885280454555 -0.5240346932362991 -0.3197943267536857 -0.1864538821893627 -0.01693797900148685 0.1563379261942331 0.10752771754767106 0.16380072225136955 0.4293577671460723 -0.4421923130502561 0.47414270699662947 0.7503570778850063 0.6249886201513217 0.7838936416624498 
0.5450835467322803 -0.9797774172497724 -0.9065028612182189 -0.8139335756574744 -0.8641422517943294 -0.7793056841744255 -0.9371449254438678 -0.8813120529080515 -0.9340214209355024 -0.7695029789068418 -0.9713240003267625 -0.48304524620185985 -0.7427093089831895 -0.3941525322632566 -0.635200192504966 -0.9404152682853597 -0.5075885280454555 -0.3259821192585308 -0.28698297037695686 -0.17528317118605152 -0.013295339680759289 0.1563379261942331 0.10328364739054965 0.16380072225136955 0.43227596083428926 -0.4421923130502561 0.6000208989083181 0.7391581254626971 0.6388468830530843 0.6745182829895169 
0.5460578821240705 -0.9740352080574594 -0.9300887299945381 -0.8994461784623172 -0.8630875197422201 -0.784742467555289 -0.9244135694252119 -0.8823087486812197 -0.9385814375756434 -0.04879808830549859 -0.9880357553566205 -0.48101482607112805 -0.7427093089831895 -0.7074238586671493 -0.6309125178455512 -0.9311428203432969 -0.5075885280454555 -0.37486267643982435 -0.2776749760890917 -0.18087358057789138 -0.004108528415735414 0.1563379261942331 0.09083241503367397 0.3414788477898824 0.4257420770348451 0.3584749490072275 0.5939113319774615 0.758880547614043 0.6388468830530843 0.7882767650105623 
0.5478110050125637 -0.9797774172497724 -0.9328572922260611 -0.8139335756574744 -0.8817444153046223 -0.7962153947984328 -0.9511060380199229 -0.8841657935380369 -0.9340214209355024 -0.8162790842073954 -0.9240077100483378 -0.49264544869637095 -0.7672002059528693 -0.3941525322632566 -0.5355907247179391 -0.9404152682853597 -0.5075885280454555 -0.5825367206781356 -0.25261235908861707 -0.1743591877900258 -0.010308036688917287 0.1563379261942331 0.10848829060038895 0.3178033868663298 0.41231767465075925 -0.4421923130502561 0.5969233798473572 0.3475127237056177 0.7279192244383608 0.8879200472479303 
0.5460578821240705 -0.9621674342453833 -0.9300887299945381 -0.8994461784623172 -0.8688369466727239 -0.7829369222608615 -0.9511060380199229 -0.8800357741247062 -0.9340214209355024 -0.7847428790980551 -0.9816803485530455 -0.49257498711654973 -0.6831614189002072 -0.3942480367258163 -0.6336295929571707 0.9916554357880254 -0.4576360856104195 -0.3676456105833321 -0.29116913521146626 -0.18087358057789138 -0.004108528415735414 0.16535075519314565 0.09083241503367397 0.3178033868663298 0.4262782983569493 0.3584749490072275 0.5939113319774615 0.4580715555263476 0.6281673461477358 0.7838936416624498 
0.5463941953417616 -0.9623943148378891 -0.9300887299945381 -0.087580492035362 -0.8789873444143218 -0.784742467555289 -0.9590936613821603 -0.9237459342822277 -0.9306077870185089 -0.7923805765995741 -0.9361483098300799 -0.9594667049508574 -0.6917594016670386 0.3566730543876191 -0.6370768384670665 -0.9324287695901506 -0.46666563326739985 -0.5825367206781356 -0.3197943267536857 0.28169712575631883 -0.018359107187944642 0.26116132903722084 0.10171382105297927 0.3414788477898824 0.46152790351131423 0.4944060176002252 0.5975571598624465 0.7571097228169923 0.6341709385186661 0.7826892506489455 
0.5460578821240705 -0.9740352080574594 -0.9300887299945381 -0.8994461784623172 -0.8630875197422201 -0.784742467555289 -0.9244135694252119 -0.8823087486812197 -0.9385814375756434 -0.04879808830549859 -0.9880357553566205 -0.48101482607112805 -0.7427093089831895 -0.7074238586671493 -0.6309125178455512 -0.9311428203432969 -0.5075885280454555 -0.37486267643982435 -0.2776749760890917 -0.18087358057789138 -0.004108528415735414 0.1563379261942331 0.09083241503367397 0.3414788477898824 0.4257420770348451 0.3584749490072275 0.5939113319774615 0.758880547614043 0.6388468830530843 0.7882767650105623 
0.05576842690788678 0.9746957379471961 0.7664360550133877 0.9952860766703647 0.9944987968877057 0.9044362548659539 0.8816764715705688 0.9724031486681346 0.8862832225375517 0.9358026457823454 0.9114673446151033 0.8377439407921253 0.7665182377373368 0.6085775034253764 0.4416760104570671 0.4549489115421252 0.003474547225662141 0.1762656038241628 -0.7422994274749719 0.0019216433118377282 0.02706297282326221 -0.15336252246273618 -0.9937529688076411 -0.31840868792328114 -0.42495557138034756 -0.5931281290620058 -0.9586008853007149 -0.8008589111156061 -0.6702377581678494 -0.8072283834754662 
0.05714828141868118 0.973661235361683 0.47153403574260744 0.9952860766703647 0.9997744427824997 0.9620969467700813 0.924578505908058 0.9799632364907851 -0.2844271903449185 0.9358026457823454 0.9114673446151033 0.8151747225788838 0.7649896748001233 0.6085380286411542 0.4116160286008332 0.4451549230586583 0.003474547225662141 0.16476331041453834 0.11048953885216146 -0.0013921708392926405 0.009065413840419598 -0.15336252246273618 -0.9734503212336334 -0.3172517949081707 -0.4532679955099942 -0.5442001684948461 -0.966061390468884 -0.8134532742634023 -0.5096064637390364 -0.7932825826305041 
0.05714828141868118 0.9729370664092459 0.47153403574260744 0.9952860766703647 0.9949840366045271 0.9631494028470451 0.924578505908058 0.9760497520459606 -0.2844271903449185 0.9376201877846365 0.9114673446151033 0.7150786432701908 0.793448710383187 0.615150570329983 0.4277191703779082 0.4530846003544488 0.003474547225662141 0.16180794286259897 -0.7376574656626786 0.0030735782258745964 -0.0011343226489008065 -0.16530336569542675 -0.22718633411313027 -0.3334763701086162 -0.44532492031002135 -0.5726289476186773 -0.966061390468884 -0.8134532742634023 -0.49119533987647984 -0.7932825826305041 
0.05714828141868118 0.9729370664092459 0.47153403574260744 0.9952860766703647 0.9949840366045271 0.9631494028470451 0.924578505908058 0.9760497520459606 -0.2844271903449185 0.9376201877846365 0.9114673446151033 0.7150786432701908 0.793448710383187 0.615150570329983 0.4277191703779082 0.4530846003544488 0.003474547225662141 0.16180794286259897 -0.7376574656626786 0.0030735782258745964 -0.0011343226489008065 -0.16530336569542675 -0.22718633411313027 -0.3334763701086162 -0.44532492031002135 -0.5726289476186773 -0.966061390468884 -0.8134532742634023 -0.49119533987647984 -0.7932825826305041 
0.05714828141868118 0.9641457892882052 0.48773237285387555 0.9952860766703647 0.9949840366045271 0.9620969467700813 0.9108491394174936 0.9799632364907851 -0.2844271903449185 0.9358026457823454 0.9191077367722896 0.8377439407921253 0.7707734368508619 0.615150570329983 0.4116160286008332 0.4451549230586583 0.003474547225662141 0.1762656038241628 0.11048953885216146 -0.0013921708392926405 0.009065413840419598 -0.15336252246273618 -0.9734503212336334 -0.3256932291912331 -0.44532492031002135 -0.5726289476186773 -0.966061390468884 -0.8189869862595672 -0.5059104883687512 -0.8019481965889864 
0.05714828141868118 0.9641457892882052 0.4728334775386566 0.9922606722214466 0.9949840366045271 0.9159766501051573 0.9031406089490893 0.9724031486681346 0.8830628840233752 0.9358026457823454 0.9191077367722896 0.831755183690914 0.7764874268689183 0.6265271510962 -0.23257942592793146 0.4530846003544488 0.003474547225662141 0.1762656038241628 -0.7376574656626786 0.0019216433118377282 0.0036949257572764307 -0.1667717193208297 -0.9734503212336334 -0.3256932291912331 -0.771674246405117 -0.6004390110993547 -0.966061390468884 -0.8189869862595672 -0.5059104883687512 -0.8163084266311624 
0.05576842690788678 0.9641457892882052 0.47153403574260744 0.9952860766703647 0.9822551172362599 0.9544952111220689 0.924578505908058 0.9799632364907851 0.8932363647937219 0.9358026457823454 0.909488924321505 0.8152280917284322 0.793448710383187 0.615150570329983 -0.22369726389913147 0.4530846003544488 0.189963219440344 0.1708328347276891 0.3272947645998907 0.0963533506611345 0.009065413840419598 -0.16530336569542675 -0.2259528226664421 -0.3268315010022565 -0.4532679955099942 -0.5931281290620058 -0.966061390468884 -0.8134532742634023 -0.5022977075764821 -0.7932825826305041 
0.05714828141868118 0.9641457892882052 0.48773237285387555 0.9952860766703647 0.9949840366045271 0.9620969467700813 0.9108491394174936 0.9799632364907851 -0.2844271903449185 0.9358026457823454 0.9191077367722896 0.8377439407921253 0.7707734368508619 0.615150570329983 0.4116160286008332 0.4451549230586583 0.003474547225662141 0.1762656038241628 0.11048953885216146 -0.0013921708392926405 0.009065413840419598 -0.15336252246273618 -0.9734503212336334 -0.3256932291912331 -0.44532492031002135 -0.5726289476186773 -0.966061390468884 -0.8189869862595672 -0.5059104883687512 -0.8019481965889864 
0.05714828141868118 0.9641457892882052 0.4728334775386566 0.9922606722214466 0.9949840366045271 0.9159766501051573 0.9031406089490893 0.9724031486681346 0.8830628840233752 0.9358026457823454 0.9191077367722896 0.831755183690914 0.7764874268689183 0.6265271510962 -0.23257942592793146 0.4530846003544488 0.003474547225662141 0.1762656038241628 -0.7376574656626786 0.0019216433118377282 0.0036949257572764307 -0.1667717193208297 -0.9734503212336334 -0.3256932291912331 -0.771674246405117 -0.6004390110993547 -0.966061390468884 -0.8189869862595672 -0.5059104883687512 -0.8163084266311624 
0.05714828141868118 0.97545736641784 0.47153403574260744 0.9914557777594372 0.9906287777293891 0.9178424525593063 0.8953848481919933 0.9692649243220317 0.8818432638071517 0.929253535885819 0.9114673446151033 0.8260430341504802 -0.28711733490007707 0.6118797767167439 0.44722004946904187 0.4530846003544488 0.189963219440344 0.16390190359934748 -0.7376574656626786 -0.0053736890330634045 0.008000472868697345 -0.15336252246273618 -0.2231313399014819 -0.3256932291912331 -0.43836561508952493 -0.5968873844833774 -0.8855024936689444 -0.8003527559939831 -0.5089574443080536 -0.7977751708935162 
0.05714828141868118 0.97545736641784 0.47153403574260744 0.9914557777594372 0.9906287777293891 0.9178424525593063 0.8953848481919933 0.9692649243220317 0.8818432638071517 0.929253535885819 0.9114673446151033 0.8260430341504802 -0.28711733490007707 0.6118797767167439 0.44722004946904187 0.4530846003544488 0.189963219440344 0.16390190359934748 -0.7376574656626786 -0.0053736890330634045 0.008000472868697345 -0.15336252246273618 -0.2231313399014819 -0.3256932291912331 -0.43836561508952493 -0.5968873844833774 -0.8855024936689444 -0.8003527559939831 -0.5089574443080536 -0.7977751708935162 
0.05576842690788678 0.9641457892882052 0.47153403574260744 0.9952860766703647 0.983607783850528 0.9159766501051573 0.9105711896668851 0.9724031486681346 0.8774612634419082 0.929253535885819 0.9030380852368685 0.8240602089228203 -0.022565916653680844 0.615150570329983 -0.2260260480326597 0.4601128703945559 0.189963219440344 0.16390190359934748 -0.7330978838630788 0.09057277776215521 0.001563981418137318 -0.14763539281648716 -0.11723841254767375 -0.3256932291912331 -0.43913905658310654 -0.5904982184911123 -0.9556251831496105 -0.796596921108036 -0.6702377581678494 -0.8141014323956534 
0.05576842690788678 0.9641457892882052 0.47153403574260744 0.9952860766703647 0.9822551172362599 0.9544952111220689 0.924578505908058 0.9799632364907851 0.8932363647937219 0.9358026457823454 0.909488924321505 0.8152280917284322 0.793448710383187 0.615150570329983 -0.22369726389913147 0.4530846003544488 0.189963219440344 0.1708328347276891 0.3272947645998907 0.0963533506611345 0.009065413840419598 -0.16530336569542675 -0.2259528226664421 -0.3268315010022565 -0.4532679955099942 -0.5931281290620058 -0.966061390468884 -0.8134532742634023 -0.5022977075764821 -0.7932825826305041 
0.05576842690788678 0.9824981463871261 0.47153403574260744 0.9914557777594372 0.9944987968877057 0.9159766501051573 0.9084996914538103 0.9674470071282734 0.8862832225375517 0.9491555718861344 0.9030380852368685 0.8237649435658562 -0.024750280500093425 0.615150570329983 0.44722004946904187 0.4530846003544488 0.01252153861058957 0.1708328347276891 -0.7422994274749719 -0.011161487879439816 0.008000472868697345 -0.15336252246273618 -0.2231313399014819 -0.34340308858317226 -0.4337613795135288 -0.5904982184911123 -0.9556251831496105 -0.8003527559939831 -0.6702377581678494 -0.8072283834754662 
0.05714828141868118 0.9641457892882052 0.47971481760105694 0.9844475513331139 0.9944987968877057 0.9159766501051573 0.925968289313804 0.9672500394785976 0.8779749066926265 0.9281577312645464 0.9114673446151033 0.8357363057621133 0.8031727087474672 0.6168678800308854 -0.23257942592793146 0.4530846003544488 0.01252153861058957 0.1708328347276891 -0.7376574656626786 -0.0053736890330634045 0.008000472868697345 -0.1667717193208297 -0.22945940875585596 -0.3256932291912331 -0.4468083806327367 -0.6004390110993547 -0.9556251831496105 -0.8216188751753409 -0.6682603721665564 -0.803793950417963 
0.05714828141868118 0.9641457892882052 0.47971481760105694 0.9844475513331139 0.9944987968877057 0.9159766501051573 0.925968289313804 0.9672500394785976 0.8779749066926265 0.9281577312645464 0.9114673446151033 0.8357363057621133 0.8031727087474672 0.6168678800308854 -0.23257942592793146 0.4530846003544488 0.01252153861058957 0.1708328347276891 -0.7376574656626786 -0.0053736890330634045 0.008000472868697345 -0.1667717193208297 -0.22945940875585596 -0.3256932291912331 -0.4468083806327367 -0.6004390110993547 -0.9556251831496105 -0.8216188751753409 -0.6682603721665564 -0.803793950417963 
0.05714828141868118 0.9636684259059042 0.47971481760105694 0.9952183954583615 0.9944987968877057 0.9142150888436531 0.8816764715705688 0.9724031486681346 0.8856268581101883 0.9358026457823454 0.9078409415649766 0.8362964361436255 0.7665182377373368 0.6085775034253764 0.43578844141745593 0.4549489115421252 0.003474547225662141 0.1746674825837382 -0.7376574656626786 0.0019216433118377282 -0.3206389068578821 -0.15016110821396803 -0.9937529688076411 -0.3308522307197224 -0.42495557138034756 -0.5756763099067638 -0.9586008853007149 -0.8068081203777149 -0.5086624358955372 -0.8064535063696208 
0.05576842690788678 0.9641457892882052 0.47153403574260744 0.9914557777594372 0.9822551172362599 0.9079932873453956 0.8953848481919933 0.9671833473452519 0.884878462649609 0.929253535885819 0.9114673446151033 0.8237649435658562 0.793448710383187 0.615150570329983 0.4277191703779082 0.4530846003544488 0.189963219440344 0.1708328347276891 -0.7376574656626786 -0.0053736890330634045 0.008000472868697345 -0.1572023104649042 -0.2231313399014819 -0.3256932291912331 -0.43836561508952493 -0.5931281290620058 -0.8768731284301223 -0.80667031857112 -0.5022977075764821 -0.7973959577817298 
0.0554644502947549 0.967029355594967 0.9633617982293703 0.9759139778181832 0.9944987968877057 0.9027706967857214 0.9151738624864134 0.9672500394785976 0.8779749066926265 0.9315102597282471 0.9114673446151033 0.8357363057621133 0.8090494533333699 0.6001191394788324 0.42976213890409654 0.4530846003544488 0.01252153861058957 0.1708328347276891 -0.9046620495038726 -0.0053736890330634045 0.02350599084801709 -0.16598952767233854 -0.2231313399014819 -0.3256932291912331 -0.43748303391909765 -0.6009588250757416 -0.8768731284301223 -0.8216188751753409 -0.6682603721665564 -0.803793950417963 
0.055228036222884226 0.9641457892882052 0.49383858850658874 1.0 0.9949840366045271 0.9322307554693143 0.925968289313804 0.9713908009543176 0.8839907807401557 0.9358026457823454 0.6001782198787666 0.810155000345736 0.7707734368508619 0.6085775034253764 0.427592347478483 0.4679107044263944 0.003474547225662141 0.1708328347276891 -0.03499062973120037 0.08406878390698723 0.009065413840419598 -0.1572023104649042 -0.18796214472274586 -0.3150442565738976 -0.44081152624481157 -0.5756763099067638 0.025096921051623644 -0.8068081203777149 -0.5059104883687512 -0.803793950417963 
0.0554644502947549 0.9641457892882052 0.9633617982293703 0.9798325325550408 0.7173588132594941 0.9142150888436531 0.8963960425004585 0.9832606744897991 0.681145060616546 0.9443770172710321 0.9229034274417375 0.8265565902412424 0.8090494533333699 0.6085775034253764 0.4421099086740189 0.4679107044263944 0.01224068802168993 0.1708328347276891 0.11024237610363301 -0.010712426121041754 0.017791245920343972 -0.15332016398459397 -0.21181946665901083 -0.3308522307197224 -0.10355205091391029 -0.6030377509289068 -0.9672098045498428 -0.8068081203777149 -0.5081154275568394 -0.7925087581068715 
0.0554644502947549 0.967029355594967 0.9633617982293703 0.9759139778181832 0.9944987968877057 0.9027706967857214 0.9151738624864134 0.9672500394785976 0.8779749066926265 0.9315102597282471 0.9114673446151033 0.8357363057621133 0.8090494533333699 0.6001191394788324 0.42976213890409654 0.4530846003544488 0.01252153861058957 0.1708328347276891 -0.9046620495038726 -0.0053736890330634045 0.02350599084801709 -0.16598952767233854 -0.2231313399014819 -0.3256932291912331 -0.43748303391909765 -0.6009588250757416 -0.8768731284301223 -0.8216188751753409 -0.6682603721665564 -0.803793950417963 
0.0554644502947549 0.9696705091415528 0.9633617982293703 0.9803356468314879 0.7458949742153722 0.918953295896927 0.9014908720449378 0.9712227935456347 0.674379317445738 0.9443770172710321 0.58848663358339 0.8034984352306507 0.8090494533333699 0.6025179641149543 0.42976213890409654 0.4679107044263944 0.01224068802168993 0.17044864370259025 0.11024237610363301 -0.010712426121041754 0.02350599084801709 -0.16804640068508878 0.23675131919740755 -0.3308522307197224 -0.43178036353110444 -0.6009588250757416 -0.9577485179550621 -0.8095386218622677 -0.5081154275568394 -0.7926858597338693 
0.0554644502947549 0.9696705091415528 0.9633617982293703 0.9803356468314879 0.7458949742153722 0.918953295896927 0.9014908720449378 0.9712227935456347 0.674379317445738 0.9443770172710321 0.58848663358339 0.8034984352306507 0.8090494533333699 0.6025179641149543 0.42976213890409654 0.4679107044263944 0.01224068802168993 0.17044864370259025 0.11024237610363301 -0.010712426121041754 0.02350599084801709 -0.16804640068508878 0.23675131919740755 -0.3308522307197224 -0.43178036353110444 -0.6009588250757416 -0.9577485179550621 -0.8095386218622677 -0.5081154275568394 -0.7926858597338693 
0.055228036222884226 0.9637372467854108 0.4927996425647546 0.9769648793365215 0.9911552397324077 0.9185882661959555 0.9251582930266348 0.9701538053815831 0.6771650166975176 0.9385890557296648 0.9106562720436691 0.8282589960806339 0.9965570488370925 0.6138042434713792 0.4375386205500217 0.4518472860794185 0.15847949184796375 0.2140722537335519 -0.03499062973120037 0.07970441911962668 0.04565118115333404 -0.15016110821396803 -0.6080671354128993 -0.33162498214014247 -0.0044519673428460305 -0.6067763160054798 -0.9009524405657009 -0.8077124855368708 -0.5229176035487583 -0.8010749593460103 
0.0554644502947549 0.9598224078205293 0.4927996425647546 0.9952183954583615 0.9870015226647985 0.9319648552934933 0.925968289313804 0.9769907141652271 0.8808454666238404 0.9358026457823454 0.9078409415649766 0.8220510727609746 0.7665182377373368 0.6085775034253764 0.4277191703779082 0.4763688526469278 0.189963219440344 0.176947966228202 -0.03499062973120037 0.0910298398842716 -0.713309119976943 -0.15016110821396803 -0.18796214472274586 -0.3150442565738976 -0.42495557138034756 -0.5756763099067638 -0.9586008853007149 -0.8068081203777149 -0.5141196424650278 -0.8064535063696208 
0.055228036222884226 0.9606914839999313 0.9283880491675639 0.9844304946391202 0.9911552397324077 0.9185882661959555 0.8961021764297786 0.9622556646677618 0.681145060616546 0.9393478423955591 0.9211043482237076 0.8339731850108941 0.9896018870552798 0.6103218660794394 0.4375386205500217 0.4518472860794185 -0.025378712342231925 0.2140722537335519 0.11024237610363301 0.07970441911962668 0.007906770019763488 -0.14327752357057177 -0.19523246017093152 -0.3308522307197224 -0.7541670144532227 -0.6033752451474851 -0.8928684570323326 -0.8085720536103291 -0.5325381178525735 -0.8010749593460103 
0.0554644502947549 0.9637372467854108 0.9262108493029567 0.9786921726672101 0.9911552397324077 0.9159766501051573 0.8961021764297786 0.9559333778511926 0.6883179900109707 0.9453492389309067 0.5856132401947278 0.8034984352306507 0.9965570488370925 0.6173456616270622 0.42976213890409654 0.47001736182812887 -0.025378712342231925 0.18020093859320974 0.11776172095344611 0.08639792358764409 0.006165032533186171 -0.15332016398459397 -0.1884319312668127 -0.3308522307197224 -0.7541670144532227 -0.6033752451474851 -0.8928684570323326 -0.8085720536103291 -0.5015913748931219 -0.7735863096428162 
0.055228036222884226 0.9595140855900641 0.9283880491675639 0.959148234351141 0.7458949742153722 0.9322307554693143 0.8979388934760969 0.9712227935456347 0.8839907807401557 0.9373300559825296 0.58848663358339 0.8390132945771913 0.7707734368508619 0.6103218660794394 0.43578849665599084 0.4518472860794185 -0.025378712342231925 0.1655176331023135 -0.03499062973120037 0.08037520447424361 0.007906770019763488 -0.14327752357057177 -0.19523246017093152 -0.3308522307197224 -0.43178036353110444 -0.6033752451474851 -0.8928684570323326 -0.8077124855368708 -0.5036014878915727 -0.7839545730154567 
0.055228036222884226 0.9637372467854108 0.9283880491675639 0.9769648793365215 0.9911552397324077 0.9159766501051573 0.8961021764297786 0.9783536635289233 0.681145060616546 0.9351761257540508 0.9114673446151033 0.8332806502659721 0.9965570488370925 0.6085775034253764 0.43987686993760683 0.47159127761568326 -0.025378712342231925 0.1813384818434011 0.11024237610363301 0.08639792358764409 0.007906770019763488 -0.15332016398459397 -0.1884319312668127 -0.3308522307197224 -0.10355205091391029 -0.5971447688022604 -0.8928684570323326 -0.8224371095573274 -0.5036014878915727 -0.7925087581068715 
0.055228036222884226 0.9606914839999313 0.9283880491675639 0.9844304946391202 0.9911552397324077 0.9185882661959555 0.8961021764297786 0.9622556646677618 0.681145060616546 0.9393478423955591 0.9211043482237076 0.8339731850108941 0.9896018870552798 0.6103218660794394 0.4375386205500217 0.4518472860794185 -0.025378712342231925 0.2140722537335519 0.11024237610363301 0.07970441911962668 0.007906770019763488 -0.14327752357057177 -0.19523246017093152 -0.3308522307197224 -0.7541670144532227 -0.6033752451474851 -0.8928684570323326 -0.8085720536103291 -0.5325381178525735 -0.8010749593460103 
0.0554644502947549 0.9637372467854108 0.9262108493029567 0.9786921726672101 0.9911552397324077 0.9159766501051573 0.8961021764297786 0.9559333778511926 0.6883179900109707 0.9453492389309067 0.5856132401947278 0.8034984352306507 0.9965570488370925 0.6173456616270622 0.42976213890409654 0.47001736182812887 -0.025378712342231925 0.18020093859320974 0.11776172095344611 0.08639792358764409 0.006165032533186171 -0.15332016398459397 -0.1884319312668127 -0.3308522307197224 -0.7541670144532227 -0.6033752451474851 -0.8928684570323326 -0.8085720536103291 -0.5015913748931219 -0.7735863096428162 
0.0554644502947549 0.9646267956121015 0.9509984245127738 0.9533727122300226 0.6130669363603141 0.918676190390169 0.8752343076148373 0.9687981633575476 0.6681475968991186 0.9711031799582421 0.9114673446151033 0.8074870622988022 0.7971224873480369 0.6103608507058398 0.4375386205500217 0.4709153214083587 0.38378559535036605 0.17359359821613893 0.02565728009646362 0.103567131616059 0.025902653785942708 -0.14327752357057177 -0.19812916885625642 -0.33114208727833366 -0.3256214840572558 -0.5587944302068606 -0.9715871672206892 -0.8172903843644264 -0.4933857465064476 -0.8103931146477876 
0.0554644502947549 0.9646267956121015 0.9448464979713744 0.990581864389475 0.9986438430056022 0.9215249670668932 0.6941787651651228 0.9974131317755565 0.8810402693096553 0.9711031799582421 0.9114673446151033 0.8220510727609746 0.7971224873480369 0.6085775034253764 0.4457932813871071 0.45945001617825204 -0.002065852450078287 0.17359359821613893 -0.034499442566081596 0.1177826438582188 0.0030892874242799953 -0.15179205309709295 -0.2093703812782963 -0.3150442565738976 -0.3256214840572558 -0.5650149465112532 -0.9586008853007149 -0.8068081203777149 -0.5011696668956559 -0.8027278089286584 
0.0554644502947549 0.9641457892882052 0.9772654071551774 0.9903633477026982 0.9986438430056022 0.9205281292885166 0.8860949463395903 0.977403030426776 0.8810402693096553 0.965189286215448 0.9114673446151033 0.8220510727609746 0.7982034413324689 0.6183814517178315 0.440753920379332 0.4597511657090075 0.003474547225662141 0.1694101577935646 0.02565728009646362 0.11490435212582935 0.1297048706201216 -0.15179205309709295 -0.20644388008381084 -0.3150442565738976 -0.30905529408132104 -0.5490573484492756 -0.9710547816204491 -0.80748156574997 -0.5081154275568394 -0.8103931146477876 
0.055228036222884226 0.9575696958266483 0.9772654071551774 0.9798325325550408 0.9883236962833188 0.9205281292885166 0.8996828743629601 0.9769907141652271 0.888998124710762 0.9909361860975867 0.5088329429046773 0.8139124687365779 0.7853641551928209 0.6160182377164334 0.41922215887475145 0.453031382186637 0.003474547225662141 0.16636327285813649 0.009717279766439806 0.09057277776215521 0.007906770019763488 -0.1572023104649042 -0.20206105336699381 -0.3268704166755914 -0.30905529408132104 -0.5726289476186773 -0.5550573975037907 -0.8072584039737353 -0.5078753778509302 -0.8133491112656164 
0.055228036222884226 0.9600038755360821 0.9772654071551774 0.9769648793365215 1.0 0.9216667185802335 0.6776512441144229 0.9755522831691086 0.8881019466236102 0.9727895171017551 0.9114673446151033 0.8050835537621519 0.7982034413324689 0.6138042434713792 0.440753920379332 0.4516905927050691 0.15847949184796375 0.1694101577935646 0.016496029286126805 0.11870374903774365 0.007906770019763488 -0.14327752357057177 -0.19712982678148763 -0.3150442565738976 -0.30905529408132104 -0.6089625035205862 -0.5523802336214695 -0.80748156574997 -0.5081154275568394 -0.8103931146477876 
0.0554644502947549 0.9641457892882052 0.9448464979713744 0.877637984025988 0.9983968367984304 0.9078151434238744 0.8799023390829961 0.9712227935456347 0.8810402693096553 0.9468003589212329 0.9161281792957979 0.7992917850785304 0.7982034413324689 0.6103608507058398 0.42976213890409654 0.4597511657090075 0.15718888097629913 0.1694101577935646 0.016496029286126805 0.11870374903774365 0.012927655801975649 -0.14327752357057177 -0.19712982678148763 -0.33114208727833366 -0.24319131212963732 -0.5924319512076853 -0.5535166707960166 -0.8077124855368708 -0.5171182965645645 -0.8149565608916484 
0.052836391445523455 0.9541212440252781 0.9518334192412349 0.8760845497482346 0.9983968367984304 0.9152535912465252 1.0 0.9712227935456347 0.8651501607599256 0.743509806941124 0.5983652717554291 0.7827597795351862 0.8052814674413865 0.5550465241844429 0.4420643854366341 0.4609350529585877 0.2905038149845751 0.18428595030714126 0.02565728009646362 0.12071794875638844 0.01961134326820533 -0.1499333481008513 -0.2739053729741608 -0.31754376753300045 -0.43610682570784554 -0.5955361789705235 -0.44862032744949176 -0.8114946904561241 -0.4741396964635546 -0.808937206629091 
0.04982251446544295 0.9575696958266483 0.967499698970043 0.9798325325550408 0.9883236962833188 0.9319648552934933 0.8714315838345984 0.9769907141652271 0.8808454666238404 0.7411394575697007 0.9057066603498727 0.9873729788968943 0.771273063316927 0.6085775034253764 0.43575274350230875 0.453031382186637 0.2911894015331624 0.16379633211684425 0.009717279766439806 0.12071794875638844 0.007906770019763488 -0.1572023104649042 -0.20206105336699381 -0.31901050617691046 -0.42495557138034756 -0.5955675146097669 -0.5550573975037907 -0.8068081203777149 -0.5078753778509302 -0.8064535063696208 
0.04982251446544295 0.9575696958266483 0.967499698970043 0.9798325325550408 0.9883236962833188 0.9319648552934933 0.8714315838345984 0.9769907141652271 0.8808454666238404 0.7411394575697007 0.9057066603498727 0.9873729788968943 0.771273063316927 0.6085775034253764 0.43575274350230875 0.453031382186637 0.2911894015331624 0.16379633211684425 0.009717279766439806 0.12071794875638844 0.007906770019763488 -0.1572023104649042 -0.20206105336699381 -0.31901050617691046 -0.42495557138034756 -0.5955675146097669 -0.5550573975037907 -0.8068081203777149 -0.5078753778509302 -0.8064535063696208 
