2.9541180254678756 0.059077336373531346 
1.376193477236153 0.06051788486190286 
1.422183896627206 0.06477755870881352 
1.3469781040324995 0.07860500472241023 
1.3307131823040845 0.07546901828923 
1.3469781040324995 0.07860500472241023 
1.3041060677244003 0.1010291101330048 
1.329193054100883 0.11733106437243639 
1.3117128613978055 0.12077289990794718 
1.3108448954126268 0.13602111850832843 
1.3041060677244003 0.1010291101330048 
1.3033854113938346 0.14460999225875668 
1.3108448954126268 0.13602111850832843 
1.3033210926389471 0.16862029077210752 
1.2966723248647505 0.15160432575587712 
1.3029486199824898 0.16895284787146927 
1.2873963314617884 0.17447382914858142 
1.2911279746107762 0.19982049122387457 
1.2959663777507908 0.22344198997248038 
1.2867462525427311 0.17202850497532804 
1.2867462525427311 0.17202850497532804 
1.268777990454332 0.2675236837668523 
1.268777990454332 0.2675236837668523 
1.189923774310888 0.28492568161554 
1.189923774310888 0.28492568161554 
1.1877418745207695 0.29989713403150386 
1.1332294269750771 0.3013484385104047 
1.2029714595071077 0.2895805995490501 
1.1877418745207695 0.29989713403150386 
1.1640219341586704 0.3397719614451159 
1.1640219341586704 0.3397719614451159 
1.1332294269750771 0.3013484385104047 
1.130093618923727 0.3792249487518415 
1.130093618923727 0.3792249487518415 
1.1268788911398255 0.3677184922608189 
1.127432422545753 0.39150128694115904 
1.1099510249669609 0.41222711080586 
1.1153041671585568 0.3586492502217464 
1.1221486295693754 0.42781389009488013 
1.1085487854646778 0.3931026716053776 
1.1099510249669609 0.41222711080586 
1.1221486295693754 0.42781389009488013 
1.1153041671585568 0.3586492502217464 
1.1085487854646778 0.3931026716053776 
1.121070381489559 0.4809441412524955 
1.1060110954003952 0.6061431348061131 
1.1060110954003952 0.6061431348061131 
1.121070381489559 0.4809441412524955 
1.124574627564693 0.6606119052885917 
1.0966848368101956 0.7036310553550273 
0.9404822767747609 0.7033213761026005 
1.0205538327020254 0.7039691583372488 
0.7728128302046505 0.7042194574292446 
0.9378624838269882 0.7050898431587982 
0.9839728903970304 0.7055329981987247 
0.8961538575814514 0.7049158648424912 
0.7974728297608826 0.7057026942464029 
0.7728128302046505 0.7042194574292446 
0.8091960135478828 0.7036805591695408 
0.8799391014073292 0.7068393144178535 
0.7650760237382248 0.6975401760921759 
0.7650760237382248 0.6975401760921759 
0.7686784293013572 0.702009199522822 
0.7895048144906567 0.7086525123469365 
0.750846626128898 0.7006639860983178 
0.750846626128898 0.7006639860983178 
0.749137453604809 0.7061585878146872 
0.749137453604809 0.7061585878146872 
0.7361204668546216 0.7207845952873498 
0.7319115797658982 0.7235018290092003 
0.7038521549244754 0.719479694953127 
0.7148533004416081 0.7404865323539565 
0.7038521549244754 0.719479694953127 
0.6839220248886984 0.7537330445229139 
0.6795030125932562 0.7576886672200084 
0.6736949196866255 0.7591492938880867 
0.6639269433561136 0.7893632650401178 
0.656533060849894 0.8146380507620704 
0.6131985392308488 0.8017581576882027 
0.656533060849894 0.8146380507620704 
0.6456044375223426 0.8384089877196068 
0.6483128173787613 0.9625045401175283 
0.6274944735230887 0.9834679904398202 
0.6131985392308488 0.8017581576882027 
0.5971349457466584 0.9663538225386934 
0.5971349457466584 0.9663538225386934 
0.5886237531736542 1.0535279356416207 
0.5745253073687366 1.0700558357690775 
0.5487948800207029 1.0571112735009733 
0.5274858443315614 1.080569048244625 
0.5062752669961199 1.0712765241539437 
0.5379803774752476 1.1309072792858348 
0.532979458800115 1.2305083424041916 
0.5062752669961199 1.0712765241539437 
0.5061441304760852 1.3855192165020802 
0.4775685049462366 1.4064514112438746 
0.4775685049462366 1.4064514112438746 
0.4876333651042515 1.8280204915495286 
0.4651453514826591 1.1876287862626158 
0.4610289020201628 3.9952915065502204 
