0.9869320183371016 0.030303754440865038 0.07448764378378855 0.2793170057229578 0.2465551346315319 0.37722428783786466 0.5572785897157784 0.5495571347924129 0.7239350012011695 0.7293631578689159 0.4430291849956953 0.8473460475722951 0.6566166748022507 0.9242956837559749 0.9635467117882741 0.9795393694696148 0.7836063721985953 1.0 0.9790031825980899 0.9549664028247801 0.731588943351907 0.887865669362055 -0.7961476862428907 0.7625170270737199 0.6715985364552006 0.6204003513717058 0.4703635054655966 0.4476822272867051 0.47291235885057725 0.249722407935643 
0.9869320183371016 0.03986715468104066 0.21253307560241239 0.274637993437232 0.45161467588227805 0.38177655412251277 0.21912329270957426 0.5590047112928709 0.7250679644432385 0.7233859171126411 0.7704176146140218 0.8528349901178864 0.9075477119986549 0.9285948937677103 0.8479038927051558 1.0 0.8684092169593601 0.9904200605039094 0.9494920651524952 0.9747607511078 0.9258253742816791 0.8812296739229889 0.931109674486451 0.7749670751265831 0.7324216572558754 0.6248974735868016 0.5319785026355678 0.42852519815965634 0.464625044004004 0.2349727491938277 
0.9869320183371016 0.03522790980882737 0.08975507891059914 0.280835994911437 0.11809410393872355 0.37722428783786466 0.43250790261933475 0.5486089405185197 0.63002975842673 0.7268538165379756 0.4456751181530406 0.8473460475722951 0.9493440856559032 0.9206785749034407 0.947203673275279 0.9976820901237251 0.7836063721985953 0.9999851404499066 0.9790031825980899 0.9747607511078 0.731588943351907 0.8853172566548059 0.8365169359370641 0.7625170270737199 0.6674245776706993 0.625241554148794 0.4703635054655966 0.4476822272867051 0.3587256347462324 0.249722407935643 
0.9869320183371016 0.02974734873513723 0.2068442378314365 0.274637993437232 0.45161467588227805 0.38482991826276386 0.43288829665275397 0.5590047112928709 0.7181110342683191 0.7233859171126411 0.7645854877250682 0.8584208708647408 0.9261465984671183 0.9325751961729465 0.8479038927051558 1.0 0.8684092169593601 0.9895844566249822 0.9518667349928788 0.9827305371336963 0.9214977218605257 0.8655721961578992 0.8388887911328232 0.7816646684747388 0.8348477688110034 0.6248974735868016 0.5319785026355678 0.42900451679257695 0.4788287889156924 0.23103546587802692 
0.9869320183371016 0.02974734873513723 0.2148990009227587 0.2840911936345126 0.11809410393872355 0.38177655412251277 0.4349000156988556 0.5546846753032257 0.7022584435342929 0.7251316181210588 0.7645854877250682 0.8530304908928743 0.9075477119986549 0.9314220598420241 0.8479038927051558 1.0 0.8728848371692494 0.9904200605039094 0.9596724666155511 0.9747607511078 0.9144869966461758 0.8724152511344172 0.838510945144645 0.7677941969090467 0.735479948716807 0.6169647788446814 0.5319785026355678 0.45049646997771947 0.4741302466971753 0.2271914173528969 
0.9869320183371016 0.02974734873513723 0.2068442378314365 0.274637993437232 0.45161467588227805 0.38482991826276386 0.43288829665275397 0.5590047112928709 0.7181110342683191 0.7233859171126411 0.7645854877250682 0.8584208708647408 0.9261465984671183 0.9325751961729465 0.8479038927051558 1.0 0.8684092169593601 0.9895844566249822 0.9518667349928788 0.9827305371336963 0.9214977218605257 0.8655721961578992 0.8388887911328232 0.7816646684747388 0.8348477688110034 0.6248974735868016 0.5319785026355678 0.42900451679257695 0.4788287889156924 0.23103546587802692 
0.9869320183371016 0.04423777157949063 0.08975507891059914 0.27751972563321187 0.16450234060708288 0.38177655412251277 0.43250790261933475 0.5546846753032257 0.7278769775889297 0.7268538165379756 0.6395577865836726 0.85468942506758 0.9493440856559032 0.9245726543050735 0.947203673275279 0.9976820901237251 0.8684092169593601 1.0 0.9494920651524952 0.9874183563975408 0.9144869966461758 0.8724152511344172 0.8365169359370641 0.7677941969090467 0.7167396951296314 0.6046468673204975 0.525125030067657 0.4203235469822148 0.3587256347462324 0.2528697394754538 
0.9869320183371016 0.02974734873513723 0.21123754585728033 0.274637993437232 0.45161467588227805 0.37802941871064444 0.4349000156988556 0.544695506697726 0.7022584435342929 0.7198629229040849 0.7645854877250682 0.5032101232242332 0.9156737320856828 0.946631055476647 0.9194921227326306 0.9902809672216631 0.863275236113383 0.9904200605039094 0.9639848370858249 0.9747607511078 0.9388094604111705 0.880568952523916 0.8458554293944768 0.7596226346740642 0.7425235078962098 0.6248974735868016 0.5319785026355678 0.4253112697990306 0.4741302466971753 0.23941350382020085 
0.9869320183371016 0.03636046369704228 0.2148990009227587 0.2782994116762344 0.1682900554013557 0.3525949248933336 0.4349000156988556 0.5746814271634518 0.7022584435342929 0.7425384215161684 0.6792906006283711 0.8528349901178864 0.9039015892147917 0.9242956837559749 0.9194921227326306 1.0 0.9735379240996658 1.0 0.9596724666155511 0.9656223641550536 0.9356555574687421 0.8724152511344172 0.8388887911328232 0.7677941969090467 0.7410691909485114 0.6169647788446814 0.4967157562147601 0.4253112697990306 0.46284201950530535 0.23116719963101448 
0.9869320183371016 0.04344003749005977 0.08932433079919377 0.2782994116762344 0.1682900554013557 0.3553566316180944 0.45538669974935375 0.56934980953052 0.7022584435342929 0.7425384215161684 0.6825985445618996 0.8659019727382088 0.894852181275319 0.9229243757980973 0.9194921227326306 1.0 0.8684092169593601 0.984636338355111 0.9661017841710756 0.9656223641550536 0.9431099609200899 0.8724152511344172 0.842879632750055 0.7677941969090467 0.7259660312893351 0.6169647788446814 0.46972699968908604 0.4253112697990306 0.46284201950530535 0.23116719963101448 
0.9869320183371016 0.04423777157949063 0.08975507891059914 0.27751972563321187 0.16450234060708288 0.38177655412251277 0.43250790261933475 0.5546846753032257 0.7278769775889297 0.7268538165379756 0.6395577865836726 0.85468942506758 0.9493440856559032 0.9245726543050735 0.947203673275279 0.9976820901237251 0.8684092169593601 1.0 0.9494920651524952 0.9874183563975408 0.9144869966461758 0.8724152511344172 0.8365169359370641 0.7677941969090467 0.7167396951296314 0.6046468673204975 0.525125030067657 0.4203235469822148 0.3587256347462324 0.2528697394754538 
0.9869320183371016 0.04502677558838977 0.08975507891059914 -0.016440221376641986 0.16751198526191508 0.36891700925674653 0.4267677614742386 0.5556020180092808 0.7278769775889297 0.5826966349370728 0.7732501120268618 0.85468942506758 0.9493440856559032 0.9341774680875644 0.9401916353034563 0.9759135573139924 0.8684092169593601 0.9998507205349262 0.9494920651524952 0.978401116348359 0.9635978363475071 0.8969873730082175 0.8352050984613731 0.7817441996918902 0.7242657937894779 0.6046468673204975 0.525125030067657 0.4203235469822148 0.2953019015480398 0.2558226769338712 
0.9869320183371016 0.04344003749005977 0.08932433079919377 0.2782994116762344 0.1682900554013557 0.3553566316180944 0.45538669974935375 0.56934980953052 0.7022584435342929 0.7425384215161684 0.6825985445618996 0.8659019727382088 0.894852181275319 0.9229243757980973 0.9194921227326306 1.0 0.8684092169593601 0.984636338355111 0.9661017841710756 0.9656223641550536 0.9431099609200899 0.8724152511344172 0.842879632750055 0.7677941969090467 0.7259660312893351 0.6169647788446814 0.46972699968908604 0.4253112697990306 0.46284201950530535 0.23116719963101448 
0.9869320183371016 0.04502677558838977 0.09383559571789968 -0.016440221376641986 0.16865226930536026 0.3637562621461363 0.43250790261933475 0.5464512515332318 0.7239350012011695 0.8498271647814571 0.7744003660974613 0.8611347493033132 0.8972268603531738 0.9546149586667536 0.9308911922235542 0.9759135573139924 0.877888857191261 0.9998507205349262 0.9310658558622961 0.978401116348359 0.9485137313196106 0.8913752814235889 0.8346328964338221 0.7817441996918902 0.7233115877209515 0.6046468673204975 0.525125030067657 0.46666625456520944 0.45392263667500604 0.2558226769338712 
0.9869320183371016 0.04344003749005977 0.09904042346563734 0.27947379609010947 0.1682900554013557 0.3720534755524738 0.45538669974935375 0.56934980953052 0.7022584435342929 0.7425384215161684 0.6724121079887376 0.8130300325373445 0.9142962765636895 0.920677636966671 0.9479330982413766 1.0 0.9735379240996658 0.984636338355111 0.9563901888524228 0.977162443027231 0.9431099609200899 0.890349613078488 0.9357146292685912 0.7513934667371056 0.7176869599052637 0.6169647788446814 0.4818219987248828 0.42697360147329905 0.34173672362793084 0.22626099183251136 
0.9869320183371016 0.04344003749005977 0.09904042346563734 0.2839411924356966 0.14275288662068375 0.3553566316180944 0.40756522887205915 0.5571019378415145 0.7121456777299775 0.7346370464225284 0.6865329142103622 0.806758051242387 0.8972268603531738 0.920677636966671 0.9479330982413766 0.9924647113471282 0.9566956380163394 0.9998507205349262 0.9544061266127779 0.977162443027231 0.9279714272446671 0.899519172411041 0.9290788207640717 0.7892492236326972 0.7176869599052637 0.6157963918160844 0.47864465237826476 0.43680021448862955 0.34220146630221476 0.22872400990231798 
0.9869320183371016 0.04502677558838977 0.08975507891059914 -0.016440221376641986 0.16321964276682258 0.3553566316180944 0.43250790261933475 0.56934980953052 0.7022584435342929 0.5781310506560128 0.7667836855968917 0.8668058571156698 0.8992028415936406 0.9245726543050735 0.9185647522899111 0.9976820901237251 0.8684092169593601 0.9917948281648753 0.9544061266127779 0.9790549142397891 0.937405329566234 0.8985264558056986 0.8356665189192413 0.7892492236326972 0.7259660312893351 0.6046468673204975 0.525125030067657 0.4203235469822148 0.3587256347462324 0.2528697394754538 
0.9869320183371016 0.03636046369704228 0.2092263524094597 0.27911778664956377 0.17276986627001692 0.3631028333226122 0.4561730495235833 0.573021845488496 0.7022584435342929 0.7425384215161684 0.6792906006283711 0.8130300325373445 0.9142962765636895 0.9472183786416761 0.9397641287559901 0.9469227694131532 0.9905893102062001 0.9987481721506637 0.9605530479780593 0.9656223641550536 0.9356555574687421 0.8771448244747527 0.8388887911328232 0.7942393499090358 0.7135971622903297 0.6708888807027249 0.4967157562147601 0.4253112697990306 0.34028743533858735 0.22626099183251136 
0.9869320183371016 0.04691143045821216 0.08140235778446882 -0.0017075732086998304 0.23671418113828221 0.37199354777412463 0.36705219372782816 0.5426684777816501 0.7121980859215995 0.5826966349370728 0.6865329142103622 0.8165515967307075 0.9101114423669947 0.9424861687895746 0.9479330982413766 0.9853682061802697 0.9628630605624029 0.9961018127983173 0.9544061266127779 0.977162443027231 0.9356555574687421 0.9088367416714312 0.9290788207640717 0.7819021480149421 0.7242657937894779 0.6045652036063427 0.4967157562147601 0.47140910026379357 0.34220146630221476 0.2251709187775324 
0.9869320183371016 0.022362305564848407 0.06968836217352639 -0.021419860470358 0.19738059033147257 0.36891700925674653 0.4267677614742386 0.5426684777816501 0.7121980859215995 0.5826966349370728 0.714736496304933 0.8683606514973417 0.9005771717470943 0.9362252823397236 0.9329924643661928 0.9691803641460762 0.9913280491882428 0.9932532018277361 0.9544061266127779 0.9820544928921602 0.9160544583678359 0.9042784374730078 0.8253895598136431 0.7817441996918902 0.719157934168798 0.5971403753116575 0.4967157562147601 0.4211380557822093 0.37683491825188425 0.2251709187775324 
0.9869320183371016 0.022362305564848407 0.06968836217352639 -0.021419860470358 0.19738059033147257 0.36891700925674653 0.4267677614742386 0.5426684777816501 0.7121980859215995 0.5826966349370728 0.714736496304933 0.8683606514973417 0.9005771717470943 0.9362252823397236 0.9329924643661928 0.9691803641460762 0.9913280491882428 0.9932532018277361 0.9544061266127779 0.9820544928921602 0.9160544583678359 0.9042784374730078 0.8253895598136431 0.7817441996918902 0.719157934168798 0.5971403753116575 0.4967157562147601 0.4211380557822093 0.37683491825188425 0.2251709187775324 
0.9869320183371016 0.022362305564848407 0.06968836217352639 -0.016440221376641986 0.1912425757386919 0.5117932871541341 0.4267677614742386 0.5722752262770098 0.724814506624339 0.5826966349370728 0.7826549411970414 0.8683606514973417 0.9005771717470943 0.9433344981548153 0.9476000539387099 0.9691803641460762 0.9889104369965355 0.9921710907899545 0.967718435067361 0.9881016094939515 0.918968515331837 0.7210987348261719 0.8253895598136431 0.7976372000262424 0.7259660312893351 0.6046468673204975 0.525125030067657 0.4211380557822093 0.37941331730557537 0.23116719963101448 
0.9869320183371016 0.022362305564848407 0.06968836217352639 -0.016440221376641986 0.1912425757386919 0.5117932871541341 0.4267677614742386 0.5722752262770098 0.724814506624339 0.5826966349370728 0.7826549411970414 0.8683606514973417 0.9005771717470943 0.9433344981548153 0.9476000539387099 0.9691803641460762 0.9889104369965355 0.9921710907899545 0.967718435067361 0.9881016094939515 0.918968515331837 0.7210987348261719 0.8253895598136431 0.7976372000262424 0.7259660312893351 0.6046468673204975 0.525125030067657 0.4211380557822093 0.37941331730557537 0.23116719963101448 
0.9869320183371016 -0.1773592178722844 0.05756284063431704 0.27911778664956377 0.18648824596619404 0.36195829652592154 0.7214102898234814 0.6863527375913716 0.5082065031547054 0.8427671182201409 0.7914075359718947 0.8306512556013566 0.9038735626409949 0.9472183786416761 0.9400711209509711 0.9469227694131532 0.9905893102062001 0.9987481721506637 0.9754880673580792 0.7426546697792995 0.9578961817460334 0.8823154452234352 0.8444518413838518 0.7930876528839508 0.7230243617788332 0.6119933822444648 0.525125030067657 0.5322227549268846 0.34028743533858735 0.24693159884866164 
0.9869320183371016 -0.1773592178722844 0.05756284063431704 0.27911778664956377 0.18648824596619404 0.36195829652592154 0.7214102898234814 0.6863527375913716 0.5082065031547054 0.8427671182201409 0.7914075359718947 0.8306512556013566 0.9038735626409949 0.9472183786416761 0.9400711209509711 0.9469227694131532 0.9905893102062001 0.9987481721506637 0.9754880673580792 0.7426546697792995 0.9578961817460334 0.8823154452234352 0.8444518413838518 0.7930876528839508 0.7230243617788332 0.6119933822444648 0.525125030067657 0.5322227549268846 0.34028743533858735 0.24693159884866164 
0.9869320183371016 0.02706480934347904 0.07578396641707293 -0.016440221376641986 0.18269202470549853 0.3699507182855752 0.4253695965373405 0.5530206725720624 0.5082065031547054 0.5826966349370728 0.7873759297271229 0.8165515967307075 0.8972268603531738 0.9451893933166797 0.9566513827599138 0.6591461962262358 1.0 0.9921710907899545 0.968428966990843 0.9881016094939515 0.9304709004621744 0.8738790033148367 0.8253895598136431 0.7930876528839508 0.7222589377290907 0.6054327515623575 0.5235269288065346 0.43680021448862955 0.33400317882300307 0.2272855651752982 
0.9875811755808734 -0.16651521579012474 0.07811117757344574 0.1849586609893246 0.1912425757386919 0.5114413208601434 0.4534019403784049 0.5722752262770098 0.5101212876660125 0.6598156023675084 0.7981990860903952 0.8116595090690111 0.9005771717470943 0.9358402462557387 0.9586888441430719 0.9598578981590417 0.9889104369965355 0.9960373040646879 0.967718435067361 0.9843395296676054 0.9279714272446671 0.8824767570018179 0.8352050984613731 0.7591947045108741 0.7312704861122168 0.44588103471646995 0.525125030067657 0.4326280902017365 0.3420537961757509 0.24357977367892542 
0.9869320183371016 0.03404891640506354 0.0733024251689537 0.2736519441884756 0.18648824596619404 0.3693562845134422 0.7257122825402516 0.5437149320114799 0.5082065031547054 0.5826966349370728 0.7622050966423366 0.8165515967307075 0.9038735626409949 0.9319193266873956 0.9487531339884103 0.9534997080068556 0.9935123312180157 0.9989576847222504 0.968428966990843 0.9789066089254166 0.9279714272446671 0.8738790033148367 0.8257051409098267 0.7766851110282705 0.7222589377290907 0.45519878674086023 0.481403091806371 0.36154751916597294 0.33400317882300307 0.3047265498876759 
0.9869320183371016 0.02706480934347904 0.07578396641707293 -0.016440221376641986 0.18269202470549853 0.3699507182855752 0.4253695965373405 0.5530206725720624 0.5082065031547054 0.5826966349370728 0.7873759297271229 0.8165515967307075 0.8972268603531738 0.9451893933166797 0.9566513827599138 0.6591461962262358 1.0 0.9921710907899545 0.968428966990843 0.9881016094939515 0.9304709004621744 0.8738790033148367 0.8253895598136431 0.7930876528839508 0.7222589377290907 0.6054327515623575 0.5235269288065346 0.43680021448862955 0.33400317882300307 0.2272855651752982 
0.9869320183371016 -0.17039644881863072 0.07993319761698199 -0.016440221376641986 0.1742060725996041 0.5117932871541341 0.44826754891063214 0.5530206725720624 0.5158127281702257 0.6598156023675084 0.7819088877345594 0.8329616322712794 0.8972268603531738 0.9433344981548153 0.9493787409460279 0.9469227694131532 0.992207772203685 0.9968110239971616 0.9584739360611636 0.9881016094939515 0.9279714272446671 0.8738790033148367 0.8253895598136431 0.8976315036063608 0.7242657937894779 0.5032532107147447 0.481211828051761 0.4211380557822093 0.3413129548921063 0.3123804816180023 
0.9869320183371016 -0.17039644881863072 0.07993319761698199 -0.016440221376641986 0.1742060725996041 0.5117932871541341 0.44826754891063214 0.5530206725720624 0.5158127281702257 0.6598156023675084 0.7819088877345594 0.8329616322712794 0.8972268603531738 0.9433344981548153 0.9493787409460279 0.9469227694131532 0.992207772203685 0.9968110239971616 0.9584739360611636 0.9881016094939515 0.9279714272446671 0.8738790033148367 0.8253895598136431 0.8976315036063608 0.7242657937894779 0.5032532107147447 0.481211828051761 0.4211380557822093 0.3413129548921063 0.3123804816180023 
0.9875811755808734 -0.16651521579012474 0.07811117757344574 0.1849586609893246 0.1912425757386919 0.5114413208601434 0.4534019403784049 0.5722752262770098 0.5101212876660125 0.6598156023675084 0.7981990860903952 0.8116595090690111 0.9005771717470943 0.9358402462557387 0.9586888441430719 0.9598578981590417 0.9889104369965355 0.9960373040646879 0.967718435067361 0.9843395296676054 0.9279714272446671 0.8824767570018179 0.8352050984613731 0.7591947045108741 0.7312704861122168 0.44588103471646995 0.525125030067657 0.4326280902017365 0.3420537961757509 0.24357977367892542 
0.9869320183371016 -0.16651521579012474 0.07504798275069001 -0.016440221376641986 0.18269202470549853 0.36195829652592154 0.44406241804542207 0.5586237986782145 0.5025937640529137 0.5989344859354623 0.778803149512013 0.8182884430876387 0.8972268603531738 0.9451893933166797 0.9764289050887034 0.9469227694131532 0.9905893102062001 0.993578199101722 0.968428966990843 0.7369364366768393 0.9329901871224696 0.8800721297120448 0.8439807294630675 0.7875134498987552 0.6645518750136238 0.4639673050677489 0.525125030067657 0.43680021448862955 0.33053871620660547 0.3166814720843845 
0.9869320183371016 -0.16651521579012474 0.07504798275069001 -0.016440221376641986 0.18269202470549853 0.36195829652592154 0.44406241804542207 0.5586237986782145 0.5025937640529137 0.5989344859354623 0.778803149512013 0.8182884430876387 0.8972268603531738 0.9451893933166797 0.9764289050887034 0.9469227694131532 0.9905893102062001 0.993578199101722 0.968428966990843 0.7369364366768393 0.9329901871224696 0.8800721297120448 0.8439807294630675 0.7875134498987552 0.6645518750136238 0.4639673050677489 0.525125030067657 0.43680021448862955 0.33053871620660547 0.3166814720843845 
0.9869320183371016 -0.17581139912215613 0.06658734839786884 -0.016440221376641986 0.1811541471549511 0.365244171354287 0.4502366024478733 0.3235931942874614 0.5101212876660125 0.5826966349370728 0.7819285420560028 0.827798551584357 0.9056622332777786 0.9321193477231954 0.9493787409460279 0.9469227694131532 0.9905893102062001 0.9987481721506637 0.9584739360611636 0.9781892859193424 0.9279714272446671 0.8884230946098723 0.8421732270521487 0.8529430819810124 0.7242657937894779 0.4639673050677489 0.525125030067657 0.35379232397541893 0.33177979772324934 0.30594270072800983 
0.9869320183371016 0.35114996373044405 0.0733024251689537 0.18536751173569177 0.18269202470549853 0.36844131322491197 0.44406241804542207 0.5437149320114799 0.5101212876660125 0.579839809510302 0.778803149512013 0.8116595090690111 0.9005771717470943 0.9488547153860549 0.9590080707929699 0.9598578981590417 1.0 0.9960373040646879 0.968428966990843 0.9789066089254166 0.9304709004621744 0.8738790033148367 0.8253895598136431 0.7677567557597745 0.7222589377290907 0.44588103471646995 0.5235269288065346 0.43680021448862955 0.33411654271580515 0.30033359480026744 
0.9869320183371016 -0.1699384303321952 0.06822831212499542 0.2864541764342421 0.16532077047741547 0.36195829652592154 0.45505358495326226 0.5423787016141135 0.5101212876660125 0.35106336491376067 0.7873759297271229 0.8237865159509754 0.8972268603531738 0.9451893933166797 0.9566513827599138 0.6584912051809177 0.9905893102062001 1.0 0.9513616078609259 0.735765035620948 0.9459969569102112 0.8913826384630126 0.8444518413838518 0.7930876528839508 0.7319501665393263 0.6096716445585006 0.5237834868174971 0.43680021448862955 0.33164438259768897 0.2272855651752982 
0.9869320183371016 -0.17581139912215613 0.06735937324536388 0.27911778664956377 0.17467951918046828 0.36195829652592154 0.45829468756057057 0.5377053893996344 0.5028286814589666 0.6209560173898692 0.7914075359718947 0.8214130440022192 0.8970137467498654 0.9451893933166797 0.9447805750638991 0.955032790970246 0.9839059167953881 0.9987481721506637 0.9574649734343124 0.7426546697792995 0.9578961817460334 0.8884230946098723 0.8444518413838518 0.7930876528839508 0.7230243617788332 0.6119933822444648 0.5262309015827092 0.5322227549268846 0.341155709070651 0.24939032543960332 
0.9869320183371016 -0.17086835888107096 0.06658734839786884 -0.016440221376641986 0.18269202470549853 0.36844131322491197 0.44406241804542207 0.3315323691633613 0.5002874502651314 0.5887503638078355 0.778803149512013 0.8092639620900294 0.9005771717470943 0.9488547153860549 0.9493787409460279 0.9469227694131532 0.989109290498955 0.9904225038321766 0.968428966990843 0.9789066089254166 0.9264601263477354 0.5443524952999479 0.8253895598136431 0.7861775975845068 0.7180274582786437 0.4639673050677489 0.5235269288065346 0.35379232397541893 0.33177979772324934 0.31507027135379956 
0.9869320183371016 -0.17581139912215613 0.06658734839786884 -0.016440221376641986 0.17467951918046828 0.37160420426923857 0.4502366024478733 0.33254495453950134 0.49386709755839947 0.5826966349370728 0.7914075359718947 0.827798551584357 0.9031185348031572 0.9451893933166797 0.9439650625668614 0.9469227694131532 0.9905893102062001 0.9987481721506637 0.9584739360611636 0.9811776206109956 0.9279714272446671 0.8884230946098723 0.8444518413838518 0.8444457205968923 0.7222589377290907 0.6119933822444648 0.525125030067657 0.7734438763165394 0.3249150857973865 0.24939032543960332 
0.9869320183371016 -0.1699384303321952 0.06822831212499542 0.2864541764342421 0.16532077047741547 0.36195829652592154 0.45505358495326226 0.5423787016141135 0.5101212876660125 0.35106336491376067 0.7873759297271229 0.8237865159509754 0.8972268603531738 0.9451893933166797 0.9566513827599138 0.6584912051809177 0.9905893102062001 1.0 0.9513616078609259 0.735765035620948 0.9459969569102112 0.8913826384630126 0.8444518413838518 0.7930876528839508 0.7319501665393263 0.6096716445585006 0.5237834868174971 0.43680021448862955 0.33164438259768897 0.2272855651752982 
0.9869320183371016 -0.17086835888107096 0.06658734839786884 -0.016440221376641986 0.18269202470549853 0.36844131322491197 0.44406241804542207 0.3315323691633613 0.5002874502651314 0.5887503638078355 0.778803149512013 0.8092639620900294 0.9005771717470943 0.9488547153860549 0.9493787409460279 0.9469227694131532 0.989109290498955 0.9904225038321766 0.968428966990843 0.9789066089254166 0.9264601263477354 0.5443524952999479 0.8253895598136431 0.7861775975845068 0.7180274582786437 0.4639673050677489 0.5235269288065346 0.35379232397541893 0.33177979772324934 0.31507027135379956 
0.9869320183371016 -0.17581139912215613 0.06735937324536388 0.27911778664956377 0.17467951918046828 0.36195829652592154 0.45829468756057057 0.5377053893996344 0.5028286814589666 0.6209560173898692 0.7914075359718947 0.8214130440022192 0.8970137467498654 0.9451893933166797 0.9447805750638991 0.955032790970246 0.9839059167953881 0.9987481721506637 0.9574649734343124 0.7426546697792995 0.9578961817460334 0.8884230946098723 0.8444518413838518 0.7930876528839508 0.7230243617788332 0.6119933822444648 0.5262309015827092 0.5322227549268846 0.341155709070651 0.24939032543960332 
0.9869320183371016 -0.17581139912215613 0.06658734839786884 -0.016440221376641986 0.17467951918046828 0.37160420426923857 0.4502366024478733 0.33254495453950134 0.49386709755839947 0.5826966349370728 0.7914075359718947 0.827798551584357 0.9031185348031572 0.9451893933166797 0.9439650625668614 0.9469227694131532 0.9905893102062001 0.9987481721506637 0.9584739360611636 0.9811776206109956 0.9279714272446671 0.8884230946098723 0.8444518413838518 0.8444457205968923 0.7222589377290907 0.6119933822444648 0.525125030067657 0.7734438763165394 0.3249150857973865 0.24939032543960332 
0.9869320183371016 -0.16651521579012474 0.06822831212499542 0.2839411924356966 0.17288852283244688 0.36195829652592154 0.45505358495326226 0.5437384185613168 0.5101212876660125 0.5761141943026871 0.7827850076871437 0.806758051242387 0.8972268603531738 0.9368452971769962 0.9447805750638991 0.6445736971688332 0.9905893102062001 1.0 0.9513616078609259 0.735765035620948 0.9530186000468079 0.899519172411041 0.83680181432094 0.7930876528839508 0.7242657937894779 0.6157963918160844 0.5347577211221026 0.43680021448862955 0.34227658287203466 0.2272855651752982 
0.9869320183371016 -0.17581139912215613 0.06735937324536388 0.27911778664956377 0.17467951918046828 0.3616667797020021 0.45784342006812917 0.5586237986782145 0.5101212876660125 0.613270693406681 0.7873759297271229 0.8237865159509754 0.8991023803082626 0.9431299459294796 0.9447805750638991 0.6584912051809177 0.9905893102062001 1.0 0.9574649734343124 0.7426546697792995 0.9346550609316818 0.8800721297120448 0.8444518413838518 0.7930876528839508 0.7230243617788332 -0.04548519229723813 0.5262309015827092 0.43680021448862955 0.33164438259768897 0.2460985135278472 
0.9869320183371016 -0.17581139912215613 0.06735937324536388 0.27911778664956377 0.17467951918046828 0.3616667797020021 0.45784342006812917 0.5586237986782145 0.5101212876660125 0.613270693406681 0.7873759297271229 0.8237865159509754 0.8991023803082626 0.9431299459294796 0.9447805750638991 0.6584912051809177 0.9905893102062001 1.0 0.9574649734343124 0.7426546697792995 0.9346550609316818 0.8800721297120448 0.8444518413838518 0.7930876528839508 0.7230243617788332 -0.04548519229723813 0.5262309015827092 0.43680021448862955 0.33164438259768897 0.2460985135278472 
0.9869320183371016 -0.16651521579012474 0.06822831212499542 0.2839411924356966 0.17288852283244688 0.36195829652592154 0.45505358495326226 0.5437384185613168 0.5101212876660125 0.5761141943026871 0.7827850076871437 0.806758051242387 0.8972268603531738 0.9368452971769962 0.9447805750638991 0.6445736971688332 0.9905893102062001 1.0 0.9513616078609259 0.735765035620948 0.9530186000468079 0.899519172411041 0.83680181432094 0.7930876528839508 0.7242657937894779 0.6157963918160844 0.5347577211221026 0.43680021448862955 0.34227658287203466 0.2272855651752982 
0.9869320183371016 -0.1699384303321952 0.07659704540599432 0.8271374476802977 0.16532077047741547 0.36195829652592154 0.453854068613585 0.5423787016141135 0.5180681346794207 0.35129615426334726 0.7872194655623439 0.8237865159509754 0.8971396361512531 0.9448720633838688 0.9447805750638991 0.6584912051809177 0.9815159494959218 1.0 0.9562908259509382 0.9789066089254166 0.9279714272446671 0.8884230946098723 0.8324579165648134 0.8529430819810124 0.7222589377290907 0.6122442684478585 0.525125030067657 0.35379232397541893 0.3416285751964455 0.30279632066858353 
0.3203308304116917 0.03780189666347865 -0.2290868852429786 0.2780962066211861 0.05046595542737327 0.37236802505980554 0.2624555096183994 0.5653513004745405 0.6499431354243884 0.7212449738693212 0.6181344638207045 0.8432096319963032 0.7746275750833411 0.9365992042166166 0.9086840922204579 0.9883199349422016 0.7762278600152486 0.999802906653384 0.9633416021972173 0.9529011631264275 0.7299381640599282 0.8844294849547869 0.8400943258353586 0.7731267713797774 0.39532022296457814 0.6204003513717058 -0.1393451980589817 0.4296034639931403 0.33700094014834375 0.24201495889605584 
0.3203308304116917 0.03377313033990266 0.09760974210912855 0.2697835283472956 0.09752623531700727 0.3736772448669808 0.6704231245895464 0.5596242748613497 0.9073015160857341 0.7235269565779525 0.5984947223628413 0.8379364244303481 0.7690009099007752 0.9365992042166166 0.467906465135961 1.0 0.7692495269441201 1.0 0.9732064448355632 0.9529011631264275 0.7446671306036243 0.8844294849547869 0.799124075465832 0.7679818757751513 0.511381437312062 0.6247985552124984 0.4869628305039209 0.4296034639931403 0.4622063954148842 0.24697429581874328 
0.32027937586533234 0.03248606394391299 0.7252769476921443 0.2696602718616307 0.05351174892004996 0.3717107638763004 0.6704231245895464 0.5573367057423885 0.6531876654142367 0.7299263959118394 0.6115407815138232 0.8439979538586233 0.7833875929740908 0.9381736842292984 0.8969144604870732 0.9909685447183662 0.7762278600152486 0.9905978675315713 0.9817418569954743 0.9529011631264275 0.730730474336352 0.8901716870078452 0.9331562696050657 0.7713623682998416 0.5072982687955745 0.6204003513717058 0.4599751780759923 0.4295366119891103 0.46438377507640505 0.23941022496378112 
0.3203308304116917 0.03515703433921556 0.1025537184453631 0.2696602718616307 0.04842703797635106 0.3736772448669808 0.6534438937256555 0.5644916758239038 0.6531876654142367 0.7235269565779525 0.6069914122992495 0.8456307815714086 0.7800856118384321 0.9381736842292984 0.8964038276936028 1.0 0.7663440742677127 0.9869717528309606 0.9732064448355632 0.9529011631264275 0.7080232030219352 0.8844294849547869 0.799124075465832 0.7656187331489808 0.5152016661639547 0.6247985552124984 0.4599751780759923 0.4385904869761862 0.45679805625764697 0.23191604351453293 
0.3203308304116917 0.03290545690612225 0.11421940072101172 0.2771045064352593 0.09752623531700727 0.3736772448669808 0.6693376374073099 0.554458140834105 0.8978448865850025 0.7251316181210588 0.5984947223628413 0.8379364244303481 0.7790136373915344 0.9365992042166166 0.467906465135961 0.9909685447183662 0.76315920396643 1.0 0.9725401416298749 0.9516972128068625 0.744707054164852 0.8844294849547869 0.8334847388252488 0.7608408257978396 0.511381437312062 0.6175561307613797 0.48630555289693855 0.42956072949072716 0.4622063954148842 0.2349727491938277 
0.3203308304116917 0.03135321902532269 -0.571356626143662 0.2697835283472956 0.15648145347641473 0.3736772448669808 0.6627216822563161 0.5644916758239038 0.5912193553144649 0.7235269565779525 0.6069914122992495 0.8502367878898325 0.7784676533713455 0.9332109250025099 0.8925068916320713 0.9909685447183662 0.7762278600152486 0.9905978675315713 0.9732064448355632 0.9715799620942597 0.7146504840504159 0.8941591556591245 0.929289326766151 0.7674383150716644 0.510816637591318 0.6218820014717269 0.4599751780759923 0.4385904869761862 0.3468537336490932 0.2349727491938277 
0.3203308304116917 0.03515703433921556 0.1025537184453631 0.2697835283472956 0.10679264695784552 0.3717107638763004 0.6704231245895464 0.5543572536271031 0.6531876654142367 0.7235269565779525 0.6087407564279497 0.8502367878898325 0.7729290568214815 0.9309562998763251 0.467906465135961 1.0 0.7762278600152486 0.9905978675315713 0.9732064448355632 0.9529011631264275 0.7446671306036243 0.8844294849547869 0.799124075465832 0.7679818757751513 0.5072982687955745 0.6264320711658272 0.4599751780759923 0.4385904869761862 0.45690857660435785 0.23191604351453293 
0.32027937586533234 0.031727552810144895 0.1025537184453631 0.2711768958721714 0.05046595542737327 0.38066636176470503 0.6693376374073099 0.5591328673701651 0.6531876654142367 0.7251316181210588 0.6112579790279097 0.8427610006505329 0.7791113936779914 0.9260430713840618 0.9068471280250048 0.9909685447183662 0.7762278600152486 0.999802906653384 0.9844426265854753 0.9614825212653992 0.730730474336352 0.8901716870078452 0.6030409357246804 0.76983374276431 0.5072982687955745 0.6204003513717058 0.4544535187376425 0.4385904869761862 0.4571256047434867 0.23902823253736574 
0.3203308304116917 0.03515703433921556 0.1025537184453631 0.2696602718616307 0.04842703797635106 0.3736772448669808 0.6534438937256555 0.5644916758239038 0.6531876654142367 0.7235269565779525 0.6069914122992495 0.8456307815714086 0.7800856118384321 0.9381736842292984 0.8964038276936028 1.0 0.7663440742677127 0.9869717528309606 0.9732064448355632 0.9529011631264275 0.7080232030219352 0.8844294849547869 0.799124075465832 0.7656187331489808 0.5152016661639547 0.6247985552124984 0.4599751780759923 0.4385904869761862 0.45679805625764697 0.23191604351453293 
0.3203308304116917 0.037917248684434884 0.15251816488069975 0.2720181238841217 0.05594507814494924 0.38066636176470503 0.2657038110477441 0.5600139264075154 0.6351099851275929 0.7251316181210588 0.6002683133970211 0.8400076060979204 0.7701580360055151 0.9377484245647056 0.9702995341471916 0.9909685447183662 0.7762278600152486 1.0 0.7121109244005137 0.9609877990131411 0.7377669439499388 0.890863547776344 0.8400943258353586 0.7651125776334795 0.5085557383986598 0.6264320711658272 0.4864866165947817 0.4425007618973157 0.3468537336490932 0.2349727491938277 
0.3203308304116917 0.03392034571523007 -0.009724641911436738 0.2700184008991071 0.153625472221301 0.36821518666944253 0.2658233622063856 0.5591635647839983 0.5912193553144649 0.7251316181210588 0.612901045457853 0.8502367878898325 0.7729290568214815 0.9332109250025099 0.467906465135961 0.9909685447183662 0.7844769941632471 0.9905978675315713 0.9732064448355632 0.9598538559049451 0.7446671306036243 0.8941591556591245 0.8286445383924883 0.7535719916161772 0.517786465495816 0.6264320711658272 0.4529029116146159 0.44815332313387957 0.3468537336490932 0.24145815408164903 
0.3203308304116917 0.03515703433921556 0.15251816488069975 0.2728885395943086 0.15648145347641473 0.3736772448669808 0.26409037617200637 0.5591635647839983 0.5912193553144649 0.7251316181210588 0.612901045457853 0.8502367878898325 0.7729290568214815 0.9381736842292984 0.8925068916320713 0.9976431850031507 0.768443440372104 0.9992658727900984 0.9782211397178353 0.9598538559049451 0.7377669439499388 0.8844294849547869 0.8286445383924883 0.7570469495526111 0.5152786078483743 0.6264320711658272 0.7334049418406947 0.4425007618973157 0.3468537336490932 0.2349727491938277 
0.3203308304116917 0.03515703433921556 0.15251816488069975 0.2728885395943086 0.15648145347641473 0.3736772448669808 0.26409037617200637 0.5591635647839983 0.5912193553144649 0.7251316181210588 0.612901045457853 0.8502367878898325 0.7729290568214815 0.9381736842292984 0.8925068916320713 0.9976431850031507 0.768443440372104 0.9992658727900984 0.9782211397178353 0.9598538559049451 0.7377669439499388 0.8844294849547869 0.8286445383924883 0.7570469495526111 0.5152786078483743 0.6264320711658272 0.7334049418406947 0.4425007618973157 0.3468537336490932 0.2349727491938277 
0.3203308304116917 0.03515703433921556 0.1025537184453631 0.2697835283472956 0.15584866462498104 0.3736772448669808 0.6704231245895464 0.5591635647839983 0.630768999115958 0.715229486427311 0.6087407564279497 0.8502367878898325 0.7729290568214815 0.9381736842292984 0.8969144604870732 1.0 0.768443440372104 0.9881900799198868 0.9782211397178353 0.9598538559049451 0.7393158058730942 0.8844294849547869 0.8400943258353586 0.7562393056121357 0.5152786078483743 0.6247985552124984 0.7298972853306125 0.4296034639931403 0.4622063954148842 0.2349727491938277 
0.32027937586533234 0.037917248684434884 0.15251816488069975 0.26517042309378436 0.05593439185804596 0.37236802505980554 0.2657038110477441 0.5591635647839983 0.630768999115958 0.7212449738693212 0.6002683133970211 0.8400076060979204 0.7701580360055151 0.9381736842292984 0.8969144604870732 0.9883199349422016 0.7762278600152486 0.9905978675315713 0.9861846557883203 0.9522324866544687 0.7377669439499388 0.890863547776344 0.8400943258353586 0.7570469495526111 0.49836552154693786 0.6204003513717058 0.7298972853306125 0.4425007618973157 0.33700094014834375 0.2349727491938277 
0.3203308304116917 0.03515703433921556 0.15251816488069975 0.26980755757412145 0.15648145347641473 0.3736772448669808 0.509763021850137 0.5591635647839983 0.630768999115958 0.7212449738693212 0.6040060467412325 0.8502367878898325 0.7729290568214815 0.9381736842292984 0.8873580932630738 1.0 0.768443440372104 0.9881900799198868 0.9880930211717812 0.9598538559049451 0.7393158058730942 0.8844294849547869 0.8286445383924883 0.7570469495526111 0.5152786078483743 0.6204003513717058 0.7334223500048099 0.4283289191957596 0.4622063954148842 0.2349727491938277 
0.3203308304116917 0.03515703433921556 0.15251816488069975 0.26980755757412145 0.15648145347641473 0.3736772448669808 0.509763021850137 0.5591635647839983 0.630768999115958 0.7212449738693212 0.6040060467412325 0.8502367878898325 0.7729290568214815 0.9381736842292984 0.8873580932630738 1.0 0.768443440372104 0.9881900799198868 0.9880930211717812 0.9598538559049451 0.7393158058730942 0.8844294849547869 0.8286445383924883 0.7570469495526111 0.5152786078483743 0.6204003513717058 0.7334223500048099 0.4283289191957596 0.4622063954148842 0.2349727491938277 
0.3203308304116917 0.03741050417375896 0.15826040379177592 0.2760778474181494 0.10851107490360351 0.37009793299173727 0.5119574985159341 0.5591635647839983 0.6237735845283237 0.7312965689428532 0.6040060467412325 0.8502367878898325 0.7765824560681833 0.9381736842292984 0.8873580932630738 0.9929987678862728 0.768443440372104 0.9962122811505455 0.9876540223832037 0.9609877990131411 0.7393158058730942 0.8844294849547869 0.7074937054921371 0.7743715520834756 0.5099989031451618 0.6123053496137454 0.4599751780759923 0.4283289191957596 0.4622063954148842 0.23358081689458343 
0.3203308304116917 0.03741050417375896 0.15826040379177592 0.2760778474181494 0.10851107490360351 0.37009793299173727 0.5119574985159341 0.5591635647839983 0.6237735845283237 0.7312965689428532 0.6040060467412325 0.8502367878898325 0.7765824560681833 0.9381736842292984 0.8873580932630738 0.9929987678862728 0.768443440372104 0.9962122811505455 0.9876540223832037 0.9609877990131411 0.7393158058730942 0.8844294849547869 0.7074937054921371 0.7743715520834756 0.5099989031451618 0.6123053496137454 0.4599751780759923 0.4283289191957596 0.4622063954148842 0.23358081689458343 
0.3203308304116917 0.028064581359918978 0.15826040379177592 0.2696602718616307 0.04842703797635106 0.38066636176470503 0.5119574985159341 0.5600139264075154 0.6531876654142367 0.7244391199924242 0.6088432786773539 0.8400076060979204 0.7701580360055151 0.9377484245647056 0.8949356309384807 1.0 0.7688218414936704 0.9869717528309606 0.9876540223832037 0.9529011631264275 0.7393158058730942 0.890863547776344 0.8474881545408944 0.7723493525589018 0.6920286457446307 0.6123053496137454 0.489218109258686 0.4385904869761862 0.4539572982438639 0.23191604351453293 
0.3203308304116917 0.04464191177953563 0.1583400008844431 0.2696602718616307 0.16489158234779905 0.3736772448669808 0.509763021850137 0.5644916758239038 0.6237735845283237 0.7186889192571244 0.6067955334090144 0.8442769691764629 0.7765824560681833 0.9381736842292984 0.9005071334466651 0.9909685447183662 0.768443440372104 1.0 0.9876540223832037 0.9598538559049451 0.7393158058730942 0.8844294849547869 0.8345133865859956 0.7713623682998416 0.5099989031451618 0.6204003513717058 0.4599751780759923 0.4207656871759304 0.4622063954148842 0.2349727491938277 
0.3203308304116917 0.03901881118718582 0.10817034473914089 0.2781873916237037 0.05126475325911063 0.36960337833010637 0.40495339239129235 0.5567344214571809 0.6534317223056585 0.7235269565779525 0.6002683133970211 0.8320141702801235 0.7701580360055151 0.9260430713840618 0.979254737384455 0.9849312951761164 0.76315920396643 1.0 0.9664191971622228 0.9609877990131411 0.9066077081488193 0.882085360260247 0.8180784703703182 0.7659039826075861 0.7374866620337107 0.6251019845947856 0.4660271443592297 0.4425007618973157 0.3468537336490932 0.2349727491938277 
0.3203308304116917 0.03636046369704228 0.21331006536343627 0.27356819259622717 0.10851107490360351 0.38177655412251277 0.40929541416708787 0.5720817826787749 0.623689700243709 0.7235269565779525 0.6125650737907573 0.8530304908928743 0.9142897527608371 0.9381736842292984 0.9623755955061494 0.9877351249599086 0.7733587498398907 1.0 0.9839383882978532 0.9609877990131411 0.739355545707011 0.9181628939398272 0.8404190307488095 0.7743715520834756 0.5646222675828354 0.6123053496137454 0.47261213081386794 0.440467249544102 0.34914978692663623 0.2586066820292257 
0.3203308304116917 0.03901881118718582 0.10817034473914089 0.2781873916237037 0.05126475325911063 0.36960337833010637 0.40495339239129235 0.5567344214571809 0.6534317223056585 0.7235269565779525 0.6002683133970211 0.8320141702801235 0.7701580360055151 0.9260430713840618 0.979254737384455 0.9849312951761164 0.76315920396643 1.0 0.9664191971622228 0.9609877990131411 0.9066077081488193 0.882085360260247 0.8180784703703182 0.7659039826075861 0.7374866620337107 0.6251019845947856 0.4660271443592297 0.4425007618973157 0.3468537336490932 0.2349727491938277 
0.3203308304116917 0.04338320534395196 0.1514346908171831 0.2781873916237037 0.40351736187169773 0.38177655412251277 0.40025065770195023 0.5567344214571809 0.6570613927541789 0.7235269565779525 0.6125650737907573 0.8340723624469751 0.9304478371826358 0.9381736842292984 0.9955383560326165 0.9841805000946794 0.76315920396643 1.0 0.9789126894593024 0.9514908394185922 0.7917802721714401 0.9143376129482389 0.8302996674132083 0.7692697815454815 0.7352157803541975 0.6217758802988721 0.4748594921396333 0.42113930384094284 0.3468537336490932 0.2349727491938277 
0.3203308304116917 0.04464191177953563 0.09054013674704497 0.282269424337219 0.314644660883564 0.38102169335765096 0.5184808205021183 0.5600139264075154 0.6457932844227517 0.7366020422262042 0.6067955334090144 0.8442769691764629 0.9304478371826358 0.9381736842292984 1.0 0.9814114373232729 0.768443440372104 1.0 0.9712385192042522 0.9451539270187068 0.7909229710511076 0.8881625666059828 0.8270387483727055 0.7713623682998416 0.7391844892876811 0.6204003513717058 0.5134381415688039 0.42113930384094284 0.4546797726004536 0.2530440631955431 
0.3203308304116917 0.03508514730991283 0.15251816488069975 0.2665737703881938 0.3048707658766776 0.38177655412251277 0.40929541416708787 0.5794352007210333 0.623689700243709 0.7235269565779525 0.6125650737907573 0.8340723624469751 0.9304478371826358 0.9381736842292984 0.9955383560326165 0.9814114373232729 0.768443440372104 0.9928511381094404 0.9621641576396165 0.9573284477574993 0.7441581978017389 0.9143376129482389 0.8286445383924883 0.7692697815454815 0.7308306533516263 0.6217758802988721 0.47261213081386794 0.43987814335874625 0.3545395750913942 0.2586066820292257 
0.32027937586533234 0.04338320534395196 0.07993690162786195 0.2665737703881938 0.40351736187169773 0.38177655412251277 0.4281599498229877 0.5600139264075154 0.6457932844227517 0.7316807231528233 0.6306406087893095 0.8340723624469751 0.9304478371826358 0.9114176745878584 0.9955383560326165 0.9814114373232729 0.9597400984870489 1.0 0.9712385192042522 0.9451539270187068 0.7917802721714401 0.9143376129482389 0.8261849231288283 0.7743715520834756 0.7391844892876811 0.6169647788446814 0.508981732807259 0.42113930384094284 0.35051292931940015 0.23116719963101448 
0.32027937586533234 0.03895678281858507 0.08975507891059914 0.2665737703881938 0.16450234060708288 0.36195829652592154 0.4281599498229877 0.5597630970751296 0.5082065031547054 0.719972771445102 0.7996085693730257 0.8306512556013566 0.9304478371826358 0.9125306272387691 0.9416506921622825 0.9994080410215931 0.9905893102062001 0.9987481721506637 0.9754880673580792 0.9897489746492207 0.7917802721714401 0.8724152511344172 0.8444518413838518 0.7930876528839508 0.7391844892876811 0.6046468673204975 0.525125030067657 0.42057367864070433 0.35583826735176427 0.2967416207662914 
0.32027937586533234 0.04338320534395196 0.07993690162786195 0.282269424337219 0.40351736187169773 0.3816573278016242 0.4114430596489518 0.554332861555802 0.6457932844227517 0.7316807231528233 0.6204063055529276 0.824938056463892 0.9300514083177501 0.9114176745878584 1.0 0.9814114373232729 0.9597400984870489 0.9876788623553077 0.9712385192042522 0.9451539270187068 0.9028513830196009 0.9109586531682214 0.8343696894721216 0.7743715520834756 0.7391844892876811 0.6204003513717058 0.508981732807259 0.42936536074417275 0.3517565935194244 0.2530440631955431 
0.32027937586533234 0.03895678281858507 0.08975507891059914 0.2665737703881938 0.16450234060708288 0.36195829652592154 0.4281599498229877 0.5597630970751296 0.5082065031547054 0.719972771445102 0.7996085693730257 0.8306512556013566 0.9304478371826358 0.9125306272387691 0.9416506921622825 0.9994080410215931 0.9905893102062001 0.9987481721506637 0.9754880673580792 0.9897489746492207 0.7917802721714401 0.8724152511344172 0.8444518413838518 0.7930876528839508 0.7391844892876811 0.6046468673204975 0.525125030067657 0.42057367864070433 0.35583826735176427 0.2967416207662914 
0.3203308304116917 0.03028712526355489 0.089845589719428 0.2839411924356966 0.1826989024246924 0.39064887033856643 0.7621469337083899 0.5687176583335408 0.6573477647716434 0.7302977513533943 0.6352565903566494 0.837112238569996 0.9219171668230212 0.9114176745878584 0.9545192149982281 0.9442510031537543 0.8214941031208949 0.9955840505718403 0.9909953145270549 0.972715938638234 0.9117364023110813 0.9181179209048954 0.8206616694004524 0.7743715520834756 0.9035985849894056 0.6140225614253263 0.5070879206590099 0.4423202969009873 0.3019629129678844 0.2595710166922338 
0.32027937586533234 0.037297668997725984 0.1025537184453631 0.2839411924356966 0.27131746761963615 0.3924571180668796 0.4114430596489518 0.5531910887353664 0.6457932844227517 0.7316807231528233 0.6202110977514101 0.8283513650857747 0.9295425480420519 0.9164119170703627 1.0 0.9442510031537543 0.8497920713267605 0.9876788623553077 0.9759743421113567 0.8210436284232336 0.9279714272446671 0.9134238193608201 0.8182068701166764 0.7743715520834756 0.5686588132002971 0.45217025467363847 0.508981732807259 0.4265282872223425 0.3287531343218793 0.23038251438584692 
0.3213321568877187 0.03028712526355489 0.158942882196444 0.2839411924356966 0.23864294233686797 0.368500563596519 0.40929541416708787 0.548769853661452 0.6635565279207571 0.7315451387288625 0.7818532904233298 0.837112238569996 0.9037933507237633 0.9452317849153772 0.9584302025468198 0.9640828849005434 0.8664837896967718 1.0 0.9844426265854753 0.8210436284232336 0.9279714272446671 0.9059564034143488 0.8270961272554135 0.7743715520834756 0.7218996176950563 0.6173782566526967 0.508981732807259 0.4413883422800162 0.30658335269682424 0.24235365027488165 
0.32027937586533234 0.04338320534395196 0.07993690162786195 0.282269424337219 0.40351736187169773 0.3816573278016242 0.4114430596489518 0.554332861555802 0.6457932844227517 0.7316807231528233 0.6204063055529276 0.824938056463892 0.9300514083177501 0.9114176745878584 1.0 0.9814114373232729 0.9597400984870489 0.9876788623553077 0.9712385192042522 0.9451539270187068 0.9028513830196009 0.9109586531682214 0.8343696894721216 0.7743715520834756 0.7391844892876811 0.6204003513717058 0.508981732807259 0.42936536074417275 0.3517565935194244 0.2530440631955431 
0.3213321568877187 0.036763398056090774 0.08275426786083966 -0.03552908371871322 0.3917627878532432 0.37333000776995173 0.4819366451121439 0.548769853661452 0.6635565279207571 0.7398340454634704 0.7732860151589485 0.837112238569996 0.9092335110170556 0.9452317849153772 0.9641615056830463 0.9709448313713335 0.9587733327429724 1.0 0.9844426265854753 0.8210436284232336 0.9411638946918872 0.9059564034143488 0.8081452867879985 0.7899682713026899 0.6681921612879089 0.6173782566526967 0.8600032026469773 0.4413883422800162 0.3112516893521549 0.24235365027488165 
0.3213321568877187 0.036763398056090774 0.08275426786083966 -0.03552908371871322 0.3917627878532432 0.37333000776995173 0.4819366451121439 0.548769853661452 0.6635565279207571 0.7398340454634704 0.7732860151589485 0.837112238569996 0.9092335110170556 0.9452317849153772 0.9641615056830463 0.9709448313713335 0.9587733327429724 1.0 0.9844426265854753 0.8210436284232336 0.9411638946918872 0.9059564034143488 0.8081452867879985 0.7899682713026899 0.6681921612879089 0.6173782566526967 0.8600032026469773 0.4413883422800162 0.3112516893521549 0.24235365027488165 
0.3203308304116917 0.03261988418756752 0.07993690162786195 0.24449021035859797 0.4128830992324387 0.3754651266854713 0.47753582286676527 0.554332861555802 0.6554254512435357 0.738405174265983 0.6112579790279097 0.8529549070750371 0.9269006598752407 0.9497022430250718 1.0 1.0 0.9597400984870489 1.0 0.9712385192042522 0.9526847778705466 0.9075861509656615 0.8770646480287183 0.816411948115976 0.7725837006981067 0.6709430172031283 0.5949163728717036 0.6155496551880331 0.4323900077049759 0.3418843515993808 -0.15855780869468927 
0.3203308304116917 0.036763398056090774 0.0781825600753239 0.2839411924356966 0.3917627878532432 0.37333000776995173 0.47753582286676527 0.5544512681454405 0.6603901518058791 0.7398340454634704 0.7818532904233298 0.837112238569996 0.9037933507237633 0.9452317849153772 0.968355608667103 0.9709448313713335 0.9597400984870489 0.9977451386257673 0.9783763528770418 0.8210436284232336 0.9447468869510365 0.7277956472128868 0.8102422896550906 0.7899682713026899 0.6642630410978067 0.6173782566526967 0.8600032026469773 0.443703993117995 0.30658335269682424 -0.15855780869468927 
0.32195684779259304 0.03629683247340201 0.11600690618460628 0.1574479598522222 0.3936352850184342 0.3770598564928544 0.4885092671869522 0.5439096184404666 0.6648833556396335 0.7485371277461251 0.7992730190709995 0.8210951295946632 0.9257281351229171 0.9497022430250718 1.0 1.0 0.9597400984870489 0.9977451386257673 0.9780274636202447 0.8210436284232336 0.7136903014377618 0.720337790634467 0.8083207657791347 0.8029823827985848 0.6595934499019521 0.6068430728470354 0.5673779330077635 0.2615376125374364 0.3242326361261641 -0.15825022322698146 
0.32027937586533234 0.04338320534395196 0.0781825600753239 0.2851835594337362 0.3819320746415178 0.37333000776995173 0.4411036608974488 0.5253301636458139 0.6466129399248102 0.7503260937162867 0.6204063055529276 0.8256596510221529 0.9295425480420519 0.9114176745878584 1.0 0.9814114373232729 0.9567172439383465 0.9977451386257673 0.9765989870464654 0.8210436284232336 0.9043081167207587 0.7338022895075442 0.8083207657791347 0.8029823827985848 0.6680039934625873 0.6286495002385409 0.5121937151396309 0.2666717761275398 0.34331697198533984 -0.1533365752754048 
0.3203308304116917 0.03261988418756752 0.07859004206575496 0.31005525711518245 0.4013344930824403 0.3510137242073432 0.4760817409978036 0.554332861555802 0.6466129399248102 0.7330683959126663 0.6305796763563769 0.8434749296758978 0.9295425480420519 0.9114176745878584 1.0 0.9973244701493009 0.9608397423132462 1.0 0.9712385192042522 0.8222748547470313 0.9043081167207587 0.8770646480287183 0.8083207657791347 0.7725837006981067 0.6725186616274594 0.5949163728717036 0.5121937151396309 0.26911727921438533 0.3418843515993808 -0.1533365752754048 
0.32195684779259304 0.03629683247340201 0.11615593589901387 0.15824242233158275 0.3886385020442938 0.37333000776995173 0.49040587377401457 0.5531910887353664 0.6549818702422279 0.7485371277461251 0.7818532904233298 0.8286082290971074 0.9295425480420519 0.8995547731986576 1.0 0.998705029170951 0.8388209457016677 0.9977451386257673 0.9780274636202447 0.8210436284232336 0.9381475348966888 0.3278587968882314 0.816411948115976 0.7801068821138125 0.6725186616274594 0.5943261442489854 0.4822462320243633 0.2697528244526745 0.3310731174229643 0.11797250081641675 
0.32195684779259304 0.03629683247340201 0.0781825600753239 0.29337213673560575 0.3917627878532432 0.37333000776995173 0.49040587377401457 0.541863174983455 0.6549818702422279 0.7485371277461251 0.7958191486287068 0.8371941278474557 0.9295425480420519 0.8995547731986576 0.9992872592382238 0.998705029170951 0.7794148506294715 0.9977451386257673 0.9780274636202447 0.979978006491029 0.933112726665895 0.33681605642511026 0.816411948115976 0.7899682713026899 0.6680039934625873 0.3156400680548903 0.4691798808628856 0.2697528244526745 0.3418843515993808 -0.15825022322698146 
0.3203308304116917 0.03261988418756752 0.07859004206575496 0.31005525711518245 0.4013344930824403 0.3510137242073432 0.4760817409978036 0.554332861555802 0.6466129399248102 0.7330683959126663 0.6305796763563769 0.8434749296758978 0.9295425480420519 0.9114176745878584 1.0 0.9973244701493009 0.9608397423132462 1.0 0.9712385192042522 0.8222748547470313 0.9043081167207587 0.8770646480287183 0.8083207657791347 0.7725837006981067 0.6725186616274594 0.5949163728717036 0.5121937151396309 0.26911727921438533 0.3418843515993808 -0.1533365752754048 
0.32195684779259304 0.03629683247340201 0.11615593589901387 0.2839411924356966 0.3920853846314013 0.37333000776995173 0.49040587377401457 0.5531910887353664 0.6549818702422279 0.7485371277461251 0.7958191486287068 0.8286082290971074 0.9295425480420519 0.9153918564375436 1.0 1.0 0.7794148506294715 0.9977451386257673 0.9780274636202447 0.979978006491029 0.9381475348966888 0.3278587968882314 0.816411948115976 0.7801068821138125 0.6655162978141151 -0.024354492965126484 0.4822462320243633 0.4263002451776577 0.3310731174229643 -0.15825022322698146 
0.32092095863687337 0.044321117883694305 0.0781825600753239 0.2850828461497631 0.39195540571086934 0.37333000776995173 0.49040587377401457 0.541863174983455 0.6549818702422279 0.7503260937162867 0.7958191486287068 0.8198314348714832 0.9295425480420519 0.8976865135126901 0.9986524957658572 0.998705029170951 0.7794148506294715 0.9977451386257673 0.9780274636202447 0.9809808483701519 0.933112726665895 0.3552984931578289 0.8129139323066359 0.787548283284257 0.6680039934625873 -0.022696470866895302 0.4691798808628856 0.2697528244526745 0.33414046958441357 -0.1533365752754048 
0.32092095863687337 0.044321117883694305 0.0781825600753239 0.2850828461497631 0.39195540571086934 0.37333000776995173 0.49040587377401457 0.541863174983455 0.6549818702422279 0.7503260937162867 0.7958191486287068 0.8198314348714832 0.9295425480420519 0.8976865135126901 0.9986524957658572 0.998705029170951 0.7794148506294715 0.9977451386257673 0.9780274636202447 0.9809808483701519 0.933112726665895 0.3552984931578289 0.8129139323066359 0.787548283284257 0.6680039934625873 -0.022696470866895302 0.4691798808628856 0.2697528244526745 0.33414046958441357 -0.1533365752754048 
0.32092095863687337 0.9822374619498104 0.07859004206575496 0.3076856198519003 0.40701765769955295 0.3510137242073432 0.49040587377401457 0.5588115912153221 0.6549818702422279 0.7330683959126663 0.6305796763563769 0.8210951295946632 0.9295425480420519 0.8995547731986576 1.0 1.0 0.9597400984870489 1.0 0.9751494663423833 0.7299843395107193 0.9184785912854265 0.7277956472128868 0.8129139323066359 0.8029823827985848 0.6725186616274594 -0.022696470866895302 0.47804799188663555 0.4323900077049759 0.3238874662191863 -0.1533365752754048 
0.32195684779259304 0.2350521264646217 0.10740946215187794 0.1584941718365115 0.41116698855765293 0.3770598564928544 0.4838985056233176 0.1719935742389204 0.6549818702422279 0.7485371277461251 0.6305796763563769 0.8168477724866289 0.9295425480420519 0.8995547731986576 1.0 0.7662643819963703 0.9658819735982479 1.0 0.980807682480688 0.8210436284232336 0.9374691338599673 0.7293755824069957 0.8109700451970085 0.7701879712723976 0.6595934499019521 0.5943261442489854 0.47804799188663555 0.4323900077049759 0.3310731174229643 -0.1501306531784596 
0.32195684779259304 0.2350521264646217 0.10332499256651329 0.29337213673560575 0.4056490145940991 0.3770598564928544 0.4838985056233176 0.1719935742389204 0.6549818702422279 0.7545286019402122 0.6305796763563769 0.8299372189272086 0.9295425480420519 -0.7521124352188365 1.0 -0.46641888906877016 0.9687532578697186 1.0 0.9875419539270914 0.8210436284232336 0.9374691338599673 0.33299696466434275 0.816411948115976 0.7701879712723976 0.6680039934625873 0.5943261442489854 0.47804799188663555 0.2697528244526745 0.3332484182711174 -0.14786095593690812 
