2.2917705114378935 1.7373413466407621 2.8210075617455743 
2.221660463945625 1.5951231577598801 2.6442128124693527 
2.2934425563998304 1.8431582016634087 2.8113174999135406 
2.327792339864748 1.6049018627895646 2.8942209519161315 
2.3701225622983904 1.6395144262528742 2.890296407865288 
2.357217384997545 1.6362814451887486 2.545227794604715 
2.2917705114378935 1.7373413466407621 2.8210075617455743 
2.306680538010091 1.6508616931047966 2.7350562648602663 
2.212039877185302 1.7590268577626165 2.793978245816592 
2.357217384997545 1.6362814451887486 2.545227794604715 
2.3380391801790528 1.5237732230831607 2.83794880198122 
2.3701225622983904 1.6395144262528742 2.890296407865288 
2.221660463945625 1.5951231577598801 2.6442128124693527 
2.327792339864748 1.6049018627895646 2.8942209519161315 
2.3474469568282825 1.8024634612316002 2.6366559201480495 
2.3474469568282825 1.8024634612316002 2.6366559201480495 
2.3326742499060185 1.7279191924325081 2.7230744348795564 
2.306680538010091 1.6508616931047966 2.7350562648602663 
2.3628615362418204 1.8804724020745414 2.871790753952928 
2.342922161817641 1.622737883252266 2.848056244487952 
3.0107579485396907 2.68223006049669 3.5596110157463925 
3.907054829020111 2.7817109407717133 3.91122119145722 
4.142731543600494 3.4655771820199393 4.6346798310524076 
3.3081303207833628 3.20179490278559 4.314305724602183 
4.215335478766199 3.1003826870081173 3.9440082613394702 
3.2482548834033347 3.290151615403145 4.526335301424699 
3.485167213443808 3.055070496956061 3.8975612620223177 
3.6611448976551126 2.926618835436154 3.7064288983892926 
3.541007851298655 3.4203773929711097 3.6854575921827952 
3.7074519629096088 3.6574260078890433 3.456737797904961 
2.529352925988999 2.4360161191157768 3.831020807102406 
3.9857128515453555 3.3932804566838657 3.403486402253725 
2.8381880181544807 3.4124584013617025 4.553445140555694 
3.317061459942885 3.0689260201968387 3.066950708550059 
3.7303931396376546 2.8068129319362485 4.744291221318698 
3.160810951463204 2.754112908969437 3.3117678860781705 
3.39805851564294 2.520001181600999 3.554441587695872 
3.8546312085613947 3.245585138962275 4.185247415419052 
2.4790883802557833 1.8055374229549808 3.5014947454710947 
3.477867533278216 2.448602296182565 3.4140753440191363 
3.39805851564294 2.520001181600999 3.554441587695872 
3.680717689443283 2.9944453975024663 3.9382959567176417 
3.156605478995844 3.0209117155895138 4.020485001323649 
3.0609716048563693 2.6775009335671474 4.0534804589355655 
2.468418809221731 3.4225629389619794 3.9332583061434914 
3.5367500534836336 2.229734640684928 3.2794197071458995 
3.0609716048563693 2.6775009335671474 4.0534804589355655 
3.5014532220385832 2.4962664969336448 3.6513929769500955 
3.5378912739047217 2.219597867833881 3.852248283575114 
3.212418498899952 3.181358489771214 3.9044987092045167 
3.347154481205083 2.950507893160853 3.9061751358462944 
3.9206785538414564 3.1072453883902122 4.589520936435116 
4.191049867521683 3.3292388115972944 3.684515523582121 
3.7134038329870953 2.8126383735438747 3.847060489349074 
3.7162262956343506 2.7940265715240553 4.196039609544509 
4.290159779249698 3.411813549523218 4.051728385687854 
3.9432275556488654 3.5646896773952768 3.5194992922421404 
3.2482548834033347 3.290151615403145 4.526335301424699 
3.920525826887326 3.3954466942325405 4.292146541545629 
3.1600271191870513 2.177645497425149 4.186064010426058 
3.0671166286670966 3.61639385591509 3.607720264537197 
3.176374558942223 3.070834500710074 4.113940180743368 
3.8383632726646857 3.2877932951251574 3.6015487245741276 
2.5111666240297956 2.1917234542506145 3.1610879249895816 
2.476646874927074 2.4754179953430597 3.555489927733943 
3.521347281150086 3.2296522204803058 4.103502250612131 
2.994523419757663 3.187900760631565 4.326872082235068 
4.095664548529103 3.3662033590124243 3.939535585843362 
3.613795737858078 3.2653986596617752 4.203858156157621 
4.287527988128901 3.2475704193201715 4.333695595937218 
3.461326973268841 2.692486986895024 4.48064613964722 
4.050517089076289 2.7628492918918077 4.351983414506057 
2.750434023034881 3.0029206348178867 4.248977277320566 
3.660296792542448 2.5298500028407287 4.13101488699391 
3.4879713535607895 2.5716515045715895 3.6311724165087678 
3.945496058644343 3.2829061508677957 4.376792521775634 
4.1027255757812044 2.708816764401651 3.571678195653289 
2.468418809221731 3.4225629389619794 3.9332583061434914 
3.5758162916362917 2.0150700076037737 4.684500970610688 
3.3081303207833628 3.20179490278559 4.314305724602183 
2.6732990398597094 2.4947681382313025 3.600060541092496 
3.7817105310417913 3.4274112315923695 4.393193085571451 
3.5014532220385832 2.4962664969336448 3.6513929769500955 
2.6124489499314953 2.3994397306631656 3.5857795488862227 
3.5617784912176034 3.7854603153646242 3.5517586851055336 
4.155904374126891 3.414871017208711 3.9894212049743243 
3.3480629945598634 2.420174284844717 3.7376571385467496 
3.212418498899952 3.181358489771214 3.9044987092045167 
3.037562536465282 3.4787389400214868 4.379989823430286 
3.347154481205083 2.950507893160853 3.9061751358462944 
2.4790883802557833 1.8055374229549808 3.5014947454710947 
3.176374558942223 3.070834500710074 4.113940180743368 
4.1027255757812044 2.708816764401651 3.571678195653289 
3.6611448976551126 2.926618835436154 3.7064288983892926 
3.1091821249587084 3.068475637575541 4.0255294478739305 
3.9853267628926234 3.0169650152868623 4.562179375287931 
2.5111666240297956 2.1917234542506145 3.1610879249895816 
3.1853799664036826 2.01530502230688 3.0053444782759717 
3.9853267628926234 3.0169650152868623 4.562179375287931 
3.7162262956343506 2.7940265715240553 4.196039609544509 
3.372125290116206 2.368581039319483 2.582371317540435 
3.756711743537978 3.1879538819539057 3.9966579949074283 
2.686582264464393 2.1959261809437076 3.6456079423594234 
3.987293662222713 2.9358406063711806 3.954738072836769 
3.5582117794089685 3.634127142649765 3.9458587844856203 
2.750434023034881 3.0029206348178867 4.248977277320566 
3.0572370278985406 2.837282567934291 4.107778243686378 
3.7074519629096088 3.6574260078890433 3.456737797904961 
4.065031494169714 3.5555485652181336 4.196963227804178 
3.680717689443283 2.9944453975024663 3.9382959567176417 
3.3480629945598634 2.420174284844717 3.7376571385467496 
3.744473515950429 3.2444709713943527 4.326472559087068 
3.5367500534836336 2.229734640684928 3.2794197071458995 
3.047061744821037 2.6735282500351976 3.957495031258302 
2.476646874927074 2.4754179953430597 3.555489927733943 
2.529352925988999 2.4360161191157768 3.831020807102406 
3.695854307362274 3.3582705202001857 3.740459557309463 
3.160810951463204 2.754112908969437 3.3117678860781705 
4.050517089076289 2.7628492918918077 4.351983414506057 
3.196380527572092 2.161350798938535 3.734096590564714 
4.141363303830812 2.826213715203976 3.984909435683464 
4.087643312757262 2.809760084811406 4.170443782558927 
2.7768721155991183 2.4144876926807424 3.6015947427231567 
3.047061744821037 2.6735282500351976 3.957495031258302 
3.660296792542448 2.5298500028407287 4.13101488699391 
2.5885068440135983 2.546111026716085 2.889442459156403 
4.010488692060173 3.1748845975448083 4.290799312993352 
2.0524669261626847 3.010009769627617 3.358890274193471 
4.159869993579727 3.60523448952077 4.225575610638398 
3.94916699693743 2.853818702710533 3.737841276978478 
4.180467098562969 3.52592929523703 3.932368847588692 
3.5986536966349596 3.0369676097882135 3.871377671311659 
4.237213793932428 3.151355231880348 3.4364868025641093 
3.8697785126154733 3.19962329908341 4.455404209695911 
3.1600271191870513 2.177645497425149 4.186064010426058 
3.863427237035315 2.7839582460201955 4.063339734164126 
2.7768721155991183 2.4144876926807424 3.6015947427231567 
4.017307884175093 3.4303684586707974 3.6751662118859523 
3.3610489459212296 2.916471719454893 3.5164593455078097 
3.744473515950429 3.2444709713943527 4.326472559087068 
3.7278780604798483 2.937412960665416 3.8024830465273713 
2.8840863655108198 2.778224805837273 3.826397809862663 
3.3995747139997254 1.8126565731080366 3.4750142342245915 
3.5758162916362917 2.0150700076037737 4.684500970610688 
3.8235826351052626 3.3979172009111807 3.906837385776041 
3.920525826887326 3.3954466942325405 4.292146541545629 
3.9857128515453555 3.3932804566838657 3.403486402253725 
2.8381880181544807 3.4124584013617025 4.553445140555694 
3.774327392362256 3.3063129705408505 4.110071554684158 
3.4561839727148698 2.6150509917216396 3.1939782107647243 
3.477867533278216 2.448602296182565 3.4140753440191363 
3.897568769141749 2.7935634234840743 3.719678960319685 
3.840149200163327 3.6766472099707097 4.722950780443 
3.197247317966833 3.5152503707948095 4.612746553579554 
3.275932551793829 2.6189222146313433 2.952352892566911 
2.0524669261626847 3.010009769627617 3.358890274193471 
3.774327392362256 3.3063129705408505 4.110071554684158 
2.6124489499314953 2.3994397306631656 3.5857795488862227 
3.5167280379299664 3.2008519625179392 3.7639662764648376 
3.0107579485396907 2.68223006049669 3.5596110157463925 
3.5378912739047217 2.219597867833881 3.852248283575114 
3.156605478995844 3.0209117155895138 4.020485001323649 
3.868871522159287 2.758713410479836 4.324636452250656 
4.027917374646642 3.0618897632039115 3.2122899708430417 
3.8235826351052626 3.3979172009111807 3.906837385776041 
3.9663648268388014 3.615275858907393 3.7281991235669056 
3.9453135720163974 3.3949806668834106 4.1750685478722795 
4.142731543600494 3.4655771820199393 4.6346798310524076 
3.1091821249587084 3.068475637575541 4.0255294478739305 
3.7278780604798483 2.937412960665416 3.8024830465273713 
4.023628114780064 2.8065077029782404 3.606072511341307 
4.087643312757262 2.809760084811406 4.170443782558927 
3.521347281150086 3.2296522204803058 4.103502250612131 
3.0119067348443047 3.4964802736492926 2.975834796034878 
3.541007851298655 3.4203773929711097 3.6854575921827952 
3.8796137914102835 3.468942774812838 4.1879156096886145 
4.21298041486398 3.553288514692734 3.136901673473442 
4.027917374646642 3.0618897632039115 3.2122899708430417 
3.3995747139997254 1.8126565731080366 3.4750142342245915 
3.3610489459212296 2.916471719454893 3.5164593455078097 
3.372125290116206 2.368581039319483 2.582371317540435 
2.5885068440135983 2.546111026716085 2.889442459156403 
3.897568769141749 2.7935634234840743 3.719678960319685 
3.6958027630116885 3.4110382613119437 3.7463453810463982 
3.3923499476856662 2.4286425454837115 4.454060619903224 
3.8367062117574955 2.9338144282772385 3.8956755057885806 
3.827055168580857 3.573229686841675 4.2756821335618715 
2.8840863655108198 2.778224805837273 3.826397809862663 
3.4879713535607895 2.5716515045715895 3.6311724165087678 
3.5617784912176034 3.7854603153646242 3.5517586851055336 
3.461326973268841 2.692486986895024 4.48064613964722 
3.184095729050777 2.506002354328843 3.3266236507583162 
3.275932551793829 2.6189222146313433 2.952352892566911 
3.0495870207973117 2.8168368342865446 3.246438541567602 
3.00237967035204 2.8203799410498096 4.129698705816656 
3.037562536465282 3.4787389400214868 4.379989823430286 
3.4561839727148698 2.6150509917216396 3.1939782107647243 
3.5167280379299664 3.2008519625179392 3.7639662764648376 
4.237213793932428 3.151355231880348 3.4364868025641093 
3.863427237035315 2.7839582460201955 4.063339734164126 
3.756711743537978 3.1879538819539057 3.9966579949074283 
3.7303931396376546 2.8068129319362485 4.744291221318698 
3.840149200163327 3.6766472099707097 4.722950780443 
3.6958027630116885 3.4110382613119437 3.7463453810463982 
3.197247317966833 3.5152503707948095 4.612746553579554 
4.180467098562969 3.52592929523703 3.932368847588692 
3.317061459942885 3.0689260201968387 3.066950708550059 
2.686582264464393 2.1959261809437076 3.6456079423594234 
3.945496058644343 3.2829061508677957 4.376792521775634 
3.1903597425100982 3.553750573878625 4.7073589608707875 
