0.9629996923830166 0.17431069371782354 
1.1549584749972006 0.1879428937720622 
1.0641100754388841 0.19183660231448713 
0.9629996923830166 0.17431069371782354 
0.9124846400745039 0.20231147399481558 
0.8956314928624771 0.21566341811116763 
0.8861676529056038 0.21880526122353033 
0.8601048668604343 0.2223995718389114 
0.8442345021794921 0.24046425587865106 
0.8442345021794921 0.24046425587865106 
0.857637846867964 0.23544002835944186 
0.8510205752797158 0.2646332289312371 
0.8592571726886399 0.23747368875754915 
0.8592571726886399 0.23747368875754915 
0.8584812253121312 0.25361968317256994 
0.8584812253121312 0.25361968317256994 
0.8479636566560019 0.2689161014901812 
0.8479636566560019 0.2689161014901812 
0.8510205752797158 0.2646332289312371 
0.7251616339012812 0.35264027359810146 
0.7251616339012812 0.35264027359810146 
0.6525118451486482 0.36121514487618456 
0.5490048679152644 0.3539882373941578 
0.6665702925518969 0.35722813709048534 
0.6525118451486482 0.36121514487618456 
0.5537847502063175 0.3648167851361749 
0.5774739667868055 0.3609749875647087 
0.5490048679152644 0.3539882373941578 
0.5188458425881718 0.37217916295081005 
0.5259003690529875 0.36459568771466017 
0.5259003690529875 0.36459568771466017 
0.5395094181900946 0.38619461417059153 
0.5188458425881718 0.37217916295081005 
0.5038823326437352 0.4044526320346134 
0.49276181087389614 0.40247798925555256 
0.5101728656960938 0.41311545284392537 
0.5068801051671312 0.4283675439816655 
0.49028097520542296 0.42924206943812065 
0.4992227869267704 0.42696073030013587 
0.4992227869267704 0.42696073030013587 
0.49553266063935714 0.47628334036979164 
0.49276181087389614 0.40247798925555256 
0.4853641098321831 0.47878298399636154 
0.49553266063935714 0.47628334036979164 
0.4853641098321831 0.47878298399636154 
0.49098536333169346 0.5121104304316612 
0.49028097520542296 0.42924206943812065 
0.4517171897624226 0.5492639354434503 
0.4862808770655126 0.567612534928941 
0.4517171897624226 0.5492639354434503 
0.3069923699176903 0.5695526191337829 
0.369716882050535 0.5782521335886187 
0.38240701478402805 0.5691491739340612 
0.3916997799921439 0.5753152250167236 
0.369716882050535 0.5782521335886187 
0.34207543947110663 0.5849054974295957 
0.35595106202079935 0.5828934624057825 
0.35595106202079935 0.5828934624057825 
0.2813334643963691 0.5948206938474107 
0.30516958700542496 0.5894272979142525 
0.27359445588698506 0.5940197746051626 
0.28910911369243286 0.596383735852904 
0.2843349748017484 0.5942620141147731 
0.28910911369243286 0.596383735852904 
0.27919721493262656 0.5883278277635403 
0.27134644684954623 0.6016962400310467 
0.27375052266403993 0.6137289817164457 
0.25861194664340886 0.6179145372489668 
0.25861194664340886 0.6179145372489668 
0.24433675309235514 0.6413118581183112 
0.24433675309235514 0.6413118581183112 
0.23954859803731254 0.6446827529871342 
0.23954859803731254 0.6446827529871342 
0.20017692593573416 0.6922046055077218 
0.18756146330102835 0.6963313924614531 
0.20017692593573416 0.6922046055077218 
0.2066602430839765 0.7118717703124253 
0.19273750881916638 0.6914550195165297 
0.19273750881916638 0.6914550195165297 
0.18756146330102835 0.6963313924614531 
0.1799286822974409 0.717685683283586 
0.1799286822974409 0.717685683283586 
0.17095449858038164 0.7555750767452343 
0.1603085342040677 0.7513114724926703 
0.16088299334875927 0.7749112310320284 
0.13805097738082195 0.7737486440595222 
0.13805097738082195 0.7737486440595222 
0.13897215562844642 0.7968187961978528 
0.11600160017780184 0.7761057734869098 
0.11767614011760037 0.8264724945506535 
0.1167093261721459 0.829229531183575 
0.10730832597068614 0.8514792792436855 
0.10730832597068614 0.8514792792436855 
0.10075339317399723 0.8764046783865934 
0.06046803642863436 0.99213033705584 
0.056758783338784424 1.0006279623961587 
0.06046803642863436 0.99213033705584 
0.06145080755846259 1.0010930937243963 
0.06145080755846259 1.0010930937243963 
0.05454060972770671 1.0270474668238705 
