0.11119483802933645 0.08053099774480858 0.860210161569599 
0.11120378581385788 0.08258578153894189 0.8602119635996155 
0.11031728886144336 0.08171640950794465 0.8600468533838296 
0.11121858225171503 0.08890600649117725 0.8602428352489015 
0.11015905013181469 0.07994322621990163 0.8602409485091135 
0.11066590793000283 0.07626674464640541 0.8602301387519918 
0.11120378581385788 0.08169615035349173 0.860210161569599 
0.11120378581385788 0.08258578153894189 0.8602119635996155 
0.11031728886144336 0.08171640950794465 0.8600468533838296 
0.11078850845538364 0.07994322621990163 0.8602409485091135 
0.11119483802933645 0.08053099774480858 0.860210161569599 
0.11007138083047671 0.08952855064355543 0.8599742374094539 
0.11119781544724465 0.08112681653472367 0.8602087558468703 
0.11120378581385788 0.08279321945570339 0.8602119635996155 
0.11120378581385788 0.08169615035349173 0.860210161569599 
0.11007138083047671 0.08952855064355543 0.8599742374094539 
0.11078850845538364 0.0780706940170679 0.8602255819183714 
0.11119781544724465 0.0807075684055916 0.860210161569599 
0.11119781544724465 0.0807075684055916 0.860210161569599 
0.11120378581385788 0.08279321945570339 0.8602119635996155 
0.11287275902123446 0.06047587633391836 0.8617528305665961 
0.10947133385470127 0.08750851723509266 0.8630628370895406 
0.11542165036668188 0.08226501190279244 0.8613104570939083 
0.11739664529860325 0.0721344150462694 0.8642042256579273 
0.11128689841468445 0.08484761127235502 0.8610447525731192 
0.1170011043121447 0.08593391524675692 0.8614745545688233 
0.11250200163912952 0.08768722817194832 0.8628751421171961 
0.11043764440866782 0.08810416365822887 0.8627621554944844 
0.11739664529860325 0.0721344150462694 0.8642042256579273 
0.10936177135491593 0.08382727664535283 0.8634006389821114 
0.1164880189571013 0.09197612571115041 0.8652595901739994 
0.11287275902123446 0.06047587633391836 0.8617528305665961 
0.11365166318217515 0.09272043506879282 0.8635060644098007 
0.11083589767087808 0.0960449717360782 0.864528346989849 
0.11509803574158403 0.08612976802172131 0.8615503208724098 
0.11771656166858069 0.08736663952994449 0.8637463721861371 
0.11283894295429865 0.09365627069232066 0.8617838910381754 
0.11980842527081517 0.09437945340075238 0.858763817400001 
0.11328057435731101 0.08925989037273235 0.8630469636386687 
0.11079494079462399 0.08249054498773228 0.8631458424806389 
0.11291440505367385 0.07926486440526895 0.8606400073416782 
0.11860739479644744 0.08231156066829609 0.8678526383803686 
0.1178588439499146 0.09411218189912557 0.8626462182036051 
0.11043945432891225 0.08559632163753314 0.8606550006540553 
0.1152168370978225 0.08509198008024095 0.8629335407393943 
0.11805036492851836 0.09636546330878015 0.8646289618529195 
0.10991122389734864 0.08329183186233279 0.8635205109547294 
0.11088620389905227 0.08380406364544636 0.8616137298445583 
0.1148228484319182 0.09316200695057036 0.8625948904274299 
0.11365166318217515 0.09272043506879282 0.8635060644098007 
0.11698960123971588 0.07438077350315028 0.863248467538271 
0.11277757478975618 0.09391870347343942 0.8636459186476724 
0.1123925815476886 0.08821066106798314 0.8679929903869967 
0.11406485252095754 0.09293213752047519 0.8637723703183736 
0.11250200163912952 0.08768722817194832 0.8628751421171961 
0.11319068730227753 0.08952855064355543 0.8599742374094539 
0.1141961900986668 0.07102184057232822 0.8600547496439634 
0.10875687012302604 0.09035960892344164 0.8625428233243261 
0.1080885919562541 0.08523969585216737 0.8609192030847812 
0.1141961900986668 0.07102184057232822 0.8600547496439634 
0.11233047523524872 0.09374152148910075 0.8623459326018336 
0.11019601148531802 0.08559382955287731 0.8659582554809391 
0.11118848093149375 0.08049505914754505 0.8603096272814766 
0.114768408002554 0.09055783531748676 0.8627322490525203 
0.11474937184631351 0.09217781656351567 0.865451596074561 
0.11291440505367385 0.07926486440526895 0.8606400073416782 
0.11714803726979488 0.09525479249837238 0.8644760801249589 
0.1105823333790262 0.06901097805995667 0.8621133699510759 
0.10707260611077829 0.09018966010525387 0.8655334903420133 
0.11770958385128891 0.08212729002212096 0.8631482425151469 
0.11289280350853909 0.07904000377675668 0.8660099490815664 
0.11662807380143285 0.09197612571115041 0.8654767524499551 
0.11526748760108053 0.09090533202396905 0.8633412899452622 
0.11118848093149375 0.08049505914754505 0.8603096272814766 
0.1107395653016812 0.0804740039505744 0.8646821063331227 
0.11585402204062331 0.09097515742647229 0.8613319707385655 
0.11618295359743237 0.08819305498146558 0.8647359906961308 
0.11492845275034835 0.08680820604905605 0.8602753464891463 
0.11342799800426388 0.09510547323276035 0.8626771484429155 
0.111905338227015 0.09429889281940416 0.8637958049303355 
0.114768408002554 0.09055783531748676 0.8627322490525203 
0.11902564715923084 0.08975766252814521 0.8616682903038008 
0.11902564715923084 0.08975766252814521 0.8616682903038008 
0.11319068730227753 0.08952855064355543 0.8599742374094539 
0.10904833212126729 0.08329661515170991 0.8646873506071078 
0.11792139059664039 0.09467765309655078 0.8625915697969614 
0.1133040075139102 0.08177701274262958 0.861413884181857 
0.11043764440866782 0.08810416365822887 0.8627621554944844 
0.11873846871676433 0.09111777220940233 0.8649066528019791 
0.1091536399747593 0.08574905785764131 0.8627827185397917 
0.11334789986991377 0.07848015774895221 0.8615636191189711 
0.11251614672542223 0.0845994553803597 0.864030760072228 
0.11099017586951214 0.0824148694850232 0.862278295960812 
0.10625419771370433 0.08177551231849223 0.8640881042208132 
0.11857117528235285 0.078971758663843 0.8681918894062448 
0.10947133385470127 0.08750851723509266 0.8630628370895406 
0.11817993913601554 0.08098227731177725 0.8624558893675335 
0.11560059118288696 0.07384202090049685 0.8641730766990108 
0.1187814523679497 0.09446572042757397 0.863063963358914 
0.11342799800426388 0.09510547323276035 0.8626771484429155 
0.11475298452407368 0.09329203465028738 0.8597676848557245 
0.11915496685703461 0.08361765829751755 0.8639800762295037 
0.11334789986991377 0.07848015774895221 0.8615636191189711 
0.11292708336791561 0.08993869970511033 0.8617552043889691 
0.11512868598302338 0.08817038839505123 0.8664504796664336 
0.1109952736945226 0.0690880835366598 0.8617439053415986 
0.11277757478975618 0.09391870347343942 0.8636459186476724 
0.1149542647814823 0.067167177118453 0.8639769063319921 
0.11750109913086502 0.08984879777264848 0.8670695628213075 
0.11251614672542223 0.0845994553803597 0.864030760072228 
0.1080885919562541 0.08523969585216737 0.8609192030847812 
0.11015961784273767 0.07995404295053651 0.8609427412894615 
0.11323443761636301 0.08763031129967913 0.8673727528921669 
0.11341787048068282 0.08812385626841905 0.8628105843599868 
0.11376306360345682 0.0849200410112029 0.8662425684590218 
0.11174279759556435 0.08853373116079508 0.8623594898109807 
0.10938874423149164 0.08342688120150837 0.8624032526120085 
0.11288130635672937 0.07489849418736513 0.8615610928778346 
0.11364345065955217 0.09066938313818282 0.861944031263615 
0.10904833212126729 0.08329661515170991 0.8646873506071078 
0.11680918387460996 0.08487806711199679 0.8613261596335621 
0.11231172800475325 0.0835513606475401 0.8606157674885679 
0.11561605910276981 0.08220356104518006 0.8664041212158746 
0.11792139059664039 0.09467765309655078 0.8625915697969614 
0.11574691053377863 0.08833812443029596 0.8624892519147445 
0.1178980333526463 0.07106339657388946 0.8610844136823704 
0.1109952736945226 0.0690880835366598 0.8617439053415986 
0.11805036492851836 0.09636546330878015 0.8646289618529195 
0.10807637593628312 0.08872895279233992 0.8639212635742308 
0.11406485252095754 0.09293213752047519 0.8637723703183736 
0.11602886920327098 0.0942325865462194 0.8602921256848481 
0.11526748760108053 0.09090533202396905 0.8633412899452622 
0.10776872855632787 0.0915418972118579 0.8632187977450891 
0.10922193201324121 0.08326106910204825 0.8648076523240275 
0.11855937191565674 0.07145970199634485 0.8611602765293415 
0.11129287655010187 0.08102720898073816 0.8676157355809992 
0.1187814523679497 0.09446572042757397 0.863063963358914 
0.10991122389734864 0.08329183186233279 0.8635205109547294 
0.1083413816296131 0.07756876907038712 0.8614183967832287 
0.11128689841468445 0.08484761127235502 0.8610447525731192 
0.1164880189571013 0.09197612571115041 0.8652595901739994 
0.11391170577750119 0.09227434311565999 0.8637865991876872 
0.11495667916181324 0.07545862936994449 0.8654433061956792 
0.11674032042307343 0.09377451933229708 0.8673578187150649 
0.11287073681893857 0.06832468572451353 0.8624098137954724 
0.11178057862450692 0.08896559800790671 0.8609076427439606 
0.1100491719015814 0.08476343314668416 0.8607780432452302 
0.11770254929011312 0.08777902591356163 0.8597792699765494 
0.1152168370978225 0.08509198008024095 0.8629335407393943 
0.1083413816296131 0.07756876907038712 0.8614183967832287 
0.11796786897373523 0.0712292108192822 0.8613192651429067 
0.10938874423149164 0.08342688120150837 0.8624032526120085 
0.11758744597998752 0.08245395205637966 0.865377463899564 
0.11288130635672937 0.07489849418736513 0.8615610928778346 
0.11043945432891225 0.08559632163753314 0.8606550006540553 
0.11589812386995968 0.08350676385838475 0.8660556437851001 
0.11783430496572471 0.07749437468611314 0.8651291301662741 
0.1166960485935216 0.08512741994105315 0.8637603599931403 
0.11456601833804433 0.09568333501461454 0.8636653923945679 
0.11611117946567197 0.08921931705539887 0.8619854470032247 
0.11492845275034835 0.08680820604905605 0.8602753464891463 
0.1100491719015814 0.08476343314668416 0.8607780432452302 
0.10776872855632787 0.0915418972118579 0.8632187977450891 
0.11913916842932736 0.07611426675323488 0.8612636744255697 
0.11083589767087808 0.0960449717360782 0.864528346989849 
0.1148228484319182 0.09316200695057036 0.8625948904274299 
0.11693729388836313 0.07917778369792527 0.8612691895669636 
0.11260101847094173 0.08312827395622621 0.8644829835649009 
0.1178588439499146 0.09411218189912557 0.8626462182036051 
0.11129287655010187 0.08102720898073816 0.8676157355809992 
0.11238379896756959 0.08453476463031184 0.8601121467611456 
0.11771656166858069 0.08736663952994449 0.8637463721861371 
0.11618836143562546 0.085701041316704 0.8626247017914777 
0.11758744597998752 0.08245395205637966 0.865377463899564 
0.11781509661608187 0.07850739608290774 0.866220071097582 
0.11328057435731101 0.08925989037273235 0.8630469636386687 
0.11574691053377863 0.08833812443029596 0.8624892519147445 
0.1105823333790262 0.06901097805995667 0.8621133699510759 
0.11238379896756959 0.08453476463031184 0.8601121467611456 
0.11178057862450692 0.08896559800790671 0.8609076427439606 
0.11560059118288696 0.07384202090049685 0.8641730766990108 
0.10977313953823466 0.08541995298197544 0.8645427210692069 
0.1149542647814823 0.067167177118453 0.8639769063319921 
0.10807637593628312 0.08872895279233992 0.8639212635742308 
0.11088620389905227 0.08380406364544636 0.8616137298445583 
0.11680918387460996 0.08487806711199679 0.8613261596335621 
0.1178980333526463 0.07106339657388946 0.8610844136823704 
0.11153502552959553 0.0859401411836439 0.862723882669167 
0.11283894295429865 0.09365627069232066 0.8617838910381754 
0.10707260611077829 0.09018966010525387 0.8655334903420133 
0.11456601833804433 0.09568333501461454 0.8636653923945679 
0.11094964951176131 0.08232171531799619 0.8630345325879974 
0.11099017586951214 0.0824148694850232 0.862278295960812 
0.11094964951176131 0.08232171531799619 0.8630345325879974 
0.11376306360345682 0.0849200410112029 0.8662425684590218 
0.11079494079462399 0.08249054498773228 0.8631458424806389 
0.11287073681893857 0.06832468572451353 0.8624098137954724 
0.1148823826866829 0.09136649007729081 0.8605782798834696 
0.11341787048068282 0.08812385626841905 0.8628105843599868 
0.1133040075139102 0.08177701274262958 0.861413884181857 
0.11562863786752525 0.08355505907554142 0.8649699654137197 
0.11610763931345369 0.07942756802568889 0.8666593981185984 
0.11231172800475325 0.0835513606475401 0.8606157674885679 
0.11509803574158403 0.08612976802172131 0.8615503208724098 
0.11750109913086502 0.08984879777264848 0.8670695628213075 
0.11153502552959553 0.0859401411836439 0.862723882669167 
0.11364345065955217 0.09066938313818282 0.861944031263615 
0.11340186180695047 0.08294960491531436 0.8614387628419694 
0.11292708336791561 0.08993869970511033 0.8617552043889691 
0.11015961784273767 0.07995404295053651 0.8609427412894615 
