1.0618348443561478 0.04184358196779889 
1.0527213383189213 0.04441700477627493 
1.0418169638813548 0.05717553403551813 
1.0263503761613892 0.06704682428489192 
1.0222686103219603 0.0780105374525408 
1.0177314316161732 0.08977968609646303 
1.0177314316161732 0.08977968609646303 
1.0076190804782525 0.10859361230959744 
1.0028210136923041 0.11945423691583928 
0.9959200755660015 0.1326683708128636 
0.9900024861680108 0.1432589395122911 
0.9879087752669601 0.14980040081809945 
0.9809656456431991 0.16423629517261576 
0.9803873159971865 0.1750890335920801 
0.973213321815964 0.18820413581843012 
0.9704435510653769 0.19659315196822666 
0.9663888817743687 0.2090699477278387 
0.9646767132949817 0.2259335488447891 
0.9473449651995155 0.23836361167352949 
0.9426307527331175 0.2455149983170839 
0.9426307527331175 0.2455149983170839 
0.9275699876401494 0.2677267235809616 
0.9207766890346202 0.2737769125706768 
0.9173894191000117 0.2922794578535108 
0.9002046977160515 0.30696528735896933 
0.898188155578114 0.3177579186571859 
0.8844590881790872 0.3293080096073645 
0.8787019640194791 0.3354557331274322 
0.8759177625818845 0.35203683593065194 
0.8656319523897779 0.36974889678821043 
0.8651068838262566 0.3742137418698144 
0.8555421490233582 0.3922701131505544 
0.8529938763345959 0.41246305083401735 
0.8482303354268192 0.41388781100999766 
0.8426992356626752 0.4393984210173587 
0.8261535779667919 0.45203902726342576 
0.802146210576526 0.45704647036609436 
0.7877617312165829 0.46201441847249547 
0.7869480063441217 0.48320647135235356 
0.7869480063441217 0.48320647135235356 
0.7869139541886832 0.470748880107681 
0.7869139541886832 0.470748880107681 
0.7870802482575838 0.47559467333287275 
0.7589125738728184 0.5720817738921514 
0.7331080291893217 0.579560815804272 
0.7329149339498505 0.5840245480854596 
0.7211087372781544 0.5886121186441939 
0.7159260532105146 0.61240262530658 
0.6870242629563144 0.6253793250934999 
0.6778793690549005 0.6287353956996401 
0.6763064279872302 0.6511220814484362 
0.6764406362106736 0.6772730222860326 
0.6763096256521131 0.6591114215925465 
0.6763010213312246 0.7072004957327036 
0.6763010213312246 0.7072004957327036 
0.6763096256521131 0.6591114215925465 
0.6269508385194319 0.8020282004190686 
0.6269508385194319 0.8020282004190686 
0.6102906927259326 0.8035022584575584 
0.4868444013953377 0.8312630596277254 
0.5290885062748937 0.8311301864770646 
0.5017272143172001 0.8312504132363344 
0.5290885062748937 0.8311301864770646 
0.5017272143172001 0.8312504132363344 
0.4868444013953377 0.8312630596277254 
0.4893951159226525 0.8314847066216582 
0.46387931743845245 0.8324196855944311 
0.46131670626877724 0.8372197011355302 
0.4589090275079391 0.8705767667381238 
0.4498355520128788 0.9037506611789492 
0.43952315498865474 0.9162898038730979 
0.43521573912988687 0.9402646273261734 
0.3588314735192475 0.958215216011609 
0.3979592995181173 0.964096050700666 
0.3588314735192475 0.958215216011609 
0.37280776591706694 0.9643499757550049 
0.3597877356351558 0.9813085773924194 
0.20562459128689603 1.002783694071798 
0.2060828796786825 1.002783694071798 
0.19862865895674703 1.0027340540820342 
0.20251471992955564 1.0027206837402054 
0.18330805829861754 1.0028857533401414 
0.18267220171294574 1.0027939495765101 
0.19862865895674703 1.0027340540820342 
0.21864354641579192 1.0027450474797341 
0.20251471992955564 1.0027206837402054 
0.1934432711873161 1.002933238827631 
0.19234458617941652 1.0028410306930875 
0.17910800943191346 1.0029088432461701 
0.1627300345326812 1.0046438074354758 
0.1577364819718311 1.0030258772415623 
0.1577364819718311 1.0030258772415623 
0.14619487623745508 1.0033948483208615 
0.13594324159450463 1.0044123205239066 
0.10878952880783735 1.0607291750609869 
0.10743969414249355 1.0509568974030294 
0.10743969414249355 1.0509568974030294 
0.09261710773976792 1.0520738438158554 
0.08748052036086285 1.0619396250417101 
0.07724184039346274 1.0773727125065278 
