2.396166223773848 0.3903850457699991 
1.3906889623112126 0.3983339006544343 
1.231534726111274 0.4003736903270716 
1.231534726111274 0.4003736903270716 
1.1049347245014955 0.41601178664773075 
1.077749618539681 0.41495523768450937 
1.1049347245014955 0.41601178664773075 
1.1089573158092025 0.43442637722958355 
1.0756916474919016 0.390521602833398 
1.1089573158092025 0.43442637722958355 
1.0756916474919016 0.390521602833398 
1.064447628444892 0.453276105647783 
1.103554185962376 0.46210551396316757 
1.0165745977458365 0.47525144813997106 
1.064447628444892 0.453276105647783 
1.0618634950015549 0.46754993758727464 
1.0618634950015549 0.46754993758727464 
1.0045492280518706 0.48981473731368996 
1.0564797992710226 0.5241641091704625 
1.0430236629554541 0.4727713168958252 
1.0165745977458365 0.47525144813997106 
1.0564797992710226 0.5241641091704625 
1.0105094884439993 0.563638403215884 
1.042085901279772 0.5396604210179469 
1.0045492280518706 0.48981473731368996 
1.0105094884439993 0.563638403215884 
0.94713334207648 0.6198813349306679 
0.7470502108798821 0.6233267229813511 
0.9683519410491418 0.6281225357723691 
0.94713334207648 0.6198813349306679 
0.7470502108798821 0.6233267229813511 
0.7939375592721205 0.6258772964862699 
0.830749816417407 0.6418592688249298 
0.8527426661615406 0.6418892852087085 
0.7984458774494015 0.6187905641679887 
0.7984458774494015 0.6187905641679887 
0.7540297328492984 0.6305965356215985 
0.75505515056844 0.6153910985646819 
0.75505515056844 0.6153910985646819 
0.6943313846977425 0.6158124883108743 
0.7032966916067326 0.6361077973482776 
0.7296212943098931 0.6502416595851973 
0.6943313846977425 0.6158124883108743 
0.6546394745507973 0.6334158282636014 
0.6739964180897301 0.6421253515238605 
0.6884031052989041 0.6527640952709204 
0.6546394745507973 0.6334158282636014 
0.6431290950619731 0.6528636896469244 
0.6800551670311389 0.6460392611936843 
0.6739964180897301 0.6421253515238605 
0.5429778366159633 0.6449617375903154 
0.7032966916067326 0.6361077973482776 
0.5492422029736242 0.6667640108228169 
0.5494826072051173 0.7085660024022192 
0.6319737544110753 0.6521926565592413 
0.5522030363406772 0.6590152208581278 
0.5731128426116184 0.7033961941436456 
0.5731128426116184 0.7033961941436456 
0.5496900095241366 0.6444183830347591 
0.6549220915409564 0.6588932578561828 
0.5522030363406772 0.6590152208581278 
0.6299377989404389 0.7087983498045831 
0.5599961269252207 0.7716756985589748 
0.5429778366159633 0.6449617375903154 
0.5743908377046507 0.6489443762238778 
0.5587321873569089 0.7879690097297769 
0.5442809081172129 0.6549733316211679 
0.5599961269252207 0.7716756985589748 
0.5217425937762608 0.7906061008152082 
0.5494826072051173 0.7085660024022192 
0.5563345403604028 0.791360900189813 
0.5217425937762608 0.7906061008152082 
0.532832410811366 0.7459681355368266 
0.5328700034313866 0.8641074914461884 
0.5328700034313866 0.8641074914461884 
0.5510177554905051 0.871912384288134 
0.5291463999193137 0.7305178863633424 
0.5037630977704607 0.7406309889215055 
0.5291463999193137 0.7305178863633424 
0.501259254520981 0.9540980327117178 
0.5037630977704607 0.7406309889215055 
0.4868994297502376 0.9535909571602743 
0.5186338327155786 1.0152494208255967 
0.501259254520981 0.9540980327117178 
0.5051570130921398 0.8791188292724132 
0.5051570130921398 0.8791188292724132 
0.5026909578727954 1.1995677740986674 
0.4868994297502376 0.9535909571602743 
0.4961938007184511 1.1443788105702004 
0.4961938007184511 1.1443788105702004 
0.5006858321204067 1.5839381515023043 
0.4825719297040197 1.2706562223783777 
0.49280655081340136 1.6072519651892496 
0.49335829609099646 1.757519004662568 
0.49280655081340136 1.6072519651892496 
0.4862457133382612 3.117321465983932 
0.4862457133382612 3.117321465983932 
0.4825719297040197 1.2706562223783777 
0.49143395476631047 3.2807064509359325 
0.49143395476631047 3.2807064509359325 
