0.7795414720856305 0.746076788066047 0.5713283158514366 0.5844448166925472 0.4648885133720388 0.3938362197451831 0.2575926433566921 0.17002563621256936 0.09268445984273824 -0.03348414022949783 -0.16842483664832503 -0.23709912313100107 -0.32409329837000567 -0.44432446836699596 -0.458763403420855 -0.6258196330821586 -0.6500724719446985 -0.7599714927588463 0.8963385328530067 -0.873529914759991 -0.9407461773183101 -0.9624225452220445 -0.9335595437449691 -0.9904720225816304 -0.4772364596762809 -0.9811485703280084 -0.8905657698762753 -0.9589656149077028 -0.9227708754537695 -0.8573101066155389 
0.7795414720856305 0.7388974054921075 0.6355941207778271 0.5836635427492362 0.4648885133720388 0.3938362197451831 0.2613199355508141 0.15449248392490306 0.37342686050211604 -0.03348414022949783 -0.1511738925738099 -0.24899839631576737 -0.3557324376043492 -0.44129058938340926 -0.48312388880150925 -0.6258196330821586 -0.6618901183020258 -0.770180788318654 -0.8763775086924495 -0.8789441737221592 -0.9398335574276349 -0.9461059595728423 -0.972695398248832 -1.0 -0.5513624432134219 -0.9642091231655604 -0.9337192668011334 -0.9589656149077028 -0.9279539432827552 -0.853034732915606 
0.7795414720856305 0.7290810789054407 0.5950180496655214 0.574268202285219 0.5065719983598311 0.3952207436487214 0.8300123470919281 0.15814994204382277 0.09268445984273824 -0.02757834320029657 -0.18227443182873548 -0.27063077497837534 -0.36484188595039263 -0.432553788739798 -0.5226538227690142 -0.6392961810994896 -0.6540519448712101 -0.7599714927588463 -0.8643097859013976 -0.8747283296041249 -0.9350520974595079 -0.9373272929349807 -0.9378090405719959 -1.0 -0.9775949248257011 -0.9811485703280084 -0.9025626022802353 -0.9324576400703233 -0.9028710213016339 -0.8566154027482634 
0.7795414720856305 0.7290810789054407 0.5950180496655214 0.574268202285219 0.5065719983598311 0.3952207436487214 0.8300123470919281 0.15814994204382277 0.09268445984273824 -0.02757834320029657 -0.18227443182873548 -0.27063077497837534 -0.36484188595039263 -0.432553788739798 -0.5226538227690142 -0.6392961810994896 -0.6540519448712101 -0.7599714927588463 -0.8643097859013976 -0.8747283296041249 -0.9350520974595079 -0.9373272929349807 -0.9378090405719959 -1.0 -0.9775949248257011 -0.9811485703280084 -0.9025626022802353 -0.9324576400703233 -0.9028710213016339 -0.8566154027482634 
0.7795414720856305 0.7354227892468681 0.5950180496655214 0.5342801529748034 0.4362857781470223 0.38665593616949073 0.22550529646009 0.18245847897679446 0.09268445984273824 -0.0502166563536809 -0.18227443182873548 -0.21747035768907388 -0.34881112166945005 -0.4478227503281463 -0.5226538227690142 -0.6392961810994896 -0.6782160312986518 -0.7599714927588463 -0.8575237246040069 -0.8747283296041249 -0.9589014595275014 -0.944744576083912 -0.9676538739886994 -1.0 -0.9866550175129146 -0.9922240194293543 -0.9025626022802353 -0.9006727367282518 -0.9116520485040561 -0.8659335820821389 
0.7795414720856305 0.7317061444961253 0.6284887161290632 0.5902579508585419 0.4430151964236892 0.3963799389350355 0.23089538578352087 0.14167905434979985 0.08297908234868571 -0.05365596020344588 -0.16226749963689494 -0.23582770047563267 -0.34881112166945005 -0.4478227503281463 -0.48538632710289753 -0.6203500427901594 -0.6837667098438402 -0.7741342806387593 -0.9013674463147807 -0.8759644499390293 -0.9557198751738926 -0.944744576083912 -0.9676538739886994 -1.0 -0.9864893692053398 -0.9922240194293543 -0.9524219312454897 -0.9100884014562282 -0.9294385133603741 -0.8659335820821389 
0.7795414720856305 0.7354227892468681 0.5950180496655214 0.5342801529748034 0.4362857781470223 0.38665593616949073 0.22550529646009 0.18245847897679446 0.09268445984273824 -0.0502166563536809 -0.18227443182873548 -0.21747035768907388 -0.34881112166945005 -0.4478227503281463 -0.5226538227690142 -0.6392961810994896 -0.6782160312986518 -0.7599714927588463 -0.8575237246040069 -0.8747283296041249 -0.9589014595275014 -0.944744576083912 -0.9676538739886994 -1.0 -0.9866550175129146 -0.9922240194293543 -0.9025626022802353 -0.9006727367282518 -0.9116520485040561 -0.8659335820821389 
0.7795414720856305 0.7199735061292131 0.593885274019968 0.5903389829219483 0.45608016176075045 0.3776882336297656 0.23231885555767615 0.19484397715334378 0.08297908234868571 -0.02782383342975833 -0.1668643629611079 -0.22515167392660468 -0.31565018380533516 -0.44129058938340926 -0.4638119405490814 -0.6257248137085989 -0.7289509729144373 -0.7052391459668188 -0.8789731352942336 -0.8789441737221592 -0.9500783100754675 -0.9373272929349807 -0.9600091332773495 -0.9842245068089893 -0.9920021485949782 -0.9760776206716286 -0.9993659929269858 -0.9188137071571798 -0.9094205398931523 -0.853034732915606 
0.7795414720856305 0.7290810789054407 0.6355941207778271 0.5844448166925472 0.4648885133720388 0.3938362197451831 0.21893447790916135 0.1849224466001762 0.09268445984273824 -0.03348414022949783 -0.1754560972740613 -0.23709912313100107 -0.35111845946147763 -0.4264352846103226 -0.458763403420855 -0.6240667111162543 -0.6842808678927759 -0.7762601931294311 -0.8399817821508069 -0.873529914759991 -0.9398335574276349 -0.9722662395693229 -0.9672218205259542 -0.9892504991897765 -0.9864893692053398 -0.9760776206716286 -0.9249716440996636 -0.9589656149077028 -0.9183926783395913 -0.8633476246719511 
0.7795414720856305 0.7199735061292131 0.593885274019968 0.5903389829219483 0.45608016176075045 0.3776882336297656 0.23231885555767615 0.19484397715334378 0.08297908234868571 -0.02782383342975833 -0.1668643629611079 -0.22515167392660468 -0.31565018380533516 -0.44129058938340926 -0.4638119405490814 -0.6257248137085989 -0.7289509729144373 -0.7052391459668188 -0.8789731352942336 -0.8789441737221592 -0.9500783100754675 -0.9373272929349807 -0.9600091332773495 -0.9842245068089893 -0.9920021485949782 -0.9760776206716286 -0.9993659929269858 -0.9188137071571798 -0.9094205398931523 -0.853034732915606 
0.7795414720856305 0.7290810789054407 0.6355941207778271 0.5844448166925472 0.4648885133720388 0.3938362197451831 0.21893447790916135 0.1849224466001762 0.09268445984273824 -0.03348414022949783 -0.1754560972740613 -0.23709912313100107 -0.35111845946147763 -0.4264352846103226 -0.458763403420855 -0.6240667111162543 -0.6842808678927759 -0.7762601931294311 -0.8399817821508069 -0.873529914759991 -0.9398335574276349 -0.9722662395693229 -0.9672218205259542 -0.9892504991897765 -0.9864893692053398 -0.9760776206716286 -0.9249716440996636 -0.9589656149077028 -0.9183926783395913 -0.8633476246719511 
0.7795414720856305 0.7290810789054407 0.6304385114648926 0.5903389829219483 0.4767586940310742 0.38665593616949073 0.2245768176067473 0.1849224466001762 0.08297908234868571 -0.03844860597064195 -0.15924739778568736 -0.22515167392660468 -0.31565018380533516 -0.43131859482721413 -0.4638119405490814 -0.6257248137085989 -0.7330402112657466 -0.7052391459668188 -0.8407622105028508 -0.9187267564425203 -0.9500783100754675 -0.9466399341835289 -0.9600091332773495 -0.983599702213884 -0.9864893692053398 -0.9760776206716286 -0.9993659929269858 -0.9188137071571798 -0.9167227883522828 -0.8788871197185693 
0.7795414720856305 0.7290810789054407 0.5988868835673026 0.5858807784085033 0.4362857781470223 0.3938362197451831 0.22550529646009 0.1849224466001762 0.10873609643738644 0.04689529624962874 -0.17483339146205462 -0.21747035768907388 -0.35111845946147763 -0.432553788739798 -0.5320892061516662 -0.6392961810994896 -0.6842808678927759 -0.7599714927588463 -0.8643097859013976 -0.873529914759991 -0.942103431511881 -0.9459416598341364 -0.9727406897546637 -1.0 -0.9775949248257011 -0.9760776206716286 -0.9025626022802353 -0.9324576400703233 -0.9183926783395913 -0.8657011504955963 
0.7795414720856305 0.7248584729173421 0.6284887161290632 0.5984925865816195 0.4767586940310742 0.38665593616949073 0.2245768176067473 0.1849224466001762 0.08297908234868571 -0.0496903406326192 -0.15924739778568736 -0.22515167392660468 -0.3546758375627891 -0.44759351266992226 -0.5600055030332793 -0.6144047228480104 -0.6666188935191574 -0.7052391459668188 -0.8447944660940069 -0.9155172707194223 -0.9479551967754998 -0.9387911061062155 -0.9600091332773495 -0.9571230918090873 -0.9864893692053398 -0.9853457923918674 -1.0 -0.971910614911228 -0.9155436898837184 -0.8696945767772994 
0.7795414720856305 0.7290810789054407 0.6304385114648926 0.5903389829219483 0.4767586940310742 0.38665593616949073 0.2245768176067473 0.1849224466001762 0.08297908234868571 -0.03844860597064195 -0.15924739778568736 -0.22515167392660468 -0.31565018380533516 -0.43131859482721413 -0.4638119405490814 -0.6257248137085989 -0.7330402112657466 -0.7052391459668188 -0.8407622105028508 -0.9187267564425203 -0.9500783100754675 -0.9466399341835289 -0.9600091332773495 -0.983599702213884 -0.9864893692053398 -0.9760776206716286 -0.9993659929269858 -0.9188137071571798 -0.9167227883522828 -0.8788871197185693 
0.7795414720856305 0.7452875604951362 0.6355941207778271 0.5836635427492362 0.46605470220682205 -0.09699816335486733 0.2634711740071479 0.15449248392490306 0.05557825847270002 -0.03348414022949783 -0.1511738925738099 -0.24899839631576737 -0.3392469050306013 -0.4331565980252001 -0.48538632710289753 -0.6266360536520773 -0.6842808678927759 -0.7762601931294311 -0.8484129525068773 -0.8759644499390293 -0.9398335574276349 -0.9461059595728423 -0.9578072051544744 -1.0 -0.5513624432134219 -0.9714944674516947 -0.9565329125541763 -0.961930544156457 -0.9183926783395913 -0.8664604400450959 
0.7795414720856305 0.7452875604951362 0.6355941207778271 0.5836635427492362 0.46605470220682205 -0.09699816335486733 0.2634711740071479 0.15449248392490306 0.05557825847270002 -0.03348414022949783 -0.1511738925738099 -0.24899839631576737 -0.3392469050306013 -0.4331565980252001 -0.48538632710289753 -0.6266360536520773 -0.6842808678927759 -0.7762601931294311 -0.8484129525068773 -0.8759644499390293 -0.9398335574276349 -0.9461059595728423 -0.9578072051544744 -1.0 -0.5513624432134219 -0.9714944674516947 -0.9565329125541763 -0.961930544156457 -0.9183926783395913 -0.8664604400450959 
0.7795414720856305 0.7290810789054407 0.6304385114648926 0.09746289022294019 0.4615149005832099 0.38665593616949073 0.2596227803976289 0.1879667752512471 0.09847147955976249 -0.03844860597064195 -0.1511738925738099 -0.2286259471056144 -0.32409329837000567 -0.43037745704473035 -0.5086893945623339 -0.6192151085154792 -0.6574427807791388 -0.7052391459668188 -0.8562268590842776 -0.8811518573945849 -0.9530668698208777 -0.952878533764166 -0.9486712905475622 -0.987346296167576 -0.9866550175129146 -0.9760776206716286 -0.9511134134946511 -0.9254824391870193 -0.9167227883522828 -0.8700726512296085 
0.7795414720856305 0.7317061444961253 0.6311592990887656 0.6197512774488327 0.4673151302708478 0.3941511625391156 0.23629907890654522 0.163475054234312 0.05557825847270002 -0.04654987343145836 -0.16226749963689494 -0.22263563684898596 -0.3476118900412855 -0.4402564648525366 -0.49426271227113644 -0.6831098196084295 -0.6837667098438402 -0.6955678751007585 -0.8565294748634115 -0.8891048720508476 -0.9489762758440269 -0.952878533764166 -0.9162268939816051 -0.9769327130505845 -0.9715307605073691 -0.9673706235816767 -0.9573709523727474 -0.9450296519156632 -0.9294385133603741 -0.8665261238911531 
0.7795414720856305 0.7317061444961253 0.6284887161290632 0.6197512774488327 0.4430151964236892 0.38665593616949073 0.23089538578352087 0.18068396791745125 0.08297908234868571 -0.051090005841487235 -0.10032733201503352 -0.23615040905795454 -0.35177363828511504 -0.43037745704473035 -0.4767253071451082 -0.6258196330821586 -0.6789031052247125 -0.696595459940349 -0.8565294748634115 -0.8891048720508476 -0.9489762758440269 -0.952878533764166 -0.9676538739886994 -0.9843740658924013 -0.9864893692053398 -0.9697148468386593 -0.9573709523727474 -0.9254824391870193 -0.9294385133603741 -0.8732824565994457 
0.7795414720856305 0.7248584729173421 0.6284887161290632 0.5984925865816195 0.4767586940310742 0.38665593616949073 0.2245768176067473 0.1849224466001762 0.08297908234868571 -0.0496903406326192 -0.15924739778568736 -0.22515167392660468 -0.3546758375627891 -0.44759351266992226 -0.5600055030332793 -0.6144047228480104 -0.6666188935191574 -0.7052391459668188 -0.8447944660940069 -0.9155172707194223 -0.9479551967754998 -0.9387911061062155 -0.9600091332773495 -0.9571230918090873 -0.9864893692053398 -0.9853457923918674 -1.0 -0.971910614911228 -0.9155436898837184 -0.8696945767772994 
0.7795414720856305 0.7317061444961253 0.6311592990887656 0.6197512774488327 0.4673151302708478 0.3941511625391156 0.23629907890654522 0.163475054234312 0.05557825847270002 -0.04654987343145836 -0.16226749963689494 -0.22263563684898596 -0.3476118900412855 -0.4402564648525366 -0.49426271227113644 -0.6831098196084295 -0.6837667098438402 -0.6955678751007585 -0.8565294748634115 -0.8891048720508476 -0.9489762758440269 -0.952878533764166 -0.9162268939816051 -0.9769327130505845 -0.9715307605073691 -0.9673706235816767 -0.9573709523727474 -0.9450296519156632 -0.9294385133603741 -0.8665261238911531 
0.7795414720856305 0.6864300683130039 0.6344072960099992 0.5903389829219483 0.4498978019922038 0.38808647329098245 0.2596227803976289 0.18186053840322225 0.08690858524091745 -0.027771188718120676 -0.16025734645441037 -0.2483745082620357 -0.3546758375627891 -0.4478227503281463 -0.5600055030332793 -0.6144047228480104 -0.6540519448712101 -0.6978139245160981 -0.8459717578757435 -0.9195443017612964 -0.9500783100754675 -0.45519458318387707 -0.9612222592288121 -0.9571230918090873 -0.9763474398351627 -0.9523883190203761 -0.9383015232747497 -0.9100884014562282 -0.9155436898837184 -0.8610889141291795 
0.7795414720856305 0.7409847026168885 0.6400501600381142 0.6099063717568372 0.4430151964236892 0.3736852654489324 0.265187073421332 0.18627010950124404 0.05951701696014307 -0.024467515680847395 -0.1653142595855016 -0.23615040905795454 -0.2939674873411102 -0.43560688440108336 -0.4767253071451082 -0.6258196330821586 -0.6789031052247125 -0.6992258177453272 -0.8484129525068773 -0.4194626857146135 -0.9713749019777864 -0.9405205158291796 -0.9612222592288121 -0.9843740658924013 -0.9866550175129146 -0.9582634928564772 -0.9573709523727474 -0.9259746111563387 -0.9158686913592341 -0.8732824565994457 
0.7795414720856305 0.7290810789054407 0.6304385114648926 0.09746289022294019 0.4615149005832099 0.38665593616949073 0.2596227803976289 0.1879667752512471 0.09847147955976249 -0.03844860597064195 -0.1511738925738099 -0.2286259471056144 -0.32409329837000567 -0.43037745704473035 -0.5086893945623339 -0.6192151085154792 -0.6574427807791388 -0.7052391459668188 -0.8562268590842776 -0.8811518573945849 -0.9530668698208777 -0.952878533764166 -0.9486712905475622 -0.987346296167576 -0.9866550175129146 -0.9760776206716286 -0.9511134134946511 -0.9254824391870193 -0.9167227883522828 -0.8700726512296085 
0.7795414720856305 0.6864300683130039 0.6344072960099992 0.5903389829219483 0.4498978019922038 0.38808647329098245 0.2596227803976289 0.18186053840322225 0.08690858524091745 -0.027771188718120676 -0.16025734645441037 -0.2483745082620357 -0.3546758375627891 -0.4478227503281463 -0.5600055030332793 -0.6144047228480104 -0.6540519448712101 -0.6978139245160981 -0.8459717578757435 -0.9195443017612964 -0.9500783100754675 -0.45519458318387707 -0.9612222592288121 -0.9571230918090873 -0.9763474398351627 -0.9523883190203761 -0.9383015232747497 -0.9100884014562282 -0.9155436898837184 -0.8610889141291795 
0.4463956443480838 0.7156227565640668 0.6143222584883377 0.5707282929126124 0.4673151302708478 0.3645278558883825 0.7643080665471353 0.17297769917156414 0.0713163961005831 -0.019907027983762385 -0.14262056693440375 -0.2453689093498285 -0.3469293336038003 -0.445868049574571 -0.8339109952754749 -0.6233600483149722 -0.6726013012085614 -0.7885108413552954 -0.857483267168059 -0.9065280109092182 -0.9361222002737617 -0.9526467642844074 -0.9247491466097298 -0.9724693733588713 -1.0 -0.975028482769252 -0.9151076835740927 -0.9309565810735124 -0.9371828315889036 -0.868295771385071 
0.4463956443480838 0.7179188584306117 0.6143222584883377 0.5707282929126124 0.4733446674595846 0.35776105193093954 0.23650759951919778 0.16586687023284846 0.11330304421811105 -0.06079218280378792 -0.16842483664832503 -0.25454410769984925 -0.32809996094450933 -0.4402564648525366 -0.49426271227113644 -0.6233600483149722 -0.6665899257901993 -0.7803811839954605 -0.8558597798171235 -0.9123193337353331 -0.9361222002737617 -0.9648880702924385 -0.9162268939816051 -0.9730924915511795 -0.9654344526105605 -0.9673706235816767 -0.9193959444885017 -0.9336623672813124 -0.4416612820540744 -0.8543559972590677 
0.4463956443480838 0.718763069286595 0.6125354943544715 0.5715452530300306 0.4673151302708478 0.35776105193093954 0.23650759951919778 0.163475054234312 0.10748161455744273 -0.054923514015654935 0.10562703653666872 -0.25454410769984925 -0.3621045432686903 -0.4402564648525366 -0.49426271227113644 -0.6140076247090256 -0.6713286962187067 -0.7758759524802156 -0.8649817741056287 -0.8686721400311991 -0.9168066855311922 -0.9245050186493264 -0.9162268939816051 -0.9730924915511795 -0.9654344526105605 -0.9673706235816767 -0.9298287364786235 -0.9362639562493371 -0.9371828315889036 -0.8543559972590677 
0.4463956443480838 0.7156227565640668 0.6143222584883377 0.5707282929126124 0.4673151302708478 0.3645278558883825 0.7643080665471353 0.17297769917156414 0.0713163961005831 -0.019907027983762385 -0.14262056693440375 -0.2453689093498285 -0.3469293336038003 -0.445868049574571 -0.8339109952754749 -0.6233600483149722 -0.6726013012085614 -0.7885108413552954 -0.857483267168059 -0.9065280109092182 -0.9361222002737617 -0.9526467642844074 -0.9247491466097298 -0.9724693733588713 -1.0 -0.975028482769252 -0.9151076835740927 -0.9309565810735124 -0.9371828315889036 -0.868295771385071 
0.4463956443480838 0.7179188584306117 0.6143222584883377 0.5707282929126124 0.4733446674595846 0.35776105193093954 0.23650759951919778 0.16586687023284846 0.11330304421811105 -0.06079218280378792 -0.16842483664832503 -0.25454410769984925 -0.32809996094450933 -0.4402564648525366 -0.49426271227113644 -0.6233600483149722 -0.6665899257901993 -0.7803811839954605 -0.8558597798171235 -0.9123193337353331 -0.9361222002737617 -0.9648880702924385 -0.9162268939816051 -0.9730924915511795 -0.9654344526105605 -0.9673706235816767 -0.9193959444885017 -0.9336623672813124 -0.4416612820540744 -0.8543559972590677 
0.4470002651512381 0.7290810789054407 0.6304385114648926 0.5845438287181384 0.4511474809352956 0.3596629938674448 0.2596227803976289 0.15282962439628112 0.08690858524091745 -0.06079218280378792 -0.22960247468668016 -0.2453689093498285 -0.32409329837000567 -0.43037745704473035 -0.5158998385996176 -0.6144363721304386 -0.6574427807791388 -0.7758759524802156 -0.8508540434479254 -0.9045934920446272 -0.49098547007666293 -0.952878533764166 -0.9486712905475622 -0.9647754344432775 -0.9798505007453349 -0.9945713297125425 -0.46910677096790154 -0.9249531914322309 -0.9281564361444606 -0.8391845924027164 
0.4473749233237849 0.7240862199972691 0.6125602589081713 0.5903389829219483 0.4492215865090245 0.37975241779408325 0.25091071406017146 0.16293063835452115 0.08690858524091745 -0.0631978284882333 -0.0923231542829345 -0.257391082633239 -0.34332135912057987 -0.4566897227180405 -0.5158998385996176 -0.6222406905861791 -0.6795970517537243 -0.7758759524802156 -0.8447944660940069 -0.9000456339711045 -0.49098547007666293 -0.9367849892333266 -0.9213154420396221 -0.9740690880484805 -0.9772782203542424 -0.970300284028237 -0.5461246392952148 -0.928245954200602 -0.9076802446054067 -0.8634009273730571 
0.4463956443480838 0.7209960780766471 0.6304385114648926 0.5785717654448573 0.4511474809352956 0.36444409847525466 0.2596227803976289 0.15282962439628112 0.10076203099729024 -0.05161875645537283 -0.001225334681510315 -0.2386121280573726 -0.32409329837000567 -0.43037745704473035 -0.49426271227113644 -0.613910083229422 -0.658884933825214 -0.7758759524802156 -0.8558597798171235 -0.9110129255004481 -0.49098547007666293 -0.9619803937220217 -0.9486712905475622 -0.9575822969956383 -0.9782312682763328 -0.9623034251140974 -0.9444533084029499 -0.9136635641191025 -0.9280033521129155 -0.8543559972590677 
0.4463956443480838 0.7209960780766471 0.6051939131581545 0.5706999957608717 0.46723426413153823 0.35776105193093954 0.25576455606413623 0.15282962439628112 0.10076203099729024 -0.019907027983762385 -0.10069499131020784 -0.24247025517212287 -0.32409329837000567 -0.43789120291856554 -0.49426271227113644 -0.608940532915528 -0.658884933825214 -0.7758759524802156 -0.8499025147584324 -0.9123193337353331 -0.9168066855311922 -0.9584652520179421 -0.4871410572878141 -0.9830590990137937 -0.42835097298193925 -0.9885176316159979 -0.9444533084029499 -0.9136635641191025 -0.9129495826837952 -0.8543559972590677 
0.4463956443480838 0.7209960780766471 0.6051939131581545 0.5706999957608717 0.46723426413153823 0.35776105193093954 0.25576455606413623 0.15282962439628112 0.10076203099729024 -0.019907027983762385 -0.10069499131020784 -0.24247025517212287 -0.32409329837000567 -0.43789120291856554 -0.49426271227113644 -0.608940532915528 -0.658884933825214 -0.7758759524802156 -0.8499025147584324 -0.9123193337353331 -0.9168066855311922 -0.9584652520179421 -0.4871410572878141 -0.9830590990137937 -0.42835097298193925 -0.9885176316159979 -0.9444533084029499 -0.9136635641191025 -0.9129495826837952 -0.8543559972590677 
0.4463956443480838 0.7290810789054407 0.6051939131581545 0.5724713452616685 0.4690243709695174 0.35776105193093954 0.2591622614416408 0.16586687023284846 0.10076203099729024 -0.06079218280378792 -0.16842483664832503 -0.2453689093498285 -0.32409329837000567 -0.43789120291856554 -0.49426271227113644 -0.613910083229422 -0.658884933825214 -0.7758759524802156 -0.8558597798171235 -0.9123193337353331 -0.9168066855311922 -0.9591970634204742 -0.9294909441108364 -0.9653721195619949 -0.42835097298193925 -0.9673706235816767 -0.9444533084029499 -0.9205572130473315 -0.9131576349923313 -0.8543559972590677 
0.4470002651512381 0.7225008617611963 0.6285014871341661 0.5806900684826746 0.4511474809352956 0.35776105193093954 0.7541311386120706 0.15282962439628112 0.08690858524091745 -0.03977085612843883 -0.0923231542829345 -0.2635135431345337 -0.34332135912057987 -0.4566897227180405 -0.5158998385996176 -0.6222406905861791 -0.6833061439930543 -0.7758759524802156 -0.8487653442456546 -0.8980367366886884 -0.9292659209464766 -0.940044799501497 -0.9147760590369042 -0.9740690880484805 -0.9867757701310372 -0.9691098689646481 -0.46910677096790154 -0.934056831444614 -0.9287095597561305 -0.8477597971466058 
0.4470002651512381 0.7225008617611963 0.6285014871341661 0.5806900684826746 0.4511474809352956 0.35776105193093954 0.7541311386120706 0.15282962439628112 0.08690858524091745 -0.03977085612843883 -0.0923231542829345 -0.2635135431345337 -0.34332135912057987 -0.4566897227180405 -0.5158998385996176 -0.6222406905861791 -0.6833061439930543 -0.7758759524802156 -0.8487653442456546 -0.8980367366886884 -0.9292659209464766 -0.940044799501497 -0.9147760590369042 -0.9740690880484805 -0.9867757701310372 -0.9691098689646481 -0.46910677096790154 -0.934056831444614 -0.9287095597561305 -0.8477597971466058 
0.4463956443480838 0.7221014447641169 0.6143222584883377 0.5818554736444546 0.4511474809352956 0.3686391525663453 0.7643080665471353 0.15705830728771 0.06860943167668282 -0.019907027983762385 -0.13238994467666546 -0.2453689093498285 -0.3411762981204086 -0.43914097186520407 -0.9968401633506287 -0.6233600483149722 -0.6897418508949862 -0.7787283020335395 -0.8585191563966248 -0.9045934920446272 -0.9244286690170673 -0.9445805813076273 -0.9611453929231495 -0.9846265693890515 -1.0 -0.9885176316159979 -0.9151076835740927 -0.9362639562493371 -0.9226340955130806 -0.868295771385071 
0.4470002651512381 0.7225008617611963 0.6228357520093175 0.5806900684826746 0.4511474809352956 0.3643499424771304 0.7643080665471353 0.15282962439628112 -0.4342991608075628 -0.019155970609531513 -0.1055058132361065 -0.2635135431345337 -0.34332135912057987 -0.4478227503281463 -0.5158998385996176 -0.6262236753961569 -0.6907164183694859 -0.7758759524802156 -0.859138719030919 -0.8758209644399898 -0.948570491155234 -0.9602366232836487 -0.9598445712212058 -0.9666193227071396 -0.9867757701310372 -0.9691098689646481 -0.9298408681699245 -0.9078445433527391 -0.9287265363324344 -0.8659335820821389 
0.446897951988138 0.7076776827663925 0.6334658708363915 0.574268202285219 0.44699748416201834 0.37382291873104834 0.24993035563214594 0.15265659856761926 0.06804000184371803 -0.02757834320029657 -0.16421374123110882 -0.26137098527193847 -0.36484188595039263 -0.4281697689276375 -0.5592102544533514 -0.6246583653237503 -0.7120558699160717 -0.7639346838115663 -0.8641589348938528 -0.8649453447830693 -0.41216423973123417 -0.9422641453355657 -0.9456230427795146 -0.954704780261257 -0.9816394382833431 -0.9657165456855088 -0.9190351653363726 -0.968177226570792 -0.3551835069853435 -0.8544362974119629 
0.4463956443480838 0.7221014447641169 0.6143222584883377 0.5818554736444546 0.4511474809352956 0.3686391525663453 0.7643080665471353 0.15705830728771 0.06860943167668282 -0.019907027983762385 -0.13238994467666546 -0.2453689093498285 -0.3411762981204086 -0.43914097186520407 -0.9968401633506287 -0.6233600483149722 -0.6897418508949862 -0.7787283020335395 -0.8585191563966248 -0.9045934920446272 -0.9244286690170673 -0.9445805813076273 -0.9611453929231495 -0.9846265693890515 -1.0 -0.9885176316159979 -0.9151076835740927 -0.9362639562493371 -0.9226340955130806 -0.868295771385071 
0.4463956443480838 0.718763069286595 0.6285014871341661 0.5902579508585419 0.4511474809352956 0.37895591322883676 0.7643080665471353 0.15282962439628112 0.08690858524091745 -0.019907027983762385 -0.10069499131020784 -0.2598069948379365 -0.3411762981204086 -0.4478227503281463 -0.48538632710289753 -0.6264363551424394 -0.6907164183694859 -0.7499845448976737 -0.8585191563966248 -0.8686721400311991 -0.948570491155234 -0.9602366232836487 -0.9598445712212058 -0.9805157719136937 -0.9867757701310372 -0.9885176316159979 -0.9298287364786235 -0.9078445433527391 -0.9294385133603741 -0.8659335820821389 
0.446897951988138 0.718763069286595 0.6223628047539214 0.574268202285219 0.45431288729657304 0.3817231113770553 0.2540608791041042 0.15265659856761926 0.06804000184371803 -0.027771188718120676 -0.09755432704437757 -0.26137098527193847 -0.36484188595039263 -0.43878494627474135 -0.5578129406344359 -0.6246583653237503 -0.7139292207197002 -0.7639346838115663 -0.8641589348938528 -0.9132714249266672 -0.41216423973123417 -0.93767210014002 -0.936370152978869 -0.9629854633929686 -0.976434655783372 -0.9608824917169692 -0.9193755173400537 -0.9269181838332401 -0.9141393855799277 -0.8646959325595669 
0.446897951988138 0.7038988791951148 0.6223628047539214 0.5766501489684545 0.8858366222944936 0.37144763924932384 0.2510751747583032 0.1481071238656916 0.06860943167668282 -0.03718229538086671 -0.09755432704437757 -0.2619586759664945 -0.330547422868373 -0.43081366763601026 -0.5324104033489492 -0.6291102192302882 -0.7120558699160717 -0.7571261084771816 -0.8619676071141598 -0.8961154742407472 -0.946014212486009 -0.9497299824016108 -0.949469042567617 -0.9571230918090873 -0.9864702049082363 -0.9663436070030115 -0.9193755173400537 -0.9223176479842105 -0.9170666332797199 -0.8889533511040068 
0.4463956443480838 0.718763069286595 0.6285014871341661 0.5902579508585419 0.4511474809352956 0.37895591322883676 0.7643080665471353 0.15282962439628112 0.08690858524091745 -0.019907027983762385 -0.10069499131020784 -0.2598069948379365 -0.3411762981204086 -0.4478227503281463 -0.48538632710289753 -0.6264363551424394 -0.6907164183694859 -0.7499845448976737 -0.8585191563966248 -0.8686721400311991 -0.948570491155234 -0.9602366232836487 -0.9598445712212058 -0.9805157719136937 -0.9867757701310372 -0.9885176316159979 -0.9298287364786235 -0.9078445433527391 -0.9294385133603741 -0.8659335820821389 
0.4472248938187123 0.718763069286595 0.6067372224474811 0.574268202285219 0.45384220355859317 0.3817231113770553 0.24993035563214594 0.14059866525981443 0.06804000184371803 -0.02757834320029657 -0.15786316155533717 -0.23078485995885895 -0.36484188595039263 -0.43524064556443703 -0.5578129406344359 -0.6246583653237503 -0.6540519448712101 -0.7520191021740892 -0.8683667425572462 -0.8747283296041249 -0.9350520974595079 -0.9373272929349807 -0.9514359511060784 -0.9678942665367762 -0.9816394382833431 -0.9946106453187564 -0.9536053398688975 -0.926433581908771 -0.3551835069853435 -0.8624472508840735 
0.4472248938187123 0.7313500397169757 0.6241482664387187 0.5684684899382699 0.454315222742557 0.369608683331172 0.25837827651817535 0.150361893526203 0.09893863763558775 -0.03239795197673725 -0.15454766205054515 -0.2396028889594819 -0.33979017089351826 -0.43170243351181287 -0.5560271659507762 -0.6622668003673071 -0.7000604083300882 -0.7666667699737212 -0.4140064127279217 -0.8943163807527399 -0.9406780030908869 -0.9426958761316292 -0.9269181583166742 -1.0 -0.9871161111205395 -0.9590982711984767 -0.9298053272913503 -0.9224252123924535 -0.916347967387387 -0.8703612704659844 
0.446897951988138 0.718763069286595 0.6223628047539214 0.574268202285219 0.45431288729657304 0.3817231113770553 0.2540608791041042 0.15265659856761926 0.06804000184371803 -0.027771188718120676 -0.09755432704437757 -0.26137098527193847 -0.36484188595039263 -0.43878494627474135 -0.5578129406344359 -0.6246583653237503 -0.7139292207197002 -0.7639346838115663 -0.8641589348938528 -0.9132714249266672 -0.41216423973123417 -0.93767210014002 -0.936370152978869 -0.9629854633929686 -0.976434655783372 -0.9608824917169692 -0.9193755173400537 -0.9269181838332401 -0.9141393855799277 -0.8646959325595669 
0.4472248938187123 0.7297811460044327 0.6059221464402261 0.5531682494474894 0.4520977427366403 0.3764116456200028 0.2561117699580732 0.15630787149139475 0.05483317170151357 -0.03090699596879252 -0.16237058583671993 -0.2286259471056144 -0.331171775623086 -0.43371801863345927 -0.5203930392597269 -0.6334421802167062 -0.6816186793223643 -0.7666667699737212 -0.8469498675714805 -0.9047852742245416 -0.9389493715823601 -0.9564355192156176 -0.9641458878648833 -0.9555550285115662 -0.9866550175129146 -0.9893169546795098 -0.921258552882957 -0.9099957315028395 -0.9182299375053526 -0.8646959325595669 
0.4470002651512381 0.7225008617611963 0.6228357520093175 0.5806900684826746 0.4511474809352956 0.3643499424771304 0.7643080665471353 0.15282962439628112 -0.4342991608075628 -0.019155970609531513 -0.1055058132361065 -0.2635135431345337 -0.34332135912057987 -0.4478227503281463 -0.5158998385996176 -0.6262236753961569 -0.6907164183694859 -0.7758759524802156 -0.859138719030919 -0.8758209644399898 -0.948570491155234 -0.9602366232836487 -0.9598445712212058 -0.9666193227071396 -0.9867757701310372 -0.9691098689646481 -0.9298408681699245 -0.9078445433527391 -0.9287265363324344 -0.8659335820821389 
0.446897951988138 0.6956946680969442 0.6334658708363915 0.5170947631674384 0.45431288729657304 0.37392570752437343 0.25218535339537 0.15630787149139475 0.06860943167668282 -0.03718503540935481 -0.14914148843857108 -0.24202762725647778 -0.34376760421248853 -0.43590708221803637 -0.5596769176078255 -0.6144047228480104 -0.7120558699160717 -0.7639346838115663 -0.8562268590842776 -0.9104277487315278 -0.9469043828305097 -0.9426958761316292 -0.9406192166614378 -0.954704780261257 -0.9865811344176587 -0.9657165456855088 -0.9202114263108325 -0.9223176479842105 -0.9141393855799277 -0.8911672017051867 
0.4472248938187123 0.718763069286595 0.6191152252380228 0.5146288891247279 0.45856120734214184 0.36788717157129563 0.25698974918272277 0.14059866525981443 0.06956298761604254 -0.0732380238799252 -0.15786316155533717 -0.19924569587771335 -0.36484188595039263 -0.4350229322374021 -0.5578129406344359 -0.627802808128119 -0.6540519448712101 -0.7627303562606215 -0.8683667425572462 -0.9225636345775953 -0.9479755269494484 -0.9497299824016108 -0.9554857370348011 -0.9678942665367762 -0.9732100357465545 -0.9591439002562016 -0.9485528780246111 -0.960361085730135 -0.9048637434158354 -0.890162822510343 
0.4472248938187123 0.718763069286595 0.6140181504722539 0.5128237598153752 0.4511474809352956 0.38521751039962904 0.23639856821794714 0.15282962439628112 0.09274973893408343 -0.03844860597064195 -0.15156913507429232 -0.2286259471056144 -0.32409329837000567 -0.4448825907556738 -0.4472747194762605 -0.6264363551424394 -0.6907164183694859 -0.7499845448976737 -0.8562268590842776 -0.8686721400311991 -0.946322913009785 -0.9518712552699139 -0.9612222592288121 -0.9710357663353287 -0.9866550175129146 -0.9663436070030115 -0.9511134134946511 -0.9099957315028395 -0.8952232029556711 -0.8624472508840735 
0.446897951988138 0.7231330086647649 0.6174213749087221 0.49390984782937863 0.45856120734214184 0.37392570752437343 0.25218535339537 0.1554963845602884 0.07812853328166008 -0.032798167721186 -0.14914148843857108 -0.24896618306806273 -0.34376760421248853 -0.43524064556443703 -0.5173708887821505 -0.6268178199756823 -0.7120558699160717 -0.7639346838115663 -0.8184285058122707 -0.9079020660929001 -0.930485342292657 -0.9497299824016108 -0.928655484113893 -0.9779030732441487 -0.9897662720491269 -0.969405880782886 -0.9319840826019611 -0.9285507032545007 -0.8768851119723439 -0.8866744913998206 
0.446897951988138 0.6956946680969442 0.6259180204948205 0.5257088662929935 0.45431288729657304 0.37392570752437343 0.2540608791041042 0.15630787149139475 0.05483317170151357 -0.027771188718120676 -0.15670769807569823 -0.7214469652148512 -0.34376760421248853 -0.43141934104890783 -0.5203930392597269 -0.6334421802167062 -0.7125287023572802 -0.7639346838115663 -0.8585191563966248 -0.904194358375184 -0.9389493715823601 -0.9471661413972342 -0.9286894418294418 -0.9629854633929686 -0.9816394382833431 -0.9632410640244827 -0.9108421355475124 -0.9224252123924535 -0.9141393855799277 -0.8646959325595669 
0.446897951988138 0.6956946680969442 0.6259180204948205 0.5257088662929935 0.45431288729657304 0.37392570752437343 0.2540608791041042 0.15630787149139475 0.05483317170151357 -0.027771188718120676 -0.15670769807569823 -0.7214469652148512 -0.34376760421248853 -0.43141934104890783 -0.5203930392597269 -0.6334421802167062 -0.7125287023572802 -0.7639346838115663 -0.8585191563966248 -0.904194358375184 -0.9389493715823601 -0.9471661413972342 -0.9286894418294418 -0.9629854633929686 -0.9816394382833431 -0.9632410640244827 -0.9108421355475124 -0.9224252123924535 -0.9141393855799277 -0.8646959325595669 
0.4472248938187123 0.7297811460044327 0.611253816091199 0.5511686697935603 0.4520977427366403 0.3764116456200028 0.2561117699580732 0.1554963845602884 0.07474258372321786 -0.03090699596879252 -0.16237058583671993 -0.23437741359226708 -0.34376760421248853 -0.43371801863345927 -0.5203930392597269 -0.6203315504192229 -0.7125287023572802 -0.7666667699737212 -0.8476718568627984 -0.904194358375184 -0.9313284126059731 -0.9564355192156176 -0.9415880594266891 -0.9534668868656807 -0.9897662720491269 -0.9632410640244827 -0.921258552882957 -0.9285507032545007 -0.9182299375053526 -0.8646959325595669 
0.4472248938187123 0.7299994710285928 0.6174213749087221 0.5038301892291814 0.45856120734214184 0.3764116456200028 -0.18670682057849564 0.1554963845602884 0.06266688167459447 -0.032798167721186 -0.15156913507429232 -0.24202762725647778 -0.3279525100636446 -0.4361967574471931 -0.5114053870009049 -0.6268178199756823 -0.7120558699160717 -0.7545416437352778 -0.8585191563966248 -0.8985126888030652 -0.9313284126059731 -0.9497299824016108 -0.9415880594266891 -0.9710357663353287 -0.9816394382833431 -0.9663436070030115 -0.9108421355475124 -0.9285507032545007 -0.8861408644560806 -0.8827596985836367 
0.446897951988138 0.7231330086647649 0.6174213749087221 0.49390984782937863 0.45856120734214184 0.37392570752437343 0.25218535339537 0.1554963845602884 0.07812853328166008 -0.032798167721186 -0.14914148843857108 -0.24896618306806273 -0.34376760421248853 -0.43524064556443703 -0.5173708887821505 -0.6268178199756823 -0.7120558699160717 -0.7639346838115663 -0.8184285058122707 -0.9079020660929001 -0.930485342292657 -0.9497299824016108 -0.928655484113893 -0.9779030732441487 -0.9897662720491269 -0.969405880782886 -0.9319840826019611 -0.9285507032545007 -0.8768851119723439 -0.8866744913998206 
0.4472248938187123 0.7131119099227163 0.5978421168224842 0.5293872390292746 0.45856120734214184 0.3731582307247557 0.7006564075643094 0.18044145555724386 0.06501077202421217 -0.03090699596879252 -0.16493733487169276 -0.23437741359226708 -0.35364285993905886 -0.44917197757419397 -0.5675172387903464 -0.6711759169143775 -0.6890096192013822 -0.759716254370655 -0.8184285058122707 -0.8961679175764874 -0.9234352654404954 -0.9529823660268192 -0.9541837871463786 -0.9962624939838116 -0.99702934984726 -0.9657165456855088 -0.9322104889267142 -0.9163046079777033 -0.9182299375053526 -0.32110269403310676 
0.4472248938187123 0.7228509535111053 0.6174213749087221 0.5136010151003955 0.45807798346665624 0.38332611089703905 0.24284167745576699 0.1554963845602884 0.07812853328166008 -0.027771188718120676 -0.14914148843857108 -0.24202762725647778 -0.34376760421248853 -0.43294578573965864 -0.5152975435135431 -0.6334421802167062 -0.7125287023572802 -0.7716639308468819 -0.8547311084823259 -0.9021444172541099 -0.9353673142532372 -0.9564355192156176 -0.9415880594266891 -0.9534668868656807 -0.9947459043075603 -0.9618415146486833 -0.9108421355475124 -0.9262328033032379 -0.8952232029556711 -0.2737975386019189 
0.4472248938187123 0.7297811460044327 0.6059221464402261 0.5531682494474894 0.4520977427366403 0.3764116456200028 0.2561117699580732 0.15630787149139475 0.05483317170151357 -0.03090699596879252 -0.16237058583671993 -0.2286259471056144 -0.331171775623086 -0.43371801863345927 -0.5203930392597269 -0.6334421802167062 -0.6816186793223643 -0.7666667699737212 -0.8469498675714805 -0.9047852742245416 -0.9389493715823601 -0.9564355192156176 -0.9641458878648833 -0.9555550285115662 -0.9866550175129146 -0.9893169546795098 -0.921258552882957 -0.9099957315028395 -0.9182299375053526 -0.8646959325595669 
0.4472248938187123 0.7315733946245875 0.5927827839000812 0.4995404057948293 0.45856120734214184 0.369608683331172 0.2446308381762814 0.1554963845602884 0.07812853328166008 -0.03090699596879252 -0.15670769807569823 -0.23437741359226708 -0.34376760421248853 -0.43524064556443703 -0.5203930392597269 -0.6366203429086212 -0.7125287023572802 -0.7666667699737212 -0.8184285058122707 -0.904194358375184 -0.9406780030908869 -0.9504579991325408 -0.928655484113893 -0.9779030732441487 -0.9897662720491269 -0.9632410640244827 -0.9322104889267142 -0.9224252123924535 -0.9182299375053526 -0.8646959325595669 
0.446897951988138 0.6982976607234571 0.6259180204948205 0.5257088662929935 0.45297772768632916 0.37392570752437343 0.25353721759853 0.15630787149139475 0.05483317170151357 -0.027771188718120676 -0.14323217723992762 -0.7214469652148512 -0.34376760421248853 -0.5392746533989985 -0.5066867311074262 -0.6144047228480104 -0.7125287023572802 -0.770928994034896 -0.8562268590842776 -0.8988026636194846 -0.9469043828305097 -0.9426958761316292 -0.9406192166614378 -0.954704780261257 -0.9816394382833431 -0.9632410640244827 -0.9202114263108325 -0.9224252123924535 -0.9141393855799277 -0.8688464361471769 
0.4472248938187123 0.7038988791951148 0.6191152252380228 0.5128237598153752 0.45856120734214184 0.37756019372106037 0.24284167745576699 0.1655393674214381 0.06860943167668282 -0.027771188718120676 -0.15156913507429232 -0.24202762725647778 -0.3279525100636446 -0.4360731866900085 -0.5578129406344359 -0.6334421802167062 -0.7120558699160717 -0.7639346838115663 -0.8585191563966248 -0.9021444172541099 -0.9409591224436599 -0.9497299824016108 -0.9612222592288121 -0.9710357663353287 -0.9816394382833431 -0.9663436070030115 -0.9108421355475124 -0.960361085730135 -0.8952232029556711 -0.8827596985836367 
0.4472248938187123 0.7228509535111053 0.6174213749087221 0.5136010151003955 0.45807798346665624 0.38332611089703905 0.24284167745576699 0.1554963845602884 0.07812853328166008 -0.027771188718120676 -0.14914148843857108 -0.24202762725647778 -0.34376760421248853 -0.43294578573965864 -0.5152975435135431 -0.6334421802167062 -0.7125287023572802 -0.7716639308468819 -0.8547311084823259 -0.9021444172541099 -0.9353673142532372 -0.9564355192156176 -0.9415880594266891 -0.9534668868656807 -0.9947459043075603 -0.9618415146486833 -0.9108421355475124 -0.9262328033032379 -0.8952232029556711 -0.2737975386019189 
0.4472248938187123 0.729179290606956 0.6191152252380228 0.5222391742561175 0.4240411934776979 0.3632010259995938 0.2589830115220133 0.1655393674214381 0.07071096898901774 -0.02316312542471824 -0.14583683534105202 -0.22254722249257236 -0.359143030398485 -0.44153354806928685 -0.5540110746082159 -0.6334421802167062 -0.7120558699160717 -0.3313276647495231 -0.8250353432302417 -0.9021444172541099 -0.9234352654404954 -0.9556370935727343 -0.9612222592288121 -0.9710357663353287 -0.9874132717454231 -0.9663436070030115 -0.926593732594404 -0.9424315504957114 -0.8952232029556711 -0.31906010399302875 
0.4472248938187123 0.718763069286595 0.6191152252380228 0.5146288891247279 0.45856120734214184 0.36788717157129563 0.25698974918272277 0.14059866525981443 0.06956298761604254 -0.0732380238799252 -0.15786316155533717 -0.19924569587771335 -0.36484188595039263 -0.4350229322374021 -0.5578129406344359 -0.627802808128119 -0.6540519448712101 -0.7627303562606215 -0.8683667425572462 -0.9225636345775953 -0.9479755269494484 -0.9497299824016108 -0.9554857370348011 -0.9678942665367762 -0.9732100357465545 -0.9591439002562016 -0.9485528780246111 -0.960361085730135 -0.9048637434158354 -0.890162822510343 
0.4472248938187123 0.7317018585258439 0.5926988478483062 0.6687417784856515 0.4490951948721772 0.3217293223899906 0.24046165194033253 0.17160150649387979 0.05273534898731059 -0.03425909684440334 -0.15238726590100013 -0.21704494498047563 -0.3532002451049272 -0.43361914965903353 -0.5658117012643296 -0.6257248137085989 -0.7208825019188856 -0.7785023872790743 -0.8405212201537816 -0.8938546397436609 -0.9234352654404954 -0.9602426563240103 -0.9413856917754054 -0.9710357663353287 -0.9845995810640024 -0.9571187856652614 -0.9298053272913503 -0.9314499770113923 -0.9253596789169063 -0.8662399301041299 
0.4472248938187123 0.729179290606956 0.6191152252380228 0.5222391742561175 0.4240411934776979 0.3632010259995938 0.2589830115220133 0.1655393674214381 0.07071096898901774 -0.02316312542471824 -0.14583683534105202 -0.22254722249257236 -0.359143030398485 -0.44153354806928685 -0.5540110746082159 -0.6334421802167062 -0.7120558699160717 -0.3313276647495231 -0.8250353432302417 -0.9021444172541099 -0.9234352654404954 -0.9556370935727343 -0.9612222592288121 -0.9710357663353287 -0.9874132717454231 -0.9663436070030115 -0.926593732594404 -0.9424315504957114 -0.8952232029556711 -0.31906010399302875 
0.4472248938187123 0.729179290606956 0.6350031448853891 0.5174621610616621 0.45856120734214184 0.36838794960855265 0.2589830115220133 0.15957971957299885 0.07071096898901774 -0.016377013304489 -0.1683190603939223 -0.24394060835604908 -0.3279525100636446 -0.43524064556443703 -0.5570763361886699 -0.6450003502784467 -0.7132645669590986 -0.3347788143028445 -0.8250353432302417 -0.8938546397436609 -0.9234352654404954 -0.9537488736933538 -0.9646511536007135 -0.9710357663353287 -0.9874132717454231 -0.9663436070030115 -0.926593732594404 -0.9682709615431325 -0.9236801056656437 -0.8788871197185693 
0.4475386049891427 0.7240452427779315 0.5926988478483062 0.5124670098477406 0.4375513647986194 0.29652775946368937 0.2468167174417948 0.1642336885465665 0.06512670883572057 -0.02316312542471824 -0.15238726590100013 -0.360244855752759 -0.3794623071197048 0.08675874149217311 -0.5570763361886699 -0.6646591798394043 -0.7208825019188856 -0.7785023872790743 -0.8250353432302417 -0.8938546397436609 -0.9335024948977356 -0.9581290858022665 -0.9681076728438389 -0.9710357663353287 -0.9891073296406308 -0.9571187856652614 -0.9289821373835682 -0.934015928232168 -0.9253596789169063 -0.8662399301041299 
0.4475386049891427 0.7240452427779315 0.5926988478483062 0.5124670098477406 0.4375513647986194 0.29652775946368937 0.2468167174417948 0.1642336885465665 0.06512670883572057 -0.02316312542471824 -0.15238726590100013 -0.360244855752759 -0.3794623071197048 0.08675874149217311 -0.5570763361886699 -0.6646591798394043 -0.7208825019188856 -0.7785023872790743 -0.8250353432302417 -0.8938546397436609 -0.9335024948977356 -0.9581290858022665 -0.9681076728438389 -0.9710357663353287 -0.9891073296406308 -0.9571187856652614 -0.9289821373835682 -0.934015928232168 -0.9253596789169063 -0.8662399301041299 
0.4472248938187123 0.719216413417812 0.6004134131386514 0.5124670098477406 0.4490951948721772 0.318611993168614 0.24046165194033253 0.17160150649387979 0.07071096898901774 -0.03425909684440334 -0.15238726590100013 -0.18839751026057083 -0.3471353164803697 -0.4329961819937528 -0.5221904717144197 -0.19561038053791346 -0.6963162165759332 -0.7052391459668188 -0.8250353432302417 -0.9312290344644558 -0.9359587988494766 -0.9479363289882877 -0.949899195265226 -0.9710357663353287 -0.9785521425936764 -0.9657165456855088 -0.9298053272913503 -0.9314499770113923 -0.9253596789169063 -0.8852975402769281 
0.4472248938187123 0.729179290606956 0.6350031448853891 0.5174621610616621 0.4240411934776979 0.36838794960855265 0.2589830115220133 0.15957971957299885 0.07071096898901774 -0.02316312542471824 -0.16115876166848156 -0.22254722249257236 -0.35555923358711816 -0.43524064556443703 -0.5570763361886699 -0.6387251510650656 -0.7074317479092368 -0.7785023872790743 -0.8250353432302417 -0.8938546397436609 -0.9234352654404954 -0.9581290858022665 -0.9646511536007135 -0.9710357663353287 -0.9871161111205395 -0.5415465285925478 -0.9298053272913503 -0.9237229059600017 -0.9253596789169063 -0.8788871197185693 
0.4475386049891427 0.7270315202164301 0.6350031448853891 0.532714958075769 0.432227764815696 0.3754072591087451 0.24993035563214594 0.17956766335005417 0.05273534898731059 -0.03445253592443004 -0.15924739778568736 -0.22254722249257236 -0.35555923358711816 -0.4350229322374021 -0.5578129406344359 -0.6257248137085989 -0.7000604083300882 -0.7760675910144315 -0.8421744907001733 -0.8786587224921122 -0.9234352654404954 -0.9581290858022665 -0.9619574181026908 -0.9807448534138743 -0.9932735190644641 -0.5415465285925478 -0.9282851658852197 -0.9188137071571798 -0.885901447683095 -0.8788871197185693 
0.4472248938187123 0.729179290606956 0.6350031448853891 0.5174621610616621 0.4240411934776979 0.36838794960855265 0.2589830115220133 0.15957971957299885 0.07071096898901774 -0.02316312542471824 -0.16115876166848156 -0.22254722249257236 -0.35555923358711816 -0.43524064556443703 -0.5570763361886699 -0.6387251510650656 -0.7074317479092368 -0.7785023872790743 -0.8250353432302417 -0.8938546397436609 -0.9234352654404954 -0.9581290858022665 -0.9646511536007135 -0.9710357663353287 -0.9871161111205395 -0.5415465285925478 -0.9298053272913503 -0.9237229059600017 -0.9253596789169063 -0.8788871197185693 
0.4475386049891427 0.729179290606956 0.6350031448853891 0.5174621610616621 0.4426309041922354 0.37306617800532493 0.25308419147883804 0.17160150649387979 0.06640324411201579 -0.03131786741150272 -0.16115876166848156 -0.22254722249257236 -0.35555923358711816 -0.4329961819937528 -0.5604960336962652 -0.6647368836320127 -0.6963162165759332 0.21956951040454586 -0.8520089728090352 -0.9312290344644558 -0.9308742617158542 -0.952558431947562 -0.9744581973770474 -1.0 -0.9871161111205395 -0.9717028644830775 -0.9298053272913503 -0.9314499770113923 -0.8801587829407428 -0.8853581498569113 
0.4475386049891427 0.7270315202164301 0.6350031448853891 0.532714958075769 0.432227764815696 0.3754072591087451 0.24993035563214594 0.17956766335005417 0.05273534898731059 -0.03445253592443004 -0.15924739778568736 -0.22254722249257236 -0.35555923358711816 -0.4350229322374021 -0.5578129406344359 -0.6257248137085989 -0.7000604083300882 -0.7760675910144315 -0.8421744907001733 -0.8786587224921122 -0.9234352654404954 -0.9581290858022665 -0.9619574181026908 -0.9807448534138743 -0.9932735190644641 -0.5415465285925478 -0.9282851658852197 -0.9188137071571798 -0.885901447683095 -0.8788871197185693 
0.4475386049891427 0.7340936852474488 0.6241482664387187 0.5186860932058079 0.45179683513825575 0.37306617800532493 0.2558229461847482 0.16615196297113843 0.06571362405508173 -0.03131786741150272 -0.16115876166848156 -0.35952131652378666 -0.36980108520237487 -0.8698160664365251 -0.5604960336962652 -0.0851934119034039 -0.7208825019188856 -0.7591206893735296 -0.8520089728090352 -0.9312290344644558 -0.9449225099226809 -0.9457955773195794 -0.9734765032160332 -0.9904860501588703 -0.9936088843102917 -0.9717028644830775 -0.9479803630975994 -0.926055807660827 -0.8801587829407428 -0.8622779317196321 
0.4475386049891427 0.7228066810101708 0.6123830482813145 0.5124670098477406 0.4308800694431424 0.3644219682297991 0.2684536772787814 0.15957971957299885 0.06252462874183676 -0.007538401200200091 -0.15156913507429232 0.726764766679046 -0.35555923358711816 -0.4329961819937528 -0.5440800458897255 -0.6647368836320127 -0.705617061013335 -0.7858386471979043 -0.8461573420217612 -0.8938546397436609 -0.9335024948977356 -0.9364076115020932 -0.970066254629889 -0.9811331215850678 -0.9871161111205395 -0.5415465285925478 -0.9309890116892146 -0.9226997510746068 -0.9253596789169063 -0.8788871197185693 
0.4475386049891427 0.729179290606956 0.6350031448853891 0.5174621610616621 0.4426309041922354 0.37306617800532493 0.25308419147883804 0.17160150649387979 0.06640324411201579 -0.03131786741150272 -0.16115876166848156 -0.22254722249257236 -0.35555923358711816 -0.4329961819937528 -0.5604960336962652 -0.6647368836320127 -0.6963162165759332 0.21956951040454586 -0.8520089728090352 -0.9312290344644558 -0.9308742617158542 -0.952558431947562 -0.9744581973770474 -1.0 -0.9871161111205395 -0.9717028644830775 -0.9298053272913503 -0.9314499770113923 -0.8801587829407428 -0.8853581498569113 
0.4475386049891427 0.7340936852474488 0.6241482664387187 0.5253800406866954 0.4527083429415987 0.3040628229428436 0.2558229461847482 0.17603085492606046 0.05710681393295166 -0.03239795197673725 -0.16067801489261002 -0.360244855752759 -0.3794623071197048 -0.8698160664365251 -0.5678004908692564 -0.6565743323550516 -0.7208825019188856 -0.7591206893735296 -0.8379961514238428 -0.8943163807527399 -0.9335024948977356 -0.9382426518196424 -0.9609381726127115 -0.9789729019502946 -0.98558225750951 -0.9571187856652614 -0.9298053272913503 -0.934015928232168 -0.8801587829407428 -0.8662399301041299 
0.4475386049891427 0.7340936852474488 0.6241482664387187 0.5253800406866954 0.4527083429415987 0.3040628229428436 0.2558229461847482 0.17603085492606046 0.05710681393295166 -0.03239795197673725 -0.16067801489261002 -0.360244855752759 -0.3794623071197048 -0.8698160664365251 -0.5678004908692564 -0.6565743323550516 -0.7208825019188856 -0.7591206893735296 -0.8379961514238428 -0.8943163807527399 -0.9335024948977356 -0.9382426518196424 -0.9609381726127115 -0.9789729019502946 -0.98558225750951 -0.9571187856652614 -0.9298053272913503 -0.934015928232168 -0.8801587829407428 -0.8662399301041299 
0.4475386049891427 0.7245527472780371 0.6123830482813145 0.5124670098477406 0.44073676118763616 0.3062728458383803 0.24095734879584688 0.17160150649387979 0.05710681393295166 -0.007538401200200091 -0.15156913507429232 -0.36138246843267313 -0.37108539604365953 -0.9638787907743862 -0.5482838935839784 0.4417190189241498 -0.6949027317797181 -0.7591206893735296 -0.8461573420217612 -0.8990797236040906 -0.9335024948977356 -0.9364076115020932 -0.970066254629889 -0.9811331215850678 -0.98558225750951 -0.9657165456855088 -0.9298053272913503 -0.9237229059600017 -0.8757429214047009 -0.8662399301041299 
0.4475386049891427 0.7340936852474488 0.6241482664387187 0.5186860932058079 0.45179683513825575 0.37306617800532493 0.2558229461847482 0.16615196297113843 0.06571362405508173 -0.03131786741150272 -0.16115876166848156 -0.35952131652378666 -0.36980108520237487 -0.8698160664365251 -0.5604960336962652 -0.0851934119034039 -0.7208825019188856 -0.7591206893735296 -0.8520089728090352 -0.9312290344644558 -0.9449225099226809 -0.9457955773195794 -0.9734765032160332 -0.9904860501588703 -0.9936088843102917 -0.9717028644830775 -0.9479803630975994 -0.926055807660827 -0.8801587829407428 -0.8622779317196321 
0.4475386049891427 0.741490525856516 0.6350031448853891 0.5124670098477406 0.432227764815696 0.3014390612243358 0.2483305191177033 0.16544081545905368 0.05273534898731059 -0.02316312542471824 -0.15924739778568736 -0.360244855752759 -0.3794623071197048 -0.4472755769033169 -0.5578129406344359 -0.6647041171667994 -0.7208825019188856 -0.7760675910144315 -0.86303882054099 -0.8786587224921122 -0.9234352654404954 -0.27517453455159613 -0.9703566162633973 -0.9710357663353287 -0.9891073296406308 -0.9571187856652614 -0.9482964275882652 -0.9194002486608195 -0.8785508448851359 -0.8788871197185693 
0.4475386049891427 0.741490525856516 0.6350031448853891 0.5124670098477406 0.432227764815696 0.3014390612243358 0.2483305191177033 0.16544081545905368 0.05273534898731059 -0.02316312542471824 -0.15924739778568736 -0.360244855752759 -0.3794623071197048 -0.4472755769033169 -0.5578129406344359 -0.6647041171667994 -0.7208825019188856 -0.7760675910144315 -0.86303882054099 -0.8786587224921122 -0.9234352654404954 -0.27517453455159613 -0.9703566162633973 -0.9710357663353287 -0.9891073296406308 -0.9571187856652614 -0.9482964275882652 -0.9194002486608195 -0.8785508448851359 -0.8788871197185693 
0.4475386049891427 0.7412504806947976 0.6241482664387187 0.5253800406866954 0.4470766414004926 0.3161774175027748 0.2558229461847482 0.17691696012618796 0.04897394200157853 -0.028650706727730176 -0.16115876166848156 -0.22254722249257236 -0.35555923358711816 -0.4350229322374021 -0.5678004908692564 -0.6647368836320127 -0.7143800246201681 -0.7760675910144315 -0.837398021796006 -0.8943163807527399 -0.9407670222796238 0.05429342674843149 -0.9609381726127115 -1.0 -0.9871161111205395 0.5147677711827956 -0.9298053272913503 -0.9326459467322348 -0.8801587829407428 -0.8975289021369366 
0.4475386049891427 0.7387373135579312 0.6241482664387187 0.5186860932058079 0.4373635311196497 0.3161774175027748 0.25636148430317796 0.16382265565353082 0.04732393267697556 -0.028650706727730176 -0.1582553917671383 -0.3552241337807168 -0.36980108520237487 -0.44625625224388127 -0.5496207532889897 -0.42435294114437605 -0.7143800246201681 -0.7676552344001162 -0.837398021796006 -0.8924010097736443 -0.9407670222796238 0.05429342674843149 -0.9955441754439827 -0.9811331215850678 -0.9781567839978624 -0.9539832362520638 -0.9479803630975994 -0.926055807660827 -0.8801587829407428 -0.8622779317196321 
0.4475386049891427 0.729179290606956 0.6315689255016591 0.5186860932058079 0.4426309041922354 0.31564338525488567 0.25636148430317796 0.16382265565353082 0.06571362405508173 -0.03131786741150272 -0.16115876166848156 -0.22216412938957775 -0.3794775569584948 -0.4329961819937528 -0.5604960336962652 -0.42435294114437605 -0.6960411493021035 -0.775934789700255 -0.8598101216915846 -0.9312290344644558 -0.9407670222796238 -0.9457955773195794 -0.9958635007608598 -0.9912366752441484 -0.9844513466942212 0.3404350295493912 -0.9479803630975994 -0.926055807660827 -0.8878574035871328 -0.8622779317196321 
0.4475386049891427 0.7340936852474488 0.6278717261097017 0.5171047908550037 0.4458485522806067 0.38143314316706706 0.26865131614513604 0.16382265565353082 0.06344364880069206 -0.02358548401775194 -0.16225384578770227 -0.3602675361655164 -0.3732404451142201 -0.44625625224388127 -0.5604960336962652 -0.08709775658156149 -0.7208825019188856 -0.4894284873058141 -0.8468966490814149 -0.39563726134036803 -0.9449225099226809 -0.9457955773195794 -0.990545730694993 -0.9904860501588703 -0.9781567839978624 0.5126477853480428 -0.9398838612814804 -0.9325770536969019 -0.8860013220718832 -0.8622779317196321 
0.4475386049891427 0.729179290606956 0.6315689255016591 0.5186860932058079 0.4426309041922354 0.31564338525488567 0.25636148430317796 0.16382265565353082 0.06571362405508173 -0.03131786741150272 -0.16115876166848156 -0.22216412938957775 -0.3794775569584948 -0.4329961819937528 -0.5604960336962652 -0.42435294114437605 -0.6960411493021035 -0.775934789700255 -0.8598101216915846 -0.9312290344644558 -0.9407670222796238 -0.9457955773195794 -0.9958635007608598 -0.9912366752441484 -0.9844513466942212 0.3404350295493912 -0.9479803630975994 -0.926055807660827 -0.8878574035871328 -0.8622779317196321 
0.4475386049891427 0.7225008617611963 0.6218073813239283 0.5286116227044897 0.432227764815696 0.8430254238370702 0.25837827651817535 0.15777744878561994 0.056825072548800225 0.22101668177461686 -0.15924739778568736 -0.360244855752759 -0.35525552620536693 -0.4360731866900085 -0.5578129406344359 0.43769881616637674 -0.7056294666048933 -0.7760675910144315 -0.8323448420881533 -0.8862482892793794 -0.9433831922071518 0.051866996238087396 -0.9708739163907104 -1.0 -0.9957785103248858 0.5159851179780202 -0.9482964275882652 -0.9325770536969019 -0.8931125362290231 0.7975668441670649 
0.4475386049891427 0.7225008617611963 0.6218073813239283 0.5286116227044897 0.432227764815696 0.8430254238370702 0.25837827651817535 0.15777744878561994 0.056825072548800225 0.22101668177461686 -0.15924739778568736 -0.360244855752759 -0.35525552620536693 -0.4360731866900085 -0.5578129406344359 0.43769881616637674 -0.7056294666048933 -0.7760675910144315 -0.8323448420881533 -0.8862482892793794 -0.9433831922071518 0.051866996238087396 -0.9708739163907104 -1.0 -0.9957785103248858 0.5159851179780202 -0.9482964275882652 -0.9325770536969019 -0.8931125362290231 0.7975668441670649 
0.4475386049891427 0.7387373135579312 0.6241482664387187 0.5186860932058079 0.4373635311196497 0.3161774175027748 0.25636148430317796 0.16382265565353082 0.04732393267697556 -0.028650706727730176 -0.1582553917671383 -0.3552241337807168 -0.36980108520237487 -0.44625625224388127 -0.5496207532889897 -0.42435294114437605 -0.7143800246201681 -0.7676552344001162 -0.837398021796006 -0.8924010097736443 -0.9407670222796238 0.05429342674843149 -0.9955441754439827 -0.9811331215850678 -0.9781567839978624 -0.9539832362520638 -0.9479803630975994 -0.926055807660827 -0.8801587829407428 -0.8622779317196321 
0.44800033162509456 0.7387373135579312 0.6248656270512413 0.5192258162689968 0.4458485522806067 0.32307796763192076 0.26330342269604645 -0.9917861412893103 0.05686522643162731 -0.028650706727730176 -0.1582553917671383 -0.360244855752759 -0.36980108520237487 -0.4350229322374021 -0.5560271659507762 0.4335459281371428 -0.7000604083300882 -0.7676552344001162 -0.8323448420881533 -0.8797922819512183 -0.9484231040419229 0.051866996238087396 -0.990545730694993 -1.0 -0.9781567839978624 0.5081822618320542 -0.9479803630975994 -0.9325770536969019 -0.8860013220718832 0.7975668441670649 
0.44800033162509456 0.7387373135579312 0.6248656270512413 0.5192258162689968 0.4458485522806067 0.32307796763192076 0.26330342269604645 -0.9917861412893103 0.05686522643162731 -0.028650706727730176 -0.1582553917671383 -0.360244855752759 -0.36980108520237487 -0.4350229322374021 -0.5560271659507762 0.4335459281371428 -0.7000604083300882 -0.7676552344001162 -0.8323448420881533 -0.8797922819512183 -0.9484231040419229 0.051866996238087396 -0.990545730694993 -1.0 -0.9781567839978624 0.5081822618320542 -0.9479803630975994 -0.9325770536969019 -0.8860013220718832 0.7975668441670649 
