1.2744478232511713 0.39156900112748383 
1.0534058689946026 0.29819557051264817 
1.15053170231061 0.37568497903790554 
1.0923980026134519 0.3583909646667768 
1.2235608888253493 0.3670540288013031 
1.1895951160907163 0.4112770478708983 
1.1150784122196333 0.35312196893454 
1.3020706366919894 0.3785958090928342 
1.313153648047745 0.3931484585206947 
1.1059878057311436 0.27444435307431914 
1.1530094761346399 0.26733370419112357 
1.0923980026134519 0.3583909646667768 
1.0760132033208918 0.41401257147558845 
1.2235608888253493 0.3670540288013031 
1.1150784122196333 0.35312196893454 
1.1530094761346399 0.26733370419112357 
1.0534058689946026 0.29819557051264817 
1.0825214736253923 0.36886004912794657 
1.0760132033208918 0.41401257147558845 
1.0957505695536245 0.45143657851978114 
1.1953833678663237 0.46653118873591354 
0.9510285485294947 0.4974815029180025 
1.1953833678663237 0.46653118873591354 
1.0973922443205932 0.5133925899154057 
1.1059878057311436 0.27444435307431914 
1.143971212199096 0.5781832794764517 
0.9473909543727921 0.5782365436540053 
1.148777176684019 0.5483986982879842 
0.9402396211586953 0.5824309146181472 
1.021556818931091 0.5917409892997627 
0.9402396211586953 0.5824309146181472 
0.9510285485294947 0.4974815029180025 
0.9084371895082464 0.5821683279777181 
0.7609539387432981 0.5833948906718004 
1.0215477754640727 0.5905777494246895 
0.8762643665480032 0.6256190919419305 
0.7609539387432981 0.5833948906718004 
0.8213425595258785 0.6354892279983244 
0.8728747170364893 0.6518570242289801 
0.8612000381293299 0.5996096520018707 
0.8612000381293299 0.5996096520018707 
0.7831090271774737 0.6945005279657191 
0.8762643665480032 0.6256190919419305 
0.4794626595315872 0.786090029746746 
0.3449631601939249 0.8137942337204378 
0.45024304176727303 0.7609047392744688 
0.544476348874191 0.7725557455213262 
0.6613419928012916 0.7682394356920527 
0.4642707307329834 0.7552805105153262 
0.7620374181491392 0.718764613251897 
0.5358095821904509 0.7910138489584986 
0.43688175088953046 0.8401507180602317 
0.45024304176727303 0.7609047392744688 
0.6139182826752634 0.7313569806655413 
0.6139182826752634 0.7313569806655413 
0.600872134943076 0.8040927029281354 
0.619194170339668 0.8210386812750056 
0.3449631601939249 0.8137942337204378 
0.5433292550507919 0.7821316143894854 
0.5658553482703643 0.8294425580835528 
0.544476348874191 0.7725557455213262 
0.4794626595315872 0.786090029746746 
0.4559935413604558 0.7833293508853474 
0.5589345333061783 0.7985511402585888 
0.5215720301909283 0.820303561988577 
0.5215720301909283 0.820303561988577 
0.5451501638340818 0.8976959407826843 
0.5451501638340818 0.8976959407826843 
0.4577035935079905 0.8614463415625919 
0.5160696687155822 0.9250679580354997 
0.4075908411188 0.8354940905373065 
0.49097863894493965 0.9241837172947303 
0.4559935413604558 0.7833293508853474 
0.4577035935079905 0.8614463415625919 
0.3096701898347141 0.9538952544285741 
0.3538706990363221 1.005718062772575 
0.4529063166777515 0.9613154585016405 
0.4182250770981081 0.9089604984426104 
0.4114460900153152 0.949856409647195 
0.3742106519407858 0.9286493240728356 
0.4087810270617174 0.9408768844773028 
0.4114460900153152 0.949856409647195 
0.36647540586775035 0.9652371057113619 
0.35237834508498656 1.0510862271092387 
0.3742106519407858 0.9286493240728356 
0.36826638928646876 0.9688058654882571 
0.249434078576914 1.0935664247868473 
0.249434078576914 1.0935664247868473 
0.3521950968720625 1.164191168439737 
0.3118640528637039 1.0289600521298752 
0.3096701898347141 0.9538952544285741 
0.3118640528637039 1.0289600521298752 
0.2720134860859635 1.152712184057689 
0.28685502900469484 1.1559118085773927 
0.3209130765547097 1.2790452061085684 
0.28685502900469484 1.1559118085773927 
0.30099711287270564 1.1467036821449685 
0.2377324496428277 1.1922021813156278 
0.2720134860859635 1.152712184057689 
0.2377324496428277 1.1922021813156278 
