0.7315628437205258 -0.09695715735479542 0.11922965214035464 0.7181421199212233 -0.12869570905104674 0.6159228604925481 0.47086557979042504 -0.07541451653721316 -0.027705350879433575 -0.412432679557473 0.15060722847830016 0.2205334582255834 -0.9052148419435472 0.274170842080494 -0.28358905654181654 -0.1655923669888093 0.24862271562775118 0.19308218606290917 0.08293588728108822 0.4370017788552826 -0.13570666627574637 -0.3170034074118646 0.3898154368493048 0.08782394656144732 -0.1587238645563538 0.34302037977859423 -0.030909857356784386 -0.3179188281296414 0.8408791711709003 -0.3935653717646142 
0.7265600211140776 0.6201102965626468 0.11922965214035464 0.7181421199212233 -0.14462677398428675 0.6128628031038376 -0.2924783623242368 -0.05000010237461241 -0.2679080365272932 0.22598615703962802 0.6824898197743823 0.20659555365734433 -0.8985417327914353 0.45930993054901864 -0.2669197743031347 0.10926250328491496 -0.8342837296598058 0.18625704622172418 0.08909757173215094 -0.50421503440451 -0.13558139762925062 0.33516547163608906 -0.9052576363204012 0.09594340872754074 -0.15698836636676164 0.34302037977859423 -0.01636357501845618 -0.33038670453862345 -0.04536727015792851 -0.3935653717646142 
0.717369745932166 -0.09695715735479542 0.8826103661203821 0.5455633255284819 0.07633947177386013 0.6159228604925481 -0.28416550919323685 -0.05502495636727848 -0.4770613598885418 0.24458826427491884 0.1690670315167388 0.22776302899412162 -0.9059626614821765 0.3626354007475716 -0.28351879136134595 0.11307943547223198 -0.8330393541549922 0.19066850136499433 0.08599289341448224 0.4361979429992302 -0.26591298218943543 0.33516547163608906 0.29149151653406036 0.09612314508190552 -0.3633679961088199 0.342972280430277 -0.029963934845773792 -0.3189945986243608 0.384824820135428 -0.8847984412240841 
0.7291413104245827 0.6201102965626468 0.11922965214035464 0.7181421199212233 -0.14343283559566086 0.6128628031038376 -0.2924783623242368 -0.07118736017329687 -0.023448702033068668 0.9421528411486493 0.6824898197743823 0.21624742891559687 -0.8985417327914353 0.4541261044491967 -0.2710889458433762 0.10919781126601733 -0.8265867938337453 0.18625704622172418 0.08293588728108822 -0.5073649529612877 -0.13570666627574637 0.33516547163608906 0.3887655100644457 -0.3999555327975104 -0.16321165377071653 0.35300005135078144 -0.023535580296957327 -0.3179188281296414 -0.04194890039318515 -0.3935653717646142 
0.73261232506426 -0.09695715735479542 0.8906569722833861 0.5353551099095417 -0.14343283559566086 0.6121664685765041 -0.280137466467 -0.05881199334953924 -0.023448702033068668 0.22598615703962802 0.6824898197743823 0.2045832901449512 -0.6080698488572679 0.44590541644053716 -0.2861710949166884 0.1094405701761437 -0.11353608129408908 0.18939948360747613 0.08417224785976636 0.4361979429992302 -0.013341771912029232 0.32527482117036377 0.3887655100644457 0.10045305512570327 -0.17280001476916462 0.35793878095361037 -0.026156879272059334 -0.31196324980419393 0.3728067170781878 -0.3909259411667176 
0.7315628437205258 -0.09695715735479542 0.11922965214035464 0.7181421199212233 -0.132176741232478 0.623722431465876 0.47086557979042504 -0.0660274624379202 -0.023448702033068668 -0.412432679557473 0.15060722847830016 0.22776302899412162 -0.9059626614821765 0.274170842080494 -0.28051358584058983 0.1094405701761437 -0.8229349705815787 0.18939948360747613 0.08293588728108822 0.4361979429992302 -0.13570666627574637 0.33516547163608906 0.39475430014989443 0.08782394656144732 -0.16217678523256251 0.35300005135078144 -0.023535580296957327 -0.3179188281296414 0.8408791711709003 -0.3935653717646142 
0.7330535031245932 0.6178572724177304 0.8849294894984292 0.5424573171029002 -0.13630666315489853 0.6128628031038376 -0.2924783623242368 0.26085263952922544 -0.05351644669598216 0.22098278095953275 0.16606731375920872 -0.5929823772446643 -0.8985417327914353 0.4480781895154219 -0.2762682149029416 0.10919781126601733 -0.11353608129408908 -0.5802193656465857 0.08293588728108822 -0.5073649529612877 -0.13558139762925062 -0.09709273262169948 0.40563974879409953 -0.3956075316696475 -0.16321165377071653 0.3517655279273985 -0.023535580296957327 -0.3156948727612689 -0.04194890039318515 -0.39279975850677545 
0.7371563564332008 0.4782181259763621 0.8895016949414678 0.7181421199212233 0.1469074421532064 0.6319639643040769 0.47213311300406974 -0.05502495636727848 -0.474574875696018 0.5076300954088027 0.6636165820961774 0.21664388551492933 -0.9059626614821765 0.3626354007475716 -0.2861710949166884 -0.12053715447079222 -0.1185513695698503 -0.62768447756771 0.08444034111604876 0.4361979429992302 -0.2325027223497528 -0.02495280148992496 0.29149151653406036 -0.40773903094447256 -0.3633679961088199 0.5589604604257985 -0.027512157048551054 -0.30316581298835404 0.37837328372521184 -0.38000059968445327 
0.7311318050773385 -0.09695715735479542 0.11922965214035464 0.7181421199212233 0.1434154004985884 0.6079988967443948 0.47086557979042504 -0.0660274624379202 0.4157629638688849 -0.412432679557473 0.15060722847830016 0.21715127257492825 -0.6066504670060373 0.3626354007475716 -0.6198305001893285 -0.1655923669888093 0.24862271562775118 0.19308218606290917 0.08293588728108822 0.4361979429992302 -0.14344283633308583 -0.3077687917173504 0.39475430014989443 0.09453980690428855 -0.1424977199846706 0.34302037977859423 -0.5900634576408181 -0.30316581298835404 0.8408791711709003 -0.3935653717646142 
0.7265600211140776 0.6272306459126465 0.8902327265472813 0.7181421199212233 -0.14343283559566086 0.6128628031038376 -0.2833587908436078 -0.05120349232092705 -0.2679080365272932 0.22598615703962802 0.1611012355538838 0.2024648379656836 -0.8985417327914353 0.4674208954908282 -0.2669197743031347 0.10919781126601733 -0.11353608129408908 0.18625704622172418 0.09050510560535388 0.12255931611776472 -0.14340746865620768 0.33516547163608906 -0.9052576363204012 0.09594340872754074 -0.16440015018965445 0.33788869244729863 -0.026156879272059334 -0.3268910206438341 0.3728067170781878 -0.3935653717646142 
0.7330535031245932 0.6201102965626468 0.8902327265472813 0.5424573171029002 -0.14343283559566086 0.6209643206959894 -0.2924783623242368 0.25675668993380096 -0.03181912185533398 0.22598615703962802 0.16606731375920872 0.2045832901449512 -0.8985417327914353 0.4541261044491967 -0.2861710949166884 0.10919781126601733 -0.11353608129408908 0.18625704622172418 0.08417224785976636 -0.5261644338424304 -0.14100351834373243 0.33516547163608906 0.3887655100644457 -0.3956075316696475 -0.16770377090168598 0.34302037977859423 -0.026156879272059334 -0.33038670453862345 0.3728067170781878 -0.39279975850677545 
0.7291413104245827 0.6201102965626468 0.11922965214035464 0.7181421199212233 -0.14343283559566086 0.6128628031038376 -0.2924783623242368 -0.07118736017329687 -0.023448702033068668 0.9421528411486493 0.6824898197743823 0.21624742891559687 -0.8985417327914353 0.4541261044491967 -0.2710889458433762 0.10919781126601733 -0.8265867938337453 0.18625704622172418 0.08293588728108822 -0.5073649529612877 -0.13570666627574637 0.33516547163608906 0.3887655100644457 -0.3999555327975104 -0.16321165377071653 0.35300005135078144 -0.023535580296957327 -0.3179188281296414 -0.04194890039318515 -0.3935653717646142 
0.7291413104245827 -0.09695715735479542 0.12520189014365 0.5424573171029002 -0.1338436351954169 0.6209643206959894 -0.29759819591941855 -0.07118736017329687 0.41911467408913095 0.22598615703962802 0.6824898197743823 0.2045832901449512 -0.07769548864789289 0.457718273390043 -0.2861710949166884 0.09696426555734755 -0.11353608129408908 -0.588123179877097 -0.08327547336522362 -0.5060594226798046 -0.13642111144878352 0.338675345274734 0.39604278733204556 0.10584685250601765 -0.1600393020725381 0.34302037977859423 -0.016648149903058195 -0.33411541714486376 -0.04194890039318515 -0.08266788081868352 
0.73261232506426 -0.09695715735479542 0.8906569722833861 0.5353551099095417 -0.14343283559566086 0.6121664685765041 -0.280137466467 -0.05881199334953924 -0.023448702033068668 0.22598615703962802 0.6824898197743823 0.2045832901449512 -0.6080698488572679 0.44590541644053716 -0.2861710949166884 0.1094405701761437 -0.11353608129408908 0.18939948360747613 0.08417224785976636 0.4361979429992302 -0.013341771912029232 0.32527482117036377 0.3887655100644457 0.10045305512570327 -0.17280001476916462 0.35793878095361037 -0.026156879272059334 -0.31196324980419393 0.3728067170781878 -0.3909259411667176 
0.7330535031245932 0.6178572724177304 0.8849294894984292 0.5424573171029002 -0.13630666315489853 0.6128628031038376 -0.2924783623242368 0.26085263952922544 -0.05351644669598216 0.22098278095953275 0.16606731375920872 -0.5929823772446643 -0.8985417327914353 0.4480781895154219 -0.2762682149029416 0.10919781126601733 -0.11353608129408908 -0.5802193656465857 0.08293588728108822 -0.5073649529612877 -0.13558139762925062 -0.09709273262169948 0.40563974879409953 -0.3956075316696475 -0.16321165377071653 0.3517655279273985 -0.023535580296957327 -0.3156948727612689 -0.04194890039318515 -0.39279975850677545 
0.7330535031245932 0.6201102965626468 0.8902327265472813 0.5424573171029002 -0.14343283559566086 0.6209643206959894 -0.2924783623242368 0.25675668993380096 -0.03181912185533398 0.22598615703962802 0.16606731375920872 0.2045832901449512 -0.8985417327914353 0.4541261044491967 -0.2861710949166884 0.10919781126601733 -0.11353608129408908 0.18625704622172418 0.08417224785976636 -0.5261644338424304 -0.14100351834373243 0.33516547163608906 0.3887655100644457 -0.3956075316696475 -0.16770377090168598 0.34302037977859423 -0.026156879272059334 -0.33038670453862345 0.3728067170781878 -0.39279975850677545 
0.7265600211140776 0.6201102965626468 0.11922965214035464 0.7181421199212233 -0.14462677398428675 0.6128628031038376 -0.2924783623242368 -0.05000010237461241 -0.2679080365272932 0.22598615703962802 0.6824898197743823 0.20659555365734433 -0.8985417327914353 0.45930993054901864 -0.2669197743031347 0.10926250328491496 -0.8342837296598058 0.18625704622172418 0.08909757173215094 -0.50421503440451 -0.13558139762925062 0.33516547163608906 -0.9052576363204012 0.09594340872754074 -0.15698836636676164 0.34302037977859423 -0.01636357501845618 -0.33038670453862345 -0.04536727015792851 -0.3935653717646142 
0.7323916766149514 0.6201102965626468 0.12520189014365 0.7181421199212233 0.13636242534341664 0.6079988967443948 -0.2924783623242368 -0.07118736017329687 -0.7028433946633745 0.9421528411486493 0.6824898197743823 0.21715127257492825 -0.6066504670060373 0.457718273390043 -0.6210613757842104 -0.16504093742386253 -0.8265867938337453 0.1771405517162631 0.08293588728108822 -0.5141686252669955 -0.13570666627574637 0.33516547163608906 0.3887655100644457 -0.3999555327975104 -0.16321165377071653 0.34302037977859423 -0.024042482196593905 -0.30316581298835404 -0.04194890039318515 -0.3837737367136414 
0.7291413104245827 -0.09695715735479542 0.12520189014365 0.5424573171029002 -0.1338436351954169 0.6209643206959894 -0.29759819591941855 -0.07118736017329687 0.41911467408913095 0.22598615703962802 0.6824898197743823 0.2045832901449512 -0.07769548864789289 0.457718273390043 -0.2861710949166884 0.09696426555734755 -0.11353608129408908 -0.588123179877097 -0.08327547336522362 -0.5060594226798046 -0.13642111144878352 0.338675345274734 0.39604278733204556 0.10584685250601765 -0.1600393020725381 0.34302037977859423 -0.016648149903058195 -0.33411541714486376 -0.04194890039318515 -0.08266788081868352 
0.7442242400891164 -0.09788721350871593 0.8839185290033412 0.7181421199212233 -0.13630666315489853 0.6132945069003856 -0.2924783623242368 -0.05402276841146413 -0.05351644669598216 0.22098278095953275 0.16851073729162527 0.20659555365734433 -0.8985417327914353 -0.7182081312220592 -0.2710889458433762 0.10919781126601733 -0.8334876308891127 -0.5802193656465857 0.0805675837714519 -0.5073649529612877 -0.13558139762925062 -0.09709273262169948 -0.9052576363204012 0.10474207659994038 -0.16321165377071653 0.35300005135078144 -0.023535580296957327 -0.3156948727612689 -0.04536727015792851 -0.3846844642667387 
0.7311259283418379 -0.103658944821763 0.12874708141480146 0.1581794415850417 -0.15854674658578316 0.6128628031038376 -0.2924783623242368 -0.07118736017329687 -0.7028433946633745 0.2163208171748565 0.6828657068838052 0.20659555365734433 -0.8985417327914353 0.45930993054901864 -0.6210613757842104 -0.7085434320992845 -0.8475578019374879 0.1878715859905987 0.08884800955116727 -0.5073649529612877 -0.13939582363004432 0.32641479867299666 -0.9115017214925923 0.08691261087152866 -0.16647744179622262 0.34302037977859423 0.6760235160734203 -0.30316581298835404 -0.04536727015792851 -0.3837737367136414 
0.7357382823085425 -0.09251295598324748 -0.3901061990411599 0.7170774669321907 -0.14577229119690235 0.6132945069003856 -0.2956926839604762 -0.059137014719524775 -0.055952734720819935 0.5110614436489671 0.1560609733888702 0.2037409088504533 -0.9024177157891604 -0.7274130147651564 -0.27402548951389366 0.11024453348973665 -0.8268073911826092 -0.5832145339204241 -0.07922951956335267 -0.5083345014176045 -0.6701430067959377 -0.3162092238918236 0.3864143425609418 -0.2684737672516171 -0.14600270565280285 0.34302037977859423 -0.0325770688705579 0.20641496336757084 -0.04536727015792851 -0.633809111399765 
0.7311259283418379 -0.103658944821763 0.12874708141480146 0.1581794415850417 -0.15854674658578316 0.6128628031038376 -0.2924783623242368 -0.07118736017329687 -0.7028433946633745 0.2163208171748565 0.6828657068838052 0.20659555365734433 -0.8985417327914353 0.45930993054901864 -0.6210613757842104 -0.7085434320992845 -0.8475578019374879 0.1878715859905987 0.08884800955116727 -0.5073649529612877 -0.13939582363004432 0.32641479867299666 -0.9115017214925923 0.08691261087152866 -0.16647744179622262 0.34302037977859423 0.6760235160734203 -0.30316581298835404 -0.04536727015792851 -0.3837737367136414 
0.7357382823085425 0.4782181259763621 0.8839185290033412 0.7181421199212233 -0.15099618547420424 0.6132945069003856 0.045501756837212914 -0.05929197581462244 -0.049847257856775164 0.2279218502498373 0.1776180562087744 0.22245146915884614 -0.6066504670060373 -0.7274130147651564 -0.2710889458433762 -0.7113436035875458 -0.8388479453472337 -0.5995805187695514 0.09055951842096985 -0.5047883600281304 -0.1290239547942762 0.32641479867299666 0.38761726082443176 0.10257557055669823 -0.14973487578642314 0.35300005135078144 -0.023274314731337592 -0.3156948727612689 0.36977839549824515 -0.3846844642667387 
0.7265600211140776 0.6272306459126465 0.8902327265472813 0.7181421199212233 -0.14343283559566086 0.6128628031038376 -0.2833587908436078 -0.05120349232092705 -0.2679080365272932 0.22598615703962802 0.1611012355538838 0.2024648379656836 -0.8985417327914353 0.4674208954908282 -0.2669197743031347 0.10919781126601733 -0.11353608129408908 0.18625704622172418 0.09050510560535388 0.12255931611776472 -0.14340746865620768 0.33516547163608906 -0.9052576363204012 0.09594340872754074 -0.16440015018965445 0.33788869244729863 -0.026156879272059334 -0.3268910206438341 0.3728067170781878 -0.3935653717646142 
0.7357382823085425 -0.09236634719337523 0.8839185290033412 0.7170774669321907 -0.13630666315489853 0.6132945069003856 -0.29740683759467973 -0.05898657154072549 -0.03848947003797751 0.9342391090465669 0.1776180562087744 0.19896729122326848 -0.9001689343087831 -0.7274130147651564 -0.25803054311676754 0.1101237562983668 -0.8268073911826092 -0.5995805187695514 0.06162794245997042 -0.5073649529612877 -0.6666592322424773 -0.08955035239745594 -0.9060850681944208 -0.2684737672516171 -0.15966328651707865 0.34302037977859423 0.5622142831093258 0.20641496336757084 -0.04536727015792851 -0.08266788081868352 
0.7291413104245827 -0.10291789395689116 -0.37981761370924766 0.7170774669321907 -0.13630666315489853 -0.13722307951968596 -0.2924783623242368 -0.05502495636727848 -0.05351644669598216 0.5110614436489671 0.16851073729162527 0.08228518786180147 -0.6077139357712639 -0.7274130147651564 -0.1270153553541055 0.11024453348973665 -0.8282767538088011 -0.5802193656465857 -0.08327547336522362 -0.5083345014176045 -0.6715311289645092 -0.32270645763874917 0.38761726082443176 0.10474207659994038 -0.15966328651707865 0.34302037977859423 -0.023535580296957327 0.2021810629631037 -0.047600820061077354 -0.08266788081868352 
0.7256787233860384 -0.09940207385461211 0.916405847989794 0.5478929348857149 -0.2236112079611583 -0.6717027950146589 -0.2924783623242368 -0.06426591452500978 -0.4861121890424694 0.23515491565667151 0.6775238488236626 0.2037409088504533 -0.6514597004353455 0.3568965766432327 -0.12714704776282637 0.11024453348973665 -0.8330393541549922 0.19071276280132587 0.09128032717272638 -0.5083345014176045 -0.665926273547527 -0.3162092238918236 0.29149151653406036 0.09321632281774882 -0.1545437463843033 0.34536506854441135 -0.027626606397705866 0.2021810629631037 -0.04536727015792851 -0.08266788081868352 
0.7435278570826956 -0.09575103633642841 -0.37981761370924766 0.7061482626885518 -0.14544451988787624 -0.13959422900592294 -0.2924783623242368 -0.05502495636727848 -0.05351644669598216 -0.827932850712144 0.16174837087035546 0.1982315589923797 -0.9013797134814792 0.3568965766432327 -0.27402548951389366 -0.11246118482643297 -0.8367216220050675 0.1844206064457635 -0.07922951956335267 -0.5073903346811407 -0.6585935111398367 -0.32322500557046013 0.38604851062775347 0.10771137917954351 -0.3613442521528496 0.33616381143431373 -0.017850703273021195 0.2021810629631037 -0.04536727015792851 -0.08266788081868352 
0.7285657266198844 -0.09236634719337523 -0.3895277886770034 0.7191347765756888 -0.13630666315489853 -0.14097871994635422 -0.2924783623242368 -0.05502495636727848 -0.03848947003797751 0.9364002110410119 0.1492258781980272 0.2037409088504533 -0.8985417327914353 -0.7181040083889686 -0.26671281477923353 0.1176523122718234 -0.8304918287185301 -0.5832145339204241 0.06162794245997042 -0.5073649529612877 -0.13558139762925062 -0.3162092238918236 -0.8998201083582271 -0.2684737672516171 -0.1530187096794283 0.34302037977859423 0.3596044232830493 -0.3189945986243608 -0.04536727015792851 -0.08628764443489831 
0.7435278570826956 -0.09575103633642841 -0.37981761370924766 0.7061482626885518 -0.14544451988787624 -0.13959422900592294 -0.2924783623242368 -0.05502495636727848 -0.05351644669598216 -0.827932850712144 0.16174837087035546 0.1982315589923797 -0.9013797134814792 0.3568965766432327 -0.27402548951389366 -0.11246118482643297 -0.8367216220050675 0.1844206064457635 -0.07922951956335267 -0.5073903346811407 -0.6585935111398367 -0.32322500557046013 0.38604851062775347 0.10771137917954351 -0.3613442521528496 0.33616381143431373 -0.017850703273021195 0.2021810629631037 -0.04536727015792851 -0.08266788081868352 
0.7357382823085425 -0.09251295598324748 -0.3901061990411599 0.7170774669321907 -0.14577229119690235 0.6132945069003856 -0.2956926839604762 -0.059137014719524775 -0.055952734720819935 0.5110614436489671 0.1560609733888702 0.2037409088504533 -0.9024177157891604 -0.7274130147651564 -0.27402548951389366 0.11024453348973665 -0.8268073911826092 -0.5832145339204241 -0.07922951956335267 -0.5083345014176045 -0.6701430067959377 -0.3162092238918236 0.3864143425609418 -0.2684737672516171 -0.14600270565280285 0.34302037977859423 -0.0325770688705579 0.20641496336757084 -0.04536727015792851 -0.633809111399765 
0.46898290194193415 -0.10338859005345118 -0.08528562442112565 0.7181421199212233 -0.13108242434232928 0.014919533494807657 -0.29740683759467973 -0.04893266232586692 -0.16118627013621323 0.22371490256491403 0.16635128189777726 0.20466279574479387 -0.8985417327914353 -0.7181040083889686 -0.2620976168340749 0.10338828456279246 -0.836038450995604 -0.08963777880156266 0.4694523905144343 -0.5073649529612877 -0.1324069691229535 -0.12917984818317335 -0.8950028024286898 -0.19645107059956843 -0.2801174792243337 0.3292329633998727 0.6665260436806859 0.4846579026722723 -0.04232079894678467 -0.3846844642667387 
0.46898290194193415 -0.7177155276470241 -0.94242929072753 -0.17368337183483118 0.445897686106135 0.009875446264375611 -0.30207467891372103 -0.05885373506388546 -0.06163866286165505 0.2248247958784831 0.10644648408350743 0.0885249275905449 0.24699898073033302 -0.40350068323728544 -0.27960516561005727 0.09781498541565678 0.3452878718285007 -0.5912272022553081 -0.23624250692407675 -0.5118639791769874 0.16683420021622353 -0.13384533489630376 0.5944863247852661 0.09270465122997451 0.070482156578376 0.5501942675033458 0.4692889117058971 0.03838884113146148 -0.05024852985611897 -0.3844308133140029 
0.7285657266198844 -0.10291789395689116 -0.37981761370924766 0.7119556194024482 -0.14577229119690235 -0.14097871994635422 -0.2924783623242368 -0.05502495636727848 -0.05351644669598216 0.5110614436489671 0.16851073729162527 -0.11459317638209199 -0.8985417327914353 -0.7266854527761586 -0.27402548951389366 0.11024453348973665 -0.8251975861542373 -0.5832145339204241 -0.08327547336522362 -0.5083345014176045 -0.6616639194524438 -0.3162092238918236 0.38761726082443176 0.10474207659994038 -0.14600270565280285 0.34302037977859423 0.3596044232830493 0.2021810629631037 -0.043319855118348044 -0.08266788081868352 
0.46898290194193415 -0.1007006614658716 -0.0780397964280003 0.7243269746460609 -0.14204829521749596 0.014972821007146253 -0.3002067351315946 -0.04893266232586692 -0.16118627013621323 0.2258168340775533 0.3633328383445289 0.0885249275905449 -0.8985417327914353 -0.7198814899366308 -0.2620976168340749 0.10600854938101073 0.35230186629326204 -0.08963777880156266 0.9690456119781568 -0.5095545974710809 -0.1324069691229535 0.3242817855541223 0.3896817296155052 -0.19645107059956843 -0.2703869643723739 0.3292329633998727 0.6680929211514487 0.4760810514122292 -0.05024852985611897 -0.3846844642667387 
0.46898290194193415 -0.7177155276470241 -0.94242929072753 -0.17368337183483118 0.445897686106135 0.009875446264375611 -0.30207467891372103 -0.05885373506388546 -0.06163866286165505 0.2248247958784831 0.10644648408350743 0.0885249275905449 0.24699898073033302 -0.40350068323728544 -0.27960516561005727 0.09781498541565678 0.3452878718285007 -0.5912272022553081 -0.23624250692407675 -0.5118639791769874 0.16683420021622353 -0.13384533489630376 0.5944863247852661 0.09270465122997451 0.070482156578376 0.5501942675033458 0.4692889117058971 0.03838884113146148 -0.05024852985611897 -0.3844308133140029 
0.46667770016017357 -0.1007006614658716 -0.8508483455361519 0.7154724641101923 -0.14577229119690235 -0.1379883669926359 -0.06966211252499943 -0.05502495636727848 -0.05351644669598216 0.5110614436489671 0.1641968163171559 -0.11459317638209199 0.13740374603355568 -0.7266854527761586 -0.27402548951389366 0.11477827000360562 -0.8316110050581635 -0.5832145339204241 -0.08327547336522362 -0.5022961668423312 -0.0767039465023116 0.3242817855541223 0.38761726082443176 0.08691261087152866 -0.7748477773915919 0.34226227294266576 0.6680929211514487 -0.3154675702554745 0.384824820135428 -0.3846844642667387 
0.46898290194193415 -0.7177155276470241 -0.08729503392328365 -0.04260254038206694 -0.3553699818987837 -0.1388183433086528 -0.2924783623242368 -0.8302356905738305 -0.4861121890424694 0.23447987166965809 0.6775238488236626 -0.44239622616050345 -0.6514597004353455 -0.4097728594022074 -0.12833166794925813 0.10338828456279246 -0.8330393541549922 -0.08190963851524743 0.47586632393140604 -0.5118639791769874 0.1354100087007998 -0.2988240432860611 0.9917980128863317 -0.2002280483606197 0.070482156578376 0.6042709858789618 0.22361547176642316 0.02715107878843881 -0.04127103558896794 0.202675228573271 
0.4603618129064375 -0.1007006614658716 -0.9455205045248095 -0.047227731948021705 -0.14204829521749596 0.014972821007146253 -0.06966211252499943 -0.8221865456947888 -0.05639501923616887 0.22137478437273586 0.36095899369697343 0.0885249275905449 0.2539831044642334 -0.40350068323728544 0.12485903866478254 0.10338828456279246 0.35230186629326204 -0.08963777880156266 -0.23624250692407675 -0.5022961668423312 0.16683420021622353 0.3242817855541223 0.38752296842024203 0.100913457476008 -0.7769978061241535 0.34226227294266576 0.6680929211514487 -0.31185106070062063 -0.05024852985611897 -0.3844308133140029 
0.4603618129064375 -0.1007006614658716 -0.9455205045248095 -0.047227731948021705 -0.14204829521749596 0.014972821007146253 -0.06966211252499943 -0.8221865456947888 -0.05639501923616887 0.22137478437273586 0.36095899369697343 0.0885249275905449 0.2539831044642334 -0.40350068323728544 0.12485903866478254 0.10338828456279246 0.35230186629326204 -0.08963777880156266 -0.23624250692407675 -0.5022961668423312 0.16683420021622353 0.3242817855541223 0.38752296842024203 0.100913457476008 -0.7769978061241535 0.34226227294266576 0.6680929211514487 -0.31185106070062063 -0.05024852985611897 -0.3844308133140029 
0.2368763100553833 -0.10665490599560234 -0.9540247678629882 0.16647695733523837 0.42308561149864754 -0.1388183433086528 -0.30207467891372103 -0.05502495636727848 -0.45997597927936784 0.2248247958784831 0.6775238488236626 0.0885249275905449 -0.42973948089989994 -0.40350068323728544 -0.12833166794925813 0.10338828456279246 -0.8367216220050675 -0.5861124698941653 -0.23624250692407675 -0.5083345014176045 -0.1290239547942762 -0.15473509390281276 0.5857771919829844 0.09270465122997451 0.070482156578376 0.6205655337394724 0.4672912515631238 0.031092441561322084 -0.04170440932124516 0.202675228573271 
0.46898290194193415 -0.1007006614658716 -0.0780397964280003 0.7243269746460609 -0.14204829521749596 0.014972821007146253 -0.3002067351315946 -0.04893266232586692 -0.16118627013621323 0.2258168340775533 0.3633328383445289 0.0885249275905449 -0.8985417327914353 -0.7198814899366308 -0.2620976168340749 0.10600854938101073 0.35230186629326204 -0.08963777880156266 0.9690456119781568 -0.5095545974710809 -0.1324069691229535 0.3242817855541223 0.3896817296155052 -0.19645107059956843 -0.2703869643723739 0.3292329633998727 0.6680929211514487 0.4760810514122292 -0.05024852985611897 -0.3846844642667387 
0.19003917220753871 0.2967697333145767 -0.09998561988449285 -0.047227731948021705 0.45483844562568937 0.017315767831913888 -0.07618804668372209 -0.2944332149667774 -0.4786410041855093 0.23038989614679686 -0.12688621374256442 0.23893845753202755 0.2503620150919227 -0.04315703324851898 -0.2861710949166884 0.10338828456279246 0.3475815260823931 -0.11128455093557867 0.4801893349430941 -0.5112030038929193 0.16683420021622353 -0.3249042719050889 0.9784931912781596 0.1041423374924844 -0.36178504204812395 0.6067169931694694 0.3755524052840125 -0.6784346502012848 0.3883519017366544 0.21234527769561706 
0.13859847874330605 -0.46291278575508477 -0.10265373390240044 -0.23860108857061588 0.45610057349450384 0.011484547015445259 -0.06966211252499943 -0.069014987316802 -0.4786410041855093 -0.07148842019650314 -0.11671810586896413 0.234076307928662 0.2503620150919227 0.4469415917113744 -0.1917588459535699 0.08875554847580397 -0.19735617782427622 -0.12474552350275861 -0.30120992660247864 -0.6126313457491839 0.16683420021622353 -0.1364456791787573 -0.38110172432708905 0.08892013886029775 0.11408103247284895 0.19766609681514555 0.4272810337496326 0.4846579026722723 -0.581801815525077 0.20484351377426688 
0.18107924633848502 -0.4622550241092046 -0.38632214505199425 -0.054545949890280346 -0.37077500283227893 0.008318242009512002 -0.06966211252499943 -0.07241833723298678 -0.07746976566680912 0.23038989614679686 -0.11798784230515894 -0.44079989025445115 0.250472830952128 -0.4097728594022074 0.7009052234464019 0.10338828456279246 -0.19735617782427622 -0.12492625690753668 -0.30120992660247864 -0.5054627952056476 0.16494495975906515 -0.12917984818317335 0.7889850725812388 -0.20278021758770076 0.070482156578376 0.6042709858789618 0.12195381398338757 0.4846579026722723 -0.5904435277468566 0.20802048829497854 
0.23149834335179803 0.2979946481602134 -0.09998561988449285 -0.9227303038425306 0.45483844562568937 0.014919533494807657 -0.06966211252499943 -0.290570478109289 0.8487581417488743 0.23038989614679686 0.16887023179627464 -0.6512627056461784 0.2503620150919227 -0.17640755765202187 0.7003635080057684 -0.11045220132433185 0.3454857194882234 0.20079901411247358 0.0813248066982548 0.26166021188152827 0.16683420021622353 -0.1273350617734158 0.9862819634700304 0.22403517373465065 0.08029496685164163 0.6020405574284974 0.4272810337496326 -0.3123634333547015 0.3889712709802033 0.20802048829497854 
0.2368763100553833 -0.8228453600092753 -0.9540247678629882 0.16238794952145078 0.42308561149864754 -0.18820289615982888 -0.09629748185635617 -0.07293589959935441 -0.6014436546366768 -0.07148842019650314 -0.10855812801793788 -0.44421242050751586 0.17599252730817158 -0.35394200054343766 0.7995846614196314 0.10338828456279246 -0.3197088654903448 -0.5973219342754718 -0.23624250692407675 0.4329264098267641 0.151906288070224 -0.14484038423431053 0.5847785210504198 0.09270465122997451 -0.3195207577107339 0.5501942675033458 0.4672912515631238 0.37302121374586295 0.04727837155502068 -0.3890507501263399 
0.19003917220753871 0.3023654033979094 -0.09998561988449285 -0.047227731948021705 0.45483844562568937 0.011484547015445259 -0.06966211252499943 -0.2944332149667774 -0.06004419595979876 0.23038989614679686 0.0498258704749659 -0.6523198576058085 0.2503620150919227 -0.04207565485216051 0.7003635080057684 0.10338828456279246 0.3475815260823931 -0.08963777880156266 -0.30062636933438974 -0.5054627952056476 0.16683420021622353 -0.1309621630327165 0.9917980128863317 0.002922339036750987 0.08323982039178063 0.6067169931694694 0.4272810337496326 0.4846579026722723 0.3889712709802033 0.20802048829497854 
0.3793888540909658 0.3023654033979094 -0.9361114287607872 0.16579015856584767 0.445897686106135 -0.19434942136339606 -0.39832779008538743 -0.07293589959935441 -0.47482682661478814 -0.07148842019650314 0.10644648408350743 -0.44421242050751586 0.16915566768190846 -0.3650203694567582 -0.27960516561005727 0.08846549199469164 -0.672376904548654 -0.5912272022553081 -0.23624250692407675 0.44532025217810317 0.16683420021622353 -0.3256604939224935 -0.40656281837317787 0.09270465122997451 -0.3195207577107339 0.5501942675033458 0.3755524052840125 0.3679381840934176 0.3690158961921193 -0.3844308133140029 
0.18107924633848502 -0.4622550241092046 -0.38632214505199425 -0.05474940770540751 0.45054304793029704 0.011484547015445259 -0.06966211252499943 -0.069014987316802 -0.07746976566680912 0.23038989614679686 -0.11493428066689848 -0.44079989025445115 0.2503620150919227 0.4469415917113744 0.7003635080057684 0.10338828456279246 -0.19735617782427622 -0.12492625690753668 -0.30120992660247864 -0.5054627952056476 0.16494495975906515 -0.12917984818317335 0.9917980128863317 -0.2002280483606197 0.070482156578376 0.6022296634239849 0.432143672473522 0.4846579026722723 -0.5904435277468566 0.20802048829497854 
0.13859847874330605 0.2967697333145767 -0.8508483455361519 0.16238794952145078 0.40681392513049847 -0.18820289615982888 -0.39832779008538743 -0.04671310463790326 -0.5843966334941022 -0.6392259036056317 -0.11444293854005633 -0.44421242050751586 0.17599252730817158 -0.3628112000374944 -0.2840730461470746 0.10338828456279246 -0.32664691698533177 -0.11128455093557867 -0.23624250692407675 0.2558069273387975 0.151906288070224 -0.14484038423431053 0.5847785210504198 0.09270465122997451 -0.3195207577107339 0.5501942675033458 0.4773867437312201 0.3679381840934176 0.047882311108525484 -0.3930899395917306 
0.18107924633848502 -0.4622550241092046 -0.38632214505199425 -0.054545949890280346 -0.37077500283227893 0.008318242009512002 -0.06966211252499943 -0.07241833723298678 -0.07746976566680912 0.23038989614679686 -0.11798784230515894 -0.44079989025445115 0.250472830952128 -0.4097728594022074 0.7009052234464019 0.10338828456279246 -0.19735617782427622 -0.12492625690753668 -0.30120992660247864 -0.5054627952056476 0.16494495975906515 -0.12917984818317335 0.7889850725812388 -0.20278021758770076 0.070482156578376 0.6042709858789618 0.12195381398338757 0.4846579026722723 -0.5904435277468566 0.20802048829497854 
0.2368763100553833 -0.8228453600092753 -0.8491382986196943 0.16867781262126233 0.42308561149864754 0.011484547015445259 -0.06966211252499943 -0.06548701948605622 -0.4786410041855093 -0.07174099854348427 -0.11671810586896413 0.23758555706756596 0.17599252730817158 -0.5871225542303777 -0.2848407581751396 0.08875554847580397 -0.6768963916290545 -0.11775113198983987 -0.23624250692407675 -0.6126313457491839 0.15886035004812185 -0.32405673001985635 -0.374796839441058 0.08425077545874582 0.11408103247284895 0.20254727728387478 0.3755524052840125 0.37302121374586295 0.14875106728921653 0.06824763949086732 
0.2368763100553833 -0.8228453600092753 -0.8491382986196943 0.16867781262126233 0.42308561149864754 0.011484547015445259 -0.06966211252499943 -0.06548701948605622 -0.4786410041855093 -0.07174099854348427 -0.11671810586896413 0.23758555706756596 0.17599252730817158 -0.5871225542303777 -0.2848407581751396 0.08875554847580397 -0.6768963916290545 -0.11775113198983987 -0.23624250692407675 -0.6126313457491839 0.15886035004812185 -0.32405673001985635 -0.374796839441058 0.08425077545874582 0.11408103247284895 0.20254727728387478 0.3755524052840125 0.37302121374586295 0.14875106728921653 0.06824763949086732 
0.19003917220753871 -0.09940207385461211 -0.10707719358885598 -0.050448176699236486 0.45483844562568937 0.016659056567495372 -0.0658798319863113 -0.044112836308787914 -0.5778878891487563 -0.8094494496659107 -0.11444293854005633 -0.6563221211086996 0.2503620150919227 -0.39924837337946995 0.7003635080057684 -0.11045220132433185 -0.8072492245597513 -0.5831609252861406 -0.23624250692407675 0.26166021188152827 0.015868083388578924 -0.12380916333128493 0.9937938428106808 0.22403517373465065 0.08029496685164163 0.6067169931694694 0.4272810337496326 -0.3219025191789453 0.3889712709802033 0.20802048829497854 
0.23149834335179803 -0.7177155276470241 -0.09998561988449285 -0.9203164002899898 0.1884753114589688 -0.18678055991749037 -0.05675873869405307 -0.07293589959935441 -0.06004419595979876 -0.07148842019650314 0.1615207667820184 -0.6523198576058085 0.2503620150919227 -0.3983389900169282 0.7995846614196314 0.10338828456279246 -0.8323448440746818 0.20079901411247358 0.07271619226304851 0.4329264098267641 0.15751094779157265 -0.1382675833895307 -0.9160307738349157 0.22403517373465065 -0.27349994328537425 0.5488373469330883 0.1283904991401621 0.47740753094412625 0.04727837155502068 -0.3890507501263399 
0.13859847874330605 -0.46291278575508477 -0.10265373390240044 -0.23860108857061588 0.45610057349450384 0.011484547015445259 -0.06966211252499943 -0.069014987316802 -0.4786410041855093 -0.07148842019650314 -0.11671810586896413 0.234076307928662 0.2503620150919227 0.4469415917113744 -0.1917588459535699 0.08875554847580397 -0.19735617782427622 -0.12474552350275861 -0.30120992660247864 -0.6126313457491839 0.16683420021622353 -0.1364456791787573 -0.38110172432708905 0.08892013886029775 0.11408103247284895 0.19766609681514555 0.4272810337496326 0.4846579026722723 -0.581801815525077 0.20484351377426688 
0.23254242234154537 0.29255863818484995 -0.019953743793581946 0.4843008382715585 0.4433254135691471 0.014919533494807657 -0.4142981666032932 -0.290570478109289 0.8487581417488743 0.23038989614679686 0.10257365141227835 0.23622735394413338 0.1606973391000785 -0.17640755765202187 0.7005708598727372 0.10564698853723431 0.3454857194882234 0.20079901411247358 -0.18548429504805697 0.4503794244343826 0.16683420021622353 -0.32965053104477804 -0.40349265380934596 0.22403517373465065 -0.35913966715767914 0.8065259935754623 0.4272810337496326 -0.3123634333547015 0.3889712709802033 0.20802048829497854 
0.13859847874330605 0.2967697333145767 -0.8505305785339409 -0.22898295739713476 0.41575683568053234 -0.19434942136339606 -0.39832779008538743 -0.05541868467482804 -0.4786410041855093 -0.6392259036056317 -0.12688621374256442 0.22906199506759503 -0.8914109477951475 -0.5777637169146587 -0.2861710949166884 0.09755209343834065 -0.6768963916290545 -0.11128455093557867 0.4533075446824913 -0.11222869923355541 0.15886035004812185 -0.32405673001985635 -0.40656281837317787 0.1041423374924844 -0.3626060408231772 0.19887552900707098 0.3755524052840125 -0.6869064897851962 0.14875106728921653 0.18884049064770594 
0.23149834335179803 0.2979946481602134 -0.09998561988449285 -0.9227303038425306 0.45483844562568937 0.014919533494807657 -0.06966211252499943 -0.290570478109289 0.8487581417488743 0.23038989614679686 0.16887023179627464 -0.6512627056461784 0.2503620150919227 -0.17640755765202187 0.7003635080057684 -0.11045220132433185 0.3454857194882234 0.20079901411247358 0.0813248066982548 0.26166021188152827 0.16683420021622353 -0.1273350617734158 0.9862819634700304 0.22403517373465065 0.08029496685164163 0.6020405574284974 0.4272810337496326 -0.3123634333547015 0.3889712709802033 0.20802048829497854 
0.19003917220753871 0.2967697333145767 -0.09998561988449285 -0.047227731948021705 0.45483844562568937 0.017315767831913888 -0.07618804668372209 -0.2944332149667774 -0.4786410041855093 0.23038989614679686 -0.12688621374256442 0.23893845753202755 0.2503620150919227 -0.04315703324851898 -0.2861710949166884 0.10338828456279246 0.3475815260823931 -0.11128455093557867 0.4801893349430941 -0.5112030038929193 0.16683420021622353 -0.3249042719050889 0.9784931912781596 0.1041423374924844 -0.36178504204812395 0.6067169931694694 0.3755524052840125 -0.6784346502012848 0.3883519017366544 0.21234527769561706 
0.15523545029293936 0.29255863818484995 -0.851056046032602 -0.221994177388892 0.44736382727774393 -0.19941840138479397 -0.3962870375097892 -0.04727139181479408 -0.05560632946241437 -0.5779944312836385 -0.13298541505416084 0.24281312191685006 0.1697130576348914 -0.5777637169146587 -0.2861710949166884 0.11381808431705687 -0.6768963916290545 -0.11128455093557867 -0.1937154529033846 -0.11222869923355541 0.17246652824606928 -0.3312392772798937 -0.4115683554293519 0.10770716744545449 -0.3626060408231772 0.188776555608902 0.3755524052840125 0.4428516181958382 -0.060940479895769305 -0.40072591769548666 
0.15523545029293936 0.3007899366296444 -0.851056046032602 0.16023111873618676 0.45379273492758093 -0.19941840138479397 -0.4051579285637202 -0.05189729129756426 -0.05560632946241437 -0.5779944312836385 -0.13298541505416084 0.24281312191685006 0.1697130576348914 0.5620180530669234 0.6142029823807789 0.11381808431705687 -0.6768963916290545 -0.12087350045661864 -0.24726898992475582 -0.10566862876814823 0.17871469195928147 -0.18211131347767018 -0.6916639129388906 0.10020448456683362 -0.3626060408231772 0.188776555608902 0.3916298532568481 0.43360682435514747 -0.060940479895769305 -0.3930899395917306 
0.22411443462509387 0.28436537554264124 0.6249442158088272 -0.23057271299040666 0.4433254135691471 -0.5677183915571689 -0.4142981666032932 -0.05855850549625611 -0.05204654739241798 -0.0638895693146826 0.10644648408350743 -0.4485762437784226 0.1606973391000785 -0.17640755765202187 0.7005708598727372 0.10055669926413498 -0.20120371750911992 -0.11524142224334262 -0.18548429504805697 0.43244451106196624 0.169268116972275 -0.33246611391410796 -0.3963621650410947 0.7810514498937438 -0.35913966715767914 0.6184277395443 0.3755524052840125 0.35639069736320406 0.3889712709802033 -0.5604140255065735 
0.22411443462509387 0.28436537554264124 0.6249442158088272 -0.23057271299040666 0.4433254135691471 -0.5677183915571689 -0.4142981666032932 -0.05855850549625611 -0.05204654739241798 -0.0638895693146826 0.10644648408350743 -0.4485762437784226 0.1606973391000785 -0.17640755765202187 0.7005708598727372 0.10055669926413498 -0.20120371750911992 -0.11524142224334262 -0.18548429504805697 0.43244451106196624 0.169268116972275 -0.33246611391410796 -0.3963621650410947 0.7810514498937438 -0.35913966715767914 0.6184277395443 0.3755524052840125 0.35639069736320406 0.3889712709802033 -0.5604140255065735 
0.15523545029293936 0.29255863818484995 -0.851056046032602 0.16023111873618676 0.44736382727774393 -0.20309435884813262 0.08964354478491754 -0.05189729129756426 -0.47482682661478814 -0.07348288997536043 0.15678859752949145 0.23355842751306152 0.1687714144972454 0.5620180530669234 0.6221263627006914 0.11381808431705687 -0.4693183390839861 -0.11128455093557867 -0.24555923622912199 0.4420886298142372 -0.2438703391290602 -0.3312392772798937 -0.6916639129388906 0.7758156890650637 -0.3195207577107339 0.188776555608902 0.3755524052840125 0.4355318962999528 -0.057092741622637104 -0.3930899395917306 
0.15523545029293936 0.29255863818484995 -0.851056046032602 0.16023111873618676 0.44736382727774393 -0.20309435884813262 0.08964354478491754 -0.05189729129756426 -0.47482682661478814 -0.07348288997536043 0.15678859752949145 0.23355842751306152 0.1687714144972454 0.5620180530669234 0.6221263627006914 0.11381808431705687 -0.4693183390839861 -0.11128455093557867 -0.24555923622912199 0.4420886298142372 -0.2438703391290602 -0.3312392772798937 -0.6916639129388906 0.7758156890650637 -0.3195207577107339 0.188776555608902 0.3755524052840125 0.4355318962999528 -0.057092741622637104 -0.3930899395917306 
0.15526242927009973 0.26015171993599634 0.6176924495597381 -0.23057271299040666 0.45727346896878374 -0.6386156714985586 0.09253404317252942 -0.07353222286080087 -0.1916016631945469 -0.6344404801293286 0.05114986262028709 0.2303508571560063 0.15900726508785556 -0.5857923698794338 -0.19467457084627315 0.09438873502979622 -0.3129453135014974 0.2064485449217396 -0.488021413029575 0.4353181539459721 -0.25285430065556425 -0.33246611391410796 0.356400920159486 0.10614836033018066 0.5349213901559463 0.21067541236689316 -0.5019027753701756 -0.3156948727612689 0.3855385701228665 -0.37935392671471513 
0.15526242927009973 0.2979946481602134 -0.851056046032602 0.8309656848309925 0.45959710976741447 -0.6386156714985586 -0.4142981666032932 -0.0562502853458609 -0.05560632946241437 -0.07540047359593231 0.05114986262028709 0.23039550538539902 0.1687714144972454 -0.5849064450635619 -0.2703920385749713 0.11019702934679072 -0.4703186104721546 0.21354685316578764 -0.17865724879756956 0.44937929024518686 0.1727297239440404 -0.32965053104477804 -0.6916639129388906 0.10694117893787557 -0.3626060408231772 0.188776555608902 -0.5053357319893368 0.3605276538655134 0.36896130449307285 -0.39074189216006244 
0.13457994100056397 0.29255863818484995 0.6028660400808926 0.16238794952145078 0.4588242145338402 -0.20309435884813262 -0.39540880674279016 -0.05642649887169549 -0.05560632946241437 -0.06961010331519955 -0.12128498971894477 -0.44421242050751586 0.1697130576348914 0.5620180530669234 -0.2861710949166884 0.09438873502979622 -0.20458782317032256 -0.11469859551856572 -0.24555923622912199 0.4420886298142372 -0.2438703391290602 -0.3312392772798937 -0.40656281837317787 0.10770716744545449 -0.6045084519591635 -0.45754395007665427 0.3688694205371091 0.35639069736320406 0.37837328372521184 -0.3886761947429394 
0.1406845124591807 0.29255863818484995 0.6100608279274434 -0.04608242465321524 0.4601680531353575 -0.6386156714985586 -0.40663445731877995 -0.04564500320415231 -0.05560632946241437 -0.07148842019650314 -0.12688621374256442 0.2332513443822253 0.1697130576348914 -0.5777637169146587 -0.2861710949166884 0.09438873502979622 -0.6768963916290545 -0.11128455093557867 -0.1872795824137663 0.4191863029795309 0.17246652824606928 -0.3230604259692262 -0.39902833318141234 0.10770716744545449 -0.6025843637182947 0.8065259935754623 -0.4584103592708237 0.37450409859577305 0.37837328372521184 -0.37970943574674426 
0.15523545029293936 0.29255863818484995 -0.851056046032602 -0.221994177388892 0.44736382727774393 -0.19941840138479397 -0.3962870375097892 -0.04727139181479408 -0.05560632946241437 -0.5779944312836385 -0.13298541505416084 0.24281312191685006 0.1697130576348914 -0.5777637169146587 -0.2861710949166884 0.11381808431705687 -0.6768963916290545 -0.11128455093557867 -0.1937154529033846 -0.11222869923355541 0.17246652824606928 -0.3312392772798937 -0.4115683554293519 0.10770716744545449 -0.3626060408231772 0.188776555608902 0.3755524052840125 0.4428516181958382 -0.060940479895769305 -0.40072591769548666 
0.15526242927009973 0.26015171993599634 0.6176924495597381 -0.23057271299040666 0.45727346896878374 -0.6386156714985586 0.09253404317252942 -0.07353222286080087 -0.1916016631945469 -0.6344404801293286 0.05114986262028709 0.2303508571560063 0.15900726508785556 -0.5857923698794338 -0.19467457084627315 0.09438873502979622 -0.3129453135014974 0.2064485449217396 -0.488021413029575 0.4353181539459721 -0.25285430065556425 -0.33246611391410796 0.356400920159486 0.10614836033018066 0.5349213901559463 0.21067541236689316 -0.5019027753701756 -0.3156948727612689 0.3855385701228665 -0.37935392671471513 
0.1566889915134144 0.6201102965626468 0.11922965214035464 0.7181421199212233 -0.22171936215939544 -0.6717027950146589 -0.28531169252141164 -0.06426591452500978 -0.2679080365272932 0.22043822610407374 0.10213627454765642 0.2037409088504533 -0.3396781012802615 -0.7381494099431667 -0.3832423563835363 0.11024453348973665 -0.3197088654903448 0.18625704622172418 -0.09142283856574752 0.42765392662033647 -0.2498356947750512 -0.3062599826808272 -0.4037566178632829 0.09594340872754074 -0.3626060408231772 0.34536506854441135 -0.01636357501845618 -0.3106577304098785 0.3578291856618679 -0.08266788081868352 
0.15390363383395733 -0.8216155200127486 -0.38618323567756074 0.7181421199212233 0.18141605832152785 -0.18820289615982888 -0.4142981666032932 -0.07293589959935441 -0.4800779644668878 0.2309586236917918 0.09602963807294443 0.23622735394413338 0.1697130576348914 -0.7274130147651564 -0.27757615052135254 0.09755209343834065 -0.3197088654903448 -0.5973219342754718 -0.09142283856574752 0.4329264098267641 0.17246652824606928 -0.1452558394013515 0.5847785210504198 0.0867723823740182 -0.3626060408231772 0.5409968373656586 0.4709331484582903 -0.3156948727612689 0.3578291856618679 -0.3850033350994416 
0.1406845124591807 0.29255863818484995 -0.937559554177343 0.4923815097526356 0.41575683568053234 -0.639510493933796 -0.4142981666032932 -0.04771873726881675 -0.47683876638095984 -0.07348288997536043 0.10257365141227835 0.23622735394413338 0.16915566768190846 -0.5849064450635619 -0.27757615052135254 0.09755209343834065 -0.46356304406602417 -0.11128455093557867 -0.18548429504805697 0.44740994430913333 0.17246652824606928 -0.32965053104477804 -0.40656281837317787 0.1041423374924844 -0.3626060408231772 0.8065259935754623 0.38266407794705637 0.3679381840934176 0.36896130449307285 -0.39074189216006244 
0.10925322877832068 -0.2655248796290195 -0.9333352313095705 0.16238794952145078 0.43927239251355826 0.014919533494807657 -0.4142981666032932 -0.290570478109289 -0.47683876638095984 0.22689033736531897 0.05114986262028709 0.23355842751306152 0.16466267994667988 -0.17640755765202187 -0.2712492415868624 0.10564698853723431 -0.4629094378297099 -0.11128455093557867 -0.24472752853034027 0.4503794244343826 0.16297169600920497 -0.3187203352319831 -0.3159593282641828 0.10834766383296879 -0.3600176965863151 0.8065259935754623 0.3755524052840125 -0.3123634333547015 0.3769915361699785 -0.5584730755546845 
0.15526242927009973 0.2979946481602134 0.6152399904030397 -0.23057271299040666 0.45959710976741447 -0.6386156714985586 0.09253404317252942 -0.04857457121293059 -0.05560632946241437 -0.6344060675030192 0.05114986262028709 0.2303508571560063 0.16711112379408716 -0.5777637169146587 -0.19467457084627315 0.09438873502979622 -0.20120371750911992 0.21354685316578764 -0.17865724879756956 0.4353181539459721 0.1730774764144857 -0.33246611391410796 -0.4037566178632829 0.10770716744545449 0.5349213901559463 0.619675578556462 -0.5026376930443952 0.3841141926385099 0.15584737463108816 -0.5604140255065735 
0.1566889915134144 0.29162270450995603 -0.3986995677460348 -0.23057271299040666 0.4548252100168008 0.7022049834741164 -0.09629748185635617 -0.07330332741948413 -0.0638270665259559 0.2309586236917918 0.09602963807294443 0.23521024170568017 -0.3300433000110363 -0.7381494099431667 -0.19252974688490082 0.09438873502979622 -0.3197088654903448 -0.5973219342754718 -0.09142283856574752 0.4353181539459721 -0.2424426561255413 -0.14484038423431053 -0.4037566178632829 0.09004955483133817 -0.3626060408231772 0.5409968373656586 -0.5026376930443952 -0.3112994167356965 0.3578291856618679 -0.3850033350994416 
0.1932553873990676 0.2688431536598068 0.6056598923202168 -0.23214262058180943 0.44957070902515 -0.2995022720930612 -0.42166335090763113 0.1498202107303428 -0.15145068155572866 -0.2486830800286599 -0.10834784117557265 -0.10071188168676094 -0.04162379386643006 0.22640837044803286 -0.27365188475404195 0.6973404272431286 -0.3129453135014974 -0.12409407346494537 0.11861657495683664 -0.8533720938333569 0.1710269689122863 -0.15613076110444107 0.356400920159486 -0.5797765082376551 0.5265639317824591 0.21067541236689316 0.3681970508718419 -0.6571791712963833 0.37837328372521184 -0.5595534413364753 
0.15526242927009973 0.2979946481602134 0.6152399904030397 -0.23057271299040666 0.45959710976741447 -0.6386156714985586 0.09253404317252942 -0.04857457121293059 -0.05560632946241437 -0.6344060675030192 0.05114986262028709 0.2303508571560063 0.16711112379408716 -0.5777637169146587 -0.19467457084627315 0.09438873502979622 -0.20120371750911992 0.21354685316578764 -0.17865724879756956 0.4353181539459721 0.1730774764144857 -0.33246611391410796 -0.4037566178632829 0.10770716744545449 0.5349213901559463 0.619675578556462 -0.5026376930443952 0.3841141926385099 0.15584737463108816 -0.5604140255065735 
0.10416183151671281 0.15792880646046314 -0.9333352313095705 0.16238794952145078 0.4472622380744346 -0.2995022720930612 -0.2845111582692937 -0.05881199334953924 -0.47482682661478814 0.2018339200041084 0.05114986262028709 0.0940488134543011 0.16466267994667988 -0.3456618807336385 -0.2712492415868624 0.10720910907186541 -0.20458782317032256 -0.5832145339204241 -0.24472752853034027 0.4420886298142372 0.16542529413732823 -0.32569279645545357 -0.3240123272681563 0.7810514498937438 -0.3258382608253525 0.19887552900707098 0.3755524052840125 0.3841141926385099 0.1703315294463922 -0.5604140255065735 
0.10794590215338785 0.16317492824844948 -0.851056046032602 -0.23431607423570394 0.44736382727774393 -0.18820289615982888 -0.414188318623346 -0.07353222286080087 -0.1916016631945469 -0.629209555229064 -0.13298541505416084 0.0940488134543011 0.17160488692664266 -0.5777637169146587 -0.2712492415868624 -0.6307189038291929 -0.31844103168303456 -0.5904639273729028 -0.09142283856574752 -0.11222869923355541 -0.25833481670453196 -0.3312392772798937 -0.4115683554293519 0.7810514498937438 -0.3566843801412043 0.21067541236689316 0.3743652969315377 0.3841141926385099 0.1703315294463922 -0.5604140255065735 
0.1566889915134144 0.29162270450995603 -0.3986995677460348 -0.23057271299040666 0.4548252100168008 0.7022049834741164 -0.09629748185635617 -0.07330332741948413 -0.0638270665259559 0.2309586236917918 0.09602963807294443 0.23521024170568017 -0.3300433000110363 -0.7381494099431667 -0.19252974688490082 0.09438873502979622 -0.3197088654903448 -0.5973219342754718 -0.09142283856574752 0.4353181539459721 -0.2424426561255413 -0.14484038423431053 -0.4037566178632829 0.09004955483133817 -0.3626060408231772 0.5409968373656586 -0.5026376930443952 -0.3112994167356965 0.3578291856618679 -0.3850033350994416 
0.10416183151671281 -0.46054183231437484 0.6061891120265395 -0.23237889930974293 0.4472622380744346 -0.2995022720930612 -0.2845111582692937 -0.05881199334953924 -0.4786410041855093 0.21641319933423747 0.15258862149868435 0.09573671610998508 -0.0517054606371075 0.4517288208927613 -0.2911961306012611 -0.7113436035875458 -0.6768963916290545 -0.5832145339204241 0.1258139226144246 -0.11222869923355541 0.15886035004812185 -0.16244607557719065 -0.3240123272681563 0.10045305512570327 -0.1627545870778949 0.35233858189515094 -0.5089826273929846 -0.6594506774922322 0.1703315294463922 -0.4154219219935409 
0.11765021463534114 -0.46291278575508477 0.2785854408895543 -0.23860108857061588 0.45257053193750124 -0.046500190273954134 -0.41499035984547517 -0.6620912361926636 -0.1818798326542255 0.6728918821903223 -0.1102705539113426 0.09269009511446535 -0.03892314631979639 0.44640442155796073 -0.27121565241654505 0.9108488338128136 -0.19735617782427622 -0.12474552350275861 0.11742785563918878 -0.617901945118461 0.17001741754663802 -0.16938122730718905 0.35426669639213215 -0.5845131593398983 0.11408103247284895 0.20647097523325275 0.37343438087733033 0.2182212248514762 0.17054380585107684 -0.4154219219935409 
0.11765021463534114 -0.46291278575508477 0.2785854408895543 -0.23860108857061588 0.45257053193750124 -0.046500190273954134 -0.41499035984547517 -0.6620912361926636 -0.1818798326542255 0.6728918821903223 -0.1102705539113426 0.09269009511446535 -0.03892314631979639 0.44640442155796073 -0.27121565241654505 0.9108488338128136 -0.19735617782427622 -0.12474552350275861 0.11742785563918878 -0.617901945118461 0.17001741754663802 -0.16938122730718905 0.35426669639213215 -0.5845131593398983 0.11408103247284895 0.20647097523325275 0.37343438087733033 0.2182212248514762 0.17054380585107684 -0.4154219219935409 
0.12990024590378996 -0.768746845669847 0.5997697572880403 0.15945803867703243 0.4662311486549243 0.7008679145222538 0.09253404317252942 -0.07576743454171404 -0.163596157097536 0.22414022215331048 0.0535927182659901 0.08830589160164103 0.16459081567662295 -0.5777637169146587 -0.2861710949166884 -0.7030819637450884 -0.31631335049283227 0.20934169069416803 -0.24555923622912199 0.4257501017635943 0.1730774764144857 -0.14370435028038933 -0.4037566178632829 0.776107465321982 0.08029496685164163 0.619675578556462 -0.5026376930443952 0.3919654652455183 0.1703315294463922 -0.5636592228083567 
0.12990024590378996 -0.10232301635151145 0.5997697572880403 -0.050448176699236486 0.4662311486549243 -0.2962902442088381 -0.4110347658957735 -0.05881199334953924 -0.163596157097536 0.22414022215331048 0.14478563302078618 0.09269009511446535 -0.06086359680243899 0.4505010811770211 -0.041007751347221344 -0.7030819637450884 -0.0041035432275568235 0.20603368781997866 0.1172995545124584 0.26166021188152827 0.15886035004812185 -0.16244607557719065 -0.3721165504570667 0.776107465321982 0.08029496685164163 0.7253191713826433 0.4272810337496326 -0.6594506774922322 0.1703315294463922 -0.4154219219935409 
0.1566889915134144 0.6201102965626468 0.11922965214035464 0.7181421199212233 -0.22171936215939544 -0.6717027950146589 -0.28531169252141164 -0.06426591452500978 -0.2679080365272932 0.22043822610407374 0.10213627454765642 0.2037409088504533 -0.3396781012802615 -0.7381494099431667 -0.3832423563835363 0.11024453348973665 -0.3197088654903448 0.18625704622172418 -0.09142283856574752 0.42765392662033647 -0.2498356947750512 -0.3062599826808272 -0.4037566178632829 0.09594340872754074 -0.3626060408231772 0.34536506854441135 -0.01636357501845618 -0.3106577304098785 0.3578291856618679 -0.08266788081868352 
0.12990024590378996 -0.10232301635151145 0.5997697572880403 -0.050448176699236486 0.4662311486549243 -0.2962902442088381 -0.4110347658957735 -0.05881199334953924 -0.163596157097536 0.22414022215331048 0.14478563302078618 0.09269009511446535 -0.06086359680243899 0.4505010811770211 -0.041007751347221344 -0.7030819637450884 -0.0041035432275568235 0.20603368781997866 0.1172995545124584 0.26166021188152827 0.15886035004812185 -0.16244607557719065 -0.3721165504570667 0.776107465321982 0.08029496685164163 0.7253191713826433 0.4272810337496326 -0.6594506774922322 0.1703315294463922 -0.4154219219935409 
0.1091770342877215 0.825298320150929 0.5972062127284672 0.2674803355327937 -0.1540177541378647 -0.1388183433086528 -0.41499035984547517 -0.6620912361926636 -0.0593856925731254 0.22945856346230079 -0.12688621374256442 0.09269009511446535 0.14744880918057485 0.6191770749078871 -0.28250799631838175 0.6909268814193472 -0.19927831871148843 -0.12474552350275861 -0.25060878252907887 -0.8565310804610333 -0.2510593245471618 -0.31311533051689233 -0.38110172432708905 0.10344860338182754 -0.3394741172699952 0.6156321149086308 0.36663244125513883 0.3679381840934176 -0.0393018151969472 0.21747314019424666 
0.16287557757407897 0.29162270450995603 0.2785854408895543 -0.23860108857061588 0.4548252100168008 0.7022049834741164 -0.28447873355831377 -0.6620912361926636 -0.19258954565859854 0.6728918821903223 0.09602963807294443 0.23521024170568017 -0.32528918730962014 -0.7381494099431667 -0.13321807509851685 0.9108488338128136 -0.33086227443934607 -0.08222275687844358 0.11742785563918878 -0.617901945118461 0.1354100087007998 -0.13556579006268443 0.35426669639213215 -0.5845131593398983 0.07218659469423419 0.5409968373656586 0.22361547176642316 -0.3112994167356965 0.19426363071008268 0.202675228573271 
0.12990024590378996 -0.46291278575508477 0.5997697572880403 -0.23860108857061588 0.45610057349450384 -0.7457970940991038 -0.41499035984547517 0.13652442540998835 -0.163596157097536 0.6720814712841776 -0.10834784117557265 0.0948269250437733 -0.04275572332873509 -0.028350454732471553 0.09637103704098449 0.9022744407057344 -0.012407563791627219 -0.12474552350275861 0.1172995545124584 -0.8565310804610333 -0.25604189409282174 -0.16042556373862477 -0.3721400347561475 0.7755574731682521 0.1140560219281281 0.7253191713826433 0.37450936157165576 -0.6495772509298131 0.37837328372521184 -0.4154219219935409 
0.16287557757407897 0.29162270450995603 0.2785854408895543 -0.23860108857061588 0.4548252100168008 0.7022049834741164 -0.28447873355831377 -0.6620912361926636 -0.19258954565859854 0.6728918821903223 0.09602963807294443 0.23521024170568017 -0.32528918730962014 -0.7381494099431667 -0.13321807509851685 0.9108488338128136 -0.33086227443934607 -0.08222275687844358 0.11742785563918878 -0.617901945118461 0.1354100087007998 -0.13556579006268443 0.35426669639213215 -0.5845131593398983 0.07218659469423419 0.5409968373656586 0.22361547176642316 -0.3112994167356965 0.19426363071008268 0.202675228573271 
0.11834198958980417 -0.46291278575508477 0.6061891120265395 -0.23682042406583972 0.459029963561564 -0.2995022720930612 -0.41499035984547517 -0.05881199334953924 -0.163596157097536 0.22414022215331048 -0.10834784117557265 0.09269009511446535 -0.03892314631979639 0.4517288208927613 -0.2732408193928888 0.6921001733629102 -0.2063194627500724 0.20603368781997866 0.11948400489212307 -0.8559723296853153 -0.2510593245471618 -0.15613076110444107 -0.38110172432708905 0.7755574731682521 0.11408103247284895 0.6235239240086115 0.3652958052318875 -0.6594506774922322 0.1703315294463922 -0.4154219219935409 
0.11765021463534114 -0.472290837365713 0.28453160974203123 -0.23431607423570394 -0.16144196927861607 -0.142981502828892 -0.41499035984547517 -0.6620912361926636 -0.1916016631945469 0.2354755784375772 -0.12688621374256442 0.0940488134543011 -0.03892314631979639 -0.5777637169146587 -0.2712492415868624 0.9108488338128136 -0.18751412112503307 -0.12474552350275861 -0.25060878252907887 -0.11261312034502689 -0.269546355630647 -0.31311533051689233 0.35426669639213215 0.7713109263856492 -0.3566843801412043 0.7546416440580825 0.3743652969315377 0.3841141926385099 0.16469122244735404 -0.5604140255065735 
0.1091770342877215 0.825298320150929 0.5972062127284672 0.2674803355327937 -0.1540177541378647 -0.1388183433086528 -0.41499035984547517 -0.6620912361926636 -0.0593856925731254 0.22945856346230079 -0.12688621374256442 0.09269009511446535 0.14744880918057485 0.6191770749078871 -0.28250799631838175 0.6909268814193472 -0.19927831871148843 -0.12474552350275861 -0.25060878252907887 -0.8565310804610333 -0.2510593245471618 -0.31311533051689233 -0.38110172432708905 0.10344860338182754 -0.3394741172699952 0.6156321149086308 0.36663244125513883 0.3679381840934176 -0.0393018151969472 0.21747314019424666 
0.11765021463534114 -0.472290837365713 0.28453160974203123 -0.23431607423570394 -0.16144196927861607 -0.142981502828892 -0.41499035984547517 -0.6620912361926636 -0.1916016631945469 0.2354755784375772 -0.12688621374256442 0.0940488134543011 -0.03892314631979639 -0.5777637169146587 -0.2712492415868624 0.9108488338128136 -0.18751412112503307 -0.12474552350275861 -0.25060878252907887 -0.11261312034502689 -0.269546355630647 -0.31311533051689233 0.35426669639213215 0.7713109263856492 -0.3566843801412043 0.7546416440580825 0.3743652969315377 0.3841141926385099 0.16469122244735404 -0.5604140255065735 
