0.9831752924692241 0.4446011838614562 
0.9513467711610265 0.482035021908491 
0.9831752924692241 0.4446011838614562 
1.0368445991340518 0.46738547078127524 
1.0984907299664752 0.45838471791308644 
1.0984907299664752 0.45838471791308644 
0.9591041783799434 0.47503407884706805 
1.0368445991340518 0.46738547078127524 
1.0080563718663826 0.4863496154034069 
0.971760955970177 0.48786670672666527 
0.9050755618321852 0.48682389790355 
0.9038059003789685 0.4892197471277008 
0.9038059003789685 0.4892197471277008 
0.9203606512060369 0.487569651838728 
0.9053981710889847 0.5032737870430581 
0.9038170526078066 0.5091471169837141 
0.8979350646045257 0.5085007058214519 
0.8979350646045257 0.5085007058214519 
0.8922410820650016 0.5182469055793519 
0.8965329355566553 0.518937949752418 
0.8849045557412112 0.5332609792871834 
0.8699508924914436 0.5320981945829992 
0.8699508924914436 0.5320981945829992 
0.8701756203042552 0.5397311683229125 
0.8707738000561748 0.5413939865702266 
0.8661618446965734 0.551554423388152 
0.871451028196967 0.5444663759587439 
0.8661618446965734 0.551554423388152 
0.858032601466101 0.5703708881767544 
0.8618422173950708 0.5472156180668486 
0.858032601466101 0.5703708881767544 
0.8444413966629951 0.5768340546072823 
0.8444413966629951 0.5768340546072823 
0.813845981585728 0.5894517540990922 
0.813845981585728 0.5894517540990922 
0.7992258391470088 0.5880158613122213 
0.8035472040056658 0.5898728226089889 
0.7827826394426687 0.5977594220538747 
0.8035472040056658 0.5898728226089889 
0.794273365075139 0.6102949132679969 
0.794273365075139 0.6102949132679969 
0.7827826394426687 0.5977594220538747 
0.7076956539466099 0.6241704864128595 
0.7894766117499524 0.6007328012572135 
0.7830786672086818 0.6359240946109636 
0.7493129517275431 0.6321171880319442 
0.7493129517275431 0.6321171880319442 
0.7640240125865329 0.6156486079701432 
0.7429841946120499 0.6020922789206277 
0.7640240125865329 0.6156486079701432 
0.7429841946120499 0.6020922789206277 
0.7223963984803007 0.6581311105855445 
0.7272923812600902 0.637702569098749 
0.7076956539466099 0.6241704864128595 
0.7223963984803007 0.6581311105855445 
0.7088153548382222 0.6371302674880968 
0.6112906625978215 0.634496608781336 
0.6112906625978215 0.634496608781336 
0.7027741601328854 0.6570127213326218 
0.7032587937891742 0.6172626841228197 
0.6821233405058424 0.6631207418875581 
0.6762816125679646 0.6695515912523224 
0.6217657191400603 0.689914485865249 
0.6649008290740597 0.6846010364405479 
0.6649008290740597 0.6846010364405479 
0.650874274341663 0.6379273036205759 
0.6029544563918208 0.6426113102568126 
0.583876246232716 0.6972679570941996 
0.6727822296274069 0.7044800201440967 
0.6029544563918208 0.6426113102568126 
0.6484371515540504 0.6788182590524496 
0.6360660292288829 0.6760674771594694 
0.5459358377401331 0.7146208389161026 
0.613320210425467 0.7393751914454134 
0.6217657191400603 0.689914485865249 
0.6083114782743411 0.6915628329379233 
0.5841412769244629 0.6880349142486907 
0.6083114782743411 0.6915628329379233 
0.5803493126784806 0.6933765400870449 
0.6025508909443885 0.6489301465331163 
0.5841412769244629 0.6880349142486907 
0.5803493126784806 0.6933765400870449 
0.5957826276332382 0.749101892496037 
0.583876246232716 0.6972679570941996 
0.5847096208286884 0.7016743924328053 
0.5847096208286884 0.7016743924328053 
0.5895559445775411 0.7568671316661892 
0.5779056266549984 0.7065904846311957 
0.5899982764373806 0.7440974273809269 
0.5864869215173845 0.7649719691922308 
0.5832523857610223 0.7456939366543213 
0.5802212958392094 0.7522337339897806 
0.5416281033490257 0.7433092375642665 
0.5719257422506588 0.8155541011604627 
0.5659842347913615 0.7504757612487623 
0.5929088652697789 0.9281840022233822 
0.5895559445775411 0.7568671316661892 
0.5864869215173845 0.7649719691922308 
0.5416281033490257 0.7433092375642665 
0.5832523857610223 0.7456939366543213 
