0.6839562941841908 0.519684585631012 0.615664020741915 0.7203465356463128 -0.8124607851614407 0.8500367416159235 0.8906747958814885 0.9809607836037142 0.9458440959284993 0.9725817837301136 0.9733619362409401 0.9965804840176398 0.9837526824217742 0.9893118797203475 0.9399631343872793 0.8325654149223763 0.8515030512965615 0.8461295247184155 0.737065736623095 0.607021815785432 0.6129427371758711 0.492617637826193 0.40161565280867606 0.3172052257757621 0.20539153339460048 0.0914527156571817 0.8627660181288411 -0.055501499781257006 -0.2216177864102621 -0.3000370481521686 
0.6839562941841908 0.519684585631012 0.6105049015408093 0.684691394821234 0.7213034031958783 0.8491353730190243 0.8903212068162977 0.8243028135473977 0.9644888553111385 0.9728797639829385 -0.3943905332552109 0.9962813950174573 0.945933817313868 0.9719493101283067 0.9345996914436057 0.8373700415497316 0.9469581381085864 0.8438319265108768 0.7299805321411529 0.6160675039926352 0.6129427371758711 0.4999684256607959 0.39909550612465716 0.30098358236386746 0.187195308226806 0.08729461284638643 0.860277727192357 -0.052935747569782664 -0.32402173157080644 -0.3544719343259088 
0.6839562941841908 0.519684585631012 0.615664020741915 0.7203465356463128 -0.8124607851614407 0.8500367416159235 0.8906747958814885 0.9809607836037142 0.9458440959284993 0.9725817837301136 0.9733619362409401 0.9965804840176398 0.9837526824217742 0.9893118797203475 0.9399631343872793 0.8325654149223763 0.8515030512965615 0.8461295247184155 0.737065736623095 0.607021815785432 0.6129427371758711 0.492617637826193 0.40161565280867606 0.3172052257757621 0.20539153339460048 0.0914527156571817 0.8627660181288411 -0.055501499781257006 -0.2216177864102621 -0.3000370481521686 
0.6839562941841908 0.519684585631012 0.597487806042189 0.684691394821234 0.7456462071823184 0.8443571289421732 0.8906747958814885 0.9886762443140487 0.9759240225423683 0.9641013912887475 0.9845757010197456 0.9965804840176398 0.9878820739750734 0.9893118797203475 0.9534020845021784 0.8374107850687753 0.9469581381085864 0.8613148280326726 0.737065736623095 0.607021815785432 0.5838035406097857 0.5043007969236203 0.36935188492703297 0.3115960849150601 0.20539153339460048 0.08729461284638643 0.8598316724858075 -0.052935747569782664 -0.2216177864102621 -0.3544719343259088 
0.6852229390807841 0.519684585631012 0.6105049015408093 0.7203465356463128 0.7278560416348784 0.8500367416159235 0.8906747958814885 0.8207053059893621 0.9759240225423683 0.9641013912887475 0.9949226517916884 0.9965804840176398 0.9474589918049909 0.973865078244412 0.9385589171418051 0.8374107850687753 0.942114548499835 0.8461295247184155 0.737065736623095 0.6066084982621907 0.6129427371758711 0.4999684256607959 0.37652066159718306 0.3172052257757621 0.20539153339460048 0.08729461284638643 -0.04015159830821909 -0.05083294139681732 -0.3215648048597756 -0.3561435173061554 
0.6839562941841908 0.47531352946930894 0.597487806042189 0.84321449485995 0.7465545187387184 0.8883895221985763 0.8905842512234909 0.8271049744332967 0.9554267024971809 0.9436540408143845 0.9935099402737773 0.9245368669881394 0.9815230377362076 0.9729166072044736 0.9534020845021784 0.8220002251725652 0.8606331523249344 0.8613148280326726 0.7419608027811235 0.6107742632364168 0.5923067411446271 0.6171317747507001 0.39519564644070526 0.3145784001967946 0.19959955028971618 0.15878898956031753 -0.010948523040083076 -0.05156043106082484 -0.22085388950645418 -0.3484246615966739 
0.6839562941841908 0.48027812608528175 0.5877248663589238 0.715940794355211 0.7531143415296192 0.8463804722881602 0.8549494870696074 0.8207053059893621 0.9554267024971809 0.9361172510952401 0.987743603359863 0.9388331091106693 0.9837526824217742 0.9729166072044736 0.9469785380738877 0.8325654149223763 0.8515030512965615 0.8613148280326726 0.7457203467280824 0.6121326671123436 0.5923067411446271 0.495019193985197 0.41050376415726114 0.3195383675051061 0.2111322326735337 0.0914527156571817 -4.771777450988132E-5 -0.06409559391896469 -0.22085388950645418 -0.3000370481521686 
0.683419970292889 0.5131825345662606 0.6156344283056745 0.84321449485995 0.7461912011794791 0.8883895221985763 0.84901137945924 0.8196104493736175 0.9554267024971809 0.9393831224372284 0.9805942999627816 0.9279928574971209 0.9965331997329288 0.9729166072044736 0.9484511137748896 0.8376653076030859 0.8606331523249344 0.8725268766585558 0.7281805515555279 0.8367121927853151 0.5838035406097857 0.4988290612022872 0.41050376415726114 0.31768592730787404 0.2163537440315352 -0.2728671279671335 -0.006383665997981459 -0.06533885852019433 -0.2312319571053847 -0.14846564626164405 
0.6839562941841908 0.48027812608528175 0.5877248663589238 0.715940794355211 0.7531143415296192 0.8463804722881602 0.8549494870696074 0.8207053059893621 0.9554267024971809 0.9361172510952401 0.987743603359863 0.9388331091106693 0.9837526824217742 0.9729166072044736 0.9469785380738877 0.8325654149223763 0.8515030512965615 0.8613148280326726 0.7457203467280824 0.6121326671123436 0.5923067411446271 0.495019193985197 0.41050376415726114 0.3195383675051061 0.2111322326735337 0.0914527156571817 -4.771777450988132E-5 -0.06409559391896469 -0.22085388950645418 -0.3000370481521686 
0.683419970292889 0.5182971716282888 0.5903780084936034 0.5198290651249127 0.7374408619960527 0.8474403670912078 0.8755091663712303 0.8207053059893621 0.9604087502690414 0.9410299053794793 0.9720270885777275 0.922762170964408 0.9794850568099147 0.9633298842840807 0.9521123165186492 0.8376653076030859 0.8611927973209658 0.8725268766585558 0.7342685402312669 0.8336588146595518 0.5857391839161605 0.4988290612022872 0.39165777074982716 0.3239634696437684 0.18669191394985926 0.08398240891120334 -0.020299688417943905 -0.2621114643297935 -0.22914839890551075 -0.3484246615966739 
0.683419970292889 0.5131825345662606 0.6156344283056745 0.84321449485995 0.7461912011794791 0.8883895221985763 0.84901137945924 0.8196104493736175 0.9554267024971809 0.9393831224372284 0.9805942999627816 0.9279928574971209 0.9965331997329288 0.9729166072044736 0.9484511137748896 0.8376653076030859 0.8606331523249344 0.8725268766585558 0.7281805515555279 0.8367121927853151 0.5838035406097857 0.4988290612022872 0.41050376415726114 0.31768592730787404 0.2163537440315352 -0.2728671279671335 -0.006383665997981459 -0.06533885852019433 -0.2312319571053847 -0.14846564626164405 
0.6839562941841908 0.5046554427834612 0.597487806042189 0.0725413078884316 0.7614965731301031 0.8799431196897657 0.8653813529125264 0.833193136668788 0.9554267024971809 0.9436540408143845 0.9862550825206227 0.9245368669881394 0.9901662645936078 0.5953622820898947 0.9534020845021784 0.8219039431413041 0.8482693877981212 0.8613148280326726 0.7472077848087987 0.6052090627561479 0.593370053221986 0.2800609613032281 0.39704756999473434 0.3118526181752151 0.19959955028971618 0.14948023711368888 -0.010401246680892911 -0.048937162293176815 -0.23245478290175534 -0.3538734121250362 
0.683419970292889 -0.1937557477256353 0.6002956561489028 0.5198290651249127 0.7522341018696835 0.8474403670912078 0.8549494870696074 0.8209605521044424 0.958359291143224 0.9410299053794793 0.9720270885777275 0.9199573354395992 0.9878820739750734 0.856321090241511 0.9571323026536054 0.8376653076030859 0.8611927973209658 0.8732284550695658 0.7342685402312669 0.6121326671123436 0.5838035406097857 0.4988290612022872 0.41050376415726114 0.31357455709955717 0.18669191394985926 0.08336634644077767 -4.771777450988132E-5 0.2438878061053591 -0.2312319571053847 -0.347130039041641 
0.683419970292889 -0.18975536800263323 0.5961171710223395 0.84321449485995 0.7465545187387184 0.8883895221985763 0.8549494870696074 0.8212655330851515 0.9525374224792698 0.9393831224372284 0.9981896012230144 0.9279928574971209 0.9918571105934363 0.9729166072044736 0.9395402031532968 0.8220002251725652 0.8584036261597455 0.8853993343192417 0.7348235604085758 0.8367121927853151 0.5709738812648479 0.4988290612022872 0.39165777074982716 0.3055978468910257 0.2069667827505829 -0.2728671279671335 -0.011916048938424666 -0.05046626651986993 -0.22085388950645418 -0.15457676865622338 
0.683419970292889 -0.18975536800263323 0.5961171710223395 0.84321449485995 0.7465545187387184 0.8883895221985763 0.8549494870696074 0.8212655330851515 0.9525374224792698 0.9393831224372284 0.9981896012230144 0.9279928574971209 0.9918571105934363 0.9729166072044736 0.9395402031532968 0.8220002251725652 0.8584036261597455 0.8853993343192417 0.7348235604085758 0.8367121927853151 0.5709738812648479 0.4988290612022872 0.39165777074982716 0.3055978468910257 0.2069667827505829 -0.2728671279671335 -0.011916048938424666 -0.05046626651986993 -0.22085388950645418 -0.15457676865622338 
0.35068208822452257 0.4894871885334421 0.5722386204433244 0.684691394821234 0.7278560416348784 0.8491353730190243 0.8791434997527229 0.8210937886095127 0.9728727056664869 0.9201099046405327 0.9935099402737773 1.0 0.9474589918049909 0.964499371470731 0.94599745603454 0.8374107850687753 0.942114548499835 0.8567358867050162 0.7125528548876451 0.6137378275252152 0.6129427371758711 0.5049851530785331 0.3950024110318425 0.32072657714694874 0.04645055372969775 0.09436025853937238 -0.026114024302172786 -0.17247429001865702 -0.3215648048597756 -0.3620380776000823 
0.35068208822452257 0.518893780468857 0.6154471412173763 0.7214703944848935 0.7213034031958783 0.8500367416159235 0.8549494870696074 0.8153190304111937 0.9759240225423683 0.9624834012085749 0.9803783167921202 0.9217110730106228 0.9378207104200285 0.973865078244412 0.9385589171418051 0.9858371517480207 0.8523944497406438 0.85858139642884 0.737065736623095 0.6066084982621907 0.5793967558046448 0.495019193985197 0.3847342331130639 0.3172052257757621 0.21513429755831706 0.08729461284638643 -7.547816137620372E-4 -0.05202433697169396 -0.3215648048597756 -0.3502643378248747 
0.35068208822452257 0.48049270546127026 0.597487806042189 0.8469167967835078 0.7465545187387184 0.8799431196897657 0.8746158926410417 0.8154344452554068 0.9520128341161793 0.930583898719461 0.9862550825206227 0.922762170964408 0.9774381771567091 0.9729166072044736 0.9395402031532968 0.8220002251725652 0.8523944497406438 0.8397641163906471 0.7323667203252003 0.6999801882617469 0.5709738812648479 0.27924322255139894 0.39165777074982716 0.32230949620600574 0.18669191394985926 0.15878898956031753 -7.547816137620372E-4 -0.05046626651986993 -0.2312319571053847 -0.3502643378248747 
0.35068208822452257 0.5187284385276734 0.5946173820296052 0.6776034261811265 0.7614965731301031 0.8725002599993188 0.8782807244122239 0.8154344452554068 0.9584985205180332 0.9323931376312089 0.9770656109326533 0.9402295898892219 0.9774381771567091 0.9800471716254657 0.9521970240362182 0.8219039431413041 0.8525121028105331 0.934240671406755 0.7256798461803136 0.8489825301567488 0.5836519949250484 0.2800609613032281 0.39165777074982716 0.3155159115910964 0.19563572957946895 0.30643044745168985 -0.010401246680892911 -0.049491321599891946 -0.23245478290175534 -0.16592702254296032 
0.35068208822452257 0.5119868850222803 0.5916251786659086 0.48551957488830144 0.7499815535601794 0.8763068940987622 0.8746158926410417 0.833193136668788 0.9523342570254122 0.9458653334225349 0.9805251343649972 0.9319180001298576 0.9774381771567091 0.9699049152552112 0.9526800932218054 0.8199181896383221 0.8482693877981212 0.9267157031150379 0.7333015041761919 0.6052090627561479 0.5781148906057832 0.31628183145923217 0.39165777074982716 0.32624261773176005 0.19535655599247667 0.3109316776607184 -0.010401246680892911 0.2204430534757719 -0.23012058009033085 -0.3482474635115677 
0.35068208822452257 0.5119868850222803 0.5956849405283765 0.6776034261811265 0.7614965731301031 0.8799431196897657 0.8666608010292232 0.8154344452554068 0.9564634755239925 0.938187057831254 0.9862550825206227 0.9402295898892219 0.9774381771567091 0.9889233705285501 0.9469785380738877 0.8219039431413041 0.8548294402731542 0.9267157031150379 0.7256798461803136 0.8489825301567488 0.5709738812648479 0.2800609613032281 0.39165777074982716 0.3118526181752151 0.19374453204435715 0.30643044745168985 -0.010751486397921561 -0.049491321599891946 -0.23245478290175534 -0.3538734121250362 
0.35068208822452257 0.5119868850222803 0.597487806042189 0.48551957488830144 0.7458714325283002 0.8799431196897657 0.8746158926410417 0.833193136668788 0.9520128341161793 0.9496171278740039 0.9895992289615945 0.922762170964408 0.9774381771567091 0.9635666615460832 0.9469785380738877 0.8199181896383221 0.8482693877981212 0.8526665450141615 0.7472077848087987 0.6052090627561479 0.5775927245167457 0.31429131525530685 0.39165777074982716 0.3322622088253081 0.19145256172289254 0.3109316776607184 -0.009513927132454636 0.20866146526300527 -0.23012058009033085 -0.3482474635115677 
0.3496675599071113 0.5074289527197025 0.584111042318865 0.48551957488830144 0.7458714325283002 0.8799431196897657 0.8736763718109447 0.833193136668788 0.9520128341161793 0.941299240228535 0.9657409619492696 0.9130403571639248 0.9774381771567091 1.0 0.9489564331910835 0.8199181896383221 0.8380924269481355 0.8574814801664338 0.7472077848087987 0.9731240911711436 0.5750871512905187 0.31429131525530685 0.4148710087394934 -0.059417439136293826 0.19145256172289254 0.3109316776607184 -5.638118930450121E-4 0.20373173784507112 -0.22994206795626515 -0.3469264521053322 
0.3496675599071113 0.5074289527197025 0.5894510314783669 0.4962493928858651 0.757380499829929 0.8892308881398541 0.8666608010292232 0.8110283645879528 0.9634034955982658 0.9398805724486792 0.9862550825206227 0.9130403571639248 0.9774381771567091 0.9883225217313436 0.9469785380738877 0.8219039431413041 0.8548294402731542 0.931947669809933 0.7472077848087987 0.8521030963371705 0.5727317926877726 0.31429131525530685 0.39165777074982716 -0.2449312830304613 0.19374453204435715 0.3058032897910219 -0.019456006084782027 0.20373173784507112 -0.23245478290175534 -0.3448475340648438 
0.35068208822452257 0.5119868850222803 0.597487806042189 0.48551957488830144 0.7458714325283002 0.8799431196897657 0.8746158926410417 0.833193136668788 0.9520128341161793 0.9496171278740039 0.9895992289615945 0.922762170964408 0.9774381771567091 0.9635666615460832 0.9469785380738877 0.8199181896383221 0.8482693877981212 0.8526665450141615 0.7472077848087987 0.6052090627561479 0.5775927245167457 0.31429131525530685 0.39165777074982716 0.3322622088253081 0.19145256172289254 0.3109316776607184 -0.009513927132454636 0.20866146526300527 -0.23012058009033085 -0.3482474635115677 
0.3496675599071113 0.5074289527197025 0.5894510314783669 0.4962493928858651 0.757380499829929 0.8892308881398541 0.8666608010292232 0.8110283645879528 0.9634034955982658 0.9398805724486792 0.9862550825206227 0.9130403571639248 0.9774381771567091 0.9883225217313436 0.9469785380738877 0.8219039431413041 0.8548294402731542 0.931947669809933 0.7472077848087987 0.8521030963371705 0.5727317926877726 0.31429131525530685 0.39165777074982716 -0.2449312830304613 0.19374453204435715 0.3058032897910219 -0.019456006084782027 0.20373173784507112 -0.23245478290175534 -0.3448475340648438 
0.35068208822452257 0.5119868850222803 0.597487806042189 0.48551957488830144 0.7519748046479267 0.8799431196897657 0.8666608010292232 0.833193136668788 0.9564634755239925 0.9496171278740039 0.9876212301922578 0.9352937233247428 0.9901662645936078 0.9729166072044736 0.9469785380738877 0.8219039431413041 0.8482693877981212 0.8526665450141615 0.7472077848087987 0.6052090627561479 0.5775927245167457 0.2800609613032281 0.39704756999473434 0.3322622088253081 0.1950932054536682 0.3109316776607184 -0.016031200219917136 0.20975152700785632 -0.23245478290175534 -0.3538734121250362 
0.3503802636212018 0.5119868850222803 0.597487806042189 0.4927507149375077 0.7499815535601794 0.8753778649393966 0.8666608010292232 0.8225550555375508 0.978996446144249 0.7421595388776574 0.9876212301922578 0.9130403571639248 0.9924273758380677 0.9927259262414813 0.9395315758883059 0.8205578338612106 0.8527699714801787 0.8526665450141615 0.7364650513291452 0.9731240911711436 0.5750871512905187 0.4872644671541015 0.4059623646199776 0.3027998976358797 0.1931046824482405 0.3109316776607184 -5.638118930450121E-4 0.20975152700785632 -0.23498966443461303 -0.3538734121250362 
0.3503802636212018 0.5119868850222803 0.597487806042189 0.4927507149375077 0.7499815535601794 0.8753778649393966 0.8666608010292232 0.8225550555375508 0.978996446144249 0.7421595388776574 0.9876212301922578 0.9130403571639248 0.9924273758380677 0.9927259262414813 0.9395315758883059 0.8205578338612106 0.8527699714801787 0.8526665450141615 0.7364650513291452 0.9731240911711436 0.5750871512905187 0.4872644671541015 0.4059623646199776 0.3027998976358797 0.1931046824482405 0.3109316776607184 -5.638118930450121E-4 0.20975152700785632 -0.23498966443461303 -0.3538734121250362 
0.3503802636212018 0.5119868850222803 0.597487806042189 0.49209448834589603 0.7519748046479267 0.8799431196897657 0.8666608010292232 0.8157869329079835 0.9634034955982658 0.9496171278740039 0.9800283168484842 0.922762170964408 0.994804609294728 0.9729166072044736 0.9537975487061892 0.8128688363113572 0.8439660958527445 0.8526665450141615 0.7393166494617959 -0.37207548800045975 0.5775927245167457 0.273550227448138 0.39704756999473434 0.3322622088253081 0.19145256172289254 0.3109316776607184 -0.019456006084782027 0.2128557285285562 -0.23012058009033085 -0.3538734121250362 
0.3503802636212018 0.5119868850222803 0.597487806042189 0.49209448834589603 0.7519748046479267 0.8799431196897657 0.8666608010292232 0.8157869329079835 0.9634034955982658 0.9496171278740039 0.9800283168484842 0.922762170964408 0.994804609294728 0.9729166072044736 0.9537975487061892 0.8128688363113572 0.8439660958527445 0.8526665450141615 0.7393166494617959 -0.37207548800045975 0.5775927245167457 0.273550227448138 0.39704756999473434 0.3322622088253081 0.19145256172289254 0.3109316776607184 -0.019456006084782027 0.2128557285285562 -0.23012058009033085 -0.3538734121250362 
0.3496675599071113 0.5074289527197025 0.584111042318865 0.48551957488830144 0.7458714325283002 0.8799431196897657 0.8736763718109447 0.833193136668788 0.9520128341161793 0.941299240228535 0.9657409619492696 0.9130403571639248 0.9774381771567091 1.0 0.9489564331910835 0.8199181896383221 0.8380924269481355 0.8574814801664338 0.7472077848087987 0.9731240911711436 0.5750871512905187 0.31429131525530685 0.4148710087394934 -0.059417439136293826 0.19145256172289254 0.3109316776607184 -5.638118930450121E-4 0.20373173784507112 -0.22994206795626515 -0.3469264521053322 
0.35068208822452257 0.5149265084719646 0.5956849405283765 0.0725413078884316 0.7499815535601794 0.8666754845052163 0.8666608010292232 0.8198550141609071 0.9581398793692243 0.9372739869304303 0.9832201840817643 0.07419120494669551 0.987265294254102 0.9889233705285501 0.9438621347677129 0.8219039431413041 0.8548294402731542 0.9203451449060909 0.7299144330307372 0.14661570926020961 0.5698819928743182 0.28490585433679183 0.39519564644070526 0.3118526181752151 0.19485122154480075 0.30643044745168985 -0.010751486397921561 0.21987089663899473 -0.22573140371820039 -0.36024339430365476 
0.34984325233576735 0.5180569203414946 0.5975529412800613 0.6776034261811265 0.7499815535601794 0.8810515009971526 0.8736763718109447 0.8200061815072965 0.9642447458585438 0.938187057831254 0.9763836712212502 0.9444478266095403 0.9833090268474285 0.9889233705285501 0.9438621347677129 0.8205578338612106 0.8451794195803641 0.9670106684384691 0.7299144330307372 0.23068142372338496 0.5900868781327931 0.4843984065752066 0.39519564644070526 0.32006200945297647 0.21813877848175872 0.08291474534687805 -0.010751486397921561 0.9718813573440164 -0.23245478290175534 -0.7773106347729923 
0.34984325233576735 0.735373542842765 0.5909257012074072 0.6622883917884593 0.7499815535601794 0.8849331086923049 0.8736763718109447 0.8225550555375508 0.9615324705117982 0.9423313681785503 0.9716523027702296 0.9130403571639248 0.9899292356958558 1.0 0.9438621347677129 0.8205578338612106 0.8451794195803641 0.9267157031150379 0.7376553525821099 0.9731240911711436 0.5750871512905187 0.4872644671541015 0.39748124181777816 0.305334391283456 0.21813877848175872 0.3099349957863904 -5.638118930450121E-4 0.9718813573440164 -0.23498966443461303 -0.3469264521053322 
0.34984325233576735 0.735373542842765 0.5909257012074072 0.6622883917884593 0.7499815535601794 0.8849331086923049 0.8736763718109447 0.8225550555375508 0.9615324705117982 0.9423313681785503 0.9716523027702296 0.9130403571639248 0.9899292356958558 1.0 0.9438621347677129 0.8205578338612106 0.8451794195803641 0.9267157031150379 0.7376553525821099 0.9731240911711436 0.5750871512905187 0.4872644671541015 0.39748124181777816 0.305334391283456 0.21813877848175872 0.3099349957863904 -5.638118930450121E-4 0.9718813573440164 -0.23498966443461303 -0.3469264521053322 
0.039347593955028584 0.7849745454951536 0.7181385166189577 0.7684329088932673 0.9985352533350379 0.8666617303005522 0.8736763718109447 0.9933125168539437 0.9652882705315621 0.9204394290287234 0.9660350338821593 0.9130403571639248 0.923817386401609 0.8619128666982064 0.9438621347677129 0.603540087235912 0.5050596399578471 0.5491822727136314 0.654761936567637 0.3720774727603388 -0.45965849234970646 0.18468889008107764 0.01829730743168572 -0.10521185335850744 -0.6342634441507322 -0.3056900240176512 -0.4462999348423888 -0.5655638282861117 -0.8884792220548506 -0.538678963982254 
0.039599504056021625 0.7816217016825467 0.7125799454792638 0.7595606543139255 0.9945288029534132 0.8666617303005522 0.8934187166421819 0.9913347982891983 0.9763561777915752 0.9250407361856546 0.9696242210523535 0.9130403571639248 0.923817386401609 0.8109131400261842 0.10412576411103322 0.603540087235912 0.7413757233929703 0.5491822727136314 0.6589709036714997 0.3584502994325854 0.29834110587612916 0.18468889008107764 0.0010535843558059036 -0.10521185335850744 -0.6582863203444954 -0.30384849966709315 -0.4462999348423888 -0.5655638282861117 -0.8884792220548506 -0.5442164686459453 
0.039347593955028584 0.7816217016825467 0.7125799454792638 0.7668041695338302 1.0 0.8666617303005522 0.8934187166421819 1.0 0.9763561777915752 0.9317117385997372 0.9696242210523535 0.9130403571639248 0.92378919195698 0.8020546300158186 0.9259998505252209 0.603540087235912 0.7435031940027284 0.5491822727136314 0.6589709036714997 0.3720774727603388 0.29834110587612916 0.19247416422325134 0.0010535843558059036 -0.10521185335850744 -0.655598566410849 -0.30899890038204336 -0.43746252820019854 -0.567267340488172 -0.8788093156034708 -0.5442164686459453 
0.039347593955028584 0.7894588954184513 0.7181385166189577 0.7668041695338302 1.0 0.8666617303005522 0.8934187166421819 0.9913347982891983 0.9763561777915752 0.9250407361856546 0.9660350338821593 0.9190005851759818 0.923817386401609 0.8619128666982064 -0.05348972389223672 0.603540087235912 0.5050596399578471 0.5491822727136314 0.654761936567637 0.3720774727603388 0.293162137846381 0.18468889008107764 0.0010535843558059036 -0.10521185335850744 -0.6515167786216308 -0.3056900240176512 -0.4462999348423888 -0.567267340488172 -0.8860923712823547 -0.538678963982254 
0.039599504056021625 0.7816217016825467 0.7125799454792638 0.7595606543139255 0.9945288029534132 0.8666617303005522 0.8934187166421819 0.9913347982891983 0.9763561777915752 0.9250407361856546 0.9696242210523535 0.9130403571639248 0.923817386401609 0.8109131400261842 0.10412576411103322 0.603540087235912 0.7413757233929703 0.5491822727136314 0.6589709036714997 0.3584502994325854 0.29834110587612916 0.18468889008107764 0.0010535843558059036 -0.10521185335850744 -0.6582863203444954 -0.30384849966709315 -0.4462999348423888 -0.5655638282861117 -0.8884792220548506 -0.5442164686459453 
0.039347593955028584 0.7876937526372197 0.6194846209252949 0.7600201899638364 0.9524232692926757 0.8682649263349453 0.9022319118686825 0.9855682278959171 0.9859009423211982 0.9182043661107321 0.9686567722388176 0.8750172889366998 0.9241076962589563 0.8272230083609508 0.9488987659110705 0.7641169482297709 0.8256789610273093 0.5551683468079011 0.6508368609186629 0.36796353714606556 0.5347396822061098 0.21459361936280208 0.0010535843558059036 -0.09911156763448814 -0.6342634441507322 -0.31430115256396474 -0.034220427125055214 -0.571221509705069 -0.8884792220548506 -0.538678963982254 
0.039347593955028584 0.8476950396924077 0.7125799454792638 0.7383277502031773 0.9846731288280829 0.8666617303005522 0.8934187166421819 0.9998397696363563 0.9724867301094782 0.9317117385997372 0.9779593291706619 0.9130403571639248 0.9743156751017322 0.8008708929562395 0.9339532905242928 0.603540087235912 0.5050596399578471 0.5984832772018083 0.6653807003124541 0.3498957335439329 0.2898952985366822 0.19247416422325134 0.0010535843558059036 -0.09607873407103386 -0.655598566410849 -0.30384849966709315 -0.44965369168285296 -0.5655638282861117 -0.8788093156034708 -0.522492218395411 
0.039347593955028584 0.7816217016825467 0.7125799454792638 0.7668041695338302 1.0 0.8666617303005522 0.8934187166421819 1.0 0.9763561777915752 0.9317117385997372 0.9696242210523535 0.9130403571639248 0.92378919195698 0.8020546300158186 0.9259998505252209 0.603540087235912 0.7435031940027284 0.5491822727136314 0.6589709036714997 0.3720774727603388 0.29834110587612916 0.19247416422325134 0.0010535843558059036 -0.10521185335850744 -0.655598566410849 -0.30899890038204336 -0.43746252820019854 -0.567267340488172 -0.8788093156034708 -0.5442164686459453 
0.039347593955028584 0.7800928560604385 0.8474618022049487 0.7383277502031773 0.8511580667713637 0.8499282330958008 0.9008258170209898 0.9942652778598563 0.9900943199091321 0.9154922026577819 0.9748455196691252 0.841764852025459 0.969119762870638 0.8579434199628643 0.9259998505252209 0.7498501062051887 0.5050596399578471 0.58925646494148 0.6607137494356394 0.35488028457192883 0.2898952985366822 0.18357816083033668 0.005941738976006803 -0.11336581515700692 -0.6614064449591832 -0.3033067729239448 -0.44965369168285296 -0.3646670882757211 -0.6119272972108256 -0.5201602624543409 
0.03439725835581713 0.7728665298100755 0.6214245718109694 0.7495571269430678 1.0 0.8705010172427913 0.8938398842161135 0.8557099262512896 0.7541472096309227 0.856071570429422 0.9684977745303889 0.8782632283598002 0.9563068022757425 0.7952500206628484 0.8170361488668476 0.7565842779494198 0.504391910229651 0.5728588843025776 0.6560138705041779 0.40020419981213234 0.29493182022869635 0.21459361936280208 0.010502737279422343 -0.10521185335850744 -0.07025040044280378 -0.3060929060710936 -0.030570413917728356 -0.351712676354629 -0.302888776330787 -0.5447670754812308 
0.03078205494577036 0.7816217016825467 0.7125799454792638 0.9887219030640795 0.7314444860565337 0.8682649263349453 0.8992386984377557 0.8434201163334336 0.9931744089272682 0.924778958881165 0.9712197221983458 0.8750172889366998 0.969119762870638 0.8627669303748143 0.9259998505252209 0.7498501062051887 0.504391910229651 0.58925646494148 0.6734166106166249 0.3589814320862271 0.29493182022869635 0.21459361936280208 0.45194751531208105 0.05451901644845145 -0.10334430078963175 -0.31178380365778596 -0.03880352560699654 -0.3646670882757211 -0.6117481831004243 -0.5201602624543409 
0.03078205494577036 0.7816217016825467 0.7125799454792638 0.7553474884440747 1.0 0.8682649263349453 0.9022319118686825 0.8434201163334336 0.9900943199091321 0.9154922026577819 0.9684977745303889 0.8750172889366998 0.9286209175613865 0.8627669303748143 0.9259998505252209 0.7498501062051887 0.8256789610273093 0.5938541020752413 0.6654656879121338 0.3598584596235841 0.29834110587612916 0.21459361936280208 0.44531965912023247 -0.10521185335850744 -0.04161473903354664 -0.31430115256396474 -0.02815256793110968 -0.36441994655983323 -0.6119272972108256 -0.5247818988833497 
0.028589175562720795 0.7747120010550504 0.707318616934923 0.7323535101317785 0.7401352582773131 0.8715382104900332 0.8579640116315617 0.8529269436711626 0.9900943199091321 0.9190263787223616 0.964515321246021 0.9604033988402334 0.9483952264938986 0.7857224353177805 0.9300793931322949 0.7894963422408876 0.7795799032077665 0.5938541020752413 0.6781682824821829 0.4729039100389416 0.5327557070489506 0.20134311992793805 0.45300214602276195 0.05451901644845145 -0.04161473903354664 -0.04803003369375617 -0.03880352560699654 -0.24570150832087106 -0.3008802983757733 -0.37743908439313706 
0.027478474760787235 0.7747120010550504 0.7046441437317205 0.7323535101317785 0.7401352582773131 0.8715382104900332 0.8579640116315617 0.8529269436711626 0.9900943199091321 0.924778958881165 0.964515321246021 0.8784379104259192 0.969119762870638 0.8627669303748143 0.9337300347711401 0.7498501062051887 0.7795799032077665 0.5938541020752413 0.647142241105309 0.4650917777682142 0.5299078418025718 0.21468665218409924 0.45300214602276195 0.05451901644845145 -0.04161473903354664 -0.05835753135490285 -0.008849910190276561 -0.24570150832087106 -0.3008802983757733 -0.37743908439313706 
0.025401211057719884 0.7747120010550504 0.5917619090073152 0.723597882146362 0.7340184813583635 0.8516282389886254 0.9093144650752117 0.7949144145055864 0.9171003853800379 0.9148499458567689 0.964515321246021 0.8750172889366998 0.9684105897570784 0.8016521115111757 0.9337300347711401 0.752316013424732 0.8319720020784632 0.5948801201929637 0.647142241105309 0.4650917777682142 0.5368007374632049 0.19608947030334084 0.4612593021494789 0.06133557672888128 -0.04161473903354664 -0.06607458406992514 -0.003948276997781939 -0.24567213693181608 -0.3008802983757733 -0.5268902953009952 
0.02351329791291108 0.7766897909881868 0.5385558748321886 0.723597882146362 0.729772582761816 0.8715382104900332 0.9060937727440719 0.7755164278865184 0.9143030137016552 0.9103670818502255 0.9593912166754195 0.8773158680254062 0.9687859675031341 0.7930318364511992 0.9235705355205799 0.7862697006847889 0.8224387705794309 0.5938541020752413 0.6468896465310053 0.45093843136358197 0.5998281611854539 0.20904211678282908 0.4597999799447626 0.3710123252849273 0.2679962388480845 -0.06607458406992514 -0.003948276997781939 -0.24567213693181608 -0.25905799333624535 -0.3708940730667337 
0.02110900190219165 0.5257828717105097 0.7046441437317205 0.7323535101317785 0.729772582761816 0.8715382104900332 0.9042268973762132 0.8118496203063141 0.999430315594121 0.9356089042792745 0.9023050621270219 0.8784379104259192 0.9613870766876873 0.8627669303748143 0.9014050426005393 0.8475993010285747 0.7795799032077665 0.5987716409490912 0.65507911081378 0.44605428166753874 0.5854691634055963 0.22222792502253239 0.45300214602276195 0.05451901644845145 0.2772669750181694 -0.06607458406992514 -0.009535659111649622 -0.24570150832087106 -0.2526956167038513 -0.37743908439313706 
0.01790054036338513 0.37909629306138454 0.597487806042189 0.7335731332078802 0.7465545187387184 0.8312978929442534 0.8755091663712303 0.790542976939887 0.9896739959219 0.9148499458567689 0.962707744283584 0.9747388338973542 0.9709575461968217 0.9841451243385417 0.9014050426005393 0.8400007879175787 0.8364963511681952 0.8674880682887536 0.7237087383872106 0.4132288022329512 0.6037463484270977 0.5906300962795057 0.4033986363541416 0.38264841281256406 0.21194900795303376 -0.07119120056749954 0.13602074345252935 -0.12219112383325847 -0.31862982990956995 -0.3769060303709125 
0.01790054036338513 0.38111999700216936 0.6258835155668749 0.7252412890911321 0.7465545187387184 0.87521791543675 0.873618441864886 0.7934215741274495 0.9896739959219 0.9168884293242541 0.9546759463254194 0.9801048133725502 0.9617293843757532 0.9841451243385417 0.9014050426005393 0.8400007879175787 0.8438172263528119 0.8665335690060401 0.7190272600482192 0.6288274729735277 0.5800378144269512 0.600062502880557 0.45355427674640203 0.3861852300372228 0.21004575082298663 -0.07119120056749954 -0.04015159830821909 -0.12219112383325847 -0.31862982990956995 -0.4998497338111767 
0.01790054036338513 0.38111999700216936 0.6258835155668749 0.7252412890911321 0.7465545187387184 0.87521791543675 0.873618441864886 0.7934215741274495 0.9896739959219 0.9168884293242541 0.9546759463254194 0.9801048133725502 0.9617293843757532 0.9841451243385417 0.9014050426005393 0.8400007879175787 0.8438172263528119 0.8665335690060401 0.7190272600482192 0.6288274729735277 0.5800378144269512 0.600062502880557 0.45355427674640203 0.3861852300372228 0.21004575082298663 -0.07119120056749954 -0.04015159830821909 -0.12219112383325847 -0.31862982990956995 -0.4998497338111767 
0.013966782648535667 0.5495681174650934 0.6258835155668749 0.7252412890911321 0.7606207832275895 0.87521791543675 0.873618441864886 0.7884300735704349 0.9896739959219 0.9997459768122563 0.9879751303836494 0.9801048133725502 0.9686921470120095 0.9796646920220763 0.916344856188121 0.8400007879175787 0.8395450714982159 0.5378304135864226 0.7254017384425953 0.6288274729735277 0.5800378144269512 0.600062502880557 0.45355427674640203 0.38264841281256406 0.21004575082298663 -0.10742684092481336 -0.04015159830821909 0.002817540706054253 -0.22974507739850747 -0.3472410057047571 
0.01129833309638356 0.261609041087902 0.6381695923764725 0.7195717586138387 0.7761256913606014 0.87521791543675 0.873618441864886 0.7884300735704349 0.9896739959219 0.9997459768122563 0.9879751303836494 0.9712106102929615 0.9645043439327364 0.9513127788966788 0.9204230290577816 0.8400007879175787 0.8395450714982159 0.9119924346973651 0.7268261525637473 0.8154661895555264 0.5800378144269512 0.600062502880557 0.45355427674640203 0.44215660484928654 0.21098971151910895 0.38307864843689104 -0.04015159830821909 -0.049719037689080904 -0.03376521796610424 -0.06874215273639475 
0.0110726255293386 0.47998935710494917 0.5370891531782385 0.38089969611358376 0.7158273532106308 0.885626617401572 0.6869543053197154 0.7897560616789991 0.9143030137016552 0.9997459768122563 0.9643942189157816 0.9728090965634781 0.9616126399469669 0.9563305654587702 0.9235705355205799 0.9624456915343581 0.9717209889467762 0.9119924346973651 0.7254017384425953 0.9080107926022437 0.6010901821179752 0.7889003914470338 0.44070630274324507 0.45041909560024407 0.27909381354597435 0.37473741954312245 -0.0011591122902445536 -0.049719037689080904 0.018301521996231137 -0.06874215273639475 
0.008650891191980238 0.261609041087902 0.34739104596676523 0.7195717586138387 0.7761256913606014 0.87521791543675 0.873618441864886 0.7947702714239129 0.9896739959219 1.0 0.9879751303836494 0.9712106102929615 0.9721772613412516 0.9513127788966788 0.8662006871943735 0.9500187502180335 0.9787347290636026 0.9119924346973651 0.7254017384425953 0.8097068606385391 0.5800378144269512 0.600062502880557 0.4601746655768242 0.43635234865261713 0.20955057817745523 0.38307864843689104 0.2498432928976839 0.26280996305409254 -0.007087619890331177 -0.03752162454888466 
0.007396595502799428 0.2460230275325228 0.2522004432108061 0.38089969611358376 0.6983379425153449 0.4651201965037786 0.7206247302500242 0.7982482784299163 0.9023523532617395 0.8429997293537864 0.9621095195239606 0.9126619442025066 0.9672604634133155 0.960836385142338 0.9214726487020289 0.9639079127206649 0.9717209889467762 0.9292314910333402 0.8079613751785143 0.8154661895555264 0.8231014573227733 0.7121709460501072 0.7843558628271089 0.5496913772621564 0.5142382048488399 0.37473741954312245 0.22383107714008055 0.0861052895315465 -0.024579455004818174 -0.055831676363121925 
0.006521819873069548 0.2372444601779879 0.2827581170511793 0.38656908804151985 0.7158273532106308 0.5937123066965132 0.7079104015634557 0.7897560616789991 0.7932060473613091 0.9997459768122563 0.9614311082366926 0.9672903490870811 0.9638588208198299 0.9408274399178805 0.9816075566479561 0.9624456915343581 0.9637486139633028 0.9363401486265027 0.9091268697532798 0.9154687062644672 0.6010901821179752 0.7840803988338122 0.6770053575575835 0.44645846625878427 0.5327378663305493 0.40266187216287025 0.2353150794762765 0.2413080805527896 -0.013384319563941954 -0.04267463546140364 
0.005998887817845494 0.23543063444821685 0.24051210510432064 0.5528062363825412 0.5665883897024578 0.5659300012551679 0.7193796518436356 0.7858348874117834 0.802497347126425 0.8296351229084257 0.9733342319375998 0.9845372634110214 0.9784320869288641 0.8959644297696399 0.9176806817790508 0.9517297135523147 0.8991911662623322 0.9437629568758166 0.8190417949136632 0.8882043932740491 0.8017372310643346 0.7772143360448002 0.6678491505051202 0.5760824173956227 0.5107535221262288 0.3823794072756547 0.23841077489542353 0.11182006918135759 -0.0075405524384231475 -0.04080569680125629 
0.004984709869950655 0.2190867466306413 0.24051210510432064 0.41034708151912486 0.5313402853748967 0.5751668586341269 0.7124318661838808 0.783268267748505 0.8940563237404 0.8454802848494769 0.973932276657113 0.9851068679497959 0.9784320869288641 0.8959644297696399 0.9174044449238244 0.9517297135523147 0.9663651890770145 0.9180702657550809 0.8190417949136632 0.8977134962826849 0.8048380109729634 0.7858298991185757 0.6611699978691276 0.5830965204704489 0.5571929663061364 0.3882896475428497 0.22017186825727875 0.11182006918135759 -0.0075405524384231475 -0.062207864047098195 
0.004604457298902886 0.2520896333714265 0.3407971402379024 0.4115102561973361 0.6954744356132376 0.5976285210864485 0.6928616077946862 0.7842332810146035 0.9023523532617395 0.8475966190181699 0.9714343183875975 0.9832686784892128 0.9896986052334767 0.8560744707533332 0.9864122010253373 0.9495525119470425 0.957834836469696 0.9361734222430159 0.8255382083487097 0.8955299577098432 0.8231014573227733 0.7192401378622667 0.6430063818026995 0.5557974527548898 0.5236077674009514 0.3896364328220063 0.23694031095188003 0.22614193058696475 0.14224977270786612 -0.03931098238972986 
0.003499895375045017 0.23198786146576234 0.26458725956543133 0.41249171542825436 0.5162723997278114 0.5857294604804801 0.6873061133001149 0.7913213623934522 0.8181357147788305 0.846364054483612 0.9031920761087258 0.9786409651293981 0.9552543043281392 0.9178568652850466 0.8605266981510735 0.9712496700342128 0.97627741137887 0.9167879220836632 0.9091268697532798 0.8898039956309174 0.603690212338362 0.7529063017557374 0.6835089685500719 0.5869433599859006 0.406614377366866 0.40266187216287025 0.32786118703588085 0.20654851060464943 0.2025135410018568 -0.0368272648793591 
0.003499895375045017 0.23543063444821685 0.2574790826642056 0.4172989675153268 0.5665883897024578 0.595805613307 0.7193796518436356 0.8748484677604003 0.8181357147788305 0.8486974722638162 0.8970977511380654 0.9688427123244039 0.9784320869288641 0.9408274399178805 0.9864122010253373 0.970787956091059 0.9637486139633028 0.9437629568758166 0.8739412621854211 0.9230274304725602 0.8090956968902286 0.7925973534871094 0.6439473301807856 0.5760824173956227 0.5107535221262288 0.38114782841451494 0.2353150794762765 0.2413080805527896 0.14584683749914815 -0.04594418260672279 
0.002780764827886708 0.2372444601779879 0.24988586490893872 0.33425181092537193 0.6229678730139719 0.6289657453466557 0.6934124028494025 0.7828384299631802 0.7932060473613091 0.8547062406445731 0.9012349647679293 0.9722450854656529 0.9652554414459995 0.9418843354472753 0.9816075566479561 0.966101648204765 0.9824915787272629 0.9330340252558558 0.8656159440554437 0.9234912201095754 0.8039166864207852 0.786376215303576 0.583622536173076 0.6091207761126722 0.5382283720651705 0.40266187216287025 0.32786118703588085 0.22464989651248324 0.14065123027891913 -0.036985146553560305 
0.0020941811533874443 0.23543063444821685 0.27377782960087466 0.4172989675153268 0.5192402988041631 0.590106957423259 0.7231919754777003 0.7851910673459503 0.8181357147788305 0.8547062406445731 0.8970977511380654 0.9671247740643739 0.9784320869288641 0.9418843354472753 0.9142954841269775 0.966101648204765 0.9824915787272629 0.9507080712528608 0.9237059467234208 0.9130977453975233 0.8015197139838204 0.7995188223752615 0.6835089685500719 0.5873989448854802 0.5107535221262288 0.38114782841451494 0.22716610879466145 0.23280689259106782 0.14584683749914815 -0.05175959592764869 
0.0020941811533874443 0.23543063444821685 0.27377782960087466 0.4172989675153268 0.5192402988041631 0.590106957423259 0.7231919754777003 0.7851910673459503 0.8181357147788305 0.8547062406445731 0.8970977511380654 0.9671247740643739 0.9784320869288641 0.9418843354472753 0.9142954841269775 0.966101648204765 0.9824915787272629 0.9507080712528608 0.9237059467234208 0.9130977453975233 0.8015197139838204 0.7995188223752615 0.6835089685500719 0.5873989448854802 0.5107535221262288 0.38114782841451494 0.22716610879466145 0.23280689259106782 0.14584683749914815 -0.05175959592764869 
0.0017236384555272474 0.24134697930826227 0.3407971402379024 0.41034708151912486 0.5313402853748967 0.5802061357084413 0.6928616077946862 0.783268267748505 0.8050890544477058 0.8307270295862607 0.973932276657113 0.9806232170284505 0.9784320869288641 0.9720335916506828 0.9148079970786451 0.9671384408966371 0.8991911662623322 0.9361734222430159 0.8190417949136632 0.9165339342969118 0.8175532617960221 0.7995188223752615 0.65435542037522 0.5830965204704489 0.5398147233003542 0.4027861308760418 0.23841077489542353 0.22087242863208634 -0.004558937899181934 -0.04235882264267769 
0.0015622181795252495 0.2667932911372347 0.2758483441454952 0.4016643582276954 0.5468271668688796 0.5747942203224311 0.6841619243628905 0.8054774448739296 0.7932060473613091 0.8611244298639154 0.8970977511380654 0.9671247740643739 0.9552543043281392 0.9047960533853449 0.9686872472008672 0.9587666121596449 0.962109920695895 0.9119924346973651 0.8766455498949883 0.7919316445959605 0.7952525256402159 0.7790359837521162 0.636534939993392 0.5869433599859006 0.5424489727142083 0.38334998812202686 0.2523606562552528 0.21299894328547642 -0.0075405524384231475 -0.04875126000971297 
0.0010821430755972483 0.2357232144795671 0.2758483441454952 0.4167619201656816 0.5665883897024578 0.5571416538457528 0.7231919754777003 0.7851910673459503 0.7932060473613091 0.8406449158342787 0.8970977511380654 0.9671247740643739 0.9480659382781155 0.9605374847906339 0.9799175599641875 0.9671384408966371 0.9671219408540166 0.9437629568758166 0.9237059467234208 0.9230274304725602 0.8090956968902286 0.7857848318517678 0.6509680139761671 0.5958707310119031 0.5107535221262288 0.38114782841451494 0.2354021036886741 0.23280689259106782 -0.02688888448501886 -0.03931098238972986 
9.345097065656428E-4 0.2357232144795671 0.270725208865866 0.4167619201656816 0.5665883897024578 0.5979077098786046 0.7231919754777003 0.8033592916149837 0.8218930945517138 0.8486974722638162 0.8847437811254959 0.9688427123244039 0.9784320869288641 0.9628444935084963 0.8742783389724931 0.9641581092323156 0.9712311769287154 0.9437629568758166 0.8739412621854211 0.9230274304725602 0.8090956968902286 0.7954035565373614 0.6351663219547045 0.5760824173956227 0.5107535221262288 0.3896364328220063 0.28785239223314263 0.24582242696103776 -0.03244754012119705 -0.03931098238972986 
9.345097065656428E-4 0.2128782688028607 0.26458725956543133 0.42517463854114174 0.5162723997278114 0.5802061357084413 0.6873061133001149 0.7700618642060039 0.8181357147788305 0.8420468155752279 0.9031920761087258 0.9676034865176939 0.94961653712981 0.911079539743154 0.8664291538558754 0.9691808688848381 0.9722245390161804 0.9312577594217681 0.8784048049605566 0.8048701626942615 0.8061928382772633 0.7793152626240816 0.6835089685500719 0.5857243522217173 0.49020807865711663 0.38886524042304876 0.3281415768642466 0.20910231321030232 0.07288448693620951 -0.07951409458657022 
5.294440135117596E-4 0.2372444601779879 0.2827581170511793 0.42113120268236753 0.6269062684362298 0.5802061357084413 0.7010155733546639 0.7815240391104615 0.7932060473613091 0.8323310147865149 0.8426168271508425 0.9833257194498612 0.9652554414459995 0.9789936547109657 0.9816075566479561 0.9681617574852441 0.8991911662623322 0.9289314038024253 0.9091268697532798 0.8893127572746659 0.8152911540219206 0.786376215303576 0.6770053575575835 0.6091207761126722 0.5191928464890991 0.40266187216287025 0.32786118703588085 0.21487346625215964 -0.013384319563941954 -0.04267463546140364 
5.294440135117596E-4 0.23462979262569172 0.26955398418454646 0.34754278186374904 0.5280920024685991 0.5827939734037375 0.6873061133001149 0.8054774448739296 0.7947355285801682 0.8661664236253424 0.9037117712581131 0.9848621573100358 0.9687065423334595 0.9022069218916654 0.8742783389724931 0.9663104302896948 0.977939069180363 0.9140935771852348 0.8644865771621473 0.8915564672070068 0.8198009838914316 0.6660712389653489 0.6772520740849918 0.5869433599859006 0.5371954659487049 0.38835583661030515 0.24739206263657185 0.21324638957220815 0.13511062667813412 -0.07951409458657022 
4.5271109586438876E-4 0.2190754271597629 0.25962911886240475 0.41034708151912486 0.5292356587176614 0.5747942203224311 0.6972117636421514 0.7727415784548204 0.8050890544477058 0.8454802848494769 0.9200060643519702 0.9795511703295744 0.9604800157209462 0.9022069218916654 0.9636478775268131 0.8383989057559962 0.9610266422031658 0.9244488597028948 0.86861164512742 0.9130977453975233 0.8039166864207852 0.793238503956255 0.6828811401650229 0.5869433599859006 0.5424489727142083 0.39740076779133726 0.24739206263657185 0.20537549941307925 -0.024579455004818174 -0.04927497525716701 
3.3426616239798715E-4 0.2372444601779879 0.2740227386897284 0.41249171542825436 0.6116895370458598 0.5789877331463289 0.6982050156660956 0.7587993251224888 0.7932060473613091 0.8557917220199254 0.9200060643519702 0.9742656787556695 0.9604800157209462 0.9022069218916654 0.9816075566479561 0.9670823472731326 0.8991911662623322 0.9330340252558558 0.86861164512742 0.9130977453975233 0.8259327398158568 0.8000070615299306 0.6828811401650229 0.6143454282982002 0.5530168577718545 0.40266187216287025 0.320422557554688 0.22287644968989906 -0.004558937899181934 -0.03345287131621754 
1.5309963869352577E-4 0.224020769272601 0.2753357851885199 0.41249171542825436 0.6124579211650313 0.5733006506716716 0.6982050156660956 0.7692348286206142 0.7932060473613091 0.8552473386392032 0.8988272973516801 0.9844456908273849 0.9512208404905962 0.9879783782861118 0.8803510078348513 0.975483207167294 0.9107231953020494 0.9289314038024253 0.9233813398718996 0.8751851694244541 0.824835447268374 0.7531627693327761 0.813974749935678 0.5830965204704489 0.49266476244056134 0.41170098387767295 0.048784495419227136 0.2250523515099435 0.13116666703020244 -0.02762457137258387 
1.5309963869352577E-4 0.22548340933592317 0.2753357851885199 0.41249171542825436 0.6110494152064891 0.5789877331463289 0.6982050156660956 0.7674081217956208 0.7932060473613091 0.8524538680970931 0.8978284937179841 0.9786409651293981 0.9512208404905962 0.9597735126425839 0.8803510078348513 0.9670823472731326 0.958875101725714 0.9404415934650806 0.9166462526576968 0.8898039956309174 0.8259327398158568 0.7529063017557374 0.8234697555733104 0.5510076981324751 0.4982849067553426 0.40266187216287025 0.23782474769407744 0.2250523515099435 0.07327749874264944 -0.03345287131621754 
1.5309963869352577E-4 0.21857151200538288 0.2669475048475016 0.3520894607558042 0.45785912218634656 0.5827939734037375 0.7472324708034979 0.7919925700253727 0.8023337283258385 0.8469079639079283 0.9013112061609483 0.9799499139278427 0.9687065423334595 0.9592859880237345 0.8799554620596814 0.9644872554710179 0.9711232933574245 0.9180702657550809 0.8652371354533551 0.9130977453975233 0.8198009838914316 0.7839032396560472 0.6797650725449377 0.5806185896694319 0.4998773378642016 0.39697615238640205 0.2509737950580281 0.21324978455820587 0.13511062667813412 -0.07951409458657022 
8.623521761442332E-5 0.21880285115620687 0.2753357851885199 0.40759582523909976 0.5482225018606828 0.6079877335151554 0.6928616077946862 0.7700618642060039 0.7863591751091284 0.8420468155752279 0.9031920761087258 0.9622671716466364 0.960801053154586 0.9605374847906339 0.9224593827854807 0.9844781200286347 0.9184451757938491 0.9252397066742405 0.9244388982965802 0.9188669437915451 0.8175532617960221 0.7708659140819962 0.8107733777408238 0.609974948130076 0.49020807865711663 0.402579092861653 0.3936604108937086 0.21487346625215964 0.07288448693620951 -0.020285363728563235 
8.623521761442332E-5 0.2190754271597629 0.2753357851885199 0.3346453483333368 0.5482225018606828 0.6079877335151554 0.6928616077946862 0.7700618642060039 0.7863591751091284 0.8524538680970931 0.8978284937179841 0.9695521246518443 0.960801053154586 0.9605374847906339 0.9224593827854807 0.9762525124592809 0.9932804239662518 0.9302708216536973 0.9244388982965802 0.9121566903673212 0.7914609347423434 0.7798223822771022 0.6012405305139239 0.6092248338370714 0.49020807865711663 0.40744173140255546 0.4018178904193592 0.22271424690368352 0.07288448693620951 -0.03322810444149091 
4.1538889714582974E-5 0.20929931785258965 0.28178747649335156 0.41883839410757473 0.6187333222826404 0.5789877331463289 0.6937383435851628 0.7787488989269243 0.8004095278426901 0.825478999471038 0.9129172889720505 0.9621529906473113 0.9939827484838364 0.9879783782861118 0.8693837559231232 0.9670823472731326 0.901309484378135 0.9289314038024253 0.86861164512742 0.8694838550754092 0.8150752571769904 0.8045662354017071 0.6828811401650229 0.5766032797558338 0.5207355146728517 0.4075500259146647 0.3203289399141277 0.21487346625215964 0.129836901247725 -0.04562809955435264 
4.1538889714582974E-5 0.23315718416628284 0.2849081800294489 0.41249171542825436 0.5360306968614454 0.5789877331463289 0.6937383435851628 0.7756018229986453 0.7932060473613091 0.8323310147865149 0.901465199795995 0.9621529906473113 0.9604800157209462 0.9605374847906339 0.9816075566479561 0.9670823472731326 0.8991911662623322 0.9382231333301123 0.86861164512742 0.9203550034892719 0.8259327398158568 0.8064755647555665 0.6828811401650229 0.6143454282982002 0.5110004133219722 0.4025995636103994 0.32215837629048694 0.20477835328593708 -0.012714942254305563 -0.029229393339467252 
4.1538889714582974E-5 0.011709205755184637 0.25962911886240475 0.35211589947643984 0.4685583607866528 0.5796335141432519 0.6972117636421514 0.7711401296899252 0.8050890544477058 0.8454802848494769 0.8996902712031599 0.9795874298070536 0.956492647716912 0.955246627415853 0.9864122010253373 0.8385142486874086 0.9595909838573401 0.9143324084164907 0.871657287585043 0.9066056197234877 0.8251120554223729 0.7798223822771022 0.6903630591503809 0.5869433599859006 0.5428491521840033 0.39740076779133726 0.23385629867364277 0.20537549941307925 0.14057911287801422 -0.049051417865257164 
0.0 0.20825401777963984 0.2707398932417807 0.4204976974889163 0.6124579211650313 0.5686027870462436 0.6977689873359347 0.7713886021792922 0.8183726548564317 0.8576601058076974 0.9030118374303059 0.9713382978448859 0.9516482673019911 0.9933577072064714 0.8691015791291069 0.9688812499279517 0.7616183556989533 0.9289314038024253 0.9049472417722039 0.8757102232936391 0.8286215938877666 0.7653710498712835 0.9902696392299744 0.5837968709653549 0.48461244143205395 0.4014698635329293 0.6360068418027494 0.2339398843640799 0.0026119382802868877 -0.025037480189171176 
0.0 0.20825401777963984 0.881177917055614 0.41249171542825436 0.6110494152064891 0.5742338496293686 0.6889605514718653 0.7674081217956208 0.8175155974299816 0.8524538680970931 0.8978284937179841 0.9714477994945087 0.9516482673019911 1.0 0.8803510078348513 0.9662640915945119 0.9107231953020494 0.9289314038024253 0.8951055733155793 0.8840502458390429 0.8175532617960221 0.7708370738839151 0.9902696392299744 0.5830965204704489 0.4955863944244907 0.40154705438865035 0.23782474769407744 0.21487346625215964 0.0026119382802868877 -0.025798037130869013 
0.0 0.20929931785258965 0.28178747649335156 0.4204976974889163 0.6124579211650313 0.5884272833635236 0.6895168869513715 0.7741188272624315 0.8108519239162201 0.8404182988312434 0.9086368302244366 0.9799499139278427 0.960801053154586 0.9879783782861118 0.8626121399127543 0.9765122659736793 0.9180279631713429 0.9452679470285331 0.9049472417722039 0.8749647771339591 0.6800427825045396 0.7580396915662554 0.9902696392299744 0.5830965204704489 0.48461244143205395 0.4014698635329293 0.6360068418027494 0.2254920863347965 0.0026119382802868877 -0.029821248932299222 
0.0 0.20825401777963984 0.881177917055614 0.41249171542825436 0.6110494152064891 0.5742338496293686 0.6889605514718653 0.7674081217956208 0.8175155974299816 0.8524538680970931 0.8978284937179841 0.9714477994945087 0.9516482673019911 1.0 0.8803510078348513 0.9662640915945119 0.9107231953020494 0.9289314038024253 0.8951055733155793 0.8840502458390429 0.8175532617960221 0.7708370738839151 0.9902696392299744 0.5830965204704489 0.4955863944244907 0.40154705438865035 0.23782474769407744 0.21487346625215964 0.0026119382802868877 -0.025798037130869013 
0.0 0.20825401777963984 0.2707398932417807 0.4204976974889163 0.6124579211650313 0.5686027870462436 0.6977689873359347 0.7713886021792922 0.8183726548564317 0.8576601058076974 0.9030118374303059 0.9713382978448859 0.9516482673019911 0.9933577072064714 0.8691015791291069 0.9688812499279517 0.7616183556989533 0.9289314038024253 0.9049472417722039 0.8757102232936391 0.8286215938877666 0.7653710498712835 0.9902696392299744 0.5837968709653549 0.48461244143205395 0.4014698635329293 0.6360068418027494 0.2339398843640799 0.0026119382802868877 -0.025037480189171176 
0.0 0.2149308929851174 0.26788330524448445 0.4204976974889163 0.6124579211650313 0.5884272833635236 0.6982050156660956 0.7674081217956208 0.8108180864404115 0.8552473386392032 0.9072924948162098 0.9806232170284505 0.9516482673019911 0.9879783782861118 0.9236988392638451 0.9671384408966371 0.9107231953020494 0.9289314038024253 0.9091153338703801 0.8757102232936391 0.8175532617960221 0.7484726849677993 0.8259728869304358 0.5830965204704489 0.48461244143205395 0.4014698635329293 0.6316552164651743 0.21487346625215964 0.132796887292526 -0.029821248932299222 
0.0 0.20929931785258965 0.28178747649335156 0.4204976974889163 0.6124579211650313 0.5884272833635236 0.6895168869513715 0.7741188272624315 0.8108519239162201 0.8404182988312434 0.9086368302244366 0.9799499139278427 0.960801053154586 0.9879783782861118 0.8626121399127543 0.9765122659736793 0.9180279631713429 0.9452679470285331 0.9049472417722039 0.8749647771339591 0.6800427825045396 0.7580396915662554 0.9902696392299744 0.5830965204704489 0.48461244143205395 0.4014698635329293 0.6360068418027494 0.2254920863347965 0.0026119382802868877 -0.029821248932299222 
0.0 0.2149308929851174 0.26788330524448445 0.4204976974889163 0.6124579211650313 0.5884272833635236 0.6982050156660956 0.7674081217956208 0.8108180864404115 0.8552473386392032 0.9072924948162098 0.9806232170284505 0.9516482673019911 0.9879783782861118 0.9236988392638451 0.9671384408966371 0.9107231953020494 0.9289314038024253 0.9091153338703801 0.8757102232936391 0.8175532617960221 0.7484726849677993 0.8259728869304358 0.5830965204704489 0.48461244143205395 0.4014698635329293 0.6316552164651743 0.21487346625215964 0.132796887292526 -0.029821248932299222 
0.0 0.20825401777963984 0.26788330524448445 0.42220399415115545 0.6124579211650313 0.5742338496293686 0.6977689873359347 0.7713886021792922 0.8175155974299816 0.8576601058076974 0.9072924948162098 0.9813892935459164 0.9516482673019911 0.9879783782861118 0.8691015791291069 0.9688812499279517 0.9107231953020494 0.9289314038024253 0.9062313418003147 0.8757102232936391 0.8175532617960221 0.7653710498712835 0.9902696392299744 0.5830965204704489 0.48461244143205395 0.40154705438865035 0.23782474769407744 0.21487346625215964 0.0026119382802868877 -0.029821248932299222 
0.0 0.20825401777963984 0.2738751473275448 0.4204976974889163 0.3325193463884144 0.5742338496293686 0.6775149160069963 0.7787488989269243 0.79241016100049 0.8448049477983032 0.9030118374303059 0.9743533853798545 0.9457398715885428 0.9879783782861118 0.9816075566479561 0.9688812499279517 0.8991911662623322 0.9452679470285331 0.8924821897983954 0.8757102232936391 0.8293802324260994 0.7617871404462059 0.6828811401650229 0.5766032797558338 0.48461244143205395 0.4025995636103994 0.24607824153716273 0.20266742896262138 0.12731670961077676 -0.031032106525420336 
0.0 0.21857151200538288 0.2556394833618589 0.41828394733075736 0.553158748754672 0.5692985518402841 0.6806262720558477 0.7787488989269243 0.8154701497363733 0.8448049477983032 0.9129172889720505 0.9743533853798545 0.9944775919777229 0.9879783782861118 0.8663511345382702 0.9688812499279517 0.9681710039595914 0.9319498581240927 0.8924821897983954 0.8700743058618982 0.8293802324260994 0.7448085382455045 0.9902696392299744 0.5766032797558338 0.4875860165687 0.4058978605037135 0.23782474769407744 0.21487346625215964 0.12731670961077676 -0.029821248932299222 
0.0 0.21857151200538288 0.2753357851885199 0.4204976974889163 0.5482225018606828 0.5692985518402841 0.6859542128179033 0.7727415784548204 0.7863591751091284 0.8448049477983032 0.8974172061301647 0.9799499139278427 0.9591978649683982 0.9629446987045569 0.8758392500735264 0.9762525124592809 0.9681710039595914 0.9305562882234043 0.8244831289037021 0.8700743058618982 0.8198009838914316 0.7798223822771022 0.8080487685371939 0.5731938306360829 0.4896626497306349 0.39376046943802834 0.4018178904193592 0.2187003056114029 0.08222303812738863 -0.03188525355516446 
0.0 0.20825401777963984 0.26788330524448445 0.4204976974889163 0.5482225018606828 0.5742338496293686 0.6775149160069963 -0.597741960307576 0.8092654986941917 0.8448049477983032 0.9030118374303059 0.9621529906473113 0.9457398715885428 0.9629446987045569 0.9816075566479561 0.9670823472731326 0.8991911662623322 0.9305562882234043 0.9062313418003147 0.8757102232936391 0.8198009838914316 0.7603403149932629 0.6828811401650229 0.5731938306360829 0.48461244143205395 0.4025995636103994 0.23782474769407744 0.21340002514281942 0.0950882394610409 -0.029229393339467252 
