0.6797812915972701 0.24774258397515664 
0.6793918505856569 0.24780157632342473 
0.6390283725930083 0.25442273626639506 
0.6382239328610729 0.25677510919559676 
0.6361325537080637 0.26573071384542873 
0.6361325537080637 0.26573071384542873 
0.6372667794569219 0.2739927003593676 
0.5808277731506712 0.27923975327496314 
0.5818754973257423 0.28058960121859405 
0.5487917825878484 0.2829969968699194 
0.5504148849152276 0.2844554886931995 
0.5275121752374886 0.2862021652892748 
0.5275121752374886 0.2862021652892748 
0.5130651192847606 0.292935547635829 
0.510293110464143 0.2982102628224565 
0.5179483207168762 0.2968195105609004 
0.5109333612354834 0.3006806468139299 
0.5109333612354834 0.3006806468139299 
0.5049498505649277 0.31341025646291343 
0.49980339296928566 0.31402410048787827 
0.49980339296928566 0.31402410048787827 
0.4975997920218835 0.3192768869771269 
0.4975997920218835 0.3192768869771269 
0.49659194984346977 0.3337943240576993 
0.49659194984346977 0.3337943240576993 
0.49677617627901977 0.3405679978927308 
0.49631136947128285 0.34501208382988224 
0.49590819826934285 0.3541276769985045 
0.49554734254034716 0.35373043179560737 
0.49483829106383076 0.3652227457072662 
0.49505241230053687 0.36451293521171574 
0.4948090428598328 0.37570083639536167 
0.4935246197924497 0.3801501391322148 
0.4935405300803329 0.3838992645731598 
0.49381123730858406 0.3885485373848928 
0.49372703609185065 0.39622649249457614 
0.49358144883280025 0.3967576861299851 
0.4935245794168649 0.38330036798707995 
0.4935405300803329 0.3838992645731598 
0.49350077867967024 0.3790403286725485 
0.49350077867967024 0.3790403286725485 
0.4935245794168649 0.38330036798707995 
0.4937159039514517 0.41458651376036426 
0.49365999782055636 0.40716996917285925 
0.49368808424228633 0.4069888427970775 
0.49358144883280025 0.3967576861299851 
0.4935246197924497 0.3801501391322148 
0.4937159039514517 0.41458651376036426 
0.49365999782055636 0.40716996917285925 
0.25680942221662734 0.5176800475715018 
0.2621596927991263 0.5174041011952836 
0.3384515786447689 0.5176129660425838 
0.25560674286584295 0.5173097483763044 
0.30240399774890847 0.5173660152482572 
0.25503781736395026 0.517386738142334 
0.24651821097518883 0.5172612253801321 
0.24651821097518883 0.5172612253801321 
0.25074212179596445 0.517168723699395 
0.265506963280184 0.5169984501347716 
0.24701429547943482 0.5171434684237428 
0.253876164070353 0.5172058199323738 
0.265506963280184 0.5169984501347716 
0.24695059351363785 0.5171304740642346 
0.25652482174830415 0.5171644923981588 
0.2550332987641584 0.5171043226290503 
0.2550332987641584 0.5171043226290503 
0.24695059351363785 0.5171304740642346 
0.26148813484175343 0.5169950074372656 
0.26414500539605 0.5170238518094559 
0.2620463050402991 0.5169940252809075 
0.2611767974761145 0.5167094245621835 
0.24600191882374886 0.5171156052691742 
0.24640650910413134 0.5165987503979385 
0.256385266448403 0.5170906043166407 
0.24640650910413134 0.5165987503979385 
0.2611767974761145 0.5167094245621835 
0.26148813484175343 0.5169950074372656 
0.2461039825177095 0.5166853700770508 
0.24899564110299177 0.5169469185403546 
0.24565476696330518 0.5167146934255131 
0.2464115852529246 0.5170390359118379 
0.24854103484985604 0.5170619917942627 
0.24899564110299177 0.5169469185403546 
0.24854103484985604 0.5170619917942627 
0.24694925323424063 0.5169937910171276 
0.25054550995859093 0.5168894307978267 
0.2461039825177095 0.5166853700770508 
0.2464115852529246 0.5170390359118379 
0.24075621768227048 0.5195525818202283 
0.24046027324003316 0.5191997381454775 
0.23014558564834775 0.5248092143076428 
0.23394933784923186 0.5232741651087063 
0.23014558564834775 0.5248092143076428 
0.22653967212046158 0.528294111922561 
0.22396297644209956 0.5316055956207903 
0.22303910589406842 0.5325769148269928 
0.21908207251217082 0.5864208281631555 
0.21602684119360088 0.5914136053199195 
0.2140717874195803 0.6238277360627863 
0.21028338336921915 0.7330639409831377 
