1.0562700820980169 9.603691541063287E-4 
1.0014573878189488 0.011042351538073902 
0.9997624787469409 0.01877782686272177 
0.9995263081147233 0.03191143006904696 
0.9994109523528174 0.03929739419282134 
0.9993962647478314 0.0328816065805017 
0.9993962647478314 0.0328816065805017 
0.9675241242499045 0.07159454160730079 
0.9314676450326332 0.08225907566427983 
0.9224260298191099 0.09030053325577081 
0.9214731240247269 0.10412851972282314 
0.921336971337674 0.10959610522150601 
0.921336971337674 0.10959610522150601 
0.9213131545390144 0.13050885483311014 
0.9213095257206915 0.13287393672274683 
0.9213095257206915 0.13287393672274683 
0.8834059209848513 0.17261814082598717 
0.8445019690003621 0.17550834796978654 
0.8284615712438569 0.18470320496383816 
0.8167434855618619 0.1967085745154396 
0.803088281149259 0.20057507663489274 
0.8017917571921649 0.21057694925350973 
0.8000984836098587 0.22875881537329978 
0.800013662329297 0.23892004052756793 
0.7993976342959643 0.25582855846837 
0.7991948873149951 0.2699642966298391 
0.7990385646484136 0.2842492682108401 
0.7990949472935911 0.29210562964501463 
0.7990385646484136 0.2842492682108401 
0.798957230906923 0.3309924162785546 
0.7988884982074566 0.3375888828693926 
0.7988884982074566 0.3375888828693926 
0.7988740617473548 0.33207342835520837 
0.7988740617473548 0.33207342835520837 
0.7709183313965491 0.40679872366439307 
0.7130767653367663 0.41101603113047747 
0.7130767653367663 0.41101603113047747 
0.6947034937991283 0.4142832826449256 
0.6682613849998488 0.4175239084976627 
0.6402577369223211 0.42082196375058867 
0.6278932444003074 0.427724073723435 
0.6105317028121322 0.43232011740756177 
0.5861945068906654 0.4391062683499192 
0.5759014896854963 0.44162089280437583 
0.5644372749719488 0.4514214521058392 
0.5530342222764578 0.4607655448890595 
0.5422263058404116 0.47161547172969404 
0.5311343929602411 0.4817946171769097 
0.522500512023989 0.49097776128362614 
0.5090353319247979 0.501983489670296 
0.49770954761891467 0.5108617947988022 
0.48656927053473176 0.520025221636488 
0.4790485414943602 0.5292863118975734 
0.46784974970148435 0.539401353969848 
0.4573003732829548 0.5500401441591493 
0.44831295226673773 0.5610979251481989 
0.43512898997876054 0.5709157713216501 
0.4263071885132403 0.5806657802260372 
0.41715045612487195 0.59179375638581 
0.4063357477257263 0.6000452472589114 
0.3956260007457445 0.6106783443814159 
0.38581726252304177 0.6203543773498064 
0.3745277973520013 0.6305120482719141 
0.3636188383551766 0.6401774535451611 
0.35419398914259503 0.6493896882279723 
0.3433711693789923 0.6600209181233171 
0.33434169441361894 0.6690792370608358 
0.3241182316823372 0.6790593932569281 
0.3133474969812365 0.6887076459505748 
0.30387056355742426 0.6989961227009773 
0.2933567592913832 0.7087698354099398 
0.2833602640933405 0.7188186346500065 
0.27302862903105846 0.7287784200852914 
0.2628391658022662 0.7386469162400031 
0.25241063273794045 0.7485233619202738 
0.242225121899822 0.7590431020160512 
0.23233685579607774 0.7688416101746784 
0.22264144202929123 0.7792116190306636 
0.21207633829529232 0.7889376546707737 
0.20216899943015515 0.7992142700638208 
0.1911703858854142 0.8096103681814982 
0.1820442245307623 0.8192585656195915 
0.17195036529301103 0.8290256983321481 
0.161801485021493 0.839339545337474 
0.15118745617931542 0.8496279833529237 
0.14145039820777267 0.8595284648494962 
0.13138765793793375 0.8696545208315027 
0.12154488807279182 0.880078351568197 
0.11110941401821957 0.8903218009978926 
0.10089072535947877 0.9006320459974613 
0.08942951139250362 0.9120051388500472 
0.08043828205225032 0.9223076447436928 
0.0701624636219865 0.9323276164862682 
0.05886526487698238 0.9429742303876396 
0.04793512184531502 0.9544735124302335 
0.03698319779949332 0.965643906859059 
0.028948401519681064 0.9741644065009798 
0.0196750022570315 1.0000141059280514 
0.00413449843552165 1.000030211379919 
3.754012979544701E-4 1.0150395707942976 
