1.0 0.20460842017369452 0.40856413731257246 0.41588649708160574 0.6762603991893286 0.5628342362345408 0.8486688794990818 0.7714209380945578 0.8586040283672678 0.8629366573286175 0.9292376333511065 0.9286729571974308 0.9722010461519602 0.9971417200765383 0.9160498819426769 0.9786889099967713 0.8414660566869938 0.9619050951080717 0.8695707126170152 0.8339780791218631 0.8543093279618696 0.7764787085079405 0.3785368312714935 0.549164417410985 0.05528613422691461 0.4061620027108408 0.24020918086687942 0.17387586363701327 0.14022749865657552 0.0034245342868461023 
1.0 0.17422756712901027 0.3378312165282559 0.38410838586120666 0.5326388319126706 0.7022056706211839 0.6914939589812596 0.7938137916761117 0.7845046295263818 0.8539165263469892 0.9340967470202847 0.8201435551304969 0.9715587441077997 0.9954700917724713 0.9551361755560898 0.9085652488954328 0.9945956758406955 0.8990653320204693 0.9241628447337393 0.844261253399349 0.8273546779554983 0.5991212951473293 0.6501370854184219 0.517709886073228 0.5006406960109637 0.44710929521888587 0.2795909283964198 0.29719843229845044 0.1572547255450606 -0.04904243697143908 
0.997797253501363 0.16670535457384122 0.271281405539543 0.4389331735405288 0.4664196907758086 0.7373257303404206 0.649954430677371 0.6688013402846036 0.7860577209619504 0.8696170519032056 0.9032766204312759 0.9067511632588086 0.968030706255008 0.8317683464513985 0.9987587374719764 0.9733370965031347 0.9866057963801974 0.8345846276936867 0.9264373421347214 0.8821072768464073 0.8299316813466147 0.6117589302532347 0.6967476808357621 0.49679414661497145 0.5222205987295858 0.4880160216565627 0.31661618432027017 0.32916808724892 0.14499079610364216 -0.023619248091986608 
0.9972601937361429 0.16670535457384122 0.271281405539543 0.46639815600602735 0.4589935337012937 0.7138241540733714 0.6307266921893033 0.6729185686995223 0.7860577209619504 0.8696170519032056 0.883711418241615 0.9197928468651542 0.9686105336327134 0.8317683464513985 0.9987587374719764 0.9518840088796694 0.9866057963801974 0.8234631052112904 0.9264373421347214 0.9265388660473179 0.8342115290164566 0.5089602296471544 0.7042251077815769 0.42689749280925793 0.5425084591738053 0.44003379653954755 0.34547393616036537 0.1940906553663715 0.15299430255743332 -0.11595420634761033 
0.9967231339709228 0.10688812874015641 0.25458067951740193 0.4404979478301677 0.4549217127821111 0.7673739420153977 0.6220779208172968 0.6557843867985567 0.7732690075906858 0.8786020371732697 0.8816078113441115 0.9292347175016309 0.9685344735493109 0.8280353902983555 0.999108651175227 0.9406090721927194 0.987648556389706 0.8049166793032976 0.9286110701708636 0.9207870871082511 0.8310848095605243 0.5292480368864396 0.7117025347273915 0.4103972731873946 0.5549240811486028 0.39205157142253244 0.3642583629119669 0.09747386500820857 0.15846631617836768 -0.07001188038487449 
0.9967231339709228 0.10688812874015641 0.25458067951740193 0.42754784374223787 0.4565988808597773 0.7673739420153977 0.6269252367102036 0.655938778562338 0.7732690075906858 0.8526435869948799 0.8884979529548745 0.8603096700113185 0.9685344735493109 0.8280353902983555 0.999108651175227 0.9406090721927194 0.987648556389706 0.8049166793032976 0.92658752470992 0.9145479973478086 0.8390164796593131 0.5635290133324723 0.7117025347273915 0.47004049276091153 0.5509879619138918 0.39205157142253244 0.3642583629119669 0.09747386500820857 0.16149198311709545 -0.02858635287912279 
0.9967231339709228 0.10688812874015641 0.25458067951740193 0.42754784374223787 0.4565988808597773 0.7673739420153977 0.6269252367102036 0.655938778562338 0.7732690075906858 0.8526435869948799 0.8884979529548745 0.8603096700113185 0.9685344735493109 0.8280353902983555 0.999108651175227 0.9406090721927194 0.987648556389706 0.8049166793032976 0.92658752470992 0.9145479973478086 0.8390164796593131 0.5635290133324723 0.7117025347273915 0.47004049276091153 0.5509879619138918 0.39205157142253244 0.3642583629119669 0.09747386500820857 0.16149198311709545 -0.02858635287912279 
0.7232303326735765 0.9304364175630528 1.0 0.9543103528715999 1.0 1.0 0.9438816524213292 0.9529607235681976 0.9550995484749273 0.8528478289142702 0.9198869249540711 0.7009729944992442 0.7474135606272573 0.769668759706656 0.42307938377155463 0.40015406669085785 0.2880480335719115 0.1162440310381585 0.41476891040577946 0.04562095044412631 0.08591415965566501 -0.2406632635805964 -0.32347925121359705 -0.5336431358461629 -0.39615326589563643 -0.6052983363557494 -0.7073866303456876 -0.8012064704301061 -0.9378793315364764 -0.8727547752172419 
0.6658460354609768 0.16466722041665108 0.2787197742766906 0.37462898654866406 0.4919717611679194 0.666466897700351 0.7372092721486054 0.7141202568383113 0.7483945514318824 0.8452223100730996 0.6824370838792878 0.9363911383787049 0.99632876470503 0.9222849027165204 0.9656334564217377 0.9180762985419874 0.9897579298062424 0.8800945513759957 0.9278165683436348 0.8981691468157257 0.8740804420220858 0.7911089000083417 0.6709244400984813 0.5556160846586691 0.4773534503353113 0.4226742413087595 0.32378266633535 0.21593285955696334 0.15228003134649717 0.02844958757538399 
0.6640253311869655 0.14144697607347836 0.2589061933100012 0.4119973220043888 0.45827604893744345 0.716910393826378 0.6594624502375066 0.7058034474434931 0.7837937301994 0.8714779957551277 0.8953880945656376 0.9445186458047155 0.9672987587104973 0.9076213088451275 0.9761132302797929 0.9620621598161847 0.9885228898873941 0.8581665308028458 0.9114684643891381 0.8591001610901401 0.8885955448649638 0.6523345447318052 0.7183040958190385 0.4968535986368974 0.5388304056079269 0.4282479543364495 0.3065428592317765 0.23856711861669 0.17087215824936408 0.0133126462977331 
0.6640253311869655 0.047070902906471576 0.25659570360764117 0.414597739654308 0.45827604893744345 0.7483624135616878 0.6215871414768497 0.7151892368983601 0.7718599995583612 0.8480430345045215 0.8953880945656376 0.9126858791873647 0.975034523711757 0.8152426176902549 0.9987711946001356 0.9620621598161847 0.9885228898873941 0.7863702533953048 0.923941286660819 0.8166178151747323 0.8493926119379893 0.6289909626096513 0.7186824529599475 0.4968535986368974 0.5470518426791808 0.41947495325384043 0.35552584374198526 0.155031394492394 0.15593482334551087 -0.077896881723245 
0.6634983541283388 0.025923174051580768 0.25659570360764117 0.414597739654308 0.45827604893744345 0.7825760431384062 0.6317725526031103 0.6380745385850763 0.7813527177917238 0.82668513681649 0.8953880945656376 0.883937415345935 0.9725539338680459 0.8152426176902549 0.9996927986500339 0.9806569355923418 0.9878542621243995 0.7623321752977443 0.9245639792489764 0.9083089075873662 0.846948149758102 0.6289909626096513 0.7202920246689415 0.5296837123344285 0.5470518426791808 0.4072411396708427 0.35552584374198526 0.08009375597226041 0.1645176500558232 0.01283917462662891 
0.6634983541283388 0.025923174051580768 0.25659570360764117 0.414597739654308 0.45827604893744345 0.7825760431384062 0.6317725526031103 0.6380745385850763 0.7813527177917238 0.82668513681649 0.8953880945656376 0.883937415345935 0.9725539338680459 0.8152426176902549 0.9996927986500339 0.9806569355923418 0.9878542621243995 0.7623321752977443 0.9245639792489764 0.9083089075873662 0.846948149758102 0.6289909626096513 0.7202920246689415 0.5296837123344285 0.5470518426791808 0.4072411396708427 0.35552584374198526 0.08009375597226041 0.1645176500558232 0.01283917462662891 
0.6629713770697122 0.004775445196689959 0.2335945552317908 0.34146465415373217 0.44291058695675206 0.7920818073652611 0.6419579637293709 0.5609598402717925 0.7845169572028446 0.80332273489452 0.8914939819126174 0.8577493107579118 0.9700733440243348 0.6523930560222828 0.9995543255876135 0.9992517113684989 0.9874001298987025 0.7410744778207828 0.9251866718371337 1.0 0.8445036875782146 0.8489700640172412 0.7168020655526636 0.5053337881639252 0.5552252407577709 0.39500732608784495 0.36485058842927115 0.005156117452126834 0.17310047676613555 0.11742599694297884 
0.6629713770697122 0.004775445196689959 0.2335945552317908 0.2553814645652265 0.44291058695675206 0.8167896727151247 0.6419579637293709 0.5609598402717925 0.7845169572028446 0.7959730253811341 0.8914939819126174 0.8551889515045051 0.9700733440243348 0.6523930560222828 0.9958854184191108 0.9992517113684989 0.9874001298987025 0.7410744778207828 0.9251866718371337 1.0 0.8445036875782146 0.8489700640172412 0.7219015963779356 0.5406270835669388 0.5594625196016502 0.39500732608784495 0.3654428139465754 0.005156117452126834 0.17310047676613555 -0.011566293992825494 
0.6629713770697122 0.004775445196689959 0.2335945552317908 0.2553814645652265 0.44291058695675206 0.8167896727151247 0.6419579637293709 0.5609598402717925 0.7845169572028446 0.7959730253811341 0.8914939819126174 0.8551889515045051 0.9700733440243348 0.6523930560222828 0.9958854184191108 0.9992517113684989 0.9874001298987025 0.7410744778207828 0.9251866718371337 1.0 0.8445036875782146 0.8489700640172412 0.7219015963779356 0.5406270835669388 0.5594625196016502 0.39500732608784495 0.3654428139465754 0.005156117452126834 0.17310047676613555 -0.011566293992825494 
0.3915198026026631 0.9414922684263068 0.99884475514882 0.9682825098748294 0.9867737786693682 1.0 0.9508422034632241 0.9240058493908334 1.0 0.8523144700116079 0.9306350473899913 0.7418433910540204 0.8713464135588778 0.5957337848430085 0.5551119408566143 0.3616466371599043 0.2731004979814567 0.13593912845417472 0.4297870646225835 -0.12409399394673812 0.1695305211319908 -0.2610119121165459 -0.3359755160864883 -0.4375164266405726 -0.5677136406152468 -0.634169337158592 -0.6082031717752853 -0.7820001407896822 -0.9888698514245708 -0.8711004194076786 
0.38997388512717135 0.9550572553192499 1.0 0.9471274591286293 0.9943842508353771 1.0 0.9581807582060897 0.9571659711495496 0.9706035402728149 0.8471115511352288 0.9182715521460056 0.7853917178340082 0.7576072181477813 0.6050192507338981 0.4232833432430255 0.36038534287300356 0.2833466634042224 0.15956707316752566 0.19861838251068964 0.043375074919594386 0.08102257646178279 -0.18524154224842512 -0.32397099964213844 -0.43777594201388376 -0.4129007538660185 -0.5178401939041274 -0.6851218395132573 -0.8358320499636285 -0.9338775783095808 -0.8980373958314443 
0.3684082367759723 0.8030160097698946 0.8378522914001714 0.8661216722925636 0.9796968671146085 0.9053639491276072 0.8719599129212605 1.0 0.9364614355737357 0.9967336845550678 0.8908738514291559 0.9217116196933685 0.9725648109476474 0.9140138975408938 0.8675276084166594 0.6332031294790212 0.6581298679563934 0.5287232682219618 0.5349524390354303 0.3264197367837885 0.16357422833889995 0.13509177230269867 0.017476008928260067 -0.026126975658186294 -0.20754063533812633 -0.17055783452038345 -0.39823490002160433 -0.43876460061370065 -0.5048725388644825 -0.6343330769575062 
0.33711684331366876 0.23436505514501854 0.44157627458027615 0.45986072132731365 0.6029990417720074 0.6296967924712598 0.6973377589981635 0.7710211448635294 0.7764091725826561 0.906630437631037 0.8856028480193654 0.9765918102432771 0.9595629937092375 1.0 0.9534552659594502 0.9573778199935425 0.9944622745901162 0.9359231664780494 0.8927592309816168 0.8240368223375854 0.9473999442554256 0.6756781268539592 0.54043711154461 0.5418511467627722 0.42458698351711394 0.2876532733978321 0.25696764920426346 0.10505233120396729 0.19820165992412211 -0.029773320031205183 
0.3317122721525653 0.18935916315138107 0.3199297624180925 0.4042550898814927 0.49003821107992035 0.6456234240877574 0.686681216462345 0.7494863441388335 0.7901774464602563 0.8875145659982985 0.902866351116465 0.9497345073720956 0.9581673348675268 0.9958343939919179 0.9837908085461468 0.9829235093588571 0.9954213253104642 0.9044392051194017 0.8852610087490513 0.8572237919443682 0.8524386394026602 0.7407802681229707 0.6838866932787151 0.5988230789808217 0.5450501164080441 0.40463776117695177 0.32297715932522214 0.2235447531157964 0.16462689378629494 -0.028710008515636588 
0.32938282355315923 0.11622486266002632 0.2151157086946289 0.2985552311094446 0.43715224658537855 0.6671034078822018 0.5796821719070524 0.6518253275150847 0.7503067161713246 0.837228876747951 0.8898337277990123 0.8649626939878152 0.9555722199407423 1.0 0.9911901628990459 0.9687524972917009 0.9969120875343935 0.8016641429583158 0.9187246035608797 0.8999181257749828 0.8625082970324788 0.8004661579665652 0.7204002858108118 0.5915531286798673 0.5753293121986507 0.33137161085971073 0.3666612883441852 0.21995388804654376 0.24059647479616308 0.03590272450298476 
0.32705337495375314 0.04309056216867158 0.2151157086946289 0.07970965125111308 0.38426628209083674 0.6671034078822018 0.5796821719070524 0.5541643108913359 0.7503067161713246 0.7869431874976035 0.8664134436447364 0.7801908806035349 0.9646158279321846 1.0 0.9985895172519451 0.9545814852245447 0.9979256302227724 0.8016641429583158 0.9521881983727081 0.9314798255537464 0.8625082970324788 0.8601520478101596 0.7204002858108118 0.584283178378913 0.6056085079892572 0.32911738567392707 0.4103454173631482 0.1846273010565859 0.24059647479616308 0.03590272450298476 
0.3265968379271254 0.06285976252285927 0.2151157086946289 0.07970965125111308 0.38426628209083674 0.6625295129604497 0.5733822180390584 0.5541643108913359 0.7503067161713246 0.7869431874976035 0.8664134436447364 0.8868500979650591 0.9646158279321846 0.7803863972163623 0.9985895172519451 0.9393000130368268 0.9974484106872219 0.8016641429583158 0.9533225350366359 0.9392724887980504 0.8725857402043373 0.8601520478101596 0.7204002858108118 0.584283178378913 0.6056085079892572 0.32911738567392707 0.4103454173631482 0.09663410211359263 0.24059647479616308 -0.03125443264296779 
0.3261403009004976 0.08262896287704695 0.17866841746996504 0.032191984213109245 0.38426628209083674 0.6874454198053526 0.561862667081924 0.5354378311819001 0.7328742226360125 0.5672499460184042 0.8456381219710902 0.7549425528058129 0.9647566887493588 0.9101102653274076 0.9984873025893997 0.9768305050968116 0.9979256302227724 0.7787653171764487 0.965800238339843 0.9619086641114887 0.8778098567947469 0.8021952818247667 0.7774337768353834 0.5205818648900282 0.6134928296212797 0.3398982970369416 0.43001936323195167 0.0966960845967894 0.2392817911793333 -0.09248161232362567 
0.32522722684724215 0.12216736358542232 0.18522648360129923 0.0440714009726102 0.36846085523589034 0.6727005189220251 0.566317543288206 0.5129393531552118 0.728089778422616 0.5672499460184042 0.8456381219710902 0.7374625972770903 0.9646862583407717 0.7406894556288975 0.9985639635863088 0.9657059951606781 0.9979256302227724 0.7458610058616182 0.9567255450284197 0.9923375026692309 0.8788728106198564 0.7442385158393738 0.7774337768353834 0.5205818648900282 0.6134928296212797 0.3458277982865996 0.44969330910075517 0.04765257439362375 0.24254617059237496 -0.060385528116973064 
0.32522722684724215 0.12216736358542232 0.18522648360129923 0.006417882911616303 0.36846085523589034 0.6754990744419367 0.566317543288206 0.5129393531552118 0.7126231861644337 0.5672499460184042 0.835250461134267 0.7374625972770903 0.9443223435424972 0.7406894556288975 0.9985639635863088 0.9657059951606781 0.9974484106872219 0.7458610058616182 0.9567255450284197 0.9849157466346636 0.8788728106198564 0.7442385158393738 0.7774337768353834 0.5205818648900282 0.6134928296212797 0.33681089754346494 0.44969330910075517 -0.015818869447786682 0.24254617059237496 -0.14359072736625192 
0.3248277569489429 0.11293116600456102 0.18522648360129923 0.006417882911616303 0.36846085523589034 0.6754990744419367 0.5405705908358995 0.5129393531552118 0.7126231861644337 0.44367249768635453 0.835250461134267 0.8004108408805185 0.9581014435936519 0.7406894556288975 0.9984681373401724 0.9712682501287448 0.9974484106872219 0.7458610058616182 0.977143604979122 0.9947922184091467 0.8788728106198564 0.7297493243430256 0.7975887188360573 0.5205818648900282 0.6134928296212797 0.35388281959169854 0.44969330910075517 -0.015818869447786682 0.24254617059237496 -0.14359072736625192 
0.32522722684724215 0.12216736358542232 0.18522648360129923 0.006417882911616303 0.36846085523589034 0.6754990744419367 0.566317543288206 0.5129393531552118 0.7126231861644337 0.5672499460184042 0.835250461134267 0.7374625972770903 0.9443223435424972 0.7406894556288975 0.9985639635863088 0.9657059951606781 0.9974484106872219 0.7458610058616182 0.9567255450284197 0.9849157466346636 0.8788728106198564 0.7442385158393738 0.7774337768353834 0.5205818648900282 0.6134928296212797 0.33681089754346494 0.44969330910075517 -0.015818869447786682 0.24254617059237496 -0.14359072736625192 
0.32454242130730054 0.10985243347760726 0.17611466079513327 -0.03908451634389651 0.3447527149534708 0.7711259169843887 0.5221799105128235 0.5129393531552118 0.6983527049596006 0.40248001490900465 0.835250461134267 0.7374625972770903 0.9647919039536523 0.7406894556288975 0.9984361952581269 0.9712682501287448 0.9979256302227724 0.7458610058616182 0.9839496249626893 0.9980843756673077 0.8952373242072342 0.7297493243430256 0.7774337768353834 0.4568805514011435 0.6213771512533022 0.3664462912683648 0.4644487685023577 -0.055078470603597884 0.24318118277175704 -0.2850581175635413 
0.32454242130730054 0.10985243347760726 0.17611466079513327 -0.05791127537439346 0.3447527149534708 0.7739244725043004 0.5221799105128235 0.5129393531552118 0.6906194088305093 0.40248001490900465 0.8300566307158554 0.7374625972770903 0.954609946554515 0.7406894556288975 0.9984361952581269 0.9712682501287448 0.9976870204549971 0.7458610058616182 0.9839496249626893 0.9906626196327404 0.8952373242072342 0.7469861320348502 0.7774337768353834 0.4568805514011435 0.6213771512533022 0.3619378408967975 0.4644487685023577 -0.055078470603597884 0.24318118277175704 -0.32666071718818074 
0.32454242130730054 0.10985243347760726 0.17611466079513327 -0.05791127537439346 0.3447527149534708 0.7739244725043004 0.5221799105128235 0.5129393531552118 0.6906194088305093 0.40248001490900465 0.8300566307158554 0.7374625972770903 0.954609946554515 0.7406894556288975 0.9984361952581269 0.9712682501287448 0.9976870204549971 0.7458610058616182 0.9839496249626893 0.9906626196327404 0.8952373242072342 0.7469861320348502 0.7774337768353834 0.4568805514011435 0.6213771512533022 0.3619378408967975 0.4644487685023577 -0.055078470603597884 0.24318118277175704 -0.32666071718818074 
0.32454242130730054 0.10985243347760726 0.17611466079513327 -0.05791127537439346 0.3447527149534708 0.7725251947443446 0.5221799105128235 0.5129393531552118 0.6983527049596006 0.40248001490900465 0.8300566307158554 0.7374625972770903 0.954609946554515 0.7406894556288975 0.9984361952581269 0.9712682501287448 0.9979256302227724 0.7458610058616182 0.9839496249626893 0.994373497650024 0.8952373242072342 0.7469861320348502 0.7774337768353834 0.4568805514011435 0.6213771512533022 0.3664462912683648 0.4644487685023577 -0.055078470603597884 0.24318118277175704 -0.2850581175635413 
0.32454242130730054 0.10985243347760726 0.17611466079513327 -0.05791127537439346 0.3447527149534708 0.7725251947443446 0.5221799105128235 0.5129393531552118 0.6983527049596006 0.40248001490900465 0.8300566307158554 0.7374625972770903 0.954609946554515 0.7406894556288975 0.9984361952581269 0.9712682501287448 0.9979256302227724 0.7458610058616182 0.9839496249626893 0.994373497650024 0.8952373242072342 0.7469861320348502 0.7774337768353834 0.4568805514011435 0.6213771512533022 0.3664462912683648 0.4644487685023577 -0.055078470603597884 0.24318118277175704 -0.2850581175635413 
0.077490390416409 1.0 0.9082814280459458 0.9843658531877878 0.859568312347455 0.8372475554485979 0.9184127934309733 0.7960915908917311 0.9840146050178631 0.6353870693709289 0.88847541876382 0.33569741018568156 0.7935600425533369 0.12315891808373103 0.47133964563530617 0.020535465011764092 0.19886955038319998 -0.11039959565042866 0.03219279638859919 -0.3113716106940063 0.029861540037188328 -0.6515590832674125 -0.6704085538224519 -0.6639558529953172 -0.8026111844503511 -0.8695467087637129 -0.6308920393570435 -0.9312328331611153 -0.8382086040732769 -1.0 
0.07232779141810414 0.9938425349460924 0.9424388497584933 0.988120583240499 0.9903402562743384 0.9426269355603676 0.9187375802845366 0.8332136811699477 1.0 0.7082489917017948 0.9046250905220528 0.4399834268423314 0.7812052014717403 0.34224927329493254 0.46290323968894753 0.1419013643746745 0.32450170598681644 -0.04268923692292228 -0.016905370908798886 -0.2793738982259406 0.12644815105275417 -0.4868272677927509 -0.5060678583192992 -0.669588078029626 -0.7627223634512035 -0.7686928316132381 -0.7144950113565598 -0.9307888961168763 -0.8595418270376363 -0.9450967972243375 
0.07232779141810414 0.9938425349460924 0.9424388497584933 0.988120583240499 0.9903402562743384 0.9426269355603676 0.9187375802845366 0.8332136811699477 1.0 0.7082489917017948 0.9046250905220528 0.4399834268423314 0.7812052014717403 0.34224927329493254 0.46290323968894753 0.1419013643746745 0.32450170598681644 -0.04268923692292228 -0.016905370908798886 -0.2793738982259406 0.12644815105275417 -0.4868272677927509 -0.5060678583192992 -0.669588078029626 -0.7627223634512035 -0.7686928316132381 -0.7144950113565598 -0.9307888961168763 -0.8595418270376363 -0.9450967972243375 
0.0707829158772019 1.0 0.9476380464217913 1.0 0.981952968757378 0.9426269355603676 0.9120228358677798 0.8491836269318798 0.9995722387026664 0.7715255557809197 0.9101651763016918 0.4399834268423314 0.7812052014717403 0.34224927329493254 0.46290323968894753 0.12122039185182777 0.33025146387755566 -0.032401498760830656 -0.10035698118512013 -0.285013374089436 0.12099331319029491 -0.5274707015206812 -0.5060678583192992 -0.637393088104414 -0.7513086634763646 -0.7643804670680323 -0.6222206208764767 -0.9453407947215146 -0.8595418270376363 -0.9450967972243375 
0.0682500814830759 1.0 0.9466388251736949 0.9953173160714619 0.981952968757378 0.9321830048001475 0.9082983861062557 0.8723321968801949 0.9995722387026664 0.7715255557809197 0.9127024005963991 0.48934732385172675 0.7922203481036024 0.381279944239775 0.4544531871657113 0.17136663171123828 0.32641058412901824 0.004445645480400856 -0.06373486487834124 -0.2227468866833874 0.12099331319029491 -0.44277587569297444 -0.4272721867838467 -0.6326724379971561 -0.7513086634763646 -0.7490933408326695 -0.6149317902792002 -0.9458366545870883 -0.8933417673840195 -0.9332368422937481 
0.06674459376955975 1.0 1.0 0.9869275914799658 0.9977583956123244 0.957371836443695 0.9396688955608778 0.9165065805130709 0.9832808931860371 0.8025672839398513 0.9468010406344926 0.49808730161608805 0.7202297247355368 0.4057378162469157 0.48930743535009186 0.22494127715865886 0.3321505799480411 0.04502624858781698 -0.039851818372915904 -0.19388189788632143 0.02729943972746296 -0.35855369167424506 -0.35334105399041965 -0.6043510169183098 -0.6928363422261434 -0.7577180699230812 -0.689619968885262 -0.8962972845183489 -0.8200485624463436 -0.9450967972243375 
0.06229338405165308 0.9920161881070881 0.8952760928435826 0.9566379482205463 0.971388993870239 0.9790832957803688 0.9480994144941504 0.860209013501396 0.9991929741687702 0.8517024065942637 0.9048481494240188 0.6703337878042124 0.7033529740998092 0.45874560566922373 0.45094030133093127 0.32293258185762586 0.26768768799436143 0.08919002853384483 0.24285080091784939 -0.12478029248308523 0.20690531286733505 -0.29006261159989727 -0.4388963527307922 -0.5389724553191553 -0.6413873125095723 -0.6664468412972004 -0.6045806662922001 -0.8176666099306487 -0.8864140608218758 -0.9566555735044715 
0.06187365000784782 0.9962579921089587 0.8839634640112712 0.9829131174782898 1.0 0.9779639560632972 0.926589060261339 0.8377721562401524 1.0 0.7638669444019046 0.9562263001042259 0.7801441409819879 0.6932886832286393 0.5232302151348303 0.42354431755294575 0.25892796014408137 0.2622149465217814 0.08560685169523312 0.09021986912044722 -0.09822318761436795 0.09924392142818146 -0.24033467279460155 -0.28703968573842376 -0.5284657565345687 -0.5574439799795987 -0.6184462246556232 -0.592222915533577 -0.8922367902165464 -0.8571383653590088 -0.9376609270603378 
0.05922990011793909 0.9917161049769829 0.9731016017614815 0.937439601647571 0.9105413391466952 0.9255648791319901 0.9808659736071137 0.9485577807671479 1.0 0.7708269641971395 0.9629108262042565 0.6896925232596822 0.5742198187770726 0.58572269157319 0.4909442697760814 0.33103854856774223 0.27113708729645325 0.11998849604000272 0.035317239305267645 -0.08930333724186253 0.03694503335415848 -0.3744339210777916 -0.30502090643770197 -0.45493885203930556 -0.5665680640252955 -0.5062635264017958 -0.692492260779571 -0.8043082275539013 -0.7455313632427473 -1.0 
0.05694350448155551 0.9917161049769829 0.9819011976329716 0.920437487908414 0.9157914961695152 0.9255648791319901 0.9808659736071137 0.9485577807671479 0.9998862380630924 0.8336090120987828 0.9645081868187044 0.737765219027108 0.6582785279954313 0.58572269157319 0.5071346547858386 0.33103854856774223 0.27113708729645325 0.17035123474867708 0.09236520805641923 -0.0071585529010523286 0.03694503335415848 -0.2804953424510574 -0.284564316295776 -0.45493885203930556 -0.5244426700091299 -0.5062635264017958 -0.7047450331326787 -0.7646289086018426 -0.739827650946524 -0.9865281143639866 
0.05237071320878835 0.9558730376890433 0.9995003893759518 0.8864332604301 0.9599658536996772 0.9469791672463814 0.9808659736071137 0.9724295937424603 0.9995964870843851 0.9591731079020696 0.9677029080476003 0.8339106105619596 0.8263959464321486 0.6517574475703484 0.5395154248053531 0.4229114000977755 0.3239692856505153 0.2710767121660258 0.20646114555872241 0.15713101578056807 0.08962330457996037 -0.09261818519758894 -0.24365113601192406 -0.41462468167415717 -0.4401918819767987 -0.4887390785752463 -0.7292505778388939 -0.6852702706977254 -0.7284202263540775 -0.8823593444018435 
0.0481798978880251 0.9018298316856 0.860504039617798 0.866054332269613 0.9622034927829863 0.9719345920785827 0.9808659736071137 0.9746285633237057 0.9896030350877838 0.9427332267162349 0.9579829089228223 0.8820848070985537 0.8948938688150756 0.7768050665917244 0.5374576938022754 0.5359793847161252 0.38081033639557 0.2453788800692751 0.3100750218265833 0.21451586042530216 0.05620042950105551 -0.142331667876707 -0.2590113532259749 -0.2309467620728243 -0.37712612202567997 -0.4521994043524788 -0.5761623931853247 -0.6669025490202287 -0.6731936650952213 -0.7973141467914293 
0.043996409553647156 0.8633379378328605 0.8536915629398276 0.8779172473419504 0.8591940317671363 0.9873990769779862 0.9744809596947537 0.9964074924989413 0.9771725413516609 0.8915205788888546 0.9523843837351107 0.7885063916344637 0.8453746911798411 0.7745193854558877 0.6714324678178528 0.520257920615802 0.5363825478498181 0.40489201722947255 0.36438210391838843 0.24526643461806308 0.15709027500531708 0.010489863523501508 -0.20264228464142303 -0.2452398508219145 -0.2815323717048773 -0.4789650948808344 -0.5436801305923729 -0.7040201210541804 -0.7553197099188707 -0.6577029373447429 
0.04043974877208534 0.9414965487690433 0.8723311578307973 0.951210426324754 1.0 0.9715414278373602 0.9783635227673924 0.9768275329049511 0.9707377855647612 0.9099892734583679 0.973945632595989 0.7978492533491908 0.9365935270126335 0.8302444875272278 0.6822388838630139 0.6496402945830964 0.5300143747411896 0.5107910592775176 0.4601350918157256 0.2580062112120213 0.23329218136912044 -0.04447732306755413 0.002023342687941257 -0.027823231796560592 -0.3231162866888044 -0.34846808909897475 -0.42307420853175554 -0.579653313349868 -0.6449251680351549 -0.6655744603286596 
0.03612235977743883 0.8492790598234813 0.8568134242469664 0.9431082003326187 0.9665150967839822 0.9215807609160807 0.8459817308755286 0.9964074924989413 0.9934517033218795 0.9630594281012843 0.988237329191308 0.8114263173263605 0.9731391429137168 0.8305153115900983 0.8794662725817066 0.6581005141955201 0.5942319521042052 0.576498881662901 0.5098968652428513 0.37002841372660955 0.20717452189932323 0.07570725319199394 0.09265786581677743 -0.08793210803255228 -0.1855969380448424 -0.28443952987694976 -0.28829879597368424 -0.5221447455296966 -0.515091927574725 -0.6539940111518012 
0.031206754538521897 0.6793493405839682 0.7791849830333193 0.8535851897757711 0.8477160278716391 0.9325300242468961 0.803870381380718 1.0 1.0 0.9788943112322852 0.9412934318855607 1.0 0.9719752650830078 0.8955771008252412 0.8337272629624519 0.8238499582730399 0.6688282803976064 0.6414999209589961 0.5580965731981249 0.46473562431122606 0.48600354309713323 0.26930164007488355 0.08195138506206037 0.03306709076115184 -0.03928637686643181 -0.18533362017407998 -0.21859083506469176 -0.3579983718951423 -0.5166746772874741 -0.6294806695673367 
0.028496729086606217 0.6652730404709419 0.7791849830333193 0.821776462306729 0.8312348862410571 0.8830254021616842 0.7991530584780877 0.9649267923290494 1.0 0.9682448559789275 0.9297712904629883 1.0 0.9440591984325821 0.8758838258492836 0.8544142284837517 0.8238499582730399 0.6688282803976064 0.6254068919855766 0.5955597225809487 0.49219122389297204 0.48600354309713323 0.2595885811034498 0.18818204725572638 0.0734377897223601 0.004832212215390777 -0.1468612426005391 -0.18507418745929835 -0.2557330164107261 -0.4681816879849056 -0.511607906237772 
0.026262058619152824 0.6432095593154636 0.7248208584878884 0.7664350233493685 0.8364831370182705 0.9192718381777576 0.8739637092669894 1.0 1.0 0.9573685504799927 0.9117081280297343 0.9902344124532877 0.9401894685845683 0.9260522197507846 0.8606794367026479 0.8220049741093441 0.7854324046002598 0.7447071366672838 0.6133098543024043 0.6287792470138149 0.5222458952670752 0.3188714909908207 0.27088535110733136 0.1709335787334297 0.025292898186081256 -0.0969298798017606 -0.15755304481636312 -0.23593535187813464 -0.4289260047361511 -0.458597100905812 
0.024159350650845606 0.6432095593154636 0.6783081209521287 0.7562455592691251 0.8376019565599251 0.9192718381777576 0.8739637092669894 0.9996397494714351 1.0 0.9491486098870754 0.8991610849922469 1.0 0.9977674827761943 0.9877773566921624 0.8471395473846872 0.878538966418519 0.7919108349872521 0.7318582206189085 0.6651167924363347 0.6287792470138149 0.5055344577276227 0.29639277954442045 0.26320524250030597 0.26277253853409616 0.04260230421028845 -0.07866004269037685 -0.08100895248957851 -0.2267514910393863 -0.4190870057596335 -0.4112075259357279 
0.0213980614962532 0.5231065857857427 0.5926482555872437 0.7916963948692886 0.7929074691385576 0.8869190499657388 0.94917949368047 0.9439718846743602 0.9908574324027755 0.9147371009599854 0.8895295764217246 1.0 0.9763566363628204 0.9630618265115167 0.8518509709918936 0.824581706833895 0.8788958353957169 0.7900107025790426 0.7110472013988474 0.6558188695619401 0.47849213233343557 0.4055278655903614 0.29457417143089304 0.23571290463321692 0.1412403595846568 0.0462260970161594 -0.08695423713039688 -0.20202307867921315 -0.2975794058432165 -0.41528591151690797 
0.018913390390715303 0.4891963480846664 0.594882872461467 0.6940006297860959 0.8481462138558932 0.7955762478291444 0.8327173458095432 0.9098152135763309 0.9731469450364951 0.9384547337106024 0.8895295764217246 1.0 0.9788111111509503 0.9742267817497403 0.8561195094965403 0.8717184628406451 0.8869313857301515 0.7966800879954152 0.7082745245838835 0.6109340812857658 0.5812549982512958 0.5161377980171219 0.363814675692592 0.2917807101894501 0.15289879320800548 0.08377958899880053 -0.07703138224600475 -0.07506326272242311 -0.3069897474732412 -0.33341763019409043 
0.017029597961341954 0.41811163002373236 0.5900445137554103 0.6935482854702297 0.8130313164127823 0.8080499962296793 0.8493024107207147 0.9053709162896166 1.0 0.9306710473736705 0.9337654873287917 0.9751236796281735 0.9663195450858248 0.9673078570360679 0.8433138939826001 0.8849574531637177 0.8788958353957169 0.7713196655166853 0.7672077750068367 0.6377351951646572 0.5850928263832493 0.596862724306725 0.46036182185119007 0.27158364034917604 0.23764594793236113 0.11922915203908963 0.09024819596125948 -0.06583113145384958 -0.19570282296604063 -0.2752556009538596 
0.014908876353283914 0.4286607806855808 0.5184202321914341 0.6673482620830686 0.7588459560510639 0.7589919296940303 0.8246154156215434 0.8651174783807207 0.9235092594484893 0.9218833797479113 0.9303431644777247 0.9959840724380671 0.9753102020978133 0.946343434108285 0.8604900775566874 0.8920211341525455 0.8767946303917187 0.8726351310295668 0.7469971405213812 0.670518781960787 0.6109280586489388 0.4753031959132602 0.379618497603244 0.36765585799003064 0.1946956255805349 0.14010229640729663 0.08415390125777464 -0.056520974959717404 -0.2043524429224508 -0.2901495552777674 
0.013319984145321916 0.3784533531808941 0.45352846402992375 0.6232963652348271 0.6918761496190281 0.7523656014727488 0.8041114619086847 0.8628953297373636 0.9235092594484893 0.9167242024261062 0.9541857871136464 0.9632916114780469 0.9629250872152699 0.9437710894878322 0.8562215390520407 0.8986795976604603 0.8767946303917187 0.8771381142284633 0.7718350877266238 0.6794524865870841 0.650415843103018 0.52401086688427 0.41978922309628186 0.3907957105735348 0.24037040486740688 0.14010229640729663 0.125066921856135 -0.02152199723960338 -0.09037962405200872 -0.25452604046029437 
0.011731091937359918 0.416860353481183 0.4731519591406028 0.6299523469303363 0.6974118301562546 0.7592607689457169 0.8131764808450974 0.9197465262355321 0.9998613506367571 0.9149653947507244 0.9137196491786246 0.974186579761919 0.9580813190229832 0.9610955545278359 0.8591511871085418 0.8933986621565276 0.9329288545899986 0.8844280213990541 0.7718350877266238 0.6912241311096621 0.6318090551659155 0.5167297039027217 0.3800403752446147 0.457783911290029 0.30419934437394924 0.16965869759198424 0.10352928653035762 -4.895048923613254E-4 -0.10394450867336114 -0.24649881339013158 
0.010483960437449143 0.3659591253059642 0.45352846402992375 0.5879192067358034 0.6918761496190281 0.7523656014727488 0.7644111885979141 0.8628953297373636 0.9235092594484893 0.9167242024261062 0.9541857871136464 0.9581549522913149 0.9752699861663633 0.9437710894878322 0.8562215390520407 0.8986795976604603 0.891928955874639 0.8771381142284633 0.7718350877266238 0.7186747935721534 0.650415843103018 0.6186789314432788 0.5188660615439277 0.43428454228377894 0.24037040486740688 0.1837956743647479 0.125066921856135 -0.02152199723960338 -0.0654072841290449 -0.16445978886392218 
0.009236828937538367 0.3594430592180379 0.4891100183129578 0.5965939450850212 0.6255912968276716 0.6550100755021537 0.7452148690000024 0.7993790550407199 0.8557079241981367 0.8868478513399809 0.8998727661044046 0.9857107540646031 1.0 0.9953825553409158 0.9221997708167375 0.9753043223519802 0.9070632813575595 0.8603578736700523 0.8298848912504917 0.7489633959309255 0.7501959950619582 0.6646393250312777 0.5777721744985357 0.45463352141051894 0.34547374474909537 0.22748905232219915 0.15841743393988014 0.046119944420425496 -0.15440776307652315 -0.11001705208502303 
0.008054418956903269 0.3498395624524864 0.5044944816666111 0.5936040671949936 0.6939539546880007 0.6584845312748031 0.7452148690000024 0.8234638962695022 0.9150249618713927 0.8935691673722748 0.9233155361223329 0.9808500440212103 1.0 0.9936083198681493 0.8747482067466472 0.9679156653903549 0.8977125312335839 0.8603578736700523 0.7973131741321382 0.7583945889124437 0.684847872665549 0.6574720913937675 0.593977869671058 0.4720838308411294 0.37029521679753674 0.22748905232219915 0.1675910813392908 0.047347717757487286 -0.09071518012962956 -0.11001705208502303 
0.007051772742737949 0.3339803081936912 0.44488765923460105 0.5436779866663362 0.686441423977689 0.6383782041869795 0.7284486418349162 0.8331191917218168 0.8682177009421159 0.8701187520683789 0.9264685021103934 0.9474107329849066 0.9561458606520791 0.9943508615818537 0.9453502603965329 0.9753043223519802 0.9269448207450965 0.8926997910096357 0.821325978038939 0.795529743284221 0.7297376075554145 0.6485827168741275 0.5948216249537994 0.48272066887948434 0.4645915494646443 0.3296115645286265 0.18047188663287325 0.09964938183996852 -0.07112096835377969 -0.07949842562117383 
0.0060897176789442495 0.3615775572943669 0.39702907232156404 0.501335756002054 0.6416360341393911 0.6642156834444296 0.7326692803139432 0.8185852668341285 0.8482249196374512 0.9161646316670207 0.8921656136042873 0.9690876257374015 0.9533744920258767 0.9974634816330548 0.9569989795069662 0.9645757674777755 0.9370380778674081 0.9303275179955783 0.8639042479735077 0.801702117269208 0.807298108628042 0.6696046238477698 0.5996505370912797 0.5014367553360213 0.46311816241796255 0.2913955780600055 0.16419630795768092 0.08227327021839224 -0.03323774309083423 -0.06963765669221825 
0.005413321539043857 0.30725715117156116 0.42534654577400954 0.52117047373244 0.5710816084960051 0.6492028227291426 0.7562791751884652 0.7970913190894475 0.8085365584021923 0.8695347108464664 0.8844694181674877 0.9693502362954911 0.9424788958615612 0.9966504463176772 0.9955270707340804 0.953683066338733 0.9432574501509889 0.9231734083683145 0.889147598434934 0.8318965455753988 0.7780804604053022 0.6885759552242332 0.6309515717516532 0.5349287008136087 0.4054584120564586 0.3782960267719452 0.21527280311547856 0.12500551598989124 0.013079003817575735 -0.0680669338994856 
0.0045818679134404135 0.3064180162492872 0.3573699921886782 0.46298308585891257 0.5710857028983821 0.6417574190595907 0.7247109152871437 0.7891855584080179 0.8033498621690788 0.8877807852401686 0.882443283108539 0.9748591280008381 0.9496993142824308 0.9984462740825645 0.982166708961536 0.9753822590447375 0.9459243600145615 0.9269185591684642 0.8677893307825072 0.7955768979880896 0.8181026695463364 0.6510166028790796 0.5696693269122746 0.5052685167311379 0.4338423009311485 0.2963253823695592 0.21917976325523333 0.14417502904052648 -0.04754391044992195 -0.07930918612259145 
0.0039906629231228645 0.30161626786651147 0.34521654931175955 0.4530366593956916 0.5784631090393314 0.6568987634772516 0.704206961574285 0.7922820013615348 0.810308837813277 0.8814862245276921 0.8918614829958752 0.9586047682382086 0.9506834676432545 0.9950196939763707 0.9741878682875691 0.9753822590447375 0.9390369559029932 0.937142399923717 0.859574510161641 0.8438071063010849 0.7768685639477116 0.701070815809385 0.5709531903443523 0.5195614701232006 0.5087929417048345 0.35459799711660217 0.19157350863626604 0.11881573737056678 0.08358254545642368 -0.07754470861023084 
0.0034774003661000303 0.27034637925580657 0.3573699921886782 0.4560265372857192 0.5600143418239292 0.6196090714308897 0.7379420294573505 0.7863549774493954 0.7953107577174635 0.9548668327374829 0.8949486830794413 0.9779455118049203 0.9629815668977806 0.9971567908136822 0.9965318609689613 0.9745102247543396 0.967066255144122 0.9269185591684642 0.869261900940715 0.7955768979880896 0.8181026695463364 0.6510166028790796 0.6206851444012822 0.5052685167311379 0.4395440792511856 0.31918322440256996 0.21917976325523333 0.17608842863098997 -0.020414141207217136 -0.05965759698454121 
0.00294969795315488 0.28173674895056033 0.33005144993914004 0.4478716656510447 0.5391104823005297 0.6308567388481642 0.6909560914947124 0.7796968620203211 0.7983099781731937 0.8700159734541562 0.8982347021528401 0.9301372648113634 0.9535437849030574 0.9954497765747448 0.9775058599811548 0.982443560919069 0.9508794359833657 0.9319448525734756 0.8829375187615144 0.8502616817936737 0.80610816758146 0.7077130182403146 0.6371003815729565 0.5320677001902254 0.4579810124438847 0.3929622852269358 0.23339235090698113 0.14101781261956653 0.09849989672301121 -0.061330454422257125 
0.0025189016157348048 0.273134557781213 0.30586545275384946 0.4311830215174446 0.5586345211865734 0.6017069038169187 0.6833648886889698 0.749454492486416 0.7982266044556776 0.8584777102638742 0.892672628394459 0.9868332780545115 0.9468726825369831 0.9894246346294379 1.0 0.9755015794003228 0.9888263696981381 0.9205412323816693 0.8857532800582191 0.8763489776931063 0.7572588130197327 0.7118880008110442 0.6493678914698027 0.5668670501639025 0.5021676294363554 0.36631914196378557 0.2554336046786565 0.14600915988817803 0.08952544199246029 0.008617062479200278 
0.002120604441165462 0.24207460119440577 0.3419083778803942 0.44076850136840007 0.5405803075367983 0.615291363749022 0.6589971206475083 0.7655973966152307 0.8219816770928203 0.858089375745611 0.8787388515269949 0.9727420658855293 0.96541590471035 0.9933008926353544 0.9857708103589429 0.975359093125255 0.9807581807578362 0.8837995176228448 0.9113573590819013 0.8604102894313095 0.8102382028143463 0.7010328712066295 0.6909574846373621 0.5517249460225901 0.47000340951177244 0.3759807512250254 0.2721385229864077 0.15880593909983529 0.10156994843842812 -0.014117104217643978 
0.0017817278284420982 0.2294729938795502 0.35358140550167216 0.4282003429929457 0.5523395492291705 0.5974607238021886 0.7306691899146986 0.7613416775631061 0.8210156861254969 0.8233683784789845 0.9024459502936881 0.9700893477915129 0.9732216671071243 0.9735276867241598 0.9747579284276806 0.9802252840836783 0.9813207461621143 0.9559700770438604 0.9089345068720283 0.8624250645904049 0.8549174904571524 0.7264663541207159 0.6668329997281097 0.5717299600142368 0.47628662111943676 0.37587371209038023 0.28566168427241984 0.19281037217853983 0.10589927355300459 -0.04177048535885158 
0.0014879211127927412 0.19283723935486527 0.3193594015424207 0.40364240651499544 0.5131845979271574 0.6004305758460611 0.6714195592939247 0.7584639604256214 0.8013341685524957 0.8610177585253822 0.9118335402283166 0.9645246797003938 0.9608896928231913 0.9900107418397404 0.9853795709889737 0.9951325207607655 0.9731673401501377 0.932328502444934 0.8753292735461938 0.8948416168484772 0.7919249821743927 0.7240550392603563 0.6142245514509515 0.5653545286694934 0.5019815965168848 0.39668235384201567 0.2575831458077693 0.17820500568381778 0.1225931964150962 -0.013324306975054757 
0.0012283804291793406 0.22369126880995427 0.3494387235926894 0.4179468929547922 0.5044410260249411 0.6187389629665947 0.6651338971727098 0.758688079677037 0.7755655785715808 0.8550094043844735 0.9225554622742458 0.9679168005093064 0.9643214540486266 0.9907219260975899 0.9863979359816115 0.9856194230602733 0.9813864362940645 0.9365302084229541 0.8963012949310337 0.8754044070475168 0.800508028957336 0.7560448136186579 0.6096416378893648 0.5640575279896738 0.4580569125175866 0.39622826450158655 0.2570985424780468 0.16625943445767435 0.10766488660683077 -0.03321092874546429 
0.001016136893825079 0.23845688993479863 0.32671512042954554 0.43221767555466717 0.5184375853878924 0.5829104411110801 0.6585829049309302 0.7599362346979858 0.8057241214905702 0.8583175490631156 0.9032199401612653 0.9641338614289896 0.9727620974220534 0.9933008926353544 0.982424829036122 0.981896635171245 0.9807910258238113 0.9052595553934227 0.8910279724566892 0.8607717119616978 0.8029656208934852 0.7158221009556005 0.6635981143040287 0.5855647500739884 0.48140696615184664 0.37315928248525043 0.29585417994634106 0.1769696132794325 0.1169640194985819 -0.039071660503396 
8.1660592131927E-4 0.22121791526301643 0.31638250631454146 0.406240106697341 0.5107718457699315 0.5983839162573753 0.6663463985754225 0.7555263302437427 0.7656152441607427 0.840278971368311 0.9027317040917797 0.9635924502322688 0.9706337377345154 0.98839947472192 0.9880381993121757 0.9979204723442899 0.9708263073687988 0.9484628388286422 0.8934178130772148 0.870353552579394 0.8001478821267833 0.723177368821509 0.616575917913013 0.5814403034852478 0.462447205138882 0.3929622852269358 0.3083454012822858 0.20433128414299262 0.11867874577904221 -0.009540311452877112 
6.643720970726002E-4 0.2089120314703899 0.2892566830896982 0.41048537558400455 0.4848948020008631 0.6153627758295306 0.6837359418857798 0.7522666405017235 0.8295486602220649 0.8748162873725759 0.8983314736119301 0.9854348544807261 0.9665256011097285 0.9876837752983216 0.9784006123891518 0.9764850857301404 0.9902895857825935 0.9328288137666159 0.9208922364160241 0.872655523691199 0.8239434957239791 0.7364652033846295 0.6188074650125381 0.5666515293493131 0.5092181114338223 0.39920391547134965 0.2999957059644711 0.196581017503931 0.10615284425415643 -0.012641320738483995 
5.274942022513382E-4 0.22306192120356166 0.299034352597193 0.4166847809517544 0.5198774978454851 0.596902203431118 0.7206719492889327 0.7621903938591263 0.75181745232449 0.8693660185825579 0.895081637697174 0.9747859580040948 0.9604746325400462 0.9837476365353477 0.9856700800415363 0.9996258035901094 0.9777115513929853 0.9663663484029457 0.8704698163174223 0.8670415628356389 0.8120229248146258 0.7458565906513889 0.6170854906158136 0.5859973549954158 0.47753275329050654 0.377938173974422 0.29910921224517983 0.18955368059384264 0.09436450988370582 -0.01471001423080685 
4.210156337375472E-4 0.22306192120356166 0.299034352597193 0.41449653458038527 0.5273728612427815 0.5905321654279877 0.7206719492889327 0.7621903938591263 0.8211063080471206 0.8693660185825579 0.8973595944043106 0.9608024574966235 0.9592432879705908 0.9824563972105476 0.9908372020769871 0.9972565870932051 0.978516598075773 0.9678233166972711 0.877659623757153 0.8670415628356389 0.8110648025257337 0.7287884131242586 0.6422555158870141 0.5859973549954158 0.47753275329050654 0.377938173974422 0.29910921224517983 0.18728320217844335 0.10103672760699406 -0.01231082705646434 
3.2728778096422384E-4 0.20824347099253468 0.33889311660063925 0.4051934796890111 0.5798232961663417 0.6130081258527318 0.6710230309353107 0.7537536979765412 0.8280630108714333 0.8648266674365985 0.9003574238957075 0.9621668422262621 0.9790004035974837 0.9886162634964805 0.9897063885479155 1.0 0.9613124168654033 0.9544271674068279 0.8941788121297325 0.8691357239207733 0.8037865473364605 0.7440718432113957 0.6336138838257515 0.5907579478682345 0.5179473559013059 0.40139978577974067 0.3137236227612782 0.20102387734893767 0.10005383424234435 -0.004872444571473828 
2.5117086884088893E-4 0.20526495843634265 0.30111387572315884 0.4151209108082069 0.5270763785347846 0.6067058160375545 0.6835995494127356 0.7543585671574785 0.8081482696048397 0.8735325041016639 0.9000718838683972 0.9677349570018572 0.9693778002464644 0.9849509055598388 0.9694098718023353 0.9987936102997468 0.9733558439581107 0.9525965547239325 0.883907361548971 0.8687286768642883 0.8318753284318996 0.7491121540497816 0.6394698957334706 0.5893676393911467 0.5062638329571744 0.40044701477798894 0.3063105328496918 0.18961722008133625 0.10838428300136826 -0.013115075897890214 
1.9431762199633443E-4 0.20554071745689093 0.3404692252384353 0.4088962353089962 0.4841790498899452 0.6037019209044518 0.6935466504691994 0.7305714559176301 0.8036945345050366 0.8556532483412335 0.9144942892597558 0.9542042505281289 0.9572245712538541 0.9816367960341918 0.9704377489361237 0.9874563910321821 0.9752001419314618 0.9515790256406779 0.8689934061516179 0.8771432717718844 0.8421287813848197 0.7503335692052832 0.6898174713434828 0.604384306244141 0.49574232484315645 0.3994942437762372 0.2823390274270653 0.18757239068440879 0.09481898220609647 -0.020029859140381565 
1.4734069348109713E-4 0.20231915045424603 0.2892566830896982 0.4142637470786549 0.47597290922795277 0.6023972185334514 0.6712612409914365 0.7522666405017235 0.8213609313180024 0.8748162873725759 0.8953290167980278 0.9785785794901374 0.9583321407879252 0.9875833321978582 0.9934515352231436 0.9819647158529095 1.0 0.9300235225011334 0.9008613397680423 0.8725752635211435 0.8311991360098183 0.7440109547725551 0.7020532258079271 0.5701102228577841 0.5108713654113513 0.40246989474600037 0.29937546124612296 0.1925527913102552 0.09903552818495161 -0.007443019325245433 
1.0790951974220202E-4 0.18935916315138107 0.3199297624180925 0.40817532191873046 0.5117332834583875 0.5871010417163848 0.686681216462345 0.7494863441388335 0.7938994400695594 0.8875145659982985 0.9080601815348766 0.9602438999544958 0.9624202789880394 0.9886559898840146 0.9837908085461468 1.0 0.9856075202199157 0.9406356043451481 0.8852610087490513 0.8682173605781562 0.8524386394026602 0.7407802681229707 0.6430445834175442 0.5988230789808217 0.5017682061691866 0.3869949266221949 0.3176157432281336 0.22269077747596278 0.13944621016539543 -0.01032324441935693 
7.776820424406543E-5 0.20231915045424603 0.29401163436220235 0.4142637470786549 0.5336344321343616 0.6023972185334514 0.6674668314499632 0.7530101692391324 0.8182698235994892 0.8861905460879134 0.8978432203468676 0.9813707589373305 0.9617292007486222 0.9882775939116317 0.9962655242256147 0.9926320544948937 1.0 0.9432757714484856 0.9027156076868237 0.8725752635211435 0.8311991360098183 0.7279265500250012 0.6575106257788206 0.5679721478635738 0.503428189656504 0.4019348402628705 0.29937546124612296 0.19380194152306057 0.09903552818495161 -0.011129387390962014 
5.5172643522271054E-5 0.19554275871907173 0.34997912778344353 0.40575355290492976 0.5158679395410191 0.589441473497056 0.6859578313862529 0.7476365316836393 0.8059997872766493 0.8784017657719083 0.9058114922783146 0.9597886094225151 0.9640186911752481 0.980766494372755 0.9760657269410657 0.9940551773059381 0.981314499144794 0.9589199476046593 0.8897755331033629 0.8656416235973732 0.8267884504095722 0.7181647597101752 0.6531086687529948 0.6001081562557202 0.501565481129129 0.3892484991597587 0.30872734408054137 0.20412874361960764 0.1361502957432067 -0.01216453613139425 
3.8213731813307085E-5 0.2036166200197393 0.350753514152409 0.40571853332974495 0.5316214247626498 0.5939657400312939 0.6859578313862529 0.7430751737423968 0.7947639724369852 0.8844980698671209 0.9046277972826703 0.9397679559869145 0.9718981915376759 0.9823684269102385 0.979744115873237 0.9940551773059381 0.9749659373236862 0.9589199476046593 0.9115784385891748 0.8609023244135101 0.8168299647969615 0.6994402763517324 0.666451459279928 0.599897228320192 0.49446518538654516 0.3924930326524718 0.30815629388611276 0.20412874361960764 0.13003090286805266 -0.008316701549205193 
2.4911657509289642E-5 0.20715632402479386 0.34210917336656366 0.4101434609620254 0.5324603357708941 0.6043759545824825 0.6835995494127356 0.754111186574628 0.8223244954406648 0.8762872496835182 0.8972020796634386 0.9574688375271333 0.9703536957044214 0.9853605746322291 0.989968036685411 0.9987936102997468 0.9793005758425566 0.9437694803519361 0.8322235536090852 0.8680477557806152 0.8147250888573325 0.7468604045020243 0.637082471307455 0.5869451318655159 0.49164202590617406 0.39749232886179897 0.3038937216188422 0.20757965007107748 0.10780197642991898 -0.004101633563179389 
1.6026088232644774E-5 0.20841525291352947 0.33333245731093186 0.41141632175105713 0.5367593006744742 0.5819934408909853 0.6520990692387663 0.745063206889867 0.8166861416905932 0.8617156964092527 0.9086338655514162 0.9453148790458303 0.950278658170004 0.9836580859891065 0.9877617718420226 0.9927984182803631 0.9340890803652899 0.9521010350205072 0.8947302458406622 0.8691647369468223 0.8449638744835296 0.7345617366114894 0.6998256427448822 0.60289679347674 0.4883099255196569 0.40065375746016546 0.29117587509072573 0.17649810247687875 0.12210310760722437 -0.00722070465031669 
9.887361740778007E-6 0.19554275871907173 0.3758387085610515 0.4013645522796096 0.5158679395410191 0.5911582607987091 0.668600772434913 0.7380789216252746 0.7928286194715817 0.8784017657719083 0.9058114922783146 0.9492713586676607 0.9703461429587906 0.980766494372755 0.9760657269410657 0.9924544724123046 0.9795391687687506 0.9589199476046593 0.8897755331033629 0.8656416235973732 0.8267884504095722 0.7034906913239122 0.6531086687529948 0.6070580929181083 0.501565481129129 0.3892484991597587 0.31325088490100783 0.2125515143401898 0.1361502957432067 -0.01216453613139425 
5.345162195631572E-6 0.20500124089556077 0.3469614313089022 0.39727833420032743 0.5102266770070153 0.597471655090822 0.7174824676871474 0.7317352539873965 0.8024275232582926 0.8595493660336018 0.9064699758172012 0.9501864096675979 0.960759449482107 0.9843740785915974 0.9885309394140981 0.992428702888758 0.9783232352516531 0.9463061818921488 0.8985877999990406 0.869464807053347 0.8125376524032019 0.7334534627493354 0.652882858363848 0.5907452600765447 0.49496070378783186 0.3851233882254148 0.32967640593402436 0.18422841661659617 0.04890196163957451 -0.0098947920103898 
2.8393182512266994E-6 0.20727818561704814 0.35389210738596133 0.4034041030627792 0.5130822366844322 0.5887041969637052 0.699936623098353 0.738122543393452 0.7954382167562085 0.8649591337073207 0.8781733206770617 0.9534015829981798 0.9919709028426482 0.9875103991921366 0.9635503528663576 0.995476127533635 0.9449167665001994 0.9436305877520619 0.9164267889228555 0.8646466468869312 0.8657209159336204 0.7324992269851954 0.6664514459992238 0.5913975759484988 0.4519225370322463 0.40654585214009004 0.2309926940654759 0.2117928645527417 0.11355377676730569 0.007810355751721364 
1.4254723814579177E-6 0.21017065008658448 0.3793033319975663 0.40575281270100927 0.5045084792879561 0.5929975600589348 0.676515704933093 0.7386388271847545 0.8103341252507006 0.8641936535067529 0.8835397794764414 0.9523542333623729 0.9969367641703291 0.9871624795515901 0.9627397242091791 0.9909522550672701 0.9470459411392746 0.943562132393316 0.9129204449793921 0.8607923494865841 0.8465309786295132 0.739317796397807 0.6377539077705052 0.586306447041899 0.45986297761695255 0.3941380313881199 0.2451908748971929 0.2152842964493259 0.08655454430140336 0.002513247679437343 
6.050463699690846E-7 0.20698699407645274 0.359411484940237 0.40998122446052904 0.5452260521789281 0.5953359635341273 0.6679427291200551 0.7448339134024929 0.8129233965419953 0.8651496880246576 0.8714284028418187 0.9508263241137267 0.9501510478473378 0.9867767670209018 0.9664681454288186 0.9965515909883219 0.9725147392871395 0.9453618829151719 0.8952988277266536 0.8663336211574496 0.798559460776632 0.7349065435724655 0.6313398146765414 0.5873013576059574 0.4730293024697999 0.40367961227055593 0.2686065175164415 0.21168274782073512 0.11291633783838592 0.0047079593934907776 
1.97739992146952E-7 0.20496232836265582 0.3315955631111443 0.4212703613155939 0.5141064065854462 0.5954923204560307 0.6617173391438489 0.7557060613699864 0.7888575059919456 0.867413074295383 0.9242461784266267 0.9490659356086297 0.9438785922984902 0.985594101989803 0.9778754761641693 0.9959583545990741 0.9750431151697453 0.9439955683879316 0.9162468188517326 0.8594059424366641 0.798689857514533 0.7353915998588199 0.6547732214026396 0.5950940742884256 0.40552360085478356 0.4078455439494961 0.24873034165084373 0.2049428751673557 0.12246434941736667 0.003107725488038917 
4.8069012311940896E-8 0.20482939559252855 0.3794930165053436 0.4094424452492599 0.5384498055670415 0.5928984846429489 0.681210876606756 0.7420410819484663 0.7873030111681047 0.8628863017539324 0.850383478496656 0.9515201881574111 0.9466865561338675 0.9890667899452079 0.9706368737524422 0.9932135781703497 0.9829203631002315 0.9470100947251823 0.8831876709903972 0.8725010209119468 0.8309383425340162 0.7424935353831863 0.6239330974044464 0.5860038927263092 0.4733074321149806 0.40156844082909626 0.29025242675886465 0.21339850027466492 0.13189469768375178 -0.003840123702197302 
1.1626511689136002E-8 0.21017065008658448 0.3961551686523878 0.4081015223392394 0.5045084792879561 0.5921391664081082 0.676515704933093 0.742537500278226 0.8157180555089747 0.863428173306185 0.8747060454620187 0.9463371317176213 0.9890700251768402 0.9871624795515901 0.9640134597138124 0.9909522550672701 0.9491751157783498 0.9467493775833331 0.8973029442996723 0.860963621673839 0.8542806306384202 0.739317796397807 0.6377539077705052 0.582831478710705 0.45986297761695255 0.3941380313881199 0.24292910448695967 0.21288164384463643 0.0785336716808669 4.5769996573313603E-4 
0.0 0.20904510164614698 0.3686178270001049 0.4070434168010214 0.41525413870984246 0.5869455185274162 0.7200629902005705 0.7410601532316932 0.7735860515490807 0.8703763105873275 0.9027850607854453 0.9514606650765995 0.8674166949872771 0.9952976963991415 0.9472123425672132 0.9979616599557668 0.9446329708333452 0.9509960690931303 0.9403577703200328 0.862340895083738 0.9757425221665466 0.737701697231472 0.49081729722789225 0.5872067834032113 0.29833443859239056 0.40617400950914295 0.25608234780409933 0.21023505820771932 0.1599499020863121 -0.004310571069552702 
0.0 0.20526035562944595 0.3595063271941257 0.40778159250292484 0.520417951194265 0.5863177922253008 0.681210876606756 0.7420410819484663 0.7731755923428342 0.8644960121482475 0.8062335876254584 0.9474457420406696 0.923293942839566 0.9893771953380048 0.9706368737524422 0.995260868445999 0.9829203631002315 0.9470100947251823 0.8831876709903972 0.872187956870131 0.8309383425340162 0.7402879089705156 0.5973827500874188 0.5860038927263092 0.4733074321149806 0.406608112347158 0.27888120545692663 0.2178854722665838 0.13558641452956013 -0.0027427678451705847 
0.0 0.2194647831429014 0.31107525298247807 0.14734773572929427 0.5069357404477484 0.5945491036495104 0.665328206861122 0.7428799850872545 0.8013108311131143 0.8529579319007168 0.9165714447341156 0.953926882331282 0.9736427005568226 0.9958144388847987 0.9992407091231345 1.0 0.9770866792666542 0.7544113605823 0.9277876028809502 0.8674166163075048 0.7867610541542557 0.7630168475290954 0.6658077030435194 0.5878373030038218 0.4626750110872132 0.33893717266607837 0.29840213181694963 0.18898242432563964 0.12051079100756508 -0.03321092874546429 
