0.4827327672996754 0.698158204052691 0.4985049885982408 0.6394752275158194 0.6167722409005737 0.5944312804866702 0.6183533565571351 0.552343116384785 0.5315878408970542 0.511836592321595 0.4720366801773822 0.4629408479835819 0.4063733528293964 0.4407755905942422 0.4567766346583992 0.4036623972224642 0.44354161751136256 0.3579220469783228 0.37033783653596003 0.3391596707023661 0.38610552798274816 0.31646608656738984 0.08319690677201574 0.29638965308043824 0.2509320470492599 0.27942117635048536 0.5252488558838653 0.2514642286792321 0.20227130128890916 0.2388233523488248 
0.4827327672996754 0.698158204052691 0.6566556687245606 0.6394752275158194 0.6098365205747739 0.5944312804866702 0.46417486559734067 0.553694292746771 0.6167880219876537 0.5065155975689918 0.48140249694819864 0.4695166699319212 0.4098410009596275 0.4319340929402547 0.4589177313222495 0.40139761966873616 0.44354161751136256 0.3579220469783228 0.39449350808383193 0.3519990455376078 0.38726655448735703 0.3222290953415818 0.07936114990802612 0.2974440082259154 0.24190101399064065 0.27942117635048536 0.20766797999366055 0.26907261010989625 0.222525538927789 0.2388233523488248 
0.4827327672996754 0.698158204052691 0.6524261100070009 0.6394752275158194 0.6142491065728761 0.5944312804866702 0.6183533565571351 0.552343116384785 0.6167880219876537 0.5062910229920494 0.48689194422461074 0.47178137498022216 0.4098410009596275 0.4319340929402547 0.4567766346583992 0.40139761966873616 0.23750914986538385 0.3579220469783228 0.39681082649629523 0.3391596707023661 0.38726655448735703 0.3222290953415818 0.08319690677201574 0.2974440082259154 0.24894391707406605 0.27942117635048536 0.1841957419642856 0.26519596125637623 0.222525538927789 0.2388233523488248 
0.48149675292030597 0.6905442661893646 0.6661685001872217 0.6394752275158194 0.5821666821605035 0.5953782484908714 0.6183533565571351 0.5585948307250331 0.5224693310634576 0.5067064934993781 0.5156588973833413 0.47111701055491445 0.48918993600685107 0.4310604417670656 0.45414867956392213 0.40676992692742137 0.43495599814513664 0.3579220469783228 0.3886436060654731 0.33499803775636794 0.3909988730511003 0.3214865858893293 0.31293361501045647 0.30065492994537063 0.2322183196808656 0.28081577834306737 0.34175656020323475 0.25609403982937823 0.2056702795251078 0.2263163485995332 
0.4827327672996754 0.6941528212248418 0.6661685001872217 0.6394752275158194 0.6098365205747739 0.5950932653430312 0.45463023838104183 0.5642061190103917 0.5457045767267357 0.5147668540323687 0.4856282492144519 0.47111701055491445 0.48918993600685107 0.4310604417670656 0.45414867956392213 0.40676992692742137 0.44354161751136256 0.3579220469783228 0.391742860066468 0.3432238581296641 0.3884396917613496 0.3270467917308156 0.30626171590569357 0.29638965308043824 0.2270021581045657 0.26327004401689097 0.5164896366645951 0.25609403982937823 0.2056702795251078 0.23381131252073648 
0.48149675292030597 0.6905442661893646 0.6661685001872217 0.6394752275158194 0.5821666821605035 0.5953782484908714 0.6183533565571351 0.5585948307250331 0.5224693310634576 0.5067064934993781 0.5156588973833413 0.47111701055491445 0.48918993600685107 0.4310604417670656 0.45414867956392213 0.40676992692742137 0.43495599814513664 0.3579220469783228 0.3886436060654731 0.33499803775636794 0.3909988730511003 0.3214865858893293 0.31293361501045647 0.30065492994537063 0.2322183196808656 0.28081577834306737 0.34175656020323475 0.25609403982937823 0.2056702795251078 0.2263163485995332 
0.4762752760294545 0.6940672748738523 0.6783876995706927 0.6394752275158194 0.6085787663865733 0.5925206368903033 0.4496044587022229 0.552343116384785 0.5301402000847508 0.5033652810467782 0.4691155600232092 0.4695166699319212 0.49386572889940916 0.43668231719436507 0.45887801394229966 0.4015585131690651 0.3960363576914296 0.3579220469783228 0.3914617753584954 0.33472942695733804 0.1685918741509672 0.30309032871773933 0.3102567255273524 0.3021884172524689 0.24254059097101696 0.2786272128331636 0.2160386537283708 0.26481165989368416 0.2085218737898479 0.23581376673978593 
0.47805976047644755 0.698158204052691 0.6698227113599812 0.6321983700307544 0.5926323866666325 0.5843837156166767 0.4496044587022229 0.552343116384785 0.5315878408970542 0.5033652810467782 0.4720366801773822 0.46936591647458337 0.4098410009596275 0.4233368739467609 0.2729543713323108 0.3959010756332057 0.44163982157057646 0.3539782203729925 0.3763716379867506 0.34093155539651243 0.3038035925388509 0.3154857003017511 0.31816545297148924 0.2957877715523444 0.2375887263074866 0.27641908406701343 0.2156635270014692 0.2620460850559196 0.22035955604327673 0.2357200271023904 
0.48149675292030597 0.698158204052691 0.6703681113479462 0.6352735985093824 0.5939175646102816 0.5925206368903033 0.4320263222651935 0.552343116384785 0.558687099461599 0.5033652810467782 0.5156588973833413 0.46936591647458337 0.4826473184936554 0.4233368739467609 0.2729543713323108 0.40139761966873616 0.4018558683234122 0.34656654699800066 0.39552465454655644 0.349562931543101 0.3038035925388509 0.30309032871773933 0.31293361501045647 0.2974440082259154 0.2375887263074866 0.2786272128331636 0.3320949817547745 0.26360727049722066 0.22035955604327673 0.22133747972648865 
0.48149675292030597 0.698158204052691 0.6727846320214722 0.6377408247335666 0.626278499553908 0.5839965943460904 0.4320263222651935 0.552343116384785 0.5285572167543634 0.5156879622885897 0.5156588973833413 0.46936591647458337 0.47627825559195147 0.4327499273577973 0.2607662227685953 0.39393275761608887 0.388369940122079 0.36861929793788867 0.3886436060654731 0.34288108565975284 0.29603768074144565 0.3214865858893293 0.31293361501045647 0.2974440082259154 0.2322183196808656 0.27192210725920957 0.22301026523513165 0.26360727049722066 0.22035955604327673 0.22835640977447103 
0.47805976047644755 0.698158204052691 0.6524261100070009 0.634275890519241 0.626278499553908 0.5806609683367814 0.42736725593305674 0.552343116384785 0.5315878408970542 0.5110986612576967 0.48689194422461074 0.47178137498022216 0.4098410009596275 0.4408870656819617 0.46097733520606454 0.3959010756332057 0.6220818566576002 0.349238370429061 0.3763716379867506 0.34288108565975284 0.3038035925388509 0.31266226326693974 0.3193516135432422 0.2974440082259154 0.2375887263074866 0.27192210725920957 0.2198753504945006 0.26519596125637623 0.22035955604327673 0.22835640977447103 
0.4846453607373594 0.6961511217339554 0.664244571527203 0.6394752275158194 0.6030029929407748 0.5843837156166767 0.4496044587022229 0.556599724470975 0.5315878408970542 0.5215165883882015 0.48084326877761946 0.4659162019000524 0.6402707062927665 0.42986337642979255 0.45414867956392213 0.40139761966873616 0.40535485398224924 0.36095434680484406 0.3859734498439469 0.33472942695733804 0.39036953048155176 0.3106363545484398 0.31293361501045647 0.30880483306772855 0.23234765527311738 0.27192210725920957 0.20427166458628532 0.228968296302555 0.21983194515954305 0.24215299441820817 
0.4840237579618596 0.6961511217339554 0.6557527493821157 0.6387743086958471 0.6366801183114138 0.5760151009761797 0.45100523545648996 0.5526342804913726 0.4096509950291506 0.5055820032236296 0.48140249694819864 0.46936591647458337 0.41121182536947865 0.4342406412264109 0.4487384725859731 0.4052095663638412 0.40535485398224924 0.3547629392069715 0.3692943646570144 0.3385998804047515 0.29603768074144565 0.3154857003017511 0.3065354819651768 0.2957877715523444 0.2322183196808656 0.27977675142549985 0.2240069642699895 0.27143789168018095 0.20958961849449007 0.24215299441820817 
0.4774938473823742 0.6961511217339554 0.6557527493821157 0.6444630701160255 0.6098365205747739 0.5950932653430312 0.4513161936298141 0.5642061190103917 0.5131791835891789 0.4974760704598434 0.4856282492144519 0.47111701055491445 0.48918993600685107 0.4342406412264109 0.4487384725859731 0.40139761966873616 0.41642856060997674 0.3579220469783228 0.3692943646570144 0.33472942695733804 0.30387887909445754 0.3164857442642675 0.31293361501045647 0.30880483306772855 0.23064397178752744 0.269164350423583 0.5164896366645951 0.25609403982937823 0.2056702795251078 0.23895511149423754 
0.47476254211623237 0.698158204052691 0.6733638582351749 0.6301976194270298 0.6030029929407748 0.5843837156166767 0.4496044587022229 0.5432465444846293 0.5250636733679619 0.5122115456639424 0.48140249694819864 0.47147060258263906 0.480142676414136 0.4278146671555688 0.26637207503404703 0.40139761966873616 0.388633234518434 0.3513670589297147 0.38290629977194085 0.33472942695733804 0.3038035925388509 0.3149620656254582 0.31293361501045647 0.2956141969367126 0.2375887263074866 0.2786272128331636 0.21438739290956388 0.2683779430641623 0.21529455946767423 0.2357200271023904 
0.4774938473823742 0.6961511217339554 0.6557527493821157 0.6444630701160255 0.6098365205747739 0.5950932653430312 0.4513161936298141 0.5642061190103917 0.5131791835891789 0.4974760704598434 0.4856282492144519 0.47111701055491445 0.48918993600685107 0.4342406412264109 0.4487384725859731 0.40139761966873616 0.41642856060997674 0.3579220469783228 0.3692943646570144 0.33472942695733804 0.30387887909445754 0.3164857442642675 0.31293361501045647 0.30880483306772855 0.23064397178752744 0.269164350423583 0.5164896366645951 0.25609403982937823 0.2056702795251078 0.23895511149423754 
0.47476254211623237 0.698158204052691 0.6783876995706927 0.6394752275158194 0.6030029929407748 0.5843837156166767 0.4496044587022229 0.5432465444846293 0.5315878408970542 0.5122115456639424 0.4720366801773822 0.4695166699319212 0.4098410009596275 0.4278146671555688 0.2729543713323108 0.40139761966873616 0.40535485398224924 0.3579220469783228 0.3859734498439469 0.33472942695733804 0.3038035925388509 0.3222290953415818 0.31293361501045647 0.2974440082259154 0.2375887263074866 0.2786272128331636 0.21438739290956388 0.2683779430641623 0.21339241745872378 0.2357200271023904 
0.4840237579618596 0.8378495008249783 0.6696714966033986 0.6384997739954554 0.6366801183114138 0.5906099875918449 0.4496044587022229 0.5514951965464185 0.5306408068356979 0.499118077938589 0.48140249694819864 0.4693731986118736 0.41121182536947865 0.42295769552695933 0.2785219851094418 0.38495384332293475 0.38865103262346873 0.3506003944824257 0.38520972306164186 0.34842011970315206 0.2999959413411961 0.29699311030313114 0.3016731599390976 0.3060597502834452 0.2513305845380623 0.2831812070803486 0.2240069642699895 0.2663479426467463 0.22665721227670532 0.2357200271023904 
0.4840237579618596 0.6897270872248116 0.6557527493821157 0.6332464467600891 0.6366801183114138 0.5832883156633454 0.5572850936992404 0.5526342804913726 0.5306408068356979 0.5034841580301099 0.4903952611758048 0.4732495111158303 0.41121182536947865 0.4374501568360209 0.44531519778791967 0.3833127123701535 0.38865103262346873 0.3547629392069715 0.3621022962273393 0.3432472910808989 0.2999959413411961 0.3154857003017511 0.3065354819651768 0.2824127721273222 0.24190101399064065 0.2831812070803486 0.2800264512974774 0.2715005901259009 0.22665721227670532 0.24215299441820817 
0.47379467605944237 0.6961511217339554 0.6733638582351749 0.6387743086958471 0.6068250441327105 0.5808579396011789 0.4496044587022229 0.5351775406592578 0.5220998839888702 0.5122115456639424 0.48985403278731965 0.4693731986118736 0.41121182536947865 0.42295769552695933 0.2785219851094418 0.39757210709576674 0.40535485398224924 0.3547629392069715 0.3763716379867506 0.33472942695733804 0.3038035925388509 0.3154857003017511 0.31816545297148924 0.2957877715523444 0.2375887263074866 0.2786272128331636 0.2240069642699895 0.2663479426467463 0.21339241745872378 0.2357200271023904 
0.47379467605944237 0.8308804849843584 0.8541553221989132 0.6387743086958471 0.6068250441327105 0.5993484678297123 0.4366322166599024 0.5432465444846293 0.5220998839888702 0.5069775048036436 0.4896503930756256 0.46936591647458337 0.4826473184936554 0.4278146671555688 0.259133023577152 0.39757210709576674 0.38188200975308273 0.3547629392069715 0.3763716379867506 0.3356120454147587 0.2960027620651749 0.3207394581748244 0.3274070148077315 0.29610605058202444 0.2375887263074866 0.2806082914849403 0.21438739290956388 0.26360727049722066 0.20806821036520357 0.21844213462723544 
0.47476254211623237 0.698158204052691 0.6733638582351749 0.6301976194270298 0.6030029929407748 0.5843837156166767 0.4496044587022229 0.5432465444846293 0.5250636733679619 0.5122115456639424 0.48140249694819864 0.47147060258263906 0.480142676414136 0.4278146671555688 0.26637207503404703 0.40139761966873616 0.388633234518434 0.3513670589297147 0.38290629977194085 0.33472942695733804 0.3038035925388509 0.3149620656254582 0.31293361501045647 0.2956141969367126 0.2375887263074866 0.2786272128331636 0.21438739290956388 0.2683779430641623 0.21529455946767423 0.2357200271023904 
0.47379467605944237 0.549710092733781 0.6783876995706927 0.6465114498401844 0.6030666928044776 0.5843837156166767 0.44445789679846515 0.5526342804913726 0.5306408068356979 0.5071073861374292 0.4903952611758048 0.46941009585355115 0.4025570440952235 0.42295769552695933 0.2785219851094418 0.3833127123701535 0.4091709501766502 0.3547629392069715 0.35815176028075696 0.3432472910808989 0.3038035925388509 0.3154857003017511 0.31293361501045647 0.2844592658274889 0.24889447580050544 0.2831812070803486 0.2791481710608449 0.2683779430641623 0.22665721227670532 0.24215299441820817 
0.48149675292030597 0.698158204052691 0.6727846320214722 0.6377408247335666 0.626278499553908 0.5839965943460904 0.4320263222651935 0.552343116384785 0.5285572167543634 0.5156879622885897 0.5156588973833413 0.46936591647458337 0.47627825559195147 0.4327499273577973 0.2607662227685953 0.39393275761608887 0.388369940122079 0.36861929793788867 0.3886436060654731 0.34288108565975284 0.29603768074144565 0.3214865858893293 0.31293361501045647 0.2974440082259154 0.2322183196808656 0.27192210725920957 0.22301026523513165 0.26360727049722066 0.22035955604327673 0.22835640977447103 
0.47379467605944237 0.549710092733781 0.6783876995706927 0.6465114498401844 0.6030666928044776 0.5843837156166767 0.44445789679846515 0.5526342804913726 0.5306408068356979 0.5071073861374292 0.4903952611758048 0.46941009585355115 0.4025570440952235 0.42295769552695933 0.2785219851094418 0.3833127123701535 0.4091709501766502 0.3547629392069715 0.35815176028075696 0.3432472910808989 0.3038035925388509 0.3154857003017511 0.31293361501045647 0.2844592658274889 0.24889447580050544 0.2831812070803486 0.2791481710608449 0.2683779430641623 0.22665721227670532 0.24215299441820817 
0.4840237579618596 0.6897270872248116 0.6557527493821157 0.6332464467600891 0.6366801183114138 0.5832883156633454 0.5572850936992404 0.5526342804913726 0.5306408068356979 0.5034841580301099 0.4903952611758048 0.4732495111158303 0.41121182536947865 0.4374501568360209 0.44531519778791967 0.3833127123701535 0.38865103262346873 0.3547629392069715 0.3621022962273393 0.3432472910808989 0.2999959413411961 0.3154857003017511 0.3065354819651768 0.2824127721273222 0.24190101399064065 0.2831812070803486 0.2800264512974774 0.2715005901259009 0.22665721227670532 0.24215299441820817 
0.4840237579618596 0.7070243480842557 0.6472021417681607 0.6301976194270298 0.6366801183114138 0.602058216523254 0.6051497309149215 0.5482305728990802 0.5261519315441331 0.5034841580301099 0.4761895632600891 0.482813248042392 0.40889152012563834 0.42385793655852266 0.44531519778791967 0.3749813863310161 0.3920905458624423 0.35551614391619074 0.3532682740284327 0.33472942695733804 0.2999959413411961 0.31440658833939705 0.31365641285977963 0.2824127721273222 0.2909781726355223 0.2831812070803486 0.27688906245824635 0.28128835029528415 0.22665721227670532 0.2326389000209016 
0.48357119856930236 0.6897270872248116 0.6557527493821157 0.6377408247335666 0.6330812186319873 0.602058216523254 0.6051497309149215 0.5484788015987045 0.5316113550906977 0.5034841580301099 0.48172006029976555 0.4732495111158303 0.41121182536947865 0.4374501568360209 0.4478797437482946 0.3749813863310161 0.38865103262346873 0.3547629392069715 0.3532682740284327 0.3356441536530168 0.31034951505246644 0.29699311030313114 0.3065354819651768 0.2824127721273222 0.24190101399064065 0.2858282304015923 0.2800264512974774 0.28128835029528415 0.2289641443381354 0.24215299441820817 
0.48357119856930236 0.6897270872248116 0.6557527493821157 0.6377408247335666 0.6330812186319873 0.602058216523254 0.6051497309149215 0.5484788015987045 0.5316113550906977 0.5034841580301099 0.48172006029976555 0.4732495111158303 0.41121182536947865 0.4374501568360209 0.4478797437482946 0.3749813863310161 0.38865103262346873 0.3547629392069715 0.3532682740284327 0.3356441536530168 0.31034951505246644 0.29699311030313114 0.3065354819651768 0.2824127721273222 0.24190101399064065 0.2858282304015923 0.2800264512974774 0.28128835029528415 0.2289641443381354 0.24215299441820817 
0.47476254211623237 0.7070243480842557 0.6733638582351749 0.6301976194270298 0.6320627029778411 0.5934783416656807 0.4496044587022229 0.5432465444846293 0.5285572167543634 0.5084883448384732 0.48985403278731965 0.4693731986118736 0.41121182536947865 0.42385793655852266 0.2607662227685953 0.3975335797924201 0.383899758734543 0.3547629392069715 0.3763716379867506 0.33472942695733804 0.2988609573309348 0.31636677603021895 0.31365641285977963 0.2956141969367126 0.2322183196808656 0.278506676555381 0.22301026523513165 0.2683779430641623 0.2232344893541514 0.2357200271023904 
0.4793215687771705 0.698158204052691 0.6709556891659116 0.6494160876490527 0.623537041162644 0.6066395064446528 0.6078880314619335 0.5407843749696442 0.5326693810063132 0.4982296968603291 0.48544634772485906 0.47111701055491445 0.48112035148400284 0.43130590895364723 0.4478797437482946 0.4064318092008945 0.39872336814431614 0.411909598760505 0.32714700327939134 0.33497756627189723 0.29151581272521715 0.29699311030313114 0.30641216747765887 0.2680301726867841 0.2540496927598925 0.28393394178707887 0.22711197919406903 0.21453865158198482 0.21529455946767423 0.23195926760953206 
0.4793215687771705 0.698158204052691 0.6709556891659116 0.6494160876490527 0.623537041162644 0.6066395064446528 0.6078880314619335 0.5407843749696442 0.5326693810063132 0.4982296968603291 0.48544634772485906 0.47111701055491445 0.48112035148400284 0.43130590895364723 0.4478797437482946 0.4064318092008945 0.39872336814431614 0.411909598760505 0.32714700327939134 0.33497756627189723 0.29151581272521715 0.29699311030313114 0.30641216747765887 0.2680301726867841 0.2540496927598925 0.28393394178707887 0.22711197919406903 0.21453865158198482 0.21529455946767423 0.23195926760953206 
0.47476254211623237 0.7070243480842557 0.6733638582351749 0.6301976194270298 0.6320627029778411 0.5934783416656807 0.4496044587022229 0.5432465444846293 0.5285572167543634 0.5084883448384732 0.48985403278731965 0.4693731986118736 0.41121182536947865 0.42385793655852266 0.2607662227685953 0.3975335797924201 0.383899758734543 0.3547629392069715 0.3763716379867506 0.33472942695733804 0.2988609573309348 0.31636677603021895 0.31365641285977963 0.2956141969367126 0.2322183196808656 0.278506676555381 0.22301026523513165 0.2683779430641623 0.2232344893541514 0.2357200271023904 
0.4826908659231427 0.6961511217339554 0.6709556891659116 0.6548052651840793 0.6319332960865994 0.5760151009761797 0.6158339419193398 0.5484788015987045 0.5316113550906977 0.5034841580301099 0.48140249694819864 0.4481690533822942 0.42073266249800173 0.4374501568360209 0.4478797437482946 0.41264248993548736 0.39872336814431614 0.411909598760505 0.3532682740284327 0.32806146516817236 0.29151581272521715 0.30286432446315237 0.31242404441378385 0.2824127721273222 0.26326280201522606 0.28393394178707887 0.22897854002075824 0.21453865158198482 0.21529455946767423 0.24215299441820817 
0.45431692698228776 0.6767954741454064 0.6279331921111192 0.6277878239499217 0.6201230918427851 0.5744066809929301 0.5205398633910793 0.5234483161328488 0.4858486884844998 0.48864532759448454 0.43429096653629895 0.4425608010401446 0.4151430532331187 0.4350551591661446 0.4478797437482946 0.38969426212733804 0.34926814504974757 0.32663665814261866 0.3309472942915542 0.3193948619564555 0.3005977064539617 0.29699311030313114 0.31795671982808726 0.2749786901477088 0.20536228807626225 0.27192210725920957 0.26950038066082393 0.2595795517167983 0.22035955604327673 0.2483843856688452 
0.4840237579618596 0.7070243480842557 0.6472021417681607 0.6301976194270298 0.6366801183114138 0.602058216523254 0.6051497309149215 0.5482305728990802 0.5261519315441331 0.5034841580301099 0.4761895632600891 0.482813248042392 0.40889152012563834 0.42385793655852266 0.44531519778791967 0.3749813863310161 0.3920905458624423 0.35551614391619074 0.3532682740284327 0.33472942695733804 0.2999959413411961 0.31440658833939705 0.31365641285977963 0.2824127721273222 0.2909781726355223 0.2831812070803486 0.27688906245824635 0.28128835029528415 0.22665721227670532 0.2326389000209016 
0.4894144650949076 0.698158204052691 0.6644073823873775 0.6341869262757162 0.6048629766063485 0.5840422895500533 0.5572850936992404 0.556138283917929 0.5373243609204256 0.499118077938589 0.4869514824163591 0.4732495111158303 0.4110076115261728 0.4342406412264109 0.4487384725859731 0.3833127123701535 0.38849476052151805 0.3547629392069715 0.3733725856649298 0.3385998804047515 0.3916018271004864 0.30823779159398923 0.3073647429299031 0.3156963058295629 0.24605392089075692 0.2831812070803486 0.23030762587014242 0.2696998650470569 0.22550201760725494 0.20075010831591086 
0.4516764387976039 0.6779474731887024 0.6279331921111192 0.5996649261400012 0.5890170811157999 0.5759628224907903 0.5053784763468834 0.5183692414278557 0.4798277625190903 0.4934277200118967 0.4176714944443117 0.4477044450628713 0.435075808034555 0.4244686485804187 0.3679775143726877 0.32503926379769044 0.34964360563371233 0.31854314047502097 0.32352519391308165 0.32602883296475427 0.27445476899300514 0.28908753298600115 0.2504496417265379 0.25454769257445564 0.25690916333257674 0.22128700108202629 0.26950038066082393 0.2092559299013259 0.16734214472133302 0.24386661780532015 
0.4516764387976039 0.6711208656751952 0.6279331921111192 0.5971596593146035 0.5896441574552455 0.5744066809929301 0.5104517809789424 0.5183692414278557 0.4858486884844998 0.49239316928229915 0.43429096653629895 0.4425608010401446 0.41346551107702423 0.4244686485804187 0.3679775143726877 0.36897503381995994 0.34964360563371233 0.32663665814261866 0.32352519391308165 0.32602883296475427 0.27445476899300514 0.2536608888248687 0.3067359788417189 0.2725281790315718 0.21277587505206683 0.22128700108202629 0.26950038066082393 0.25305457282826677 0.17618075751865 0.2532964117079982 
0.4516764387976039 0.6779474731887024 0.6279331921111192 0.5996649261400012 0.5890170811157999 0.5759628224907903 0.5053784763468834 0.5183692414278557 0.4798277625190903 0.4934277200118967 0.4176714944443117 0.4477044450628713 0.435075808034555 0.4244686485804187 0.3679775143726877 0.32503926379769044 0.34964360563371233 0.31854314047502097 0.32352519391308165 0.32602883296475427 0.27445476899300514 0.28908753298600115 0.2504496417265379 0.25454769257445564 0.25690916333257674 0.22128700108202629 0.26950038066082393 0.2092559299013259 0.16734214472133302 0.24386661780532015 
0.4504281000256985 0.6628605250190875 0.990766842323333 0.5967777499391909 0.600184115024182 0.5769980770684507 0.5207615221252305 0.517975568339148 0.4858486884844998 0.5063269503590019 0.4352095119144607 0.44457272310344165 0.41629909840052737 0.41550752644586003 0.35928702112911914 0.40463102196602474 0.36371723234523456 0.3037663573219146 0.32352519391308165 0.3284108212513266 0.26335750712097206 0.28953930639305964 0.27085345218829043 0.269216352665336 0.2243830242489175 0.2434099707322685 0.22075911089874806 0.20617499650666263 0.16218353391093643 0.21586847847901203 
0.4516764387976039 0.6628605250190875 0.6339672770604126 0.604621821155547 0.600184115024182 0.5513487371427523 0.5236345614454451 0.5163612605502992 0.4858486884844998 0.4963364547155431 0.42745751258054515 0.44650721503325946 0.4151430532331187 0.41550752644586003 0.35928702112911914 0.40463102196602474 0.3660633900039677 0.30105903717247307 0.32352519391308165 0.3385488583081963 0.26335750712097206 0.28953930639305964 0.27085345218829043 0.25455676912147907 0.3047981534174252 0.2434099707322685 0.22169075270836305 0.24552079779107888 0.21781894282548567 0.24643124287953172 
0.4516764387976039 0.6628605250190875 0.6339672770604126 0.604621821155547 0.600184115024182 0.5513487371427523 0.5236345614454451 0.5163612605502992 0.4858486884844998 0.4963364547155431 0.42745751258054515 0.44650721503325946 0.4151430532331187 0.41550752644586003 0.35928702112911914 0.40463102196602474 0.3660633900039677 0.30105903717247307 0.32352519391308165 0.3385488583081963 0.26335750712097206 0.28953930639305964 0.27085345218829043 0.25455676912147907 0.3047981534174252 0.2434099707322685 0.22169075270836305 0.24552079779107888 0.21781894282548567 0.24643124287953172 
0.4504281000256985 0.6728549282595866 0.6332422799475155 0.5982680979113812 0.5729886494096385 0.5795896890397214 0.2707221138281154 0.5176205518101672 0.47863941607290594 0.5002550100515574 0.43331117330374114 0.44786216503057474 0.42085494697516723 0.41550752644586003 0.36071392879586905 0.373469741589254 0.36049225516116995 0.31048288532903584 0.3286906430310992 0.3359565880834268 0.2825157182749176 0.28998169166779086 0.2676786251198937 0.269216352665336 0.21483747284659313 0.23371292231290616 0.22876485185685336 0.2171211146210064 0.22648165479829596 0.2483843856688452 
0.445582655167079 0.6779474731887024 0.6339672770604126 0.5996649261400012 0.6117311547608414 0.5759628224907903 0.5143851604729489 0.5110112362453012 0.4858486884844998 0.4786852967369608 0.4373438569501804 0.4477044450628713 0.4151430532331187 0.4155834752884822 0.3618234575313453 0.40305401450226147 0.3490612791528303 0.31854314047502097 0.3207734637983871 0.32602883296475427 0.2697362155583241 0.29725068347520023 0.24902679951844592 0.25454769257445564 0.25690916333257674 0.2390142240340228 0.18788750362437512 0.2092559299013259 0.16659446086544127 0.23652077417371356 
0.445582655167079 0.6779474731887024 0.6339672770604126 0.5996649261400012 0.6117311547608414 0.5759628224907903 0.5143851604729489 0.5110112362453012 0.4858486884844998 0.4786852967369608 0.4373438569501804 0.4477044450628713 0.4151430532331187 0.4155834752884822 0.3618234575313453 0.40305401450226147 0.3490612791528303 0.31854314047502097 0.3207734637983871 0.32602883296475427 0.2697362155583241 0.29725068347520023 0.24902679951844592 0.25454769257445564 0.25690916333257674 0.2390142240340228 0.18788750362437512 0.2092559299013259 0.16659446086544127 0.23652077417371356 
0.4504281000256985 0.6728549282595866 0.6332422799475155 0.5982680979113812 0.5729886494096385 0.5795896890397214 0.2707221138281154 0.5176205518101672 0.47863941607290594 0.5002550100515574 0.43331117330374114 0.44786216503057474 0.42085494697516723 0.41550752644586003 0.36071392879586905 0.373469741589254 0.36049225516116995 0.31048288532903584 0.3286906430310992 0.3359565880834268 0.2825157182749176 0.28998169166779086 0.2676786251198937 0.269216352665336 0.21483747284659313 0.23371292231290616 0.22876485185685336 0.2171211146210064 0.22648165479829596 0.2483843856688452 
0.4516764387976039 0.658898832418227 0.6339672770604126 0.5991584062535096 0.5908661854015497 0.5769980770684507 0.5236345614454451 0.5150048503725196 0.4858486884844998 0.49239316928229915 0.4621336350076668 0.44650721503325946 0.41629909840052737 0.41550752644586003 0.35928702112911914 0.40463102196602474 0.35871046553684616 0.30997759275985154 0.3271106667778726 0.3385488583081963 0.26611373089890233 0.28953930639305964 0.2777142521914464 0.269216352665336 0.22249275164294824 0.24156946910235014 0.2274985141200458 0.2143451198647316 0.17695765166827435 0.2469324810953232 
0.443666014283795 0.6647140181892381 0.620603915020984 0.5982680979113812 0.5980598746569903 0.5769980770684507 0.5236345614454451 0.5139690449996066 0.4991238747821251 0.4848905389990248 0.4445207359453924 0.4461087858347678 0.41827595139778817 0.41550752644586003 0.3679775143726877 0.3438271399558291 0.3158720291678625 0.31566050302132986 0.3241706898633884 0.3372032895496911 0.2714764061170548 0.28953930639305964 0.2577803117896827 0.26308580294657563 0.2637133512460958 0.24156946910235014 0.22876485185685336 0.24935283284424167 0.18550540686216113 0.25735019342206356 
0.4419335074000158 0.658898832418227 0.6339672770604126 0.5908085465913061 0.6117311547608414 0.5769980770684507 0.534299560353588 0.5148810089316381 0.47509977743106996 0.48986939073341107 0.4800486008696646 0.44132321809263364 0.41827595139778817 0.4155834752884822 0.372837330731486 0.3905115332198192 0.3490612791528303 0.31854314047502097 0.3207734637983871 0.33680840664983996 0.2697362155583241 0.28953930639305964 0.2777142521914464 0.269216352665336 0.22249275164294824 0.24426271871476044 0.22527523585568968 0.2143451198647316 0.15973878494975882 0.23652077417371356 
0.4516764387976039 0.658898832418227 0.6339672770604126 0.5991584062535096 0.5908661854015497 0.5769980770684507 0.5236345614454451 0.5150048503725196 0.4858486884844998 0.49239316928229915 0.4621336350076668 0.44650721503325946 0.41629909840052737 0.41550752644586003 0.35928702112911914 0.40463102196602474 0.35871046553684616 0.30997759275985154 0.3271106667778726 0.3385488583081963 0.26611373089890233 0.28953930639305964 0.2777142521914464 0.269216352665336 0.22249275164294824 0.24156946910235014 0.2274985141200458 0.2143451198647316 0.17695765166827435 0.2469324810953232 
0.44297747880007293 0.663046453330524 0.6302552355038147 0.5936562227840847 0.5852447170701774 0.5645181453651082 0.5236345614454451 0.5187771870252601 0.49325039277910926 0.5070483977703077 0.4099997206053124 0.4477044450628713 0.41907348265040834 0.4173526084023778 0.3541130285177626 0.3428299537530894 0.3547204474481062 0.3107887376620343 0.319876707935654 0.3207237923160579 0.28288898263055823 0.29745559316368964 0.2774645223925259 0.25183446677719856 0.21896485341680216 0.22021019281081594 0.22787111304408977 0.20200129357887156 0.25830177365759643 0.2520458463632058 
0.4419335074000158 0.6647140181892381 0.620603915020984 0.5991584062535096 0.5895439628566144 0.5804239793175313 0.5248475120634908 0.5141218884771763 0.49877931135840115 0.4979118559597529 0.4352095119144607 0.44132321809263364 0.41827595139778817 0.39765341632965423 0.372837330731486 0.373469741589254 0.3161858717690354 0.30997759275985154 0.3176093688921715 0.33680840664983996 0.27298707829223806 0.28953930639305964 0.2577803117896827 0.25705501024650407 0.2684726942892561 0.24426271871476044 0.22527523585568968 0.2328457319518988 0.17695765166827435 0.25735019342206356 
0.445582655167079 0.6551540279758191 0.6365498294212092 0.5982680979113812 0.6051854306522944 0.5769980770684507 0.5244827134679506 0.5110112362453012 0.47726834075361 0.48263780688852836 0.4445207359453924 0.4615840056864009 0.41629909840052737 0.4173526084023778 0.3618234575313453 0.373469741589254 0.36049225516116995 0.31048288532903584 0.3109117975672428 0.33680840664983996 0.2825157182749176 0.28698797915660823 0.2676786251198937 0.25454769257445564 0.21483747284659313 0.23371292231290616 0.22876485185685336 0.2348531167624737 0.16659446086544127 0.25968606229711777 
0.4419335074000158 0.658898832418227 0.6339672770604126 0.5991584062535096 0.5895439628566144 0.5769980770684507 0.5236345614454451 0.5139690449996066 0.4787885941663463 0.4979118559597529 0.4352095119144607 0.4461087858347678 0.41629909840052737 0.4173526084023778 0.372837330731486 0.373469741589254 0.31950551477893185 0.30997759275985154 0.325098510871413 0.33680840664983996 0.27525590883338263 0.28953930639305964 0.2676786251198937 0.24913934414467825 0.22249275164294824 0.24156946910235014 0.16990062533044115 0.20623606818104148 0.17695765166827435 0.2532121107023893 
0.445582655167079 0.6551540279758191 0.6365498294212092 0.5982680979113812 0.6051854306522944 0.5769980770684507 0.5244827134679506 0.5110112362453012 0.47726834075361 0.48263780688852836 0.4445207359453924 0.4615840056864009 0.41629909840052737 0.4173526084023778 0.3618234575313453 0.373469741589254 0.36049225516116995 0.31048288532903584 0.3109117975672428 0.33680840664983996 0.2825157182749176 0.28698797915660823 0.2676786251198937 0.25454769257445564 0.21483747284659313 0.23371292231290616 0.22876485185685336 0.2348531167624737 0.16659446086544127 0.25968606229711777 
0.4516764387976039 0.6501798812334133 0.6366162319121471 0.5982680979113812 0.6033665510707926 0.5574483078577981 0.5270526265589847 0.5110112362453012 0.4858486884844998 0.49239316928229915 0.4621336350076668 0.44650721503325946 0.41629909840052737 0.4173526084023778 0.35928702112911914 0.40463102196602474 0.3679379894467426 0.30105903717247307 0.3109117975672428 0.3313586257696076 0.2825157182749176 0.28953930639305964 0.2676786251198937 0.269216352665336 0.21483747284659313 0.2434099707322685 0.2274985141200458 0.22030011868324081 0.17695765166827435 0.18543944896647369 
0.4419335074000158 0.658898832418227 0.6339672770604126 0.5991584062535096 0.5895439628566144 0.5769980770684507 0.5236345614454451 0.5139690449996066 0.4787885941663463 0.4979118559597529 0.4352095119144607 0.4461087858347678 0.41629909840052737 0.4173526084023778 0.372837330731486 0.373469741589254 0.31950551477893185 0.30997759275985154 0.325098510871413 0.33680840664983996 0.27525590883338263 0.28953930639305964 0.2676786251198937 0.24913934414467825 0.22249275164294824 0.24156946910235014 0.16990062533044115 0.20623606818104148 0.17695765166827435 0.2532121107023893 
0.445582655167079 0.6557900560415029 0.6274758366649575 0.5982680979113812 0.5980598746569903 0.5783531437876971 0.5152885735055075 0.521095651325489 0.47726834075361 0.4848905389990248 0.4445207359453924 0.45443064489060836 0.42368652947917157 0.4218918462635807 0.3683187599574453 0.33959488407546456 0.36049225516116995 0.3072680053166085 0.3241706898633884 0.33288845528838534 0.2714764061170548 0.28795995960493925 0.2625312004201996 0.2556553131834165 0.21483747284659313 0.23371292231290616 0.22876485185685336 0.24552079779107888 0.22648165479829596 0.26624183426144427 
0.443666014283795 0.658898832418227 0.6274758366649575 0.5890198345757053 0.5895541758046934 0.5574483078577981 0.5270526265589847 0.5139690449996066 0.47950169511240537 0.49239316928229915 0.4222767827229743 0.44650721503325946 0.41629909840052737 0.4332730624900659 0.3704910485077529 0.36679273778822824 0.3474540487578444 0.3088024179816438 0.3232059183735429 0.33363727625674106 0.28802846881276556 0.2887965141069752 0.2504408663071398 0.2512125598286499 0.21483747284659313 0.2423565015448641 0.22776677033597706 0.24510617118233005 0.25830177365759643 0.25735019342206356 
0.443666014283795 0.658898832418227 0.6274758366649575 0.5890198345757053 0.5895541758046934 0.5574483078577981 0.5270526265589847 0.5139690449996066 0.47950169511240537 0.49239316928229915 0.4222767827229743 0.44650721503325946 0.41629909840052737 0.4332730624900659 0.3704910485077529 0.36679273778822824 0.3474540487578444 0.3088024179816438 0.3232059183735429 0.33363727625674106 0.28802846881276556 0.2887965141069752 0.2504408663071398 0.2512125598286499 0.21483747284659313 0.2423565015448641 0.22776677033597706 0.24510617118233005 0.25830177365759643 0.25735019342206356 
0.4360181210019603 0.6551540279758191 0.6365498294212092 0.5972450749925373 0.600184115024182 0.5631259756093776 0.5236345614454451 0.5187771870252601 0.47863941607290594 0.49220781769625244 0.43331117330374114 0.4461087858347678 0.42085494697516723 0.4173526084023778 0.3647103222584828 0.3552775528606943 0.3210355364083858 0.31048288532903584 0.319876707935654 0.3406471497094487 0.2825157182749176 0.29745559316368964 0.2676786251198937 0.25454769257445564 0.2608172850832021 0.2434099707322685 0.22169075270836305 0.23829126229510722 0.22648165479829596 0.25735019342206356 
0.44608338588095986 0.6501798812334133 0.6332422799475155 0.5982680979113812 0.5821458991581406 0.5795896890397214 0.5180664688729839 0.5110112362453012 0.47863941607290594 0.4868690594070685 0.43331117330374114 0.43917361581840214 0.42085494697516723 0.41355166094426205 0.3593170122742264 0.41101167276119743 0.3210355364083858 0.30105903717247307 0.3286906430310992 0.3372032895496911 0.2825157182749176 0.28953930639305964 0.2676786251198937 0.27793187456211244 0.2552078610895709 0.23295710241300202 0.22776080437573726 0.21399350561137864 0.22648165479829596 0.25735019342206356 
0.443666014283795 0.6551540279758191 0.6274758366649575 0.5890198345757053 0.5960954722103056 0.5769980770684507 0.5236345614454451 0.5139690449996066 0.48738810825852874 0.5113287099966102 0.4222767827229743 0.4383539233780702 0.42085494697516723 0.4360058151398664 0.3593170122742264 0.36679273778822824 0.3474540487578444 0.31612225958785595 0.32234999298196454 0.3391316648107147 0.2714764061170548 0.2759408842827851 0.2544464997357016 0.2344969570516858 0.22506784355172627 0.23677363898035098 0.22776677033597706 0.24395376436697397 0.1701384716010998 0.25735019342206356 
0.4352146801586471 0.658898832418227 0.6274758366649575 0.5923419150234647 0.5886043292157948 0.5769980770684507 0.5132832292844762 0.5139690449996066 0.49325039277910926 0.49902401323670836 0.4520666656422347 0.44705716840565146 0.41907348265040834 0.4332730624900659 0.3679775143726877 0.36679273778822824 0.3474540487578444 0.3107887376620343 0.32710498829428686 0.3391316648107147 0.2714764061170548 0.27045774137695866 0.2544464997357016 0.2603838265967933 0.25657580949416214 0.22021019281081594 0.22787111304408977 0.24156615758554578 0.25830177365759643 0.2470721512374941 
0.4352146801586471 0.6503654912276476 0.6365498294212092 0.5923419150234647 0.600184115024182 0.5631259756093776 0.5236345614454451 0.5121248552667367 0.4894434227304013 0.49220781769625244 0.45434267251364663 0.45418840213445527 0.42085494697516723 0.4173526084023778 0.3593170122742264 0.3552775528606943 0.3220641899119348 0.3160222738194935 0.32494325364083443 0.3340634224493687 0.2759674849800862 0.20601635416632602 0.26221214904494305 0.24757131555774048 0.26238330137977867 0.25081570265851716 0.23028673443030798 0.23809306260381985 0.22002143931664256 0.2539753637646046 
0.4352146801586471 0.6503654912276476 0.6365498294212092 0.5923419150234647 0.600184115024182 0.5631259756093776 0.5236345614454451 0.5121248552667367 0.4894434227304013 0.49220781769625244 0.45434267251364663 0.45418840213445527 0.42085494697516723 0.4173526084023778 0.3593170122742264 0.3552775528606943 0.3220641899119348 0.3160222738194935 0.32494325364083443 0.3340634224493687 0.2759674849800862 0.20601635416632602 0.26221214904494305 0.24757131555774048 0.26238330137977867 0.25081570265851716 0.23028673443030798 0.23809306260381985 0.22002143931664256 0.2539753637646046 
0.443666014283795 0.6548041078408994 0.6279331921111192 0.644170417686169 0.5821458991581406 0.5804239793175313 0.5236345614454451 0.5052406744678714 0.4894434227304013 0.4944964096120212 0.4445207359453924 0.4461087858347678 0.4101932296427068 0.44352081913529867 0.3593170122742264 0.3418025941169297 0.349989477035662 0.31566050302132986 0.3241706898633884 0.3340901704721165 0.27077485747738717 0.28953930639305964 0.2577803117896827 0.257907071346371 0.25690916333257674 0.23295710241300202 0.22527523585568968 0.23998893915713407 0.15954515776969982 0.25735019342206356 
0.4352146801586471 0.6503654912276476 0.6365498294212092 0.5923419150234647 0.5886043292157948 0.5795896890397214 0.5320620099311986 0.5221880900130448 0.47863941607290594 0.5066900271383973 0.4520666656422347 0.45418840213445527 0.41907348265040834 0.41355166094426205 0.3679775143726877 0.3552775528606943 0.3246996384418091 0.31704109989967705 0.32975809395836597 0.3391316648107147 0.2714764061170548 0.29745559316368964 0.2590168294275855 0.25454769257445564 0.25657580949416214 0.25081570265851716 0.22776080437573726 0.23829126229510722 0.22126638375743224 0.2394324542584516 
0.43759624447135037 0.6548041078408994 0.6251791239284726 0.5991584062535096 0.5980598746569903 0.5795896890397214 0.5236345614454451 0.5226672256140005 0.4894434227304013 0.4971843923356138 0.4445207359453924 0.4461087858347678 0.40818093092140867 0.44352081913529867 0.3593170122742264 0.34871483040099543 0.349989477035662 0.3038678911389091 0.325098510871413 0.3372032895496911 0.27077485747738717 0.28953930639305964 0.26293587571542765 0.25454769257445564 0.25690916333257674 0.23295710241300202 0.21710553674622868 0.23809306260381985 0.15954515776969982 0.2539753637646046 
0.43759624447135037 0.6548041078408994 0.6251791239284726 0.5991584062535096 0.5980598746569903 0.5795896890397214 0.5236345614454451 0.5226672256140005 0.4894434227304013 0.4971843923356138 0.4445207359453924 0.4461087858347678 0.40818093092140867 0.44352081913529867 0.3593170122742264 0.34871483040099543 0.349989477035662 0.3038678911389091 0.325098510871413 0.3372032895496911 0.27077485747738717 0.28953930639305964 0.26293587571542765 0.25454769257445564 0.25690916333257674 0.23295710241300202 0.21710553674622868 0.23809306260381985 0.15954515776969982 0.2539753637646046 
0.4355376875681424 0.5776697321807658 0.6185265856059033 0.5740728398134597 0.5720148507019 0.5737944201239407 0.5410810848757348 0.49785224854871346 0.4834439271977389 0.49057748941540746 0.44708546817212047 0.4445396872152 0.41768118060830395 0.24601795614902888 0.3630861100142229 0.3465616060003246 0.32340049326839865 0.3107887376620343 0.2932025026029963 0.3367172086641909 0.2862236060781285 0.29261946834909736 0.24606117541558492 0.22658318925854443 0.21689549718691487 0.23295710241300202 0.22244285289605095 0.2446138290793076 0.16486374774460524 0.16889952723812945 
0.4342487121708324 0.6466811828712455 0.620970325298599 0.6033100819501864 0.575254780703892 0.5737944201239407 0.5327711399484545 0.49785224854871346 0.4822804534197363 0.4899627481082624 0.4540316165418745 0.3874424357529385 0.3849350804280314 0.40788161918671656 0.3581650664628232 0.34425571666173244 0.3320759393478084 0.39754032257230115 0.33315057281100485 0.34160178179674044 0.29386000240629767 0.29261946834909736 0.2516202105186168 0.22658318925854443 0.21689549718691487 0.22970518723889677 0.22244285289605095 0.2382181548202037 0.18935790119472978 0.17737886223564592 
0.44235942510940046 0.6397252165450402 0.6279331921111192 0.6000996364977803 0.5800510614523546 0.578167950837827 0.5236345614454451 0.5052406744678714 0.48754581903764727 0.49057748941540746 0.45262462557071725 0.4445396872152 0.41497463537696505 0.4471176866282947 0.36151412843908926 0.34112718318301516 0.349989477035662 0.3107887376620343 0.3241706898633884 0.3367172086641909 0.28302261487550423 0.30716039127536265 0.2577803117896827 0.2603838265967933 0.23280606319245867 0.23295710241300202 0.22244285289605095 0.23809306260381985 0.15954515776969982 0.25585550392509154 
0.44235942510940046 0.6397252165450402 0.6279331921111192 0.6000996364977803 0.5800510614523546 0.578167950837827 0.5236345614454451 0.5052406744678714 0.48754581903764727 0.49057748941540746 0.45262462557071725 0.4445396872152 0.41497463537696505 0.4471176866282947 0.36151412843908926 0.34112718318301516 0.349989477035662 0.3107887376620343 0.3241706898633884 0.3367172086641909 0.28302261487550423 0.30716039127536265 0.2577803117896827 0.2603838265967933 0.23280606319245867 0.23295710241300202 0.22244285289605095 0.23809306260381985 0.15954515776969982 0.25585550392509154 
0.4352146801586471 0.6473701778383012 0.620970325298599 0.6000996364977803 0.5820807570423813 0.5737944201239407 0.5348585160226835 0.5008298841528677 0.4894434227304013 0.49553407250010706 0.4540316165418745 0.4412320871136389 0.40818093092140867 0.4038146204474804 0.36151412843908926 0.3470064743615699 0.349989477035662 0.3039906652342103 0.3171045856703168 0.3372032895496911 0.27905303072218285 0.3728946899743366 0.2516202105186168 0.25031185253318894 0.21689549718691487 0.25117508945486994 0.21710553674622868 0.24725877333746904 0.17126102650073888 0.17001372038844798 
0.43375758893811245 0.6466811828712455 0.6373126752698347 0.5991584062535096 0.5843962525873365 0.5673069268858005 0.5236345614454451 0.46894402490067344 0.48738810825852874 0.46388306112349476 0.4314717132925256 0.37992805800442464 0.3948580641714886 0.4441287365312375 0.3646168196975836 0.3459792739415706 0.33567540781550786 0.39754032257230115 0.32549512839365846 0.34160178179674044 0.2897188139196407 0.2845808717494351 0.2601146368648172 0.219472604913458 0.25728174358131023 0.23295710241300202 0.20330350934510985 0.23499553168267526 0.15954515776969982 0.1717410460402858 
0.43309446988922035 0.6504798775967467 0.6213568583500007 0.6000996364977803 0.5843962525873365 0.5462881436913315 0.5334255210929667 0.5052406744678714 0.48738810825852874 0.49057748941540746 0.4513171516597135 0.37992805800442464 0.41497463537696505 0.4471176866282947 0.3585465263890324 0.35503580808450225 0.3494301538964896 0.4016052449208406 0.3241706898633884 0.2539595783617976 0.28302261487550423 0.30716039127536265 0.25390405308150454 0.2535653228210488 0.23280606319245867 0.23295710241300202 0.22062898326630245 0.2411242417715245 0.1868720023612595 0.2539753637646046 
0.4352146801586471 0.6473701778383012 0.620970325298599 0.6000996364977803 0.5820807570423813 0.5737944201239407 0.5348585160226835 0.5008298841528677 0.4894434227304013 0.49553407250010706 0.4540316165418745 0.4412320871136389 0.40818093092140867 0.4038146204474804 0.36151412843908926 0.3470064743615699 0.349989477035662 0.3039906652342103 0.3171045856703168 0.3372032895496911 0.27905303072218285 0.3728946899743366 0.2516202105186168 0.25031185253318894 0.21689549718691487 0.25117508945486994 0.21710553674622868 0.24725877333746904 0.17126102650073888 0.17001372038844798 
0.43309446988922035 0.6504798775967467 0.6213568583500007 0.6000996364977803 0.5843962525873365 0.5462881436913315 0.5334255210929667 0.5052406744678714 0.48738810825852874 0.49057748941540746 0.4513171516597135 0.37992805800442464 0.41497463537696505 0.4471176866282947 0.3585465263890324 0.35503580808450225 0.3494301538964896 0.4016052449208406 0.3241706898633884 0.2539595783617976 0.28302261487550423 0.30716039127536265 0.25390405308150454 0.2535653228210488 0.23280606319245867 0.23295710241300202 0.22062898326630245 0.2411242417715245 0.1868720023612595 0.2539753637646046 
0.425957943850905 0.5799533539600698 0.6189686820966179 0.5650223225468515 0.5774732652961075 0.5526737072758083 0.5078286965066574 0.4686257192700603 0.4834439271977389 0.4404890060886726 0.4408003446543061 0.3780338127579873 0.3837811725874785 0.39329300675715234 0.35338441179292474 0.3550658652523466 0.3141592716885079 0.44709648466094953 0.31036983773076093 0.23841853046943273 0.262000223762259 0.2845808717494351 0.24480638585617293 0.219472604913458 0.25888287581397296 0.19873852349630236 0.20328840428544886 0.24017882907078375 0.1741301435848937 0.2707901628742369 
0.4355376875681424 0.3947653564397242 0.6279331921111192 0.6000996364977803 0.5694402281484386 0.578167950837827 0.5348585160226835 0.5026980516576214 0.4894434227304013 0.5012378669661334 0.43456675700935815 0.4364112026527353 0.40818093092140867 0.40788161918671656 0.36151412843908926 0.34871483040099543 0.349989477035662 0.3039906652342103 0.325098510871413 0.3372032895496911 0.28302261487550423 0.27982331091210183 0.23622037049723096 0.25031185253318894 0.24127883181423218 0.23295710241300202 0.21710553674622868 0.23809306260381985 0.17126102650073888 0.16889952723812945 
0.4355376875681424 0.3947653564397242 0.6279331921111192 0.6000996364977803 0.5694402281484386 0.578167950837827 0.5348585160226835 0.5026980516576214 0.4894434227304013 0.5012378669661334 0.43456675700935815 0.4364112026527353 0.40818093092140867 0.40788161918671656 0.36151412843908926 0.34871483040099543 0.349989477035662 0.3039906652342103 0.325098510871413 0.3372032895496911 0.28302261487550423 0.27982331091210183 0.23622037049723096 0.25031185253318894 0.24127883181423218 0.23295710241300202 0.21710553674622868 0.23809306260381985 0.17126102650073888 0.16889952723812945 
0.42882697047458956 0.7093384526577294 0.6225334221402027 0.568235823896584 0.5596849611844469 0.5838736580230535 0.5334918016694646 0.613378061946278 0.48013120028668643 0.5059384059067061 0.4314717132925256 0.3852518909197418 0.40458662045924904 0.40788161918671656 0.3630861100142229 0.32089283701134647 0.33194394724758625 0.31521963646484075 0.30631952218428465 0.23336075631408654 0.24491661243570859 0.2845808717494351 0.24606117541558492 0.22461244848356218 0.21914640296164098 0.1997039809011363 0.2090157028738645 0.24001844426834495 0.18150515398530317 0.2608477489413146 
0.43094246600349195 0.5721937719202652 0.6189686820966179 0.568235823896584 0.5774732652961075 0.5838736580230535 0.5366778613160751 0.472719397307647 0.48128480209312946 0.5166113888194571 0.4408003446543061 0.3852518909197418 0.4001529364910809 0.40788161918671656 0.3630861100142229 0.32089283701134647 0.3214983088642922 0.3194379947450379 0.30631952218428465 0.23841853046943273 0.28302261487550423 0.13549487959327278 0.24606117541558492 0.24003069132102298 0.21914640296164098 0.19873852349630236 0.20328840428544886 0.24001844426834495 0.18150515398530317 0.17372518234562243 
0.42556112077743335 0.5799533539600698 0.6189686820966179 0.5628052340931248 0.5585774165046554 0.5709060530454548 0.5214620216698003 0.6230476643954687 0.46141982122554065 0.49075361056562705 0.4223308344860832 0.3852518909197418 0.40458662045924904 0.38401860051986497 0.35422960639011813 0.26677789012950653 0.33070400526997445 0.31133227658602153 0.30631952218428465 0.22917187916278942 0.278417155355882 0.2775721737670776 0.23725072070585296 0.23519372310902256 0.2196420876096919 0.19829248862581672 0.2090157028738645 0.24438791746824512 0.18150515398530317 0.25667318692382235 
0.43094246600349195 0.5721937719202652 0.6189686820966179 0.568235823896584 0.5774732652961075 0.5838736580230535 0.5366778613160751 0.472719397307647 0.48128480209312946 0.5166113888194571 0.4408003446543061 0.3852518909197418 0.4001529364910809 0.40788161918671656 0.3630861100142229 0.32089283701134647 0.3214983088642922 0.3194379947450379 0.30631952218428465 0.23841853046943273 0.28302261487550423 0.13549487959327278 0.24606117541558492 0.24003069132102298 0.21914640296164098 0.19873852349630236 0.20328840428544886 0.24001844426834495 0.18150515398530317 0.17372518234562243 
0.42025439580043755 0.5721937719202652 0.6232057228274994 0.5703311918305908 0.5544892027255203 0.5907963037979022 0.5137876538499615 0.41271070003460025 0.4801034326996353 0.5166113888194571 0.4408003446543061 0.3915176216180192 0.3974431703577626 0.4031557615658899 0.36869855425291986 0.32089283701134647 0.3214983088642922 0.3043361947672684 0.30631952218428465 0.31591440624365896 0.262000223762259 0.2803369290355049 0.24606117541558492 0.24003069132102298 0.21914640296164098 0.19873852349630236 0.20328840428544886 0.24001844426834495 0.18150515398530317 0.16895420359215702 
0.42556112077743335 0.5799533539600698 0.6189686820966179 0.5628052340931248 0.5585774165046554 0.5709060530454548 0.5214620216698003 0.6230476643954687 0.46141982122554065 0.49075361056562705 0.4223308344860832 0.3852518909197418 0.40458662045924904 0.38401860051986497 0.35422960639011813 0.26677789012950653 0.33070400526997445 0.31133227658602153 0.30631952218428465 0.22917187916278942 0.278417155355882 0.2775721737670776 0.23725072070585296 0.23519372310902256 0.2196420876096919 0.19829248862581672 0.2090157028738645 0.24438791746824512 0.18150515398530317 0.25667318692382235 
0.42025439580043755 0.5721937719202652 0.6232057228274994 0.5703311918305908 0.5544892027255203 0.5907963037979022 0.5137876538499615 0.41271070003460025 0.4801034326996353 0.5166113888194571 0.4408003446543061 0.3915176216180192 0.3974431703577626 0.4031557615658899 0.36869855425291986 0.32089283701134647 0.3214983088642922 0.3043361947672684 0.30631952218428465 0.31591440624365896 0.262000223762259 0.2803369290355049 0.24606117541558492 0.24003069132102298 0.21914640296164098 0.19873852349630236 0.20328840428544886 0.24001844426834495 0.18150515398530317 0.16895420359215702 
0.42064386981856 0.7320294903635133 0.6137068146442277 0.5682040789480248 0.5772017725780378 0.5604442496205022 0.516032587959606 0.43737461015284246 0.4608117167737842 0.5358970844089002 0.4315754982981455 0.38477227853059387 0.38465007299246146 0.3930491111794554 0.3635905460453952 0.32089283701134647 0.31419855283125864 0.3222151438983021 0.29397401158172193 0.22731641760217947 0.262000223762259 0.2803369290355049 0.24606117541558492 0.24003069132102298 0.2170288235484358 0.19873852349630236 0.20328840428544886 0.24665786911230816 0.18150515398530317 0.27593040137411246 
0.41655533229598773 0.6998786923143508 0.6180894296636215 0.5687109695291931 0.5544892027255203 0.5769980770684507 0.5103671531475047 0.41271070003460025 0.46327359648981026 0.537097596790351 0.4286769488469836 0.38477227853059387 0.39724428059555195 0.40990122275016844 0.3497609225785748 0.3188301418042869 0.3362911852402173 0.3131812894445472 0.2887669818942388 0.31591440624365896 0.262000223762259 0.2803369290355049 0.24048041970476966 0.2602932572987061 0.2170288235484358 0.21444188047759227 0.22740913690262132 0.23340139033903498 0.1741301435848937 0.25820864092951556 
0.41655533229598773 0.6998786923143508 0.6180894296636215 0.5687109695291931 0.5544892027255203 0.5769980770684507 0.5103671531475047 0.41271070003460025 0.46327359648981026 0.537097596790351 0.4286769488469836 0.38477227853059387 0.39724428059555195 0.40990122275016844 0.3497609225785748 0.3188301418042869 0.3362911852402173 0.3131812894445472 0.2887669818942388 0.31591440624365896 0.262000223762259 0.2803369290355049 0.24048041970476966 0.2602932572987061 0.2170288235484358 0.21444188047759227 0.22740913690262132 0.23340139033903498 0.1741301435848937 0.25820864092951556 
0.41822786590154953 0.6998786923143508 0.6180894296636215 0.6538376396137333 0.5596849611844469 0.5769980770684507 0.5103671531475047 0.4188218956140561 0.4592744056603172 0.537097596790351 0.4286769488469836 0.38477227853059387 0.39724428059555195 0.40847519553137907 0.35338441179292474 0.3188301418042869 0.3362911852402173 0.31521963646484075 0.2887669818942388 0.31591440624365896 0.262000223762259 0.2803369290355049 0.24660550787452984 0.25096246169813 0.2170288235484358 0.30781498639102406 0.22233060521867212 0.23940210217998728 0.1741301435848937 0.25820864092951556 
0.42064386981856 0.7093384526577294 0.6225334221402027 0.5725545201235779 0.5596849611844469 0.5604442496205022 0.5195887880773621 0.38812168625333876 0.4608117167737842 0.537097596790351 0.4286769488469836 0.39250465318979555 0.3837811725874785 0.3989911231108137 0.35338441179292474 0.2709182775803621 0.31419855283125864 0.31521963646484075 0.284578498467476 0.22731641760217947 0.262000223762259 0.2803369290355049 0.24371031884370392 0.25096246169813 0.2170288235484358 0.19873852349630236 0.18770028569025368 0.24665786911230816 0.1741301435848937 0.25820864092951556 
0.41246283265171163 0.5768811032933286 0.6189686820966179 0.7445874232687945 0.5564039708482104 0.5827558573179376 0.5112817394064808 0.43737461015284246 0.4592744056603172 0.5166113888194571 0.4286769488469836 0.3838288825485844 0.3837811725874785 0.40788161918671656 0.3565347589784841 0.31889486732638295 0.3214983088642922 0.31521963646484075 0.2984836069782901 0.1876004191911267 0.2458038237447853 0.2803369290355049 0.2423697154771814 0.24470857397003887 0.2170288235484358 0.30781498639102406 0.19518507217834938 0.24001844426834495 0.1741301435848937 0.2704680805460244 
0.4188176087106339 0.5799533539600698 0.6189686820966179 0.5628052340931248 0.5585774165046554 0.5709060530454548 0.5214620216698003 0.4275924617186439 0.46141982122554065 0.49075361056562705 0.4258382190040361 0.39246871992729254 0.38212824360179554 0.20846601078806892 0.35422960639011813 0.26677789012950653 0.33070400526997445 0.3131812894445472 0.29397401158172193 0.22731641760217947 0.27074884226117596 0.2775721737670776 0.24184494587301236 0.07919103366113513 0.2264219284092229 0.19829248862581672 0.2090157028738645 0.2298803022819863 0.17481028280105984 0.25964935901237624 
0.4188176087106339 0.5799533539600698 0.6189686820966179 0.5628052340931248 0.5585774165046554 0.5709060530454548 0.5214620216698003 0.4275924617186439 0.46141982122554065 0.49075361056562705 0.4258382190040361 0.39246871992729254 0.38212824360179554 0.20846601078806892 0.35422960639011813 0.26677789012950653 0.33070400526997445 0.3131812894445472 0.29397401158172193 0.22731641760217947 0.27074884226117596 0.2775721737670776 0.24184494587301236 0.07919103366113513 0.2264219284092229 0.19829248862581672 0.2090157028738645 0.2298803022819863 0.17481028280105984 0.25964935901237624 
0.41246283265171163 0.3741195766120248 0.6155651468214233 0.7445874232687945 0.5564039708482104 0.5550403298455845 0.5112817394064808 0.43737461015284246 0.4649696349103043 0.49151722670730374 0.4315754982981455 0.3852518909197418 0.3837811725874785 0.25943170320380415 0.34514482155091764 0.32144145366276217 0.3194291626164833 0.1765672442656603 0.2919131340033343 0.22731641760217947 0.2495285969050801 0.4009088081050399 0.24184494587301236 0.24470857397003887 0.2267899932614258 0.19960603773122804 0.1962731935898934 0.23392731873502695 0.1741301435848937 0.2673454768907646 
0.41246283265171163 0.37769043023307636 0.6189686820966179 0.7537709504173811 0.5564039708482104 0.5550403298455845 0.5112817394064808 0.4355824133733639 0.4649696349103043 0.49151722670730374 0.4286769488469836 0.39468023438414146 0.3837811725874785 0.2460477703827703 0.35338441179292474 0.2694290426417601 0.3125014254367255 0.16669824816746967 0.2868996712019894 0.6247705926916126 0.262000223762259 0.4009088081050399 0.23919241287872475 0.24558262839997758 0.2226770348582251 0.1827219028779222 0.1962731935898934 0.23392731873502695 0.1741301435848937 0.2673454768907646 
