1.7027091147603182 0.2818350399089325 
1.31372777500067 0.2893739375549889 
1.1374971968571923 0.2980103962325947 
1.270831301369555 0.296919333462688 
1.1605945791217247 0.29929126670861794 
1.1605945791217247 0.29929126670861794 
1.150615754361989 0.308613499308524 
1.1374971968571923 0.2980103962325947 
1.150615754361989 0.308613499308524 
1.1171312848421078 0.3407785916933992 
1.1171312848421078 0.3407785916933992 
1.0853898608048866 0.3617087547001482 
1.0779963124246787 0.3778901268275768 
1.0853898608048866 0.3617087547001482 
1.1035492945157375 0.37235573069235056 
1.1146874968570692 0.3695413012191681 
1.1146874968570692 0.3695413012191681 
1.0992598562761542 0.3984282614972925 
1.101712114034236 0.40933779816652077 
1.0992598562761542 0.3984282614972925 
1.0774275535403552 0.4136666793081031 
1.0779963124246787 0.3778901268275768 
1.0774275535403552 0.4136666793081031 
1.0773984795818874 0.44518856195226136 
1.0697662445888108 0.39585799184358533 
1.0697662445888108 0.39585799184358533 
1.0571209249229927 0.4644465730244852 
1.0797927018813138 0.497088375426062 
1.0705198600879908 0.419432887394488 
1.0606199706262607 0.49189167330125205 
1.0571209249229927 0.4644465730244852 
1.0687369446134147 0.5220873778556909 
1.0606199706262607 0.49189167330125205 
1.0548291698206507 0.5390137901993448 
1.0445540860214673 0.42138790833364315 
1.0445540860214673 0.42138790833364315 
1.0659297791043254 0.5204147349697238 
1.0653398308779565 0.4663542721883325 
1.0659297791043254 0.5204147349697238 
1.0428945603312296 0.5526079273445444 
1.0531487496672385 0.5932768606955676 
1.051234753960517 0.47755018597658927 
1.0462214690572595 0.6294232959972866 
1.0510019836649218 0.7322265751006304 
1.0653398308779565 0.4663542721883325 
1.0510019836649218 0.7322265751006304 
1.0457693901831682 0.7156728197170061 
1.0440761884240726 0.8630445864987669 
1.0457693901831682 0.7156728197170061 
1.059546751352871 0.596179622825439 
1.0428945603312296 0.5526079273445444 
0.6650154500142749 0.9888013810062228 
1.0440761884240726 0.8630445864987669 
0.7316900933201187 0.871706605496929 
0.6966650381193585 0.8556753690749223 
0.705784371176662 0.9737325639457337 
0.6966650381193585 0.8556753690749223 
0.6304404238074325 0.8686330494167771 
0.6987748852091205 0.8620250555783971 
0.7307978677921296 0.9686835461578869 
0.6814798798892795 0.9240354865793284 
0.7316900933201187 0.871706605496929 
0.6304404238074325 0.8686330494167771 
0.6605575086406867 0.9750732163638189 
0.6605575086406867 0.9750732163638189 
0.7110151532379176 0.8646555184525808 
0.6490031208244663 0.851603759814348 
0.6814798798892795 0.9240354865793284 
0.6651376258195185 0.9576750140571195 
0.6816503725015941 1.0187590420568302 
0.6642178185562553 0.8856502065781852 
0.6651376258195185 0.9576750140571195 
0.6436834776001561 1.0493557534711482 
0.6541185338908039 1.0869640768206956 
0.6541185338908039 1.0869640768206956 
0.6436834776001561 1.0493557534711482 
0.6318750223827241 1.1980362022256905 
0.6324006180369912 1.2335899037756186 
0.6324006180369912 1.2335899037756186 
0.5867601929217485 1.285270639246741 
0.589848309985427 1.1994532793756767 
0.592013226994434 0.965752556125228 
0.6184884854206165 1.040520004345741 
0.592013226994434 0.965752556125228 
0.589848309985427 1.1994532793756767 
0.5867601929217485 1.285270639246741 
0.5834800470038051 1.6625915014190231 
0.5834800470038051 1.6625915014190231 
0.5597960477374457 1.8789155223049125 
0.5443082056283174 1.9460704341084345 
0.5483626389627417 1.7534834510059656 
0.5825099989624372 1.9148917661848726 
0.5443082056283174 1.9460704341084345 
0.5175247744470344 1.9141639478563617 
0.5590571486474527 2.253802535476865 
0.5483626389627417 1.7534834510059656 
0.5590571486474527 2.253802535476865 
0.5175247744470344 1.9141639478563617 
0.554459817577377 1.1816808945391397 
0.5518369900891601 1.697229311666084 
