0.9970571116908045 0.2026984157403754 0.31928441765527477 0.3505659878587396 0.9763854753639938 0.518564638957298 0.65994875155016 0.726467124140013 0.7679051266354351 0.8272844083128016 0.88179036589114 0.9684585331521062 0.9933553113859727 0.9622993281503022 0.9893469601058704 0.8131901207743342 0.3311003627526121 0.9753187623495719 0.9492005007690143 0.9006255121831445 0.8128090043010959 0.797727185671984 0.7730220317813068 0.7269631141331776 0.5023748915858318 0.49095658186539326 0.31248027386276306 0.30484151024517014 -0.04903996735483748 0.10499214597281471 
1.0 0.21171004458920747 0.31928441765527477 0.3505659878587396 0.4956697052385449 0.596015639635048 0.6608734080230763 0.7448674164111432 0.7720834348331609 0.7771748393236879 0.88782816161301 0.8781225396189571 0.9581313518531022 0.9569788313769524 0.8877800995828116 0.9403683243437286 0.9743055203678311 0.9679720980746508 0.9492005007690143 0.8134848963899037 0.8128090043010959 0.7992447512815755 0.6611477337726348 0.6398183280027743 0.44004476131049164 0.49095658186539326 0.3457325677468132 0.23324264387165192 0.19172586927103408 0.07385092947939736 
1.0 0.1924807772578586 0.3192055630142868 0.4089640107710601 0.5142637025379272 0.5975778578210716 0.658521226849139 0.7177525199821193 0.7837284602146617 0.8834237470863909 0.8979074127217316 0.8835611499495319 0.9907854835524672 0.8620483868210226 1.0 0.8756653601151816 0.9867623617994911 0.9567279962575331 0.8926466406075688 0.9236367611325086 0.7986064085756968 0.8025134601093843 0.6783365112570673 0.6548389965265128 0.4723099856612313 0.37270005278360946 0.3075973587042841 0.19504190407137303 0.06605393162727169 0.10251675294046864 
1.0 0.1924807772578586 0.3361890765074738 0.4192525822755102 0.505008327784407 0.5654435192777426 0.6157200798670112 0.7083491247434122 0.777469847265079 0.8841291212773553 0.9121333613092104 0.9463479787882486 0.9891803283070721 0.9651652265424139 0.9782633868837599 0.8843307036088612 0.9743055203678311 0.972558091008211 0.9196409154080732 0.8843537228399638 0.8376806807037956 0.8076619401203038 0.6611477337726348 0.6548389965265128 0.44004476131049164 0.5556218196160301 0.3182960158920229 0.16745511299337082 0.07429414958995204 0.09570118025445179 
0.9990916329005518 0.18456244933105886 0.30649701245827077 0.22386224559239642 0.5038915955092654 0.596015639635048 0.6608734080230763 0.7376749597814661 0.7720834348331609 0.7771748393236879 0.9012902929618797 0.8820849994719289 0.9581313518531022 0.9798461557122203 0.9910954683950444 0.9403683243437286 0.9805359005567598 0.9637093545609771 0.9128693920139854 0.8971225534225378 0.8205877435493572 0.8145223370493468 0.7121778931801434 0.6398183280027743 0.5011268856270167 0.47414951218507273 0.33996003686037807 0.1502772619765779 0.07112988536671955 0.07267529566501135 
0.9990916329005518 0.18456244933105886 0.30649701245827077 0.22386224559239642 0.5038915955092654 0.596015639635048 0.6608734080230763 0.7376749597814661 0.7720834348331609 0.7771748393236879 0.9012902929618797 0.8820849994719289 0.9581313518531022 0.9798461557122203 0.9910954683950444 0.9403683243437286 0.9805359005567598 0.9637093545609771 0.9128693920139854 0.8971225534225378 0.8205877435493572 0.8145223370493468 0.7121778931801434 0.6398183280027743 0.5011268856270167 0.47414951218507273 0.33996003686037807 0.1502772619765779 0.07112988536671955 0.07267529566501135 
0.9990916329005518 0.18456244933105886 0.309244004585058 0.3453062565619338 0.5038915955092654 0.596015639635048 0.6608734080230763 0.7026030474999869 0.8000966720655018 0.7646218857890635 0.9114184793503364 0.950619444816825 0.9893909605540719 0.9754182690951085 0.9881184339582748 0.8916029538586787 0.9656089277249117 0.972558091008211 0.9203409450150672 0.7000867644701287 0.8127295479068329 0.8076619401203038 0.7088666594489884 0.6383398305487253 0.4913593492525781 0.47647293727486995 0.33422752457805077 0.1502772619765779 0.07112988536671955 0.11830816076266348 
1.0 0.1924807772578586 0.3192055630142868 0.4089640107710601 0.5142637025379272 0.5975778578210716 0.658521226849139 0.7177525199821193 0.7837284602146617 0.8834237470863909 0.8979074127217316 0.8835611499495319 0.9907854835524672 0.8620483868210226 1.0 0.8756653601151816 0.9867623617994911 0.9567279962575331 0.8926466406075688 0.9236367611325086 0.7986064085756968 0.8025134601093843 0.6783365112570673 0.6548389965265128 0.4723099856612313 0.37270005278360946 0.3075973587042841 0.19504190407137303 0.06605393162727169 0.10251675294046864 
0.9990916329005518 0.18456244933105886 0.309244004585058 0.3453062565619338 0.5038915955092654 0.596015639635048 0.6608734080230763 0.7026030474999869 0.8000966720655018 0.7646218857890635 0.9114184793503364 0.950619444816825 0.9893909605540719 0.9754182690951085 0.9881184339582748 0.8916029538586787 0.9656089277249117 0.972558091008211 0.9203409450150672 0.7000867644701287 0.8127295479068329 0.8076619401203038 0.7088666594489884 0.6383398305487253 0.4913593492525781 0.47647293727486995 0.33422752457805077 0.1502772619765779 0.07112988536671955 0.11830816076266348 
1.0 0.08030311036250704 0.3192055630142868 0.4067788329054009 0.5121404641477674 0.5654435192777426 0.6623869172520851 0.7376749597814661 0.7878922889632043 0.8834237470863909 0.904811100947356 0.886980264040478 1.0 0.9618601668887184 1.0 0.8663959983074826 0.9867623617994911 0.9604082735967041 0.8926466406075688 0.8843537228399638 0.8046165751032721 0.6351977209794821 0.6783365112570673 0.6548389965265128 0.4723099856612313 0.12810615446932497 0.3233038412033761 0.18797355417118222 0.07939884413285385 0.08654352173704989 
1.0 0.08030311036250704 0.3192055630142868 0.4067788329054009 0.5121404641477674 0.5654435192777426 0.6623869172520851 0.7376749597814661 0.7878922889632043 0.8834237470863909 0.904811100947356 0.886980264040478 1.0 0.9618601668887184 1.0 0.8663959983074826 0.9867623617994911 0.9604082735967041 0.8926466406075688 0.8843537228399638 0.8046165751032721 0.6351977209794821 0.6783365112570673 0.6548389965265128 0.4723099856612313 0.12810615446932497 0.3233038412033761 0.18797355417118222 0.07939884413285385 0.08654352173704989 
1.0 0.07542386543680389 0.30472117384624214 0.3167428150577888 0.4966396091489051 0.5702317364704758 0.6631235222960254 0.7206448663701768 0.8067623189607607 0.8892258885001659 0.9030370359431943 0.8669513261198426 1.0 0.9990446732181282 0.9759066645232416 0.8131901207743342 0.9867623617994911 0.9583891954639259 0.931171083530854 0.9602051901562485 0.8070669895052357 0.6351977209794821 0.6747644196521724 0.6638871706785963 0.4723099856612313 0.14005672274132075 0.3233038412033761 0.16587700169521655 0.08554717252641474 0.10912910613070234 
1.0 0.21617649085504814 0.29701563908900586 0.3169574339025527 0.5046192951692088 0.5861732871749458 0.6595123565046989 0.7206448663701768 0.7970527766490937 0.7761652091094684 0.9004334778115123 0.8719732691003266 0.9669102827628748 0.9690043669610463 0.9901111257770836 0.855343672073091 0.969638268277904 0.9648496342473318 0.9197026928755877 0.8173016483407672 0.8237105315402516 0.9961638442781819 0.6747241496050637 0.7000424693099955 0.5082879658319307 0.6774001145801689 0.329455141170812 0.16878780362659443 0.09014714197979105 0.10683325171849975 
1.0 0.07542386543680389 0.30472117384624214 0.3167428150577888 0.4966396091489051 0.5702317364704758 0.6631235222960254 0.7206448663701768 0.8067623189607607 0.8892258885001659 0.9030370359431943 0.8669513261198426 1.0 0.9990446732181282 0.9759066645232416 0.8131901207743342 0.9867623617994911 0.9583891954639259 0.931171083530854 0.9602051901562485 0.8070669895052357 0.6351977209794821 0.6747644196521724 0.6638871706785963 0.4723099856612313 0.14005672274132075 0.3233038412033761 0.16587700169521655 0.08554717252641474 0.10912910613070234 
1.0 0.07542386543680389 0.30472117384624214 0.3167428150577888 0.5121404641477674 0.513365099431058 0.65994875155016 0.7397524949662405 0.7848112526788242 0.7771748393236879 0.8996466610341708 0.8797544388497771 0.9887164441939348 0.9990446732181282 0.9759066645232416 0.8131901207743342 0.9775750870794763 0.9648496342473318 0.9203409450150672 0.9602051901562485 0.8070669895052357 0.6216049836348032 0.6790041800938336 0.5807403760353789 0.5064663779907712 0.14524712299274212 0.3256205617805864 0.16289314888785336 0.07939884413285385 0.16362785886810224 
1.0 0.07144728046152374 0.30472117384624214 0.311784909268783 0.5207777019433744 0.5654435192777426 0.6758437679773327 0.7392155182835914 0.7848112526788242 0.7771748393236879 0.904811100947356 0.886980264040478 0.9919376045027253 0.9618601668887184 1.0 0.8663959983074826 0.9867623617994911 0.9604082735967041 0.8926466406075688 0.8857861464543045 0.8070669895052357 0.6351977209794821 0.6776459543368676 0.817891737013245 0.5064663779907712 0.14524712299274212 0.3219736305119853 0.18797355417118222 0.07939884413285385 -0.011688897962492728 
1.0 0.07144728046152374 0.30472117384624214 0.311784909268783 0.5207777019433744 0.5654435192777426 0.6758437679773327 0.7392155182835914 0.7848112526788242 0.7771748393236879 0.904811100947356 0.886980264040478 0.9919376045027253 0.9618601668887184 1.0 0.8663959983074826 0.9867623617994911 0.9604082735967041 0.8926466406075688 0.8857861464543045 0.8070669895052357 0.6351977209794821 0.6776459543368676 0.817891737013245 0.5064663779907712 0.14524712299274212 0.3219736305119853 0.18797355417118222 0.07939884413285385 -0.011688897962492728 
1.0 0.07542386543680389 0.30438653626167017 0.3115065478012517 0.5121404641477674 0.5864146516135692 0.6758437679773327 0.7376749597814661 0.7878922889632043 0.7771748393236879 0.9026983919090483 0.8820849994719289 0.9887164441939348 0.9618601668887184 0.9903812906200546 0.8233119619516597 0.9805359005567598 0.9648496342473318 0.9303661557296773 0.9228850005501571 0.8070669895052357 0.6254945833942948 0.6688797794322302 0.8272260531349712 0.4668126576268022 0.12810615446932497 0.3233038412033761 0.16905614851701295 0.07939884413285385 0.15367023744243036 
1.0 0.39080591368366235 0.30472117384624214 0.32512735556973704 0.5046192951692088 0.5058216521114299 0.6522717843635374 0.49086118306447757 0.7848112526788242 0.7690302530434038 0.9076907349443362 0.8817337931341467 0.9683463356780928 0.9853656209799688 0.9759066645232416 0.8467002073296942 0.9728966456267738 0.9711299574206245 0.9197026928755877 0.8126673814295926 0.8243588421006465 0.9961638442781819 0.678508997217832 0.7039956724481515 0.5038097683093361 0.5726613121126678 0.329455141170812 0.16878780362659443 0.08519908955518232 0.10499214597281471 
1.0 0.07542386543680389 0.30438653626167017 0.3115065478012517 0.5121404641477674 0.5864146516135692 0.6758437679773327 0.7376749597814661 0.7878922889632043 0.7771748393236879 0.9026983919090483 0.8820849994719289 0.9887164441939348 0.9618601668887184 0.9903812906200546 0.8233119619516597 0.9805359005567598 0.9648496342473318 0.9303661557296773 0.9228850005501571 0.8070669895052357 0.6254945833942948 0.6688797794322302 0.8272260531349712 0.4668126576268022 0.12810615446932497 0.3233038412033761 0.16905614851701295 0.07939884413285385 0.15367023744243036 
0.9993112420282553 0.393074210199891 0.30938241561254093 0.3226924514009293 0.5022595777411534 0.513365099431058 0.65994875155016 0.4917419597557191 0.7921896011576367 0.747037325302658 0.8998427028669319 0.8714159279325454 0.9887164441939348 0.9990446732181282 1.0 0.8105776810355756 0.9775750870794763 0.9730534507770213 0.9203409450150672 0.9602051901562485 0.8070669895052357 0.6281575095196933 0.6790041800938336 0.5807403760353789 0.5064663779907712 0.14842843039396564 0.3256205617805864 0.16878780362659443 0.08843440036805898 0.1356584974138595 
1.0 0.21617649085504814 0.29701563908900586 0.3169574339025527 0.5046192951692088 0.5861732871749458 0.6595123565046989 0.7206448663701768 0.7970527766490937 0.7761652091094684 0.9004334778115123 0.8719732691003266 0.9669102827628748 0.9690043669610463 0.9901111257770836 0.855343672073091 0.969638268277904 0.9648496342473318 0.9197026928755877 0.8173016483407672 0.8237105315402516 0.9961638442781819 0.6747241496050637 0.7000424693099955 0.5082879658319307 0.6774001145801689 0.329455141170812 0.16878780362659443 0.09014714197979105 0.10683325171849975 
0.9993112420282553 0.393074210199891 0.30938241561254093 0.3226924514009293 0.5022595777411534 0.513365099431058 0.65994875155016 0.4917419597557191 0.7921896011576367 0.747037325302658 0.8998427028669319 0.8714159279325454 0.9887164441939348 0.9990446732181282 1.0 0.8105776810355756 0.9775750870794763 0.9730534507770213 0.9203409450150672 0.9602051901562485 0.8070669895052357 0.6281575095196933 0.6790041800938336 0.5807403760353789 0.5064663779907712 0.14842843039396564 0.3256205617805864 0.16878780362659443 0.08843440036805898 0.1356584974138595 
1.0 -0.10805231531129866 0.3189555297605068 0.3178134824455707 0.5022595777411534 0.30593432880752847 0.6631235222960254 0.7206448663701768 0.7961045665004896 0.7646218857890635 0.9058526733037854 0.8669513261198426 0.9930951926465169 0.9710680445655858 1.0 0.8131901207743342 0.963739722171198 0.9609271872808329 0.931171083530854 0.8808269522640201 0.8089398801627811 0.6259343987161285 0.6747644196521724 0.7079119748913807 0.5038097683093361 0.17783075193664907 0.3206684048750905 0.1490743547935859 0.07112988536671955 0.10912910613070234 
1.0 0.393074210199891 0.30472117384624214 0.3169574339025527 0.5090054403921448 0.5990750956158989 0.6631235222960254 0.7232423928650916 0.7921896011576367 0.7646218857890635 0.9067491662838307 0.8719732691003266 0.9844714128537316 0.9853656209799688 1.0 0.8131901207743342 0.963739722171198 0.9570162431073483 0.9197026928755877 0.8876813623573387 0.8304731645192263 1.0 0.6790041800938336 0.7039956724481515 0.502354942840454 0.17783075193664907 0.3307769287283062 0.13336719084143006 0.08519908955518232 0.10970551782804326 
1.0 0.393074210199891 0.30472117384624214 0.3169574339025527 0.5090054403921448 0.5990750956158989 0.6631235222960254 0.7232423928650916 0.7921896011576367 0.7646218857890635 0.9067491662838307 0.8719732691003266 0.9844714128537316 0.9853656209799688 1.0 0.8131901207743342 0.963739722171198 0.9570162431073483 0.9197026928755877 0.8876813623573387 0.8304731645192263 1.0 0.6790041800938336 0.7039956724481515 0.502354942840454 0.17783075193664907 0.3307769287283062 0.13336719084143006 0.08519908955518232 0.10970551782804326 
1.0 0.393074210199891 0.3172582652382458 0.3169574339025527 0.5081616881207542 0.6048839489250851 0.6697547298403614 0.7206448663701768 0.7970527766490937 0.7646218857890635 0.9107987573760771 0.8719732691003266 0.9930951926465169 0.9690043669610463 0.9983303844143148 0.855343672073091 0.9775750870794763 0.9648496342473318 0.9121549743097999 0.8876813623573387 0.8228514704065729 0.2744209983304564 0.6790041800938336 0.5807403760353789 0.5038097683093361 0.17380584976198868 0.3317227559813363 0.1490743547935859 0.09052626243002412 0.11014291336787985 
0.9990616557041799 0.39655602754278557 0.3033918813447593 0.3169574339025527 0.5022595777411534 0.6048839489250851 0.65994875155016 0.7278560019329937 0.7921896011576367 0.7646218857890635 0.9066075962249261 0.8719732691003266 0.9822963759742201 0.9853656209799688 1.0 0.8131901207743342 0.9775750870794763 0.9243990022400752 0.9197026928755877 0.9602051901562485 0.8070669895052357 0.2744209983304564 0.6822383395031734 0.5807403760353789 0.5038097683093361 0.14842843039396564 0.3307769287283062 0.15780353883362935 0.09231570796259543 0.1356584974138595 
1.0 0.4372910117055464 0.30081757275815046 0.20980368054113208 0.5105611732064907 0.5964933989875378 0.6631235222960254 0.7206448663701768 0.7946268867945978 0.7597475645394924 0.9067491662838307 0.8817337931341467 0.9736358976878006 0.9853656209799688 0.9970947783750692 0.8131901207743342 0.9756928044181885 0.9793450861550427 0.9197026928755877 0.880777576934933 0.7802567424100677 1.0 0.6654075042977424 0.7039956724481515 0.5098311672349853 0.18312058332663642 0.31284461852429085 0.14487284291092234 0.08519908955518232 0.10019403945857727 
1.0 0.4372910117055464 0.30438653626167017 0.21944554413848513 0.5022595777411534 0.30593432880752847 0.6631235222960254 0.4917419597557191 0.7962374790619494 0.7646218857890635 0.9067491662838307 0.8669513261198426 0.9930951926465169 0.9853656209799688 1.0 0.8149314499376515 0.9619921864452734 0.9648496342473318 0.9197026928755877 0.8808269522640201 0.8089398801627811 0.9926677385807767 0.6814974819037607 0.7039956724481515 0.5038097683093361 0.17783075193664907 0.31284461852429085 0.15696843324627444 0.07112988536671955 0.10508014847743141 
1.0 0.393074210199891 0.3172582652382458 0.3169574339025527 0.5081616881207542 0.6048839489250851 0.6697547298403614 0.7206448663701768 0.7970527766490937 0.7646218857890635 0.9107987573760771 0.8719732691003266 0.9930951926465169 0.9690043669610463 0.9983303844143148 0.855343672073091 0.9775750870794763 0.9648496342473318 0.9121549743097999 0.8876813623573387 0.8228514704065729 0.2744209983304564 0.6790041800938336 0.5807403760353789 0.5038097683093361 0.17380584976198868 0.3317227559813363 0.1490743547935859 0.09052626243002412 0.11014291336787985 
1.0 0.21617649085504814 0.3029976679585097 0.9081915067109012 0.5055933720594887 0.5861732871749458 0.6758437679773327 0.7290368136137527 0.7895824875764103 0.7761652091094684 0.920730242845764 0.886980264040478 0.9947538391306182 0.9635457397334257 0.997987143839662 0.8087783794859799 0.969638268277904 0.9648496342473318 0.9064910637198378 0.90032608748118 0.8237105315402516 0.6270830796051323 0.6747241496050637 0.8272260531349712 0.5088825629447253 0.5726613121126678 0.3233038412033761 -0.05236365075340221 0.08519908955518232 0.11028737530187041 
1.0 0.4372910117055464 0.30438653626167017 0.21944554413848513 0.5022595777411534 0.30593432880752847 0.6631235222960254 0.4917419597557191 0.7962374790619494 0.7646218857890635 0.9067491662838307 0.8669513261198426 0.9930951926465169 0.9853656209799688 1.0 0.8149314499376515 0.9619921864452734 0.9648496342473318 0.9197026928755877 0.8808269522640201 0.8089398801627811 0.9926677385807767 0.6814974819037607 0.7039956724481515 0.5038097683093361 0.17783075193664907 0.31284461852429085 0.15696843324627444 0.07112988536671955 0.10508014847743141 
1.0 0.18288489312721215 0.31285187022272837 0.3178134824455707 0.5022644056804356 0.5906846481722267 0.6608734080230763 0.7206448663701768 0.8034764039169462 0.7638767172040668 0.9058526733037854 0.4093186882878932 0.9926580932579467 0.9633226980070709 1.0 0.8512083615849907 0.9756928044181885 0.9640318021769448 0.9064910637198378 0.9305658395565143 0.81194014993118 0.6106987900207407 0.6795557130841775 0.8387948921791679 0.5112458421805064 0.45885411955488664 0.3075973587042841 0.13819752136377103 0.06668504073464875 -0.284724054685443 
1.0 0.4372910117055464 0.30472117384624214 0.20980368054113208 0.5022595777411534 0.5990750956158989 0.6631235222960254 0.7206448663701768 0.7921896011576367 0.7597475645394924 0.9067491662838307 0.8817337931341467 0.9844714128537316 0.9853656209799688 1.0 0.8131901207743342 0.963739722171198 0.9648496342473318 0.9197026928755877 0.880777576934933 0.8089398801627811 1.0 0.6790041800938336 0.7039956724481515 0.5038097683093361 0.17783075193664907 0.31284461852429085 0.14487284291092234 0.08519908955518232 0.10970551782804326 
1.0 0.4372910117055464 0.30472117384624214 0.20980368054113208 0.5022595777411534 0.5990750956158989 0.6631235222960254 0.7206448663701768 0.7921896011576367 0.7597475645394924 0.9067491662838307 0.8817337931341467 0.9844714128537316 0.9853656209799688 1.0 0.8131901207743342 0.963739722171198 0.9648496342473318 0.9197026928755877 0.880777576934933 0.8089398801627811 1.0 0.6790041800938336 0.7039956724481515 0.5038097683093361 0.17783075193664907 0.31284461852429085 0.14487284291092234 0.08519908955518232 0.10970551782804326 
1.0 0.11598058056548677 0.3095030221451641 0.3178134824455707 0.5022644056804356 0.5911909938254736 0.6608734080230763 0.7206448663701768 0.791239856702282 0.7638767172040668 0.9058526733037854 0.422676994991734 0.9736358976878006 0.9710680445655858 0.9876808960597847 0.8449827717237106 0.9756928044181885 0.9552851806905405 0.9202763656530882 0.8905588899107735 0.81194014993118 0.6259343987161285 0.6747644196521724 0.8387948921791679 0.5112458421805064 0.17516490873475377 0.3206684048750905 0.13819752136377103 0.06668504073464875 0.10251675294046864 
1.0 0.18277223176402826 0.30966325946899814 0.3178134824455707 0.5022644056804356 0.5911909938254736 0.6608734080230763 0.7206448663701768 0.794143253739143 0.7642333775612661 0.9058526733037854 0.422676994991734 0.9774384839550565 0.9710680445655858 0.9876808960597847 0.8399817206000609 0.9756928044181885 0.9552851806905405 0.9142801553900385 0.8876813623573387 0.81194014993118 0.6259343987161285 0.6747644196521724 0.7031914618115719 0.5199909973683261 0.49818895321554857 0.3184196999246416 0.1502772619765779 0.06531622889199527 0.11022309326050388 
1.0 0.11598058056548677 0.3095030221451641 0.3178134824455707 0.5022644056804356 0.5911909938254736 0.6608734080230763 0.7206448663701768 0.791239856702282 0.7638767172040668 0.9058526733037854 0.422676994991734 0.9736358976878006 0.9710680445655858 0.9876808960597847 0.8449827717237106 0.9756928044181885 0.9552851806905405 0.9202763656530882 0.8905588899107735 0.81194014993118 0.6259343987161285 0.6747644196521724 0.8387948921791679 0.5112458421805064 0.17516490873475377 0.3206684048750905 0.13819752136377103 0.06668504073464875 0.10251675294046864 
1.0 0.11598058056548677 0.3107494981366013 0.34972822166867185 0.5075500107210559 0.5993065463135928 0.6703176738837369 0.7206448663701768 0.7973380704498377 0.7810766427010929 0.9053167035842568 0.422676994991734 0.9733451426170858 0.9649860006113075 0.9876808960597847 0.8139766293669327 0.9751355471117022 0.7765891030513525 0.9196409154080732 0.7023247449760119 0.8137479272320736 0.9861302914461606 0.6747644196521724 0.4537315595321172 0.5038097683093361 0.17516490873475377 0.3170806393269039 0.14952720907634096 0.07694895431291797 0.11284150981770429 
1.0 0.18983545533801874 0.31060520092516897 0.19600295038488724 0.5022595777411534 0.5990949278163024 0.670414863147042 0.7263934088173901 0.7969646047966781 0.753883045415453 0.9011974321717751 0.8954145836290024 0.9774384839550565 0.9681906064372863 0.9953394275303942 0.9711428714249094 0.9756928044181885 0.973534248142007 0.9238524386954571 0.29454444874487784 0.8286740858684633 0.9728716527323005 0.6658959005786729 0.9054943417536332 0.5012701367376965 0.17783075193664907 0.3201315933055443 0.1502772619765779 0.0716863142652278 0.10970551782804326 
1.0 0.4372910117055464 0.30438653626167017 0.2091783117057423 0.5080462752041278 0.5993065463135928 0.6631235222960254 0.7259735129262904 0.7921896011576367 0.7646218857890635 0.9045775766239236 0.8669513261198426 0.9733451426170858 0.9835811139293534 0.9936001082561028 0.8149314499376515 0.9751355471117022 0.9648496342473318 0.9151173139458473 0.7023247449760119 0.8117660148842311 0.9863742639967337 0.6712074125839346 0.272771504450809 0.5038097683093361 0.17783075193664907 0.31284461852429085 0.15696843324627444 0.07694895431291797 0.11284150981770429 
1.0 0.4372910117055464 0.30438653626167017 0.34972822166867185 0.5022595777411534 -0.059831189477900226 0.6703176738837369 0.7206448663701768 0.7921896011576367 0.7588990325641375 0.9032596719849851 0.8865951292630803 0.9844714128537316 0.9730438696950545 0.9897063527747479 0.8055258487796131 0.9751355471117022 0.9648496342473318 0.9218788809751307 0.880777576934933 0.8137479272320736 0.9891775593970435 0.6747644196521724 0.4381148465532255 0.5134689728624505 0.17516490873475377 0.31284461852429085 0.14952720907634096 0.08519908955518232 0.11284150981770429 
1.0 0.43214873824750927 0.31008117856210143 0.8905784061823084 0.5022595777411534 0.5911909938254736 0.6746950878145848 0.7111770011311795 0.7973380704498377 0.7588990325641375 0.9146464673643072 0.8790380087818118 0.9871427189813584 0.9801166288647607 1.0 0.8139766293669327 0.9874009597637466 0.9648496342473318 0.9244039071457157 0.7023247449760119 0.8089398801627811 0.6259343987161285 0.6747644196521724 0.7004701479169931 0.5038097683093361 0.7484035811297904 0.30303773652991944 0.8038527173851875 0.06531622889199527 0.11284150981770429 
1.0 0.18277223176402826 0.30966325946899814 0.3178134824455707 0.5022644056804356 0.5911909938254736 0.6608734080230763 0.7206448663701768 0.794143253739143 0.7642333775612661 0.9058526733037854 0.422676994991734 0.9774384839550565 0.9710680445655858 0.9876808960597847 0.8399817206000609 0.9756928044181885 0.9552851806905405 0.9142801553900385 0.8876813623573387 0.81194014993118 0.6259343987161285 0.6747644196521724 0.7031914618115719 0.5199909973683261 0.49818895321554857 0.3184196999246416 0.1502772619765779 0.06531622889199527 0.11022309326050388 
1.0 0.43214873824750927 0.31008117856210143 0.8905784061823084 0.5022595777411534 0.5911909938254736 0.6746950878145848 0.7111770011311795 0.7973380704498377 0.7588990325641375 0.9146464673643072 0.8790380087818118 0.9871427189813584 0.9801166288647607 1.0 0.8139766293669327 0.9874009597637466 0.9648496342473318 0.9244039071457157 0.7023247449760119 0.8089398801627811 0.6259343987161285 0.6747644196521724 0.7004701479169931 0.5038097683093361 0.7484035811297904 0.30303773652991944 0.8038527173851875 0.06531622889199527 0.11284150981770429 
1.0 0.11031629693953673 0.3107494981366013 0.20980368054113208 0.5064912585644544 0.5993065463135928 0.6544766797841726 0.7213511394160409 0.801622573554009 0.7779841469906227 0.9053167035842568 0.5617089818804566 0.9729173448263343 0.9806898883891056 1.0 0.8139766293669327 0.9834056365259627 0.7765891030513525 0.9126286149872209 0.7023247449760119 0.8137479272320736 1.0 0.6747644196521724 0.7031914618115719 0.49102681875153853 0.7170588240215477 0.31284461852429085 0.8038527173851875 0.0784369263837996 0.11284150981770429 
1.0 0.4372910117055464 0.30438653626167017 0.20980368054113208 0.5022595777411534 -0.06430897334477484 0.6544766797841726 0.7111770011311795 0.7973380704498377 0.7588990325641375 0.9146464673643072 0.8825110044360739 0.9768504167526146 0.9801166288647607 1.0 0.8139766293669327 0.9834056365259627 0.9648496342473318 0.9244039071457157 0.7023247449760119 0.8137479272320736 0.9446642431847834 0.6747644196521724 0.4381148465532255 0.49102681875153853 0.7139799137228805 0.3017027937402611 0.8038527173851875 0.08519908955518232 0.11284150981770429 
1.0 0.11031629693953673 0.3107494981366013 0.20980368054113208 0.5064912585644544 0.5993065463135928 0.6544766797841726 0.7213511394160409 0.801622573554009 0.7779841469906227 0.9053167035842568 0.5617089818804566 0.9729173448263343 0.9806898883891056 1.0 0.8139766293669327 0.9834056365259627 0.7765891030513525 0.9126286149872209 0.7023247449760119 0.8137479272320736 1.0 0.6747644196521724 0.7031914618115719 0.49102681875153853 0.7170588240215477 0.31284461852429085 0.8038527173851875 0.0784369263837996 0.11284150981770429 
1.0 0.18277223176402826 0.30472117384624214 0.3251490812031028 0.5022595777411534 0.5990949278163024 0.670414863147042 0.7288800281960323 0.7921896011576367 0.7597475645394924 0.910786699876951 0.8956300209526384 0.9774384839550565 0.9768921356365938 0.9970806771338812 0.8157859750951835 0.9756928044181885 0.9528735751528904 0.9142801553900385 0.2827160361549447 0.8218922469166666 0.9728716527323005 0.6568091612976441 0.9054943417536332 0.5012701367376965 0.17783075193664907 0.3201315933055443 0.1502772619765779 0.06531622889199527 0.10970551782804326 
1.0 0.11598058056548677 0.3107494981366013 0.34972822166867185 0.5075500107210559 0.5993065463135928 0.6703176738837369 0.7206448663701768 0.7973380704498377 0.7810766427010929 0.9053167035842568 0.422676994991734 0.9733451426170858 0.9649860006113075 0.9876808960597847 0.8139766293669327 0.9751355471117022 0.7765891030513525 0.9196409154080732 0.7023247449760119 0.8137479272320736 0.9861302914461606 0.6747644196521724 0.4537315595321172 0.5038097683093361 0.17516490873475377 0.3170806393269039 0.14952720907634096 0.07694895431291797 0.11284150981770429 
0.3299261996612213 0.2026984157403754 0.18113159485113967 0.3768964204153937 0.5022595777411534 0.518564638957298 0.6326492348827591 0.7191863816170555 0.7582272664923946 0.8087871226465994 0.8975632664580003 0.8909702681182167 0.9736548064153053 0.9768921356365938 0.9317312435447788 0.8375533668318655 0.9743055203678311 0.973598776811185 0.9489516526430238 0.9128976862875969 0.6334200802044772 0.7986969565232654 0.7053321963659316 0.9054943417536332 0.5518921489252531 0.17708952050727578 0.5590456460001967 0.24185697560218541 0.183563206388555 0.07936597396906878 
1.0 0.4372910117055464 0.30438653626167017 0.20980368054113208 0.5022595777411534 -0.06430897334477484 0.6544766797841726 0.7111770011311795 0.7973380704498377 0.7588990325641375 0.9146464673643072 0.8825110044360739 0.9768504167526146 0.9801166288647607 1.0 0.8139766293669327 0.9834056365259627 0.9648496342473318 0.9244039071457157 0.7023247449760119 0.8137479272320736 0.9446642431847834 0.6747644196521724 0.4381148465532255 0.49102681875153853 0.7139799137228805 0.3017027937402611 0.8038527173851875 0.08519908955518232 0.11284150981770429 
0.3299261996612213 0.2026984157403754 0.21069554256228878 0.3479368127955263 0.46465852311879713 0.5229966968669871 0.632535193080039 0.699374243849657 0.5412091911677964 0.8201144008075074 0.896721773942768 0.973825726271096 0.9803784398158519 0.976710465960874 0.901657468839546 0.8488542964005641 0.6548278608427527 0.9664613574967357 0.797040089750024 0.9070360057527497 0.8796006583269766 0.8083646246249643 0.7042271152042051 0.6365670209045189 0.6183011745348498 0.49095658186539326 0.3265191746751865 0.3069975347230975 0.183563206388555 0.06002799025804069 
0.3299261996612213 0.08348342419336052 0.009908795972234152 0.34528937312545055 0.44098334079953627 0.5161188773241604 0.7331544501072136 0.7164996786073072 0.8044884607786138 0.8226115578509495 0.8790532673415181 0.8909702681182167 0.9719136418757426 0.970874928487794 0.9302806298852546 0.8408771265467785 0.8376327469944003 0.9640398258190943 0.9492005007690143 0.9006255121831445 0.8720497568219664 0.8083646246249643 0.6964071364396469 0.6388783291343508 0.6197146431479491 0.47886438542140436 0.3265191746751865 0.23931889515525623 0.183563206388555 0.07936597396906878 
0.3299261996612213 0.1940501912630177 0.1971088375885067 0.3768964204153937 0.4439520949131379 0.502296031781324 0.6261080237185948 0.6879349525713638 0.5395056209454505 0.8256393464135875 0.8840956949452 0.9531522628115622 0.9890420475978011 0.9715475731826211 0.9177256414266981 0.8446473159717639 0.7648716613712787 0.9504911676378119 0.9489516526430238 0.9128976862875969 0.922049543150431 0.7986969565232654 0.5323078022684475 0.6469653930229594 0.6137931455281592 0.49095658186539326 0.3454334446816598 0.11791995089597962 0.183563206388555 0.07936597396906878 
0.3299261996612213 0.08348342419336052 0.009908795972234152 0.34528937312545055 0.44098334079953627 0.5161188773241604 0.7331544501072136 0.7164996786073072 0.8044884607786138 0.8226115578509495 0.8790532673415181 0.8909702681182167 0.9719136418757426 0.970874928487794 0.9302806298852546 0.8408771265467785 0.8376327469944003 0.9640398258190943 0.9492005007690143 0.9006255121831445 0.8720497568219664 0.8083646246249643 0.6964071364396469 0.6388783291343508 0.6197146431479491 0.47886438542140436 0.3265191746751865 0.23931889515525623 0.183563206388555 0.07936597396906878 
0.3299261996612213 0.2026984157403754 0.21396308991456867 0.3479368127955263 0.23627219224293777 0.5137913683822183 0.6225711313709873 0.690967823969083 0.7647415596652889 0.8161426388322374 0.8897498543593146 0.8909702681182167 0.9890420475978011 0.970874928487794 0.9302806298852546 0.8408771265467785 0.9743055203678311 0.9664613574967357 0.9492005007690143 0.9070360057527497 0.8796006583269766 0.8083646246249643 0.7269660070648626 0.6388783291343508 0.6197146431479491 0.49095658186539326 0.3265191746751865 0.3069975347230975 0.183563206388555 0.0699143361139225 
0.3299261996612213 0.2026984157403754 0.23184863328374117 0.3479368127955263 0.46465852311879713 0.5189180254434933 0.615981604489767 0.6829232941211785 0.7647415596652889 0.8161426388322374 0.8962885664643898 0.9681111006782455 0.9808599972607502 0.976710465960874 0.901657468839546 0.8408771265467785 0.6548278608427527 0.9664613574967357 0.9582656911913432 0.9070360057527497 0.8796006583269766 0.8083646246249643 0.7312479198364881 0.6388783291343508 0.6924509736795812 0.47886438542140436 0.3265191746751865 0.3069975347230975 0.18260382969583405 0.0611853602186469 
0.3277960551314866 0.21610976247855565 0.21069554256228878 0.3486894659524995 0.46465852311879713 0.5137913683822183 0.632535193080039 0.690967823969083 0.5412091911677964 0.8161426388322374 0.8995359526360789 0.9727037033302338 0.9751731500892565 0.976710465960874 0.901657468839546 0.8408771265467785 0.6548278608427527 0.9664613574967357 0.797040089750024 0.9070360057527497 0.8796006583269766 0.8083646246249643 0.7042271152042051 0.6388783291343508 0.6197146431479491 0.49888423049220465 0.3265191746751865 0.3069975347230975 0.18373070742314365 0.06002799025804069 
0.3299261996612213 0.1991910085133952 0.23052190450905838 0.3479368127955263 0.4439520949131379 0.5137913683822183 0.6225711313709873 0.690967823969083 0.5301990849739222 0.833358627878604 0.8871393051936285 0.9531522628115622 0.9890420475978011 0.9715475731826211 0.9302806298852546 0.8408771265467785 0.9779027303323057 0.9504911676378119 0.9492005007690143 0.9070360057527497 0.8796006583269766 0.8083646246249643 0.5287688348219044 0.6451066716274643 0.6961550572938309 0.3696416850237614 0.3265191746751865 0.31697749584011314 0.17536971636358828 0.07936597396906878 
0.3299261996612213 0.2026984157403754 0.21069554256228878 0.3479368127955263 0.46465852311879713 0.5229966968669871 0.632535193080039 0.699374243849657 0.5412091911677964 0.8201144008075074 0.896721773942768 0.973825726271096 0.9803784398158519 0.976710465960874 0.901657468839546 0.8488542964005641 0.6548278608427527 0.9664613574967357 0.797040089750024 0.9070360057527497 0.8796006583269766 0.8083646246249643 0.7042271152042051 0.6365670209045189 0.6183011745348498 0.49095658186539326 0.3265191746751865 0.3069975347230975 0.183563206388555 0.06002799025804069 
0.3299261996612213 0.2026984157403754 0.21396308991456867 0.3479368127955263 0.23627219224293777 0.5137913683822183 0.6225711313709873 0.690967823969083 0.7647415596652889 0.8161426388322374 0.8897498543593146 0.8909702681182167 0.9890420475978011 0.970874928487794 0.9302806298852546 0.8408771265467785 0.9743055203678311 0.9664613574967357 0.9492005007690143 0.9070360057527497 0.8796006583269766 0.8083646246249643 0.7269660070648626 0.6388783291343508 0.6197146431479491 0.49095658186539326 0.3265191746751865 0.3069975347230975 0.183563206388555 0.0699143361139225 
0.3281063701772403 0.20060957650009986 0.19225624740987604 0.3479368127955263 0.44212095377926214 0.502296031781324 0.6261080237185948 0.690967823969083 0.7647415596652889 0.8161838817962195 0.8871393051936285 0.8909702681182167 0.9817092792380461 0.970874928487794 0.9236899260980393 0.8371895556161792 0.9843682167051099 0.9504911676378119 0.9492005007690143 0.9215606910102739 0.922049543150431 0.8083646246249643 0.5287688348219044 0.6469653930229594 0.6137931455281592 0.6996825927651031 0.3265191746751865 0.11791995089597962 0.17891395166586826 0.07097643988676597 
0.3281063701772403 0.20060957650009986 0.19225624740987604 0.3479368127955263 0.44212095377926214 0.502296031781324 0.6261080237185948 0.690967823969083 0.7647415596652889 0.8161838817962195 0.8871393051936285 0.8909702681182167 0.9817092792380461 0.970874928487794 0.9236899260980393 0.8371895556161792 0.9843682167051099 0.9504911676378119 0.9492005007690143 0.9215606910102739 0.922049543150431 0.8083646246249643 0.5287688348219044 0.6469653930229594 0.6137931455281592 0.6996825927651031 0.3265191746751865 0.11791995089597962 0.17891395166586826 0.07097643988676597 
0.3299261996612213 0.2026984157403754 0.19560882727187176 0.35360881184651477 0.44098334079953627 0.518564638957298 0.7337336992522965 0.7085692908973691 0.7655332236490549 0.8300401471530512 0.8967575721931644 0.9680899047573487 0.7624989034850894 0.9634214848825464 0.9177256414266981 0.8432962567077145 0.7648716613712787 0.9641508468861607 0.9489516526430238 0.9091092038235341 0.8895810127830607 0.7950205156140723 0.5323078022684475 0.6469653930229594 0.5638612896804855 0.4746772099490985 0.3383535274396465 0.31184998886788395 0.183563206388555 0.07936597396906878 
0.3299261996612213 0.21171004458920747 0.009908795972234152 0.3536485119079426 0.4483998445268623 0.518564638957298 0.7331544501072136 0.7191863816170555 0.7647415596652889 0.8161426388322374 0.8846044191133957 0.9681111006782455 0.9808599972607502 0.9622993281503022 0.879300730680152 0.8408771265467785 0.8376327469944003 0.9646145292807445 0.945189474515039 0.898730377840383 0.8928004058378652 0.7933150127331864 0.7042271152042051 0.6434695433635294 0.5532572284875167 0.47886438542140436 0.3543193308308082 0.24185697560218541 0.183563206388555 0.0611853602186469 
0.3299261996612213 0.1991910085133952 0.23052190450905838 0.3479368127955263 0.4439520949131379 0.5137913683822183 0.6225711313709873 0.690967823969083 0.5301990849739222 0.833358627878604 0.8871393051936285 0.9531522628115622 0.9890420475978011 0.9715475731826211 0.9302806298852546 0.8408771265467785 0.9779027303323057 0.9504911676378119 0.9492005007690143 0.9070360057527497 0.8796006583269766 0.8083646246249643 0.5287688348219044 0.6451066716274643 0.6961550572938309 0.3696416850237614 0.3265191746751865 0.31697749584011314 0.17536971636358828 0.07936597396906878 
0.32872391188786826 0.08348342419336052 0.19560882727187176 0.3510590321612513 0.49646622261583134 0.518564638957298 0.6141546703236086 0.7567954999547231 0.7601392137462532 0.7966945742946814 0.8990260416881014 0.9624406888777183 0.9862483390261868 0.9599092783566914 0.9230259797708629 0.8474818210151703 0.7816427798696403 0.9664613574967357 0.8151043714775791 0.8935384664262341 0.7918782978895297 0.8265207569487717 0.7690608187897473 0.6469653930229594 0.5438822988939926 0.4666331360459698 0.3275538973222407 0.3043091518390757 0.1895653547536702 0.07936597396906878 
0.32872391188786826 0.2026984157403754 0.009908795972234152 0.37954328173007035 0.5005992459943303 0.4992303864183762 0.6141546703236086 0.7253185429367522 0.7705695803501901 0.6174254828595707 0.8897498543593146 0.8830283786740222 0.9774384839550565 0.9768921356365938 0.9302806298852546 0.8428555068753038 0.8444813913098463 0.9664613574967357 0.7871144521691363 0.8935384664262341 0.7767236376940805 0.8265207569487717 0.7101468125024475 0.9054943417536332 0.6118153741074176 0.4666331360459698 0.3275538973222407 0.3043091518390757 0.1895653547536702 0.0699143361139225 
0.3299261996612213 0.08348342419336052 0.19560882727187176 0.3582430496758764 0.44098334079953627 0.518564638957298 0.7331544501072136 0.7249656197635661 0.7602776720459951 0.7966945742946814 0.88179036589114 0.9624406888777183 0.9808599972607502 0.9622993281503022 0.9177256414266981 0.8408771265467785 0.7735017799772422 0.9750652360293847 0.945189474515039 0.9006255121831445 0.9782679982363771 0.797727185671984 0.7690608187897473 0.6469653930229594 0.5438822988939926 0.47886438542140436 0.3407986732137739 0.30484151024517014 0.183563206388555 0.07936597396906878 
0.32872391188786826 0.08348342419336052 0.19560882727187176 0.3510590321612513 0.49646622261583134 0.518564638957298 0.6141546703236086 0.7567954999547231 0.7601392137462532 0.7966945742946814 0.8990260416881014 0.9624406888777183 0.9862483390261868 0.9599092783566914 0.9230259797708629 0.8474818210151703 0.7816427798696403 0.9664613574967357 0.8151043714775791 0.8935384664262341 0.7918782978895297 0.8265207569487717 0.7690608187897473 0.6469653930229594 0.5438822988939926 0.4666331360459698 0.3275538973222407 0.3043091518390757 0.1895653547536702 0.07936597396906878 
0.3299261996612213 0.21344618920286668 0.192271244344875 0.37954328173007035 0.4537264144000188 0.8675315274864633 0.6620852153094837 0.7092430242663523 0.7647415596652889 0.8066523544295285 0.8846044191133957 0.9681111006782455 0.9840710620214724 0.9635040803285977 0.9212397519812591 0.8408771265467785 0.9789099967040665 0.9434268586435347 0.9439269490028094 0.9070360057527497 0.7894488448484598 0.8047975620636234 0.5287688348219044 0.6451066716274643 0.6341341884477821 0.49095658186539326 0.3313526028644225 0.2919867266783087 0.183563206388555 0.06393230905583351 
0.3299261996612213 0.21063044714115126 0.20212581138601282 0.37954328173007035 0.5022595777411534 0.5186675373299103 0.6261080237185948 0.6879349525713638 0.7388773309222226 0.8087871226465994 0.8840956949452 0.9663560981588637 0.9736548064153053 0.9771782709401229 0.9317312435447788 0.8545569214825184 0.7650117741183386 0.9756649093168741 0.944738115141492 0.9128976862875969 0.7894488448484598 0.8021627700077676 0.7053321963659316 0.9109012362882023 0.5518921489252531 0.1839998816323429 0.3265191746751865 0.30051279764351874 0.183563206388555 -0.14049596279795185 
0.3299261996612213 0.21063044714115126 0.20212581138601282 0.37954328173007035 0.5022595777411534 0.5186675373299103 0.6261080237185948 0.6879349525713638 0.7388773309222226 0.8087871226465994 0.8840956949452 0.9663560981588637 0.9736548064153053 0.9771782709401229 0.9317312435447788 0.8545569214825184 0.7650117741183386 0.9756649093168741 0.944738115141492 0.9128976862875969 0.7894488448484598 0.8021627700077676 0.7053321963659316 0.9109012362882023 0.5518921489252531 0.1839998816323429 0.3265191746751865 0.30051279764351874 0.183563206388555 -0.14049596279795185 
0.3299261996612213 0.21344618920286668 0.192271244344875 0.37954328173007035 0.4537264144000188 0.8675315274864633 0.6620852153094837 0.7092430242663523 0.7647415596652889 0.8066523544295285 0.8846044191133957 0.9681111006782455 0.9840710620214724 0.9635040803285977 0.9212397519812591 0.8408771265467785 0.9789099967040665 0.9434268586435347 0.9439269490028094 0.9070360057527497 0.7894488448484598 0.8047975620636234 0.5287688348219044 0.6451066716274643 0.6341341884477821 0.49095658186539326 0.3313526028644225 0.2919867266783087 0.183563206388555 0.06393230905583351 
0.3307861286855292 0.20297639913954493 0.30649701245827077 0.34062960092300665 0.44999160192797016 0.518564638957298 0.6598226683669189 0.6451546467175804 0.7626346058091131 0.8172238841815086 0.8864383344034712 0.8880626411727811 0.9808599972607502 0.5033245197637441 0.8647006544718371 0.9403683243437286 0.9805359005567598 0.9639807073619012 0.9439269490028094 0.9335977638087557 0.8909773491766197 0.8145223370493468 0.7115342149086336 0.6398183280027743 0.5011268856270167 0.47414951218507273 0.33996003686037807 0.3023813987313615 0.1895653547536702 0.5343873758058435 
0.3288042666067306 0.20297639913954493 0.18425613316251477 0.34484835209993037 0.44999160192797016 0.19251165686022187 0.64191316690436 0.7977349948722204 0.7617761078064528 0.7993822619997296 0.8955329865014602 0.8880626411727811 0.9808599972607502 0.5132749940170548 0.8582798262555177 0.9467491549599395 0.9767671195698844 0.9601403987535206 0.9354960318297308 0.9655508160921422 0.8804337225944583 0.8034315796371331 0.7052896124261366 0.6398183280027743 0.6064228359913032 0.47414951218507273 0.33996003686037807 0.30484151024517014 0.1873207106005619 0.5343873758058435 
0.3288042666067306 0.20297639913954493 0.18425613316251477 0.34484835209993037 0.44999160192797016 0.19251165686022187 0.64191316690436 0.7977349948722204 0.7617761078064528 0.7993822619997296 0.8955329865014602 0.8880626411727811 0.9808599972607502 0.5132749940170548 0.8582798262555177 0.9467491549599395 0.9767671195698844 0.9601403987535206 0.9354960318297308 0.9655508160921422 0.8804337225944583 0.8034315796371331 0.7052896124261366 0.6398183280027743 0.6064228359913032 0.47414951218507273 0.33996003686037807 0.30484151024517014 0.1873207106005619 0.5343873758058435 
0.3299261996612213 0.21055609977282472 0.1722497974737066 0.34062960092300665 0.44999160192797016 0.9423640710301664 0.6574587824789662 0.7166187962014348 0.7549811484351249 0.8801954790212868 0.8690163095400482 0.8789879844224928 0.9656728114188177 0.5132749940170548 0.869258293058333 0.8789839234671872 0.9837222616063758 0.9727076428025686 0.9439269490028094 0.8841316049897757 0.8743175217654048 0.8034315796371331 0.6892689868259064 0.24107720547407463 0.6060305179984905 0.5632186737326838 0.3394243221970606 0.30490837986749425 0.183563206388555 0.3295230592589371 
0.3299261996612213 0.20888728905792212 0.17780810471497965 0.344057193646303 0.4517952152833551 0.863269269190791 0.6415760282524201 0.47102769397632754 0.7549811484351249 0.8765423174252259 0.8786604058607563 0.8789879844224928 0.9736023285776656 0.5058277400732414 0.8647006544718371 0.8789839234671872 0.9767671195698844 0.9556104727216179 0.9439269490028094 0.9182891635908217 0.8915714129907577 0.8049752550332832 0.7018591907105539 0.5789782853924252 0.6274516628399849 0.4965692413424821 0.3402110611940611 0.30490837986749425 0.183563206388555 0.33125383975271255 
0.3299261996612213 0.20418821689520367 0.16447783123916968 0.33097556572153786 0.19089974972950885 0.5050946468726693 0.6495867370412903 0.7977349948722204 0.757742024630578 0.8140377162327571 0.8838960513394727 0.8755522432331214 0.981946607921039 0.9726600722506288 0.7837427980997971 0.8798299349717531 0.9767671195698844 0.9641804264567473 0.9482766941533849 0.8920275435686953 0.8743175217654048 0.8202247384588299 0.7262477743513726 0.6538991458535945 0.5842670807164413 0.49603174246403964 0.4077932654264821 0.29968489673545523 0.1839382435771824 0.08356520402619819 
0.3299261996612213 0.20268631990544586 0.2078502273784308 0.3417019254538914 0.45348164027637405 0.8671824262006887 0.6321341473502017 0.7085692908973691 0.7617761078064528 0.8040656729046568 0.8883823337194232 0.8767663861686953 0.9667524929219735 0.9590595898559005 0.9177256414266981 0.8367362895477048 0.9767671195698844 0.9548272751663741 0.9490008149619381 0.9655508160921422 0.9000901793252132 0.7993710350132538 0.718194297995581 0.6625722442605615 0.5842670807164413 0.4745638288723954 0.3329267674376769 0.30490837986749425 0.19231203214912326 0.08698070297541692 
0.3299261996612213 0.20418821689520367 0.16447783123916968 0.33097556572153786 0.19089974972950885 0.5050946468726693 0.6495867370412903 0.7977349948722204 0.757742024630578 0.8140377162327571 0.8838960513394727 0.8755522432331214 0.981946607921039 0.9726600722506288 0.7837427980997971 0.8798299349717531 0.9767671195698844 0.9641804264567473 0.9482766941533849 0.8920275435686953 0.8743175217654048 0.8202247384588299 0.7262477743513726 0.6538991458535945 0.5842670807164413 0.49603174246403964 0.4077932654264821 0.29968489673545523 0.1839382435771824 0.08356520402619819 
0.3299261996612213 0.20888728905792212 0.17780810471497965 0.344057193646303 0.4517952152833551 0.863269269190791 0.6415760282524201 0.47102769397632754 0.7549811484351249 0.8765423174252259 0.8786604058607563 0.8789879844224928 0.9736023285776656 0.5058277400732414 0.8647006544718371 0.8789839234671872 0.9767671195698844 0.9556104727216179 0.9439269490028094 0.9182891635908217 0.8915714129907577 0.8049752550332832 0.7018591907105539 0.5789782853924252 0.6274516628399849 0.4965692413424821 0.3402110611940611 0.30490837986749425 0.183563206388555 0.33125383975271255 
0.3299261996612213 0.21055609977282472 0.1722497974737066 0.34062960092300665 0.44999160192797016 0.9423640710301664 0.6574587824789662 0.7166187962014348 0.7549811484351249 0.8801954790212868 0.8690163095400482 0.8789879844224928 0.9656728114188177 0.5132749940170548 0.869258293058333 0.8789839234671872 0.9837222616063758 0.9727076428025686 0.9439269490028094 0.8841316049897757 0.8743175217654048 0.8034315796371331 0.6892689868259064 0.24107720547407463 0.6060305179984905 0.5632186737326838 0.3394243221970606 0.30490837986749425 0.183563206388555 0.3295230592589371 
0.3293757726526291 0.20931806638650058 0.1729632417283135 0.34526114155951027 0.4523257783930704 0.518564638957298 0.6229536593825887 0.7930515982318588 0.75976084374393 0.8728938142810441 0.8897518125087046 0.8800729318064766 0.9736023285776656 0.9644991946846542 0.8781142850963685 0.8798299349717531 0.9716697394378473 0.9687869001654342 0.9412218680040859 0.893287414048455 0.8804120418225333 -0.15360397619810184 0.7262477743513726 0.6476762898041919 0.5842670807164413 0.49081634918267986 0.4102759392098789 0.14778580688496679 0.18325992735017063 -0.5695712235321551 
0.3293757726526291 0.20931806638650058 0.1729632417283135 0.34526114155951027 0.4523257783930704 0.518564638957298 0.6229536593825887 0.7930515982318588 0.75976084374393 0.8728938142810441 0.8897518125087046 0.8800729318064766 0.9736023285776656 0.9644991946846542 0.8781142850963685 0.8798299349717531 0.9716697394378473 0.9687869001654342 0.9412218680040859 0.893287414048455 0.8804120418225333 -0.15360397619810184 0.7262477743513726 0.6476762898041919 0.5842670807164413 0.49081634918267986 0.4102759392098789 0.14778580688496679 0.18325992735017063 -0.5695712235321551 
0.3299261996612213 0.20130004965681625 0.1801756231149115 0.33901116088788363 0.4517952152833551 0.5264467318569012 0.64191316690436 0.7977349948722204 0.757742024630578 0.8040656729046568 0.8897518125087046 0.8726254588361664 0.9571055125081314 0.5132110407281452 0.8647006544718371 -0.05343832357256306 0.9767671195698844 0.9601403987535206 0.9412218680040859 0.898730377840383 0.8743175217654048 0.8148877163718673 0.7262477743513726 0.6476762898041919 0.5842670807164413 0.49081634918267986 0.40953514477541464 0.14778580688496679 0.183563206388555 -0.5695712235321551 
0.3299261996612213 0.20130004965681625 0.16889754563308315 0.34062960092300665 0.44585161854143535 0.9423640710301664 0.64191316690436 0.7977349948722204 0.7613427820780747 0.8059499387075814 0.8948673643893493 0.8726254588361664 0.9571055125081314 0.9722892886050751 0.869258293058333 -0.04699818318729813 0.9985212191635767 0.9665497479479145 0.9412218680040859 0.28485609693370106 0.8743175217654048 0.7985265765918153 0.7262477743513726 0.24107720547407463 0.5842670807164413 0.49081634918267986 0.40100188365966766 0.14778580688496679 0.183563206388555 0.32487071145583124 
0.3299261996612213 0.20931806638650058 0.16479985042856646 0.3526772713233274 0.4517952152833551 -0.6428037264993056 0.6351214839010914 0.7241592573530692 0.757742024630578 0.8765423174252259 0.8864383344034712 0.598460487089528 0.9571055125081314 0.9726600722506288 0.869258293058333 0.8410622862734969 0.9851316718710704 0.9473621314656114 0.9341402988425033 0.8944796902272767 0.8915714129907577 0.8061289970761915 0.7018591907105539 0.6421202274617869 0.5779900598712518 0.49081634918267986 0.4058213078345685 0.15605436391734864 0.17536479009023592 0.08804707750218181 
0.3299261996612213 0.20002056003352747 0.16889754563308315 0.33901116088788363 0.4517952152833551 0.9423640710301664 0.6574587824789662 0.7241592573530692 0.757742024630578 0.8040656729046568 0.8948673643893493 0.5974760556668123 0.9656728114188177 0.9748726051465859 0.869258293058333 -0.05343832357256306 0.9675488284597914 0.9705341086187698 0.9412218680040859 0.898730377840383 0.8743175217654048 0.7985265765918153 0.7018591907105539 0.6476762898041919 0.6060305179984905 0.49081634918267986 0.3394243221970606 0.30484151024517014 0.1774626173660381 -0.5695712235321551 
0.3299261996612213 0.20130004965681625 0.16889754563308315 0.34062960092300665 0.44585161854143535 0.9423640710301664 0.64191316690436 0.7977349948722204 0.7613427820780747 0.8059499387075814 0.8948673643893493 0.8726254588361664 0.9571055125081314 0.9722892886050751 0.869258293058333 -0.04699818318729813 0.9985212191635767 0.9665497479479145 0.9412218680040859 0.28485609693370106 0.8743175217654048 0.7985265765918153 0.7262477743513726 0.24107720547407463 0.5842670807164413 0.49081634918267986 0.40100188365966766 0.14778580688496679 0.183563206388555 0.32487071145583124 
0.3299261996612213 0.20931806638650058 0.1745542288732967 0.34526114155951027 0.44999160192797016 0.518564638957298 0.6229536593825887 -0.6449088328856573 0.7617761078064528 0.876441958416936 0.8905631054821043 0.8755522432331214 0.981946607921039 0.9644991946846542 0.7749470021088036 0.8762362704241646 0.9767671195698844 0.9670872712032367 0.9439269490028094 0.893287414048455 0.8858184369191406 0.8034315796371331 0.7262477743513726 0.6490372560946466 0.5812314338025536 0.48973966561348503 0.4105349194545223 0.30484151024517014 0.19202225126456823 0.08356520402619819 
0.3299261996612213 0.20130004965681625 0.17780810471497965 0.344057193646303 0.44585161854143535 0.8613856138563845 0.6415760282524201 0.7976515706923799 0.7549811484351249 0.8765423174252259 0.8801828519204155 0.8751186189884524 0.9736023285776656 0.09676512933655279 0.8647006544718371 -0.04699818318729813 1.0 0.9556104727216179 0.9412218680040859 0.28485609693370106 0.8822856276406186 0.8031593112293768 0.7018591907105539 0.6421202274617869 0.5842670807164413 0.47383319272078483 0.3402110611940611 0.3101501597682688 0.19972815400541452 0.33125383975271255 
0.3299261996612213 0.20931806638650058 0.16479985042856646 0.3526772713233274 0.4517952152833551 -0.6428037264993056 0.6351214839010914 0.7241592573530692 0.757742024630578 0.8765423174252259 0.8864383344034712 0.598460487089528 0.9571055125081314 0.9726600722506288 0.869258293058333 0.8410622862734969 0.9851316718710704 0.9473621314656114 0.9341402988425033 0.8944796902272767 0.8915714129907577 0.8061289970761915 0.7018591907105539 0.6421202274617869 0.5779900598712518 0.49081634918267986 0.4058213078345685 0.15605436391734864 0.17536479009023592 0.08804707750218181 
0.3299261996612213 0.20130004965681625 0.17780810471497965 0.344057193646303 0.44585161854143535 0.8613856138563845 0.6415760282524201 0.7976515706923799 0.7549811484351249 0.8765423174252259 0.8801828519204155 0.8751186189884524 0.9736023285776656 0.09676512933655279 0.8647006544718371 -0.04699818318729813 1.0 0.9556104727216179 0.9412218680040859 0.28485609693370106 0.8822856276406186 0.8031593112293768 0.7018591907105539 0.6421202274617869 0.5842670807164413 0.47383319272078483 0.3402110611940611 0.3101501597682688 0.19972815400541452 0.33125383975271255 
0.3299261996612213 0.20931806638650058 0.1745542288732967 0.34526114155951027 0.44999160192797016 0.518564638957298 0.6229536593825887 -0.6449088328856573 0.7617761078064528 0.876441958416936 0.8905631054821043 0.8755522432331214 0.981946607921039 0.9644991946846542 0.7749470021088036 0.8762362704241646 0.9767671195698844 0.9670872712032367 0.9439269490028094 0.893287414048455 0.8858184369191406 0.8034315796371331 0.7262477743513726 0.6490372560946466 0.5812314338025536 0.48973966561348503 0.4105349194545223 0.30484151024517014 0.19202225126456823 0.08356520402619819 
0.3299261996612213 0.20130004965681625 0.17773439005815508 0.344057193646303 0.4517952152833551 0.863269269190791 0.6320635429015788 0.47102769397632754 0.7549811484351249 0.8040656729046568 0.8883823337194232 0.8751186189884524 0.9571055125081314 0.9581038082097442 0.8647006544718371 0.8410622862734969 0.9767671195698844 0.9556104727216179 0.9341402988425033 0.9182891635908217 0.8915714129907577 0.8049752550332832 0.7262477743513726 0.6421202274617869 0.5842670807164413 0.47551135880349554 0.3402110611940611 0.34600456702144006 0.183563206388555 -0.4340997447179895 
0.3299261996612213 0.20130004965681625 0.1801756231149115 0.33545196355834084 0.4517952152833551 0.5264467318569012 0.6237894986611817 0.7977349948722204 0.7617761078064528 0.8040656729046568 0.8849278860943881 0.8726254588361664 0.9644810727277129 0.5132110407281452 0.8647006544718371 -0.05343832357256306 0.9767671195698844 0.9590179239676226 0.9439269490028094 0.898730377840383 0.8844174999333103 0.8087076289738969 0.7018591907105539 0.6497176595190729 0.5842670807164413 0.4925262787886166 0.3329267674376769 0.30490837986749425 0.183563206388555 0.3295230592589371 
