1.0958431163665203 0.15513210786573972 
1.1029719626760928 0.15721610085432214 
1.1124291875149461 0.16099324855123534 
1.0958431163665203 0.15513210786573972 
1.1046968221590943 0.18738436567851505 
1.0838064344882352 0.18954180648853264 
1.0777945405284948 0.20604479328820152 
1.0559312019534213 0.21639461007244218 
1.044059708537523 0.22144713374439506 
1.0388981133998079 0.23022276246525725 
1.0280924379892447 0.24377829676574164 
1.026265364262054 0.253032727231557 
1.0260527673253967 0.26162702798224363 
1.0255666172851823 0.27526240092091087 
1.0196319885074208 0.24756868432532397 
1.0050286281822265 0.295018640183341 
0.9858376704012025 0.3097587989028309 
0.9858376704012025 0.3097587989028309 
0.9467093237823194 0.31902555033415136 
0.967921171278649 0.33073764475841644 
0.9766095740753382 0.3524984230084408 
0.9607849098299831 0.3523244399515614 
0.9651070172943039 0.3442209439781756 
0.9587470134389361 0.3688742770306391 
0.9467093237823194 0.31902555033415136 
0.961286011264711 0.3715148039179742 
0.9607849098299831 0.3523244399515614 
0.961286011264711 0.3715148039179742 
0.9506410887176169 0.4611177935377314 
0.9506410887176169 0.4611177935377314 
0.9131668267114232 0.4959768266087956 
0.9131668267114232 0.4959768266087956 
0.9109002718265495 0.5164316939556772 
0.886498053818459 0.5285669772492145 
0.900632300173093 0.5061313021406366 
0.886498053818459 0.5285669772492145 
0.876127996443054 0.5646956325589279 
0.876127996443054 0.5646956325589279 
0.8714628419696373 0.5906505083569058 
0.8602592801213773 0.6165313321961903 
0.8400701298672689 0.5932293040269092 
0.8400701298672689 0.5932293040269092 
0.8352370304477784 0.6403444024921929 
0.819792758112817 0.6065779703655567 
0.7823940536703717 0.6780936512947415 
0.7539707299338194 0.670345252400343 
0.7539707299338194 0.670345252400343 
0.7496930593024317 0.6934312268508508 
0.7558968979111773 0.7125270981985079 
0.7441186929258423 0.7350263361334356 
0.7257732439391507 0.7387252330562183 
0.7162921656996822 0.7623358627188693 
0.690926357596354 0.7700507889422444 
0.690926357596354 0.7700507889422444 
0.6826355681334533 0.7963902822737192 
0.677153017070416 0.7887244456698569 
0.6720854819602615 0.8051661935539649 
0.6686584226008584 0.7875717632624861 
0.6686584226008584 0.7875717632624861 
0.6720854819602615 0.8051661935539649 
0.5473242130821055 0.9282471385735319 
0.5473242130821055 0.9282471385735319 
0.535512371027516 0.9297681678316942 
0.5418770200476328 0.9420552015005702 
0.5129716098298133 0.9513293288077764 
0.5249469884051657 0.9481053352481945 
0.5418770200476328 0.9420552015005702 
0.5198100937363381 0.9546779514158974 
0.5150471935576553 0.9527973870871673 
0.49384696973108216 0.9728801964635698 
0.48270291878374194 0.9857497506550843 
0.44563717957475935 0.9892997660053723 
0.44168152385360426 0.9914846069384512 
0.44563717957475935 0.9892997660053723 
0.4315957852900112 1.0018696994635825 
0.4292445095807904 1.0172048677968744 
0.41942743895178436 1.016149135729414 
0.2666274252449023 1.0683315394664357 
0.277415643070242 1.0657973264668412 
0.277415643070242 1.0657973264668412 
0.25780876434783184 1.0652713632464625 
0.26844808914054846 1.0625155645812954 
0.25780876434783184 1.0652713632464625 
0.26844808914054846 1.0625155645812954 
0.2617096941529722 1.064363773271277 
0.2791639532279789 1.06737539796816 
0.2672939484064488 1.0732144281169613 
0.27006714624046385 1.0667107212831501 
0.25673121500462565 1.0741560367395488 
0.22863417887163778 1.0751585625931908 
0.23232885536435804 1.079350057925086 
0.22844555797306673 1.0784622076931432 
0.19257181779027333 1.1043037654788206 
0.19257181779027333 1.1043037654788206 
0.19500693428987748 1.1374376930568155 
0.17858445323811215 1.1419791603780434 
0.16186703817464196 1.1475889829241992 
0.15438552811209033 1.131199484614056 
0.15438552811209033 1.131199484614056 
0.17604005529855649 1.1597306994912464 
