0.9890848342705578 1.6160484645530182 1.3866296823545594 0.7491927508088356 1.8725382879583217 1.8247141356919634 1.3735808054376306 -1.3228845388053467 -1.825410369011634 -1.0874003077569432 1.6966674313105365 -1.3610701183118044 -0.6995070110958003 1.5825496323176422 -1.564536470536915 1.954379104728081 1.0692338795235865 -0.4399800205360596 -1.6070260970675427 -1.6524667693780315 -1.5000717589891877 -1.8296345952006101 -1.5686643104230864 0.4821538436318635 -1.175573935488468 -1.1366455005952758 -1.1403777910121022 -1.292696542855628 -1.5307038454443231 -1.711289475361836 
0.9890848342705578 1.6251718774532635 1.3749289603576822 0.734076446842923 -1.5556487952478821 1.812881833583087 -1.8449797506390846 -1.3221014463222973 -0.14105016568424517 1.676540141870425 1.692125277282649 -0.9232483544357186 -1.9647874833217496 1.588315148840121 -1.5770888023694745 -1.488516905563728 -0.06740401088049985 -1.2273934874898538 -1.622938136248692 -0.5607485157238942 -1.4808715061544075 -0.8147941442772167 -1.5534251763949225 -1.6451815007594808 -0.4044293214051418 -1.1154636933279483 -1.7129962238745517 -0.7820021993182765 -1.5300795256675808 -1.7254542934692265 
0.9890848342705578 1.612010668411094 1.3866296823545594 1.197823324425208 1.3434775613795917 1.0432882472648433 1.3735808054376306 -1.3170813825287873 -1.825410369011634 -1.0874003077569432 0.21137689824962075 1.1053975743544 -1.9566249468997188 0.9034511361118915 -1.564536470536915 1.954379104728081 1.0692338795235865 -1.220644445741488 -1.6235309024528877 0.663070798953976 -0.03174248817433942 -0.8035582351438073 -1.5506578273694454 0.4885129510315693 -1.1695847119079192 -1.1357157101912978 -1.7103131352264527 -1.8851870125589307 -1.0838882693413967 -1.711289475361836 
0.9890848342705578 1.6160484645530182 1.3866296823545594 0.7491927508088356 1.8725382879583217 1.8247141356919634 1.3735808054376306 -1.3228845388053467 -1.825410369011634 -1.0874003077569432 1.6966674313105365 -1.3610701183118044 -0.6995070110958003 1.5825496323176422 -1.564536470536915 1.954379104728081 1.0692338795235865 -0.4399800205360596 -1.6070260970675427 -1.6524667693780315 -1.5000717589891877 -1.8296345952006101 -1.5686643104230864 0.4821538436318635 -1.175573935488468 -1.1366455005952758 -1.1403777910121022 -1.292696542855628 -1.5307038454443231 -1.711289475361836 
0.9831675393695272 1.9081214433598603 1.3879682162599765 0.7305590927469235 -1.5090393866944851 1.8096308161093333 -1.8449797506390846 0.15189911771000345 1.3672500759263964 -1.092160137212592 0.2009889976931746 1.4102511276852916 1.811407402803105 1.588315148840121 -1.2072945590510633 1.2433345053340454 -1.7812622715469537 -1.2327633588281277 -1.6142882429085341 1.6289007159989173 -0.029020811470785557 -0.8043566944399443 -1.5686953161739028 -1.6480917308016845 -1.1786986591279989 -1.1154636933279483 -1.7011484143031022 -1.2966330481454502 -1.5378608670760505 -1.7074214764127427 
0.981854448501806 1.611934729095004 1.3729489374770947 0.7491927508088356 -1.548505975410469 1.8247141356919634 1.3758210211731337 -1.3228845388053467 -1.825410369011634 1.676540141870425 1.6966674313105365 -0.6838596259200407 -1.9647874833217496 1.5783494808335712 -1.564536470536915 1.954379104728081 -0.06740401088049985 -0.4371496985269533 -1.6218486813843933 -0.5607485157238942 -1.5000717589891877 -1.8296345952006101 -1.5686643104230864 0.4821538436318635 -1.175573935488468 -1.1366455005952758 -1.1352820511145298 -1.3003425533601156 -1.5255237848723897 -1.711289475361836 
0.9436750241955502 1.9062285031548472 1.3728015373523401 1.2040355561628227 1.339537067370271 1.8215318980224966 1.3711635325588283 -0.8480130367587623 -0.14105016568424517 1.694345203467275 0.2148858987242357 -1.37063114860154 1.4674094335351997 1.5811876558187974 -0.45706608256056397 -1.48051381816094 -1.0401740639063846 -0.6995038314902253 1.6365808584000296 -1.2058698959810783 0.07928606362423209 -0.7956478796238061 -0.04139943624413261 -1.6422197241315366 -1.1622444003744086 -1.1139570233534606 -1.152291171647512 -1.2869040043048976 -1.5285253180867082 -1.7125433806537527 
0.956834675093977 1.9062285031548472 1.366946656654579 0.7423256681863692 1.3360585581826718 1.0384591932124105 -1.8354760327081352 -1.3177522368373582 1.4353976724286732 1.697189080409028 1.692125277282649 1.4098680844378195 1.5529015361632952 1.588315148840121 -1.56440033842815 -1.48051381816094 1.0552271730546419 -0.7046560947846012 -1.6230201667755897 1.6300260173707155 -1.4808715061544075 -0.8209649650363692 -1.5686643104230864 -1.6531401842959657 -1.168885252051037 -1.1291478965374322 -1.1403777910121022 -1.3460240232029506 -1.5301209131859101 -1.7125433806537527 
0.9597703044678011 1.9081214433598603 1.366946656654579 0.7305590927469235 1.8725382879583217 1.8011466066733135 -1.8449797506390846 0.15189911771000345 1.3672500759263964 1.6974987684908802 1.692125277282649 1.4172549534657732 1.5529015361632952 1.588315148840121 -1.5608272929036722 0.3195911342883189 -1.7812622715469537 -1.2327633588281277 -1.6226073797312095 1.6323255549007476 -1.5000717589891877 0.2974529815325161 -1.5763742068433881 -1.6531401842959657 -1.7887020140328878 -1.1291478965374322 -1.1330313572106012 -1.2966330481454502 -1.529979977301048 -1.7062208067680786 
0.9491218651724909 1.9062285031548472 1.3749289603576822 0.7491927508088356 1.8725382879583217 1.826439783306895 -1.8354760327081352 -1.3177522368373582 1.4278034972413458 1.697189080409028 1.692125277282649 1.4098680844378195 1.5556632140804547 1.5769602020378546 -1.5551553358911523 0.3195911342883189 1.0692338795235865 -0.4399800205360596 -1.611177408383765 -1.2090673006540078 -1.5000717589891877 0.2974529815325161 -1.5686643104230864 -1.6531401842959657 -1.7887020140328878 -1.1154904058595803 -1.1403777910121022 -1.292696542855628 -1.529979977301048 -1.7070875934845242 
0.9436750241955502 1.9062285031548472 1.3749289603576822 0.7423256681863692 1.3649098979455212 0.7299562138745017 1.3704705583860974 -1.3199924829732286 -0.14105016568424517 1.6905070368394601 1.6945257640141622 1.4116499921227776 1.5556632140804547 1.5719511353611528 -1.5551553358911523 -1.4711852727835144 -1.0401740639063846 -0.6995038314902253 -0.4086026791174679 -1.2090673006540078 -1.5036859121846098 0.29174297733757143 -1.5486988949489193 -1.6454246386854705 1.085717531992783 1.2838157266064778 -1.7181860076503928 -1.2869040043048976 -1.5333868199151743 -1.7070875934845242 
0.9277988964821218 1.612010668411094 1.3686436545000449 1.2005842478774036 1.339537067370271 0.8932312162282298 1.3711635325588283 -1.3158068291482345 -0.14148121828753715 1.6905070368394601 1.6873048120413474 1.410352833276314 1.4587991803956184 -1.3588214780753107 -1.5708934846493867 1.9617561297396475 1.8488040540912734 -1.2246178367957248 -0.4086026791174679 1.6300260173707155 -1.488842599984366 -0.3144352476535568 -1.5507284662795033 -1.6484920222258501 1.094060429455645 -1.1357157101912978 -1.7103131352264527 -1.2932247730671689 -1.5333868199151743 -1.7083392376891733 
0.9277988964821218 1.612010668411094 1.3749289603576822 0.7423256681863692 1.3483330269949445 1.0384591932124105 1.3902728339563353 -1.3158068291482345 -0.14148121828753715 1.6905070368394601 1.692125277282649 1.410352833276314 1.4551511406122877 1.4163826126231949 -1.5708934846493867 1.9610957588156155 1.8488040540912734 -1.221009861498877 -0.4086026791174679 1.6393776655109136 -1.482080470645692 -0.8143131288819454 -1.5486988949489193 -1.6531401842959657 1.094060429455645 1.2838157266064778 -1.7181860076503928 -1.2785321694970484 -1.5333868199151743 -1.715296255511126 
0.9239232621471142 1.6208535893891074 1.3749289603576822 0.734076446842923 1.338845705561024 0.8811925463667238 1.3711635325588283 0.12739629443106837 -0.14105016568424517 1.676540141870425 1.692125277282649 -0.9232483544357186 -1.9647874833217496 1.588315148840121 -0.45735257207548663 -1.488516905563728 1.060617390291351 -0.42138909152381065 -1.6230201667755897 1.6300260173707155 -1.4808715061544075 -0.8055104394963891 -1.5353028814717404 -1.6451815007594808 -1.1662957333802018 -1.1267259642708352 -1.152291171647512 -1.2818177911175852 -1.5304447634841392 -1.7125433806537527 
0.9277988964821218 1.6208535893891074 1.3749289603576822 1.2040355561628227 1.339537067370271 1.0384591932124105 1.3711635325588283 -0.8480130367587623 -0.14105016568424517 1.676540141870425 1.692125277282649 -1.37063114860154 1.4661157148443913 0.21337294482630428 -1.564859962159072 -1.48051381816094 1.0692338795235865 -0.7046560947846012 -1.6230201667755897 1.6300260173707155 -1.4808715061544075 -0.8122632385651019 -1.550682322065097 -1.6534452567091573 -1.168885252051037 -1.1139570233534606 -1.7103131352264527 -1.2985729857764161 -1.0920307401180407 -1.7125433806537527 
0.9193321446488899 1.641429801021215 1.3749289603576822 1.2040355561628227 1.3344201427779956 -1.8598652725507843 1.365255691628193 -1.3112794744356788 1.3748020942492438 1.6980185203444207 1.692125277282649 -1.7555278008133333 1.8152970444588121 0.21337294482630428 -1.564859962159072 -1.490117079587893 1.848997076351402 -0.4313488690852308 -1.2774746644482629 1.6255814183651867 -1.4804627775312358 -0.8122632385651019 1.5270403210221224 1.1699993284051695 -1.168885252051037 -1.1226057151012299 -1.7066685780439115 -1.2985729857764161 -1.5410785616906564 -1.708808589864197 
0.8927077608602123 1.602882096114198 1.3749289603576822 1.2005842478774036 1.339537067370271 0.8858372409630848 1.3745958331443497 0.12739629443106837 1.366143196448143 1.6905070368394601 1.692125277282649 1.4085426936470549 1.4535621241450687 1.5825506627194053 -1.5703784813343857 1.9695606610613359 1.8530701549862156 -0.4414791079204051 -0.41340591619276745 1.6300260173707155 0.09298480127755812 -0.8055104394963891 -1.5486988949489193 -1.6484920222258501 1.1029859286471677 1.2838157266064778 -1.7139327113283376 -1.2785321694970484 -1.5333868199151743 -1.7083392376891733 
0.8927077608602123 1.602882096114198 1.3749289603576822 1.2005842478774036 1.339537067370271 0.8858372409630848 1.3745958331443497 0.12739629443106837 1.366143196448143 1.6905070368394601 1.692125277282649 1.4085426936470549 1.4535621241450687 1.5825506627194053 -1.5703784813343857 1.9695606610613359 1.8530701549862156 -0.4414791079204051 -0.41340591619276745 1.6300260173707155 0.09298480127755812 -0.8055104394963891 -1.5486988949489193 -1.6484920222258501 1.1029859286471677 1.2838157266064778 -1.7139327113283376 -1.2785321694970484 -1.5333868199151743 -1.7083392376891733 
0.8896710129790281 1.615151598633847 1.3941088962906731 1.1976774065226767 1.3483330269949445 -1.3616264209248152 1.3902728339563353 -1.3199458304652534 1.9786174128735603 1.6945471555124436 1.692125277282649 -0.12790968514170534 1.8152970444588121 1.5790667872155182 -0.45706608256056397 1.9610957588156155 1.848997076351402 -1.221009861498877 -1.6154295853249496 1.609648433859945 0.09509129471480687 0.283624206149187 -1.5486988949489193 -1.6539794166919073 -1.1732265871538314 -1.1104210168788078 -1.1057384321413462 -1.2785321694970484 -1.529979977301048 -1.715296255511126 
0.8896710129790281 1.6259832819448625 1.3941088962906731 1.1976774065226767 1.865756840321391 -1.8643176593211732 0.5720728259498206 1.2338343924811124 1.9786174128735603 1.2321483195281622 1.6782564580387296 -0.12221676982351753 1.811407402803105 1.283630427784575 -0.44331200469908233 -1.4776903075981753 1.856063840513871 -0.4436275667020281 -1.8846371460029094 1.6228053670235054 -1.4808715061544075 -0.9759820052485099 1.5222057476996924 -1.6534452567091573 -1.1732265871538314 -1.1139570233534606 -1.1053511780500358 0.6781743215740765 -1.0762498687220825 -1.695876839680134 
0.8896710129790281 -1.1146764471549147 1.3728015373523401 0.5921768225325844 1.339089202637543 1.0384591932124105 0.7035891814398928 0.14350015586306358 1.9813883382424928 1.6923925053755773 1.6861477120789108 -1.37063114860154 1.4661157148443913 1.2742086905545287 -1.556856463579091 -0.1994496755044639 1.0692338795235865 -0.4313488690852308 -1.6052234693080076 1.6225575135706611 0.1762154845858797 0.31967380183164806 -1.5418630360339038 1.1794657562331052 -1.168885252051037 -1.1139570233534606 -1.7216662255306485 1.693277596426649 -1.0920307401180407 -1.7021958338787675 
0.8848025357769671 1.9062285031548472 1.3728015373523401 0.7413879608245979 -1.0308421410114348 1.8159382605833185 0.6947486075947896 -1.3177522368373582 1.366143196448143 1.6945471555124436 1.692125277282649 0.46888411625330634 1.8152970444588121 1.5790667872155182 -0.45706608256056397 0.3195911342883189 1.848997076351402 -0.4450276223138284 -1.611177408383765 -1.2058698959810783 0.09509129471480687 0.283624206149187 -0.04139943624413261 -1.655122328630321 -1.7857658080451306 -1.1154904058595803 -1.1406242986500732 1.693277596426649 -1.529979977301048 -0.3419181644174059 
0.891835446919443 1.641429801021215 1.3910200248106015 -1.9482054526316066 1.864273924746199 -1.8549484738068764 0.6975713392067909 0.15259711072024884 1.9813883382424928 1.7021911575133446 1.6782564580387296 1.4102511276852916 1.811407402803105 1.283630427784575 -0.45706608256056397 -0.1994496755044639 1.848997076351402 -0.4414791079204051 -1.8846371460029094 1.6255814183651867 -1.4978695298652906 0.283624206149187 1.5270403210221224 1.1794657562331052 -1.1732265871538314 -1.1154904058595803 -1.1195130580801524 1.693277596426649 -1.0870533042400499 -1.6979828051429815 
0.8848025357769671 -1.124506974607507 1.3749289603576822 0.7413879608245979 -1.0308421410114348 1.8159382605833185 1.3745958331443497 -1.3112794744356788 1.3748020942492438 1.6980185203444207 1.692125277282649 -1.37063114860154 1.8152970444588121 1.5734581857583825 -1.5667195384422492 0.3195911342883189 1.8530701549862156 -0.4313488690852308 -1.2774746644482629 1.6300260173707155 0.09520835542975482 -0.8055104394963891 -1.5486988949489193 1.176839966815093 -1.7857658080451306 -1.1226057151012299 -1.7264370608558188 1.6995380786435619 -1.5410785616906564 -1.7083392376891733 
0.8896710129790281 1.615151598633847 1.3941088962906731 1.1976774065226767 1.3483330269949445 -1.3616264209248152 1.3902728339563353 -1.3199458304652534 1.9786174128735603 1.6945471555124436 1.692125277282649 -0.12790968514170534 1.8152970444588121 1.5790667872155182 -0.45706608256056397 1.9610957588156155 1.848997076351402 -1.221009861498877 -1.6154295853249496 1.609648433859945 0.09509129471480687 0.283624206149187 -1.5486988949489193 -1.6539794166919073 -1.1732265871538314 -1.1104210168788078 -1.1057384321413462 -1.2785321694970484 -1.529979977301048 -1.715296255511126 
0.8848025357769671 1.6233186678074034 1.3749289603576822 0.7413879608245979 -1.0339579698923946 1.8159382605833185 1.3711635325588283 -1.3224480849654137 1.3748020942492438 1.6980185203444207 1.692125277282649 -1.3739707154417569 1.8152970444588121 0.20447085059020123 -1.5667195384422492 0.3286062910513439 1.0692338795235865 -0.6981764362760835 -1.6230201667755897 1.6306761879914964 0.09520835542975482 -0.8055104394963891 -1.550682322065097 1.176839966815093 -1.7857658080451306 -1.1645320179276508 -1.7264370608558188 -1.3003152962383029 -1.5465004056842317 -1.7083392376891733 
0.8848025357769671 1.9062285031548472 1.3728015373523401 0.7413879608245979 -1.0308421410114348 1.8159382605833185 0.6947486075947896 -1.3177522368373582 1.366143196448143 1.6945471555124436 1.692125277282649 0.46888411625330634 1.8152970444588121 1.5790667872155182 -0.45706608256056397 0.3195911342883189 1.848997076351402 -0.4450276223138284 -1.611177408383765 -1.2058698959810783 0.09509129471480687 0.283624206149187 -0.04139943624413261 -1.655122328630321 -1.7857658080451306 -1.1154904058595803 -1.1406242986500732 1.693277596426649 -1.529979977301048 -0.3419181644174059 
0.8848025357769671 1.6233186678074034 1.3749289603576822 0.7413879608245979 -1.0339579698923946 1.8159382605833185 1.3711635325588283 -1.3224480849654137 1.3748020942492438 1.6980185203444207 1.692125277282649 -1.3739707154417569 1.8152970444588121 0.20447085059020123 -1.5667195384422492 0.3286062910513439 1.0692338795235865 -0.6981764362760835 -1.6230201667755897 1.6306761879914964 0.09520835542975482 -0.8055104394963891 -1.550682322065097 1.176839966815093 -1.7857658080451306 -1.1645320179276508 -1.7264370608558188 -1.3003152962383029 -1.5465004056842317 -1.7083392376891733 
0.8249431018823968 -1.789862322427109 1.7038978234194735 0.5921768225325844 -0.5172071324732506 -1.159350005537589 0.5649946517337848 0.15434087272596378 0.7076536392618291 1.7002153037612548 1.5316482154629931 0.8013687836968746 -1.9495892642278707 1.3073573223918733 0.23301970608335737 0.3280867759848737 0.1331678058282415 1.4834476930043117 1.3070579898963786 0.19265718735067539 1.9859720959394722 -0.9788165885124498 1.530720986191366 0.9976130241613848 -0.5974949659812685 1.790912300743624 1.5949163056766484 1.9255900405209436 -1.0764412927633467 -0.9012362011802647 
0.8249431018823968 -1.789862322427109 1.7038978234194735 0.5921768225325844 -0.5172071324732506 -1.159350005537589 0.5649946517337848 0.15434087272596378 0.7076536392618291 1.7002153037612548 1.5316482154629931 0.8013687836968746 -1.9495892642278707 1.3073573223918733 0.23301970608335737 0.3280867759848737 0.1331678058282415 1.4834476930043117 1.3070579898963786 0.19265718735067539 1.9859720959394722 -0.9788165885124498 1.530720986191366 0.9976130241613848 -0.5974949659812685 1.790912300743624 1.5949163056766484 1.9255900405209436 -1.0764412927633467 -0.9012362011802647 
0.7750343237998759 -0.461467560326954 0.38580966597660604 0.5901105301210592 -0.5243843612791662 -1.8580781521638978 0.5772410793870887 -1.7278626100696939 2.0 1.7021911575133446 1.4229971549079685 -0.11961768813065286 -0.2797021014820486 1.6352367130545515 0.22880388170594987 -0.2063659500378679 -0.9162228314579646 1.4934416020774062 1.3132725784623318 0.19265718735067539 -0.0823253393885897 -0.9788165885124498 1.5096502718711913 1.0054493475494166 1.1740599235113307 1.7999131782349975 1.5949163056766484 -1.2940414723335076 -1.078093915520652 -0.8890123012329977 
0.7750343237998759 -0.461467560326954 0.38580966597660604 0.5901105301210592 -0.5243843612791662 -1.8580781521638978 0.5772410793870887 -1.7278626100696939 2.0 1.7021911575133446 1.4229971549079685 -0.11961768813065286 -0.2797021014820486 1.6352367130545515 0.22880388170594987 -0.2063659500378679 -0.9162228314579646 1.4934416020774062 1.3132725784623318 0.19265718735067539 -0.0823253393885897 -0.9788165885124498 1.5096502718711913 1.0054493475494166 1.1740599235113307 1.7999131782349975 1.5949163056766484 -1.2940414723335076 -1.078093915520652 -0.8890123012329977 
0.782341039555098 -1.789862322427109 1.7038978234194735 0.5824368718202835 1.4084682373739423 1.8122018636662562 0.5720728259498206 0.14878732075208778 1.9876305578266684 1.225614164323176 1.421643423915315 -0.12042018658694016 1.806356141647751 -0.18885593286520164 1.4871200991212494 -1.7789698637688904 1.0646524843069207 1.4826788484193962 1.3138660764291838 0.39348587943643204 -0.6655851783779708 -0.9788165885124498 1.5105260152032887 -1.5361543735409304 1.1740599235113307 -1.2507169954123822 -0.3764196761179132 0.6781743215740765 1.1565155382695118 -0.9163104432345305 
0.7750343237998759 1.3241396219346937 -0.7681080072856998 0.7494676448066995 -0.5206464782011386 -1.159350005537589 0.5786446888168965 -1.3137592450432733 0.7036415058915348 1.6980185203444207 1.421643423915315 -0.12042018658694016 1.8152970444588121 0.20531343511114217 1.4871200991212494 -0.19534316137693286 1.857399076873157 -0.6981764362760835 1.3093511347548543 0.3877712100612785 -0.6732647998619142 -0.8055104394963891 1.5096502718711913 1.176839966815093 1.1740599235113307 1.790912300743624 1.5949163056766484 -1.3003152962383029 1.1659744180111116 -0.9153947839394152 
0.7750343237998759 1.3241396219346937 1.7038978234194735 0.5849260995402599 -0.515513046653973 -1.159350005537589 0.5720728259498206 0.19713398826784342 0.7099172672454408 1.225614164323176 1.421643423915315 -0.12042018658694016 1.8037207523460952 1.6236730724847221 1.4871200991212494 -0.19534316137693286 1.857399076873157 1.4834476930043117 1.3093511347548543 0.3877712100612785 0.18592509894266077 -0.9788165885124498 1.5096502718711913 0.9976130241613848 1.1740599235113307 1.790912300743624 1.5949163056766484 0.6781743215740765 -1.067640616008981 1.2918895275500035 
0.7750343237998759 1.3241396219346937 -0.7681080072856998 0.7494676448066995 -0.5206464782011386 -1.159350005537589 0.5786446888168965 -1.3137592450432733 0.7036415058915348 1.6980185203444207 1.421643423915315 -0.12042018658694016 1.8152970444588121 0.20531343511114217 1.4871200991212494 -0.19534316137693286 1.857399076873157 -0.6981764362760835 1.3093511347548543 0.3877712100612785 -0.6732647998619142 -0.8055104394963891 1.5096502718711913 1.176839966815093 1.1740599235113307 1.790912300743624 1.5949163056766484 -1.3003152962383029 1.1659744180111116 -0.9153947839394152 
0.7388587269235268 -1.2111378541958278 -1.8772645042941727 0.5826989950347297 -1.8694230535747463 -1.1705237237344928 -0.8507109141340286 -1.7278626100696939 1.990585787277957 -1.8815176570114724 1.421643423915315 0.8013687836968746 1.804906170521281 -1.307255686143885 0.2574367614495257 -1.7782917341158682 0.1331678058282415 -1.2165409433139867 -1.604478624619931 -1.8417420390274173 -0.07623448353324397 -0.45558164201687024 -1.9104082575483603 0.4889520909718822 -0.5974949659812685 1.802469030523057 1.5949163056766484 1.9208992860741705 -1.6399534735552856 0.41324137047000753 
0.7388587269235268 -1.2111378541958278 -1.8772645042941727 0.5826989950347297 -1.8694230535747463 -1.1705237237344928 -0.8507109141340286 -1.7278626100696939 1.990585787277957 -1.8815176570114724 1.421643423915315 0.8013687836968746 1.804906170521281 -1.307255686143885 0.2574367614495257 -1.7782917341158682 0.1331678058282415 -1.2165409433139867 -1.604478624619931 -1.8417420390274173 -0.07623448353324397 -0.45558164201687024 -1.9104082575483603 0.4889520909718822 -0.5974949659812685 1.802469030523057 1.5949163056766484 1.9208992860741705 -1.6399534735552856 0.41324137047000753 
0.7388587269235268 1.3163781182871792 -1.8985983317494641 0.5826989950347297 1.2375088899599906 -1.1762517417328526 -0.8507109141340286 -1.7278626100696939 1.0651114264965638 -1.8815176570114724 -1.706793054370629 0.8013687836968746 1.807246512415586 1.2723392593785863 0.2611996126633761 1.9412311265323194 1.0646524843069207 -1.9747884781871052 -1.604478624619931 0.19265718735067539 -0.08587944482239139 -0.4600985328441797 -1.9104082575483603 0.4889520909718822 -0.5889371583612142 1.802469030523057 1.5913663619118703 -0.7796633128042163 -1.0594200879778826 0.41324137047000753 
0.7382565437439451 1.3200445632730882 -1.890854087462984 0.5824368718202835 -0.518311532925107 -1.8547521318003535 0.5799271791626334 0.20302100700217315 1.9843713977563593 -1.8815176570114724 0.488924866575037 0.4622158217416241 -1.9219284001999024 1.283630427784575 0.2640438888577137 1.9412311265323194 1.0646524843069207 1.3388391140280644 -1.5969342306614893 0.19265718735067539 -0.07488781408985062 -0.970584094939074 1.0579338626522699 0.9976130241613848 -0.5989883999062252 0.05689053562478358 1.3901626174582122 -0.7796633128042163 1.1565155382695118 -0.9075552693656916 
0.7314395371476188 -1.211322404382429 -1.8772645042941727 0.9954031819882676 1.2373794786176118 -1.180043956738119 0.5595266467210884 -1.7278626100696939 1.0651114264965638 1.225614164323176 -1.706793054370629 -0.12042018658694016 -1.9369426971118202 -0.023826906396027844 0.24669047086339066 1.7517258526405701 0.13462997368094223 1.4754868113868798 1.3140840009312809 0.3778350106357563 -0.08587944482239139 -0.46419971813534633 -1.9104082575483603 0.4889520909718822 1.1740599235113307 1.8016259127067975 1.8329484704003518 1.9208992860741705 -1.0594200879778826 -0.8890123012329977 
0.7314395371476188 -1.211322404382429 -1.8772645042941727 0.9954031819882676 1.2373794786176118 -1.180043956738119 0.5595266467210884 -1.7278626100696939 1.0651114264965638 1.225614164323176 -1.706793054370629 -0.12042018658694016 -1.9369426971118202 -0.023826906396027844 0.24669047086339066 1.7517258526405701 0.13462997368094223 1.4754868113868798 1.3140840009312809 0.3778350106357563 -0.08587944482239139 -0.46419971813534633 -1.9104082575483603 0.4889520909718822 1.1740599235113307 1.8016259127067975 1.8329484704003518 1.9208992860741705 -1.0594200879778826 -0.8890123012329977 
0.7273010288882703 1.3291050932234474 -1.8830895990939913 1.9251741271655447 1.2373794786176118 -1.8540002480821516 0.5753960551839576 0.5957458922700047 0.8680629315104492 1.6704523926748238 -1.7266880680804013 1.3673296095431442 -0.7278517451397712 0.6457633498883029 0.2377245464743341 -1.948571357536542 0.12607560884711838 0.34715000332081747 -1.5987638859195463 1.12163704007156 -1.8126136371318 0.29373999320541827 -0.35064661480237413 1.0075734031331816 -0.5927424279648044 1.7999131782349975 -1.8458971773221549 -1.2940414723335076 0.8852674275684445 -0.9012362011802647 
0.7314395371476188 -1.2223431366874362 -1.888895799122863 0.9954031819882676 1.2373794786176118 -1.8701608749727676 -0.8315623892293575 0.5957458922700047 0.8680629315104492 1.1579969475629066 -1.706793054370629 1.3673296095431442 -1.9369426971118202 -0.03269240386324695 0.22880388170594987 -1.948571357536542 0.12607560884711838 1.4754868113868798 0.7668601786587912 1.5766998570614517 -1.8126136371318 0.303491976059592 1.5136759493252345 1.0054493475494166 -0.603895262867487 1.794917979234473 1.8329484704003518 -1.2940414723335076 -1.1028824223060805 -0.8890123012329977 
0.637092423904948 1.3302758047251062 1.3744864447298013 1.9300855319210792 1.8985008017527791 -1.8668109122673064 -0.5791944481078841 1.0896151406245336 0.6896810909979321 -1.3292109722566603 -1.7282372864907491 -1.1947301494074671 1.527360838404583 -1.5156356196669611 0.24616084494884616 -1.7690324694938553 1.8737803033533353 1.0906437824915594 -1.6224510861301127 -1.121753270812205 -1.2138608287580737 -1.429936458705196 1.3488260402384307 0.9118127800113373 -0.8814137121515631 -1.7405460997085367 -1.9698494773648436 -1.6796728713799656 -1.6376218845134014 -0.7334276994025656 
0.6372161582129517 1.4193806940730154 -0.2756143717858209 1.9304593892012218 1.8923237402615105 -1.8583061642820677 -0.8507109141340286 0.20388474169615123 0.6965972022348186 -1.8735809207177196 -1.7282372864907491 -1.2040049354809765 1.841644830201575 0.6459470236140143 0.25149561666389936 -1.7700107653172283 1.8737803033533353 -1.225355244816477 -1.620105693767096 -0.8199031791309066 -1.2075166582094112 -0.45289050866861785 -1.9646495249082079 -1.066808746143459 -0.8858115069832724 -1.7405460997085367 -1.8563614360432492 -1.6157765572685312 -1.6376218845134014 0.41324137047000753 
0.6372161582129517 1.4193806940730154 -0.2756143717858209 1.9304593892012218 1.8923237402615105 -1.8583061642820677 -0.8507109141340286 0.20388474169615123 0.6965972022348186 -1.8735809207177196 -1.7282372864907491 -1.2040049354809765 1.841644830201575 0.6459470236140143 0.25149561666389936 -1.7700107653172283 1.8737803033533353 -1.225355244816477 -1.620105693767096 -0.8199031791309066 -1.2075166582094112 -0.45289050866861785 -1.9646495249082079 -1.066808746143459 -0.8858115069832724 -1.7405460997085367 -1.8563614360432492 -1.6157765572685312 -1.6376218845134014 0.41324137047000753 
0.637092423904948 1.3302758047251062 1.3744864447298013 1.9310294841492457 1.8917378396665867 -1.8668109122673064 -0.8507109141340286 0.2018318716505339 0.6896810909979321 -1.866807860178262 -1.7285474840990829 -1.1979226337074675 -0.7322552701582766 -1.303901409534776 -0.35977503344802786 1.976842187630205 0.8756384429207111 -1.2287232483613468 -1.6160712433492588 -1.1423500944389418 -1.2138608287580737 -0.44316035203936804 1.3522790919624041 -1.077281665319886 -1.168885252051037 0.045446964504086765 -1.9602359180024893 -1.6796728713799656 -1.6376218845134014 0.42580029793213786 
0.6298822739282136 1.3291050932234474 1.3744864447298013 1.9310294841492457 1.8923237402615105 -1.4635381225590591 -0.8507109141340286 0.15409549031988679 0.693834846807956 1.6611417930755872 -1.7330377074649925 -1.2040049354809765 -0.7278517451397712 0.6457633498883029 1.875467321415894 -1.7689663445465524 1.87081857685906 0.34715000332081747 -1.607779271053427 1.12163704007156 -1.477404378658523 -1.4372476502770952 -0.35064661480237413 -1.0779913031261144 -0.8984237561182926 0.49442771224183535 -1.8491447766097995 -1.6157765572685312 -1.6469096211883043 0.4182826283886025 
0.6192670033480795 -0.802083346920553 1.3811217858083418 1.9310294841492457 -0.3811293075565838 -1.807473664057673 1.267489274088001 0.574401719983744 0.683612106308692 1.7007237676545477 -1.7330377074649925 -1.196166914380314 0.20714860806227622 0.6457633498883029 0.25756769581691935 -1.7693816974194025 0.8756384429207111 -1.2117877365428624 -1.6111780220804792 -1.9137176457026552 -1.4931487377647785 -0.7736684639361466 -0.3589789816899828 0.6126568228941913 -0.875367357840453 0.4976392570658342 0.6095434092933574 -1.6157765572685312 -1.0984199902605274 -1.3440855188764504 
0.6192670033480795 -1.7984355413765325 1.3725885041019286 1.9248013555502241 -0.3811293075565838 -1.807473664057673 1.263036216794415 0.5646961647272414 0.683612106308692 1.702831722133374 -1.7373669539099361 -1.2040049354809765 1.527360838404583 0.6376213841680973 0.006727316603947209 -1.7693816974194025 0.8756384429207111 -1.225355244816477 -1.6224510861301127 -1.9137176457026552 -1.1976683825658165 -0.7740663887700299 -1.9646495249082079 0.6126568228941913 -0.8858115069832724 0.4976392570658342 -1.8563614360432492 -1.6157765572685312 -1.099768642911256 -1.3440855188764504 
0.604077208288629 1.3159585725333434 1.3744864447298013 1.9310294841492457 1.8923237402615105 -1.8707940521524837 1.267489274088001 0.15409549031988679 0.693834846807956 1.6672803027815188 -1.7330377074649925 1.4102511276852916 1.7988187917743124 0.6457633498883029 -0.38039328880596035 -1.7689663445465524 1.87081857685906 -1.234460954508131 -1.607216503017183 0.6596264433399572 -1.477218384826834 -1.4373589783026544 -0.35270701406412847 -1.079253930313258 -0.895269383408827 -1.4636136511486915 -1.972319489478706 0.6781743215740765 -1.088599413402038 0.4283205437589284 
0.595002438013107 -1.799077553989785 -0.2756143717858209 -1.9319127787337573 1.8923237402615105 -1.8669196533027739 -0.5806798068253415 1.0814869561903553 0.693834846807956 1.6979189717324592 -1.7282372864907491 1.416128476176443 1.841644830201575 0.6459470236140143 0.25149561666389936 -1.7693816974194025 0.8756384429207111 -1.2155758180424157 -1.6123705355288498 1.1302281824040064 -1.4833930665871022 -1.4301574037496587 -1.9646495249082079 0.9187344977552518 -0.8858115069832724 -1.7405460997085367 -1.9580921948799501 -1.6157765572685312 -1.0892509518188762 -1.3440855188764504 
0.595002438013107 -1.799077553989785 -0.2756143717858209 -1.9319127787337573 1.8923237402615105 -1.8669196533027739 -0.5806798068253415 1.0814869561903553 0.693834846807956 1.6979189717324592 -1.7282372864907491 1.416128476176443 1.841644830201575 0.6459470236140143 0.25149561666389936 -1.7693816974194025 0.8756384429207111 -1.2155758180424157 -1.6123705355288498 1.1302281824040064 -1.4833930665871022 -1.4301574037496587 -1.9646495249082079 0.9187344977552518 -0.8858115069832724 -1.7405460997085367 -1.9580921948799501 -1.6157765572685312 -1.0892509518188762 -1.3440855188764504 
0.5848658060851923 -1.8084458760439626 1.376573350753347 1.9248013555502241 -0.7351294783916825 -1.8424527002443534 -0.5806798068253415 0.5598438372452396 0.693834846807956 0.8846624547550457 -1.7106848585437415 1.4102511276852916 1.527360838404583 -1.5206143025275045 0.25149561666389936 0.3324982658338804 1.8737803033533353 1.0906437824915594 -1.6224510861301127 -1.121753270812205 -1.4853261566060698 -0.7799556649997347 -1.9646495249082079 0.9115322490219004 -0.8814137121515631 -1.7405460997085367 -1.8624111402811987 -1.6708046231048475 -1.0992033125950524 -0.7334276994025656 
0.5917666345697681 -1.8084458760439626 1.376573350753347 -1.9319127787337573 -0.7351294783916825 -1.8669196533027739 -0.5754608017358493 1.0814869561903553 0.693834846807956 1.7007237676545477 -1.7330377074649925 -1.196166914380314 1.5366161800118696 0.6459470236140143 0.25149561666389936 -1.7693816974194025 1.8737803033533353 -1.2117877365428624 -1.6111780220804792 -1.9137176457026552 -1.4931487377647785 -0.7884975743951615 -1.9104082575483603 0.9115322490219004 -0.875367357840453 0.4920201760189161 -1.1406501515850114 -1.6157765572685312 -1.0892509518188762 -1.3440855188764504 
0.5848658060851923 1.3302758047251062 1.376573350753347 1.9358595356135293 1.8923237402615105 -1.8668109122673064 -0.5806798068253415 0.1924581483892097 0.683612106308692 0.8963662569386912 -1.7285474840990829 1.4029361236358047 1.5276027685869307 0.6459470236140143 1.8816435917320262 0.3324982658338804 1.8737803033533353 -1.2287232483613468 -1.6225069065871969 -1.121753270812205 -1.4854932805952148 -0.44316035203936804 -1.9646495249082079 -1.077281665319886 -0.8904510529946036 0.05314601293260387 -1.9530279149888685 -1.5425937459409775 0.9031519939492503 -0.7334276994025656 
0.5968451392473403 1.335735228584955 1.3811217858083418 -1.9319127787337573 -0.7286580745482687 -1.7994003868530282 -0.5893980379721452 0.4662217078985713 0.6896810909979321 1.6979189717324592 -1.7262956026905534 1.416128476176443 1.8477313227874477 0.6633893244722923 0.25149561666389936 -0.9652604167433974 1.87081857685906 1.0967861623979611 -1.607216503017183 -1.1466557656724192 -1.4931487377647785 -1.4386796613519723 -1.9646495249082079 0.9140613445501354 -0.8692453199249972 0.49999053808403926 -1.9582025072348253 -1.6157765572685312 -1.0992033125950524 -1.3440855188764504 
0.5968451392473403 1.335735228584955 1.3811217858083418 -1.9319127787337573 -0.7286580745482687 -1.7994003868530282 -0.5893980379721452 0.4662217078985713 0.6896810909979321 1.6979189717324592 -1.7262956026905534 1.416128476176443 1.8477313227874477 0.6633893244722923 0.25149561666389936 -0.9652604167433974 1.87081857685906 1.0967861623979611 -1.607216503017183 -1.1466557656724192 -1.4931487377647785 -1.4386796613519723 -1.9646495249082079 0.9140613445501354 -0.8692453199249972 0.49999053808403926 -1.9582025072348253 -1.6157765572685312 -1.0992033125950524 -1.3440855188764504 
0.5848658060851923 1.3302758047251062 1.376573350753347 1.9358595356135293 1.8923237402615105 -1.8668109122673064 -0.5806798068253415 0.1924581483892097 0.683612106308692 0.8963662569386912 -1.7285474840990829 1.4029361236358047 1.5276027685869307 0.6459470236140143 1.8816435917320262 0.3324982658338804 1.8737803033533353 -1.2287232483613468 -1.6225069065871969 -1.121753270812205 -1.4854932805952148 -0.44316035203936804 -1.9646495249082079 -1.077281665319886 -0.8904510529946036 0.05314601293260387 -1.9530279149888685 -1.5425937459409775 0.9031519939492503 -0.7334276994025656 
0.37590446820156215 -1.7895123720811141 -0.26222677348829354 -1.9676430105501785 1.3964666264256258 -1.8378752434243182 -0.5743754758795118 -1.6849912033613792 0.698461734819711 -1.3229032117513007 -0.5596822813193394 -1.1923552061650249 -0.8181312401450609 -1.5115761881079393 1.8735186002200834 -1.4913602579606073 1.143084407885187 1.0389844791465026 0.04885310080419058 -1.8828466714188754 -1.4970087770142517 -0.22479026715547182 -0.3809578709056889 -0.3465664386373491 -0.24731756475290723 -0.3691037781551172 1.5918027429299175 1.826069014652074 0.46842839410802783 -0.7334276994025656 
0.37590446820156215 -1.7895123720811141 -0.26222677348829354 -1.9676430105501785 1.3964666264256258 -1.8378752434243182 -0.5743754758795118 -1.6849912033613792 0.698461734819711 -1.3229032117513007 -0.5596822813193394 -1.1923552061650249 -0.8181312401450609 -1.5115761881079393 1.8735186002200834 -1.4913602579606073 1.143084407885187 1.0389844791465026 0.04885310080419058 -1.8828466714188754 -1.4970087770142517 -0.22479026715547182 -0.3809578709056889 -0.3465664386373491 -0.24731756475290723 -0.3691037781551172 1.5918027429299175 1.826069014652074 0.46842839410802783 -0.7334276994025656 
0.3849850578053831 -1.7895123720811141 -0.252743444095719 -1.9676430105501785 1.3964666264256258 -1.8378752434243182 -0.5766625894103504 -1.6849912033613792 0.7037947828582807 -1.3229032117513007 -1.7408682168689558 -1.1923552061650249 0.4231977446256674 -1.5196498543110617 1.8735186002200834 -0.6369151357926014 1.868195707966603 1.0463840853196553 0.04885310080419058 -1.8828466714188754 -1.4970087770142517 -0.2208692712686016 -0.3809578709056889 -0.3465664386373491 -0.23925436061186167 -0.3691037781551172 1.5885301960704552 1.8229271515117462 0.46842839410802783 -0.7334276994025656 
0.38518770255442525 -1.7875438606889107 -0.24537609895109816 -1.962004508527679 1.3948445845803916 -1.8378752434243182 -1.5598504063645573 -1.6849912033613792 0.698461734819711 -1.3334984391425568 -0.5596822813193394 -1.7240425820941836 -0.8176289077029799 -1.5077908657463883 -1.2987986493515495 -1.492389774040732 1.1519278267650683 1.0387940686756498 0.05229966702465713 -1.2140308909356747 -0.46224468646337513 -0.22479026715547182 -1.9576938217386393 -0.3465664386373491 -0.23351347186372018 -0.3691037781551172 1.5853921882582855 -1.3249049599679819 0.46842839410802783 -0.7139713285517684 
0.38414403908945255 -1.7794428171918828 -0.24537609895109816 -1.962004508527679 0.9758950274984283 -1.8808112675919169 -1.5598504063645573 -1.6849912033613792 0.6986032868188299 0.8795538283524538 -1.7330377074649925 0.7993604589139842 -0.9940216933782297 -1.5196498543110617 0.21993425065547578 -1.492389774040732 1.143084407885187 1.0463840853196553 0.052104399784809526 -1.2140308909356747 -1.8126136371318 -0.7841536946130623 -1.9607206663040595 -0.3465664386373491 -0.23351347186372018 -0.3691037781551172 1.5891047081661993 -1.3249049599679819 0.46842839410802783 -0.7219871569845 
0.38414403908945255 -1.795750359607115 -0.26222677348829354 -1.969024856339061 0.9807648467738684 -1.836309071567122 -1.5564239327400196 -1.6849912033613792 0.7011553056283713 -1.3229032117513007 -1.7330377074649925 -1.90808546382017 1.2445543824152234 -1.5196498543110617 0.21675446343232355 -0.6341059111583133 1.143084407885187 1.0510555953316696 0.058555358662358586 -1.1993014804743232 -1.8093581548408593 -0.7908750570638 -1.9799264524206726 -0.35535373380120117 0.9285714685007752 -0.3691037781551172 1.5837432727081666 1.826069014652074 0.46842839410802783 -0.7255033220502808 
0.38518770255442525 -1.7875438606889107 -0.24537609895109816 -1.962004508527679 1.3948445845803916 -1.8378752434243182 -1.5598504063645573 -1.6849912033613792 0.698461734819711 -1.3334984391425568 -0.5596822813193394 -1.7240425820941836 -0.8176289077029799 -1.5077908657463883 -1.2987986493515495 -1.492389774040732 1.1519278267650683 1.0387940686756498 0.05229966702465713 -1.2140308909356747 -0.46224468646337513 -0.22479026715547182 -1.9576938217386393 -0.3465664386373491 -0.23351347186372018 -0.3691037781551172 1.5853921882582855 -1.3249049599679819 0.46842839410802783 -0.7139713285517684 
0.3859147232324819 -1.7667432909747613 -0.26222677348829354 -1.9716432807021023 0.9614885812811822 -1.8808112675919169 -0.5769295455455732 -1.6849912033613792 0.6986032868188299 -1.3229032117513007 -1.7330377074649925 -1.7151487055134975 -0.9962583338123574 1.6225201142571937 1.8708851956716517 -1.4954790912863523 1.8717789050299396 1.0475215689154942 -1.2407772581715464 -1.2140308909356747 -1.5268320901724082 0.704771423711513 -1.9608973511533125 0.9140613445501354 0.6561365077919702 1.8689111781376084 1.583331736353334 1.8263718962935613 0.4652489397652992 -0.7334276994025656 
0.38414403908945255 -1.795750359607115 -0.26222677348829354 -1.969024856339061 0.9839793950327556 -1.836309071567122 -1.5564239327400196 -1.6849912033613792 0.6986032868188299 -1.3229032117513007 -1.7330377074649925 -0.1604833444811082 -0.8181312401450609 -1.5196498543110617 0.21993425065547578 -1.4954790912863523 1.143084407885187 1.0468812050539995 0.058555358662358586 -1.2117013417649811 -1.8126136371318 -0.7841536946130623 -1.9640102639250339 -0.35634518917148617 0.9285714685007752 -0.37192851142342315 1.5891047081661993 1.826069014652074 0.46842839410802783 -0.7334276994025656 
0.38414403908945255 -1.771035739645052 -0.24537609895109816 -1.962004508527679 0.9727791026799743 -1.8808112675919169 -1.5509992149725444 0.5660815882231252 0.697663977595433 -1.3229032117513007 -1.266361417458255 -1.7240425820941836 -0.9940216933782297 -1.5132161221645795 -1.2987986493515495 -1.8091724626677659 -1.3053248126724104 1.0407065327190321 0.052104399784809526 -1.2140308909356747 -1.8126136371318 -0.770793099491629 -1.9576938217386393 -0.35195278894276594 -0.23351347186372018 -0.3691037781551172 1.5800046669796073 -1.3249049599679819 -1.9364592423594524 -1.003065182501665 
0.3099541370224046 -1.7764099147706713 0.8825335032661527 -1.9357144607904047 0.9758950274984283 -1.8842682206963828 -1.8549626857313866 0.565425691369597 0.6989505788843624 -0.5036926129635142 -0.702311890390189 -1.7330179336321316 -0.9940216933782297 -1.5149758461894662 0.21700274804542471 -1.5024338754341315 1.8612513504349493 1.0463840853196553 0.7760140231882358 -1.206094405971903 -1.8126136371318 -0.7841536946130623 -0.042427615856529585 0.9115322490219004 -1.1517036194175412 -1.0097007511264828 0.4468235312080921 -1.3343355481704093 -0.6906830351223023 -1.9366908757604635 
0.3116473538287655 -1.7764099147706713 -0.23743878455442347 -1.9645385159812834 1.2299028687224736 -1.8842682206963828 -1.8549626857313866 0.565425691369597 0.6989505788843624 -0.5036926129635142 -0.7081429171092491 -1.7330179336321316 -0.9940216933782297 -1.526063241738411 0.21272206438952193 -1.5024338754341315 1.8693052710945752 -0.19566095563311123 0.7703204290638005 -1.206094405971903 -1.5702789671875608 -0.7841536946130623 -1.955789390496183 0.9031447169936515 -1.6793458787137565 -1.5679889544711427 1.840242050401747 -1.3024567210991707 -1.5336313004350697 -1.9366908757604635 
0.31548326347657374 -1.7895123720811141 1.234378501694549 -1.969024856339061 0.9839793950327556 -1.8378752434243182 1.5011737287718923 0.5674323781575029 0.7082971839022254 -1.3254397969132579 -1.7330377074649925 -1.188457160258202 -1.000136180382439 -1.5115761881079393 -1.1886057877763792 -1.496059323330302 1.143084407885187 1.0328641034832833 -1.4538100969929724 1.0437270785433692 -1.8126136371318 -0.770793099491629 -0.3809578709056889 -0.3465664386373491 0.9249709046633148 -1.0771992182792323 1.5800046669796073 -1.3310296334623497 0.46136529773306784 -0.7334276994025656 
0.3116473538287655 -1.7764099147706713 -0.23743878455442347 -1.9645385159812834 1.2299028687224736 -1.8842682206963828 -1.8549626857313866 0.565425691369597 0.6989505788843624 -0.5036926129635142 -0.7081429171092491 -1.7330179336321316 -0.9940216933782297 -1.526063241738411 0.21272206438952193 -1.5024338754341315 1.8693052710945752 -0.19566095563311123 0.7703204290638005 -1.206094405971903 -1.5702789671875608 -0.7841536946130623 -1.955789390496183 0.9031447169936515 -1.6793458787137565 -1.5679889544711427 1.840242050401747 -1.3024567210991707 -1.5336313004350697 -1.9366908757604635 
0.3099541370224046 1.8966762881362857 -0.24537609895109816 -1.9418088433468839 1.2180525508694198 -1.8701608749727676 0.0027404353927021254 0.5864168092761906 -1.6023821586646434 1.6866832908703961 -1.2862795570575587 -1.7330179336321316 -0.9940216933782297 -1.5290782180306648 -1.7253831980657695 -1.492389774040732 1.8612513504349493 -0.19775360089568636 -1.533005522051669 -1.3513186004561684 -0.9715523528513503 -0.7841536946130623 -0.03418947875133258 -1.3057446928755057 -1.1686352018320634 1.6974255705140309 0.4468235312080921 -1.3199620545312922 0.4712642378098116 -1.938953459527738 
0.3099541370224046 -1.7764099147706713 -0.24778756152180542 -1.93934214169089 1.2349480052023438 -1.8947837449292337 -1.8549626857313866 0.574401719983744 0.697663977595433 1.6755017782858905 -1.283889151362061 -1.7240425820941836 -0.9962583338123574 -1.526063241738411 0.21993425065547578 -1.948571357536542 1.1352113205183594 1.493557538317633 0.7760140231882358 -1.2136735995581136 -0.9562617505320059 -0.7847255520863003 -1.9556204607535237 -0.3554601535485871 -1.6821926892076973 -1.0102791883559763 0.4214815024700622 -1.312332718071634 -1.9355208349109312 -1.003065182501665 
0.3099541370224046 -1.7764099147706713 -0.24537609895109816 -1.9439461808013594 1.2349480052023438 -1.8947837449292337 1.5011737287718923 0.5674323781575029 0.697663977595433 1.6755017782858905 -1.2747965205125955 -1.7240425820941836 -0.9914440100286972 -1.526063241738411 -1.1831825122557311 -1.8091724626677659 -1.3053248126724104 1.493557538317633 -1.4538100969929724 1.0437270785433692 -0.9562617505320059 -0.770793099491629 -1.9607206663040595 -0.3554601535485871 0.6561365077919702 -1.067287711076376 1.5800046669796073 -1.3310296334623497 -1.9364592423594524 -1.003065182501665 
0.09023759749792586 -1.2150986425816017 0.8746357770263954 -1.9357144607904047 1.2204997902013195 -1.8333324722293534 -0.8315623892293575 0.5776814622984517 0.6989505788843624 -1.319744117509224 -0.262698344487891 -1.7269562237051352 -1.2206149681292953 -1.5180766803997 -1.186779415838351 1.9532895277190778 1.8656311119404263 -0.20699511383733293 0.6498818132112998 1.5779310968057145 -1.5777731797971843 -0.7924720990985127 -0.042427615856529585 0.8994633486692335 0.6538407279429509 -1.0097007511264828 1.824052735779747 -1.3343355481704093 -1.9288865955210088 -0.9954672105183499 
0.09023759749792586 -1.2150986425816017 -0.25291924626069306 -1.9430144936347045 1.233307949119608 -1.8846421894702092 1.1032329927150306 0.5788598660834872 0.6750288817006996 -1.3198147533607192 -0.271865439529675 -1.7358151007404437 1.822658043078554 -1.507722119456409 -1.8706947724679694 -1.8091724626677659 1.8641036643541078 -1.8645120540816986 0.3846892998205997 1.5732581690793306 -1.8109891365861988 -0.7899739317450024 -0.03418947875133258 1.903125596892005 -1.1712455409293183 1.6977416153898404 1.828533780877531 -1.327783223717581 -1.9244097853442674 -1.007991546344172 
0.09023759749792586 -1.2150986425816017 -0.25291924626069306 -1.9430144936347045 1.233307949119608 -1.8846421894702092 1.1032329927150306 0.5788598660834872 0.6750288817006996 -1.3198147533607192 -0.271865439529675 -1.7358151007404437 1.822658043078554 -1.507722119456409 -1.8706947724679694 -1.8091724626677659 1.8641036643541078 -1.8645120540816986 0.3846892998205997 1.5732581690793306 -1.8109891365861988 -0.7899739317450024 -0.03418947875133258 1.903125596892005 -1.1712455409293183 1.6977416153898404 1.828533780877531 -1.327783223717581 -1.9244097853442674 -1.007991546344172 
0.09023759749792586 -1.7764099147706713 0.8724689150944204 -1.9430144936347045 1.2259333992811536 -1.8947837449292337 1.0971760271177868 0.5776814622984517 0.697663977595433 -1.3284679797929488 -1.283889151362061 -1.7291901506712137 -1.2206149681292953 -1.5180766803997 -1.1696915101982623 1.9532895277190778 1.1352113205183594 -1.8645120540816986 0.7788068339252384 1.5799025236282167 1.1995738255058352 -0.7924720990985127 -1.9505164469005096 0.8994633486692335 -1.177816783250935 -1.0177896607313215 1.8292765409458909 -1.3277339026589174 -1.9355208349109312 -1.003065182501665 
0.09090953541678928 -1.7800714355053195 0.8829795552726368 -1.9460834402278644 1.2180525508694198 -1.8519822506415782 1.1094641865368573 0.5873471849772727 0.7024987137673294 1.6880764244549382 -1.2811092934467692 -1.7205481729118284 0.7094810596497022 -1.511601101995849 -1.725480772385011 -1.9425784520889713 1.8641036643541078 -0.4469582518412367 -1.533005522051669 1.5793180850467652 -1.8109891365861988 -0.7899739317450024 -0.044153373990075476 0.8905907516802909 -1.1660402316622616 1.702346437233478 1.8403306635019419 -1.3287109249395277 -1.9288865955210088 -0.9986618368838094 
0.09023759749792586 -1.7764099147706713 0.8724689150944204 -1.9430144936347045 1.2259333992811536 -1.8947837449292337 1.0971760271177868 0.5776814622984517 0.697663977595433 -1.3284679797929488 -1.283889151362061 -1.7291901506712137 -1.2206149681292953 -1.5180766803997 -1.1696915101982623 1.9532895277190778 1.1352113205183594 -1.8645120540816986 0.7788068339252384 1.5799025236282167 1.1995738255058352 -0.7924720990985127 -1.9505164469005096 0.8994633486692335 -1.177816783250935 -1.0177896607313215 1.8292765409458909 -1.3277339026589174 -1.9355208349109312 -1.003065182501665 
0.09090953541678928 -1.7800714355053195 0.8829795552726368 -1.9460834402278644 1.2180525508694198 -1.8519822506415782 1.1094641865368573 0.5873471849772727 0.7024987137673294 1.6880764244549382 -1.2811092934467692 -1.7205481729118284 0.7094810596497022 -1.511601101995849 -1.725480772385011 -1.9425784520889713 1.8641036643541078 -0.4469582518412367 -1.533005522051669 1.5793180850467652 -1.8109891365861988 -0.7899739317450024 -0.044153373990075476 0.8905907516802909 -1.1660402316622616 1.702346437233478 1.8403306635019419 -1.3287109249395277 -1.9288865955210088 -0.9986618368838094 
0.09023759749792586 -1.2250441352021162 0.8746357770263954 -1.9357144607904047 1.2204997902013195 -0.9494133557500422 1.1136856502298824 0.5776814622984517 -1.6023821586646434 -1.3344549455658312 -0.25627725599384144 -1.7205481729118284 -1.2206149681292953 -1.6331022086160152 -1.186779415838351 1.9532895277190778 1.8612513504349493 -1.8645120540816986 -1.5424201153255779 1.5779310968057145 -0.7819757622968256 -0.7778071303593812 -0.047974830434535355 1.896099996950018 -1.18422474678117 -1.0050173398617048 1.8357084220611481 -1.329049590767849 -1.9288865955210088 -0.991918405454348 
0.09023759749792586 -1.2164720883464875 0.8807932115010644 -1.9430144936347045 1.2236251093514487 -1.8748711975861359 1.1032329927150306 0.5776814622984517 0.6989505788843624 -1.319744117509224 -0.2551499186319697 -1.7269562237051352 1.4628345069414266 -1.5180766803997 -1.1872279860667179 1.9532895277190778 1.8688805834624451 -1.8645120540816986 0.6498818132112998 1.5799704117776474 -0.05277197882759843 -0.7924720990985127 -0.04470178736734662 0.8994633486692335 -1.174537729337016 -1.02164179983503 1.8292765409458909 -1.3277339026589174 -1.9244097853442674 -0.9954672105183499 
0.09090953541678928 -1.7800714355053195 0.8746357770263954 -1.9357144607904047 1.2249381993944815 -1.8885121172037884 -0.830975187184959 0.5793384893651037 0.6832445759379729 -1.3344549455658312 -1.2783395177175016 -1.7205481729118284 0.7165876171484254 -1.5035411545629838 -1.186779415838351 1.6548424872664396 1.8616361109994508 0.27017104448977425 -1.5291221795509418 1.5793180850467652 -1.8162832363119703 -0.7746030397375964 -0.047974830434535355 0.8905907516802909 -1.163397568903079 -1.0050173398617048 1.8321522585238956 -1.324131913806487 -1.9288865955210088 -0.991918405454348 
0.09793261378288522 -1.2348890437731452 0.8794418866288787 -1.9441624411932312 1.2204997902013195 -1.8333324722293534 -0.8439591532724369 0.5757958033715176 -1.6023821586646434 -1.3198147533607192 0.7654454102149422 -1.7405631724645154 -0.981741904831278 -1.6331022086160152 -1.18483688807213 1.9533819560145167 1.8612513504349493 -0.7534211114134939 0.38330543268764566 1.0445244916317364 -0.0727548791821718 -0.7701605795521544 -0.047974830434535355 0.9149910301639225 -1.1780150477754339 1.8689111781376084 1.8357084220611481 1.8321594675824477 1.10435938578322 -0.991918405454348 
0.09023759749792586 -1.2150986425816017 -0.25291924626069306 -1.9460834402278644 1.2282165554721567 -1.8462526158181753 1.1094641865368573 0.5788598660834872 -1.6023821586646434 1.6781382282494504 -1.2811092934467692 -1.7330179336321316 0.7094810596497022 -1.5180766803997 -1.7253831980657695 -1.5027652088559673 1.8612513504349493 -1.8645120540816986 -1.533005522051669 1.5779310968057145 -0.7789745319422476 -0.7899739317450024 -0.044153373990075476 1.903125596892005 -1.1660402316622616 1.688487964546879 1.8329484704003518 -1.329049590767849 -0.8078831540526614 -1.004695612375633 
0.09090953541678928 -1.7799121461081933 -1.7539616560189826 -1.9357144607904047 0.2962067272344209 -1.8416463630776132 -0.830975187184959 0.5776814622984517 -1.6023821586646434 1.6805499630773109 -1.2783395177175016 -1.723627774092426 0.09165805899412582 -1.5121065988818554 -0.39627044356969726 1.9464699267510583 1.8612513504349493 0.27017104448977425 -1.5424201153255779 1.5779310968057145 -1.8109891365861988 -0.7789863969032237 -0.047974830434535355 0.8905907516802909 -1.163397568903079 1.6977416153898404 1.8357084220611481 -1.3271170746200924 -1.106642119221198 -0.991918405454348 
0.09023759749792586 -1.7822264218230868 -0.2491080120568784 -1.9339594366122594 0.981932344435026 -1.8539804365663304 -1.5598504063645573 0.5788598660834872 -1.6023821586646434 0.8795538283524538 -1.7330377074649925 -1.7358151007404437 -1.6750971356080369 -1.5196498543110617 -1.8706947724679694 -1.492389774040732 1.8641036643541078 1.0410767658012376 -1.5336760447151547 1.5732636636517743 -1.8126136371318 -0.7841536946130623 -0.042427615856529585 1.903125596892005 -1.1712455409293183 -1.0180861290884122 1.8240453362202709 -1.3302364993101639 -1.9244097853442674 -1.0089725636311682 
0.09108775325035645 -1.2150986425816017 -0.2414488138957375 -1.9357144607904047 1.2282165554721567 -1.8701608749727676 -1.8532788143447554 0.5864168092761906 0.7024987137673294 1.6754671550559044 -1.2811092934467692 -1.722560201768785 1.4628345069414266 -1.5180766803997 -1.7253831980657695 -1.8091724626677659 1.8656311119404263 -0.19775360089568636 0.6498818132112998 1.5779310968057145 -0.9715523528513503 -0.7899739317450024 1.2704979138451364 0.8994633486692335 -1.1686352018320634 1.6986698003426102 1.8329484704003518 -1.327783223717581 -1.1028824223060805 -1.002341175680454 
0.05283788730010616 -1.7799121461081933 0.8756636928469165 -1.9364343686956051 0.018646640848147378 -1.8304641831554047 -0.8407461824365184 0.5757958033715176 -0.13258928249342086 -1.314652853727704 -0.25627725599384144 -1.723627774092426 0.7094810596497022 -1.6331022086160152 -1.1784696595185382 1.9533819560145167 1.8615231461104673 0.2687448949619911 0.38330543268764566 1.0445244916317364 -1.8100018146105403 -0.7734006859551434 -0.04978209165509448 1.896099996950018 -1.1660402316622616 1.8689111781376084 1.8357084220611481 -1.329049590767849 1.1060099596241164 -0.991918405454348 
0.05283788730010616 -1.7799121461081933 0.8756636928469165 -1.9364343686956051 0.018646640848147378 -1.8304641831554047 -0.8407461824365184 0.5757958033715176 -0.13258928249342086 -1.314652853727704 -0.25627725599384144 -1.723627774092426 0.7094810596497022 -1.6331022086160152 -1.1784696595185382 1.9533819560145167 1.8615231461104673 0.2687448949619911 0.38330543268764566 1.0445244916317364 -1.8100018146105403 -0.7734006859551434 -0.04978209165509448 1.896099996950018 -1.1660402316622616 1.8689111781376084 1.8357084220611481 -1.329049590767849 1.1060099596241164 -0.991918405454348 
0.04526564972432121 1.9062285031548472 1.3869686064590798 -1.9418088433468839 1.2180525508694198 -1.8344399665233833 1.1204958352080334 0.5788598660834872 -1.6023821586646434 1.6755017782858905 -1.2811092934467692 -1.355053421093119 0.7222944244684276 -1.5180766803997 -1.1831825122557311 -1.9413431818136886 1.8612513504349493 0.26724435494610166 -1.5280202940247385 0.2119786041634044 -0.7835567603561654 -0.770793099491629 -0.03418947875133258 -1.3057446928755057 -1.1660402316622616 1.6977416153898404 0.4387363864060706 -1.3199620545312922 -1.9153357297935443 -1.94789562359963 
0.04526564972432121 -1.772634993076575 1.3869686064590798 -1.9256948687138482 1.2180525508694198 -1.8344399665233833 -0.830975187184959 0.584613040483474 0.7024987137673294 1.6756673429615552 -1.2811092934467692 -1.3604032552919159 0.736144781398471 -1.5119595345414254 -1.1880898294829283 -1.9425784520889713 1.8641036643541078 0.26724435494610166 0.3846892998205997 1.0655163769670664 -1.8109891365861988 -0.7676339405757661 -0.03418947875133258 0.2624348869639843 -1.1660402316622616 1.6977416153898404 1.5775750555010486 -1.3202242964689468 -1.9253130348472924 -1.007991546344172 
0.05304034245726939 -1.7822264218230868 0.8793056221425446 -1.9460834402278644 1.2282165554721567 -1.8544017609011438 -0.8315623892293575 0.584613040483474 -1.6023821586646434 1.6755017782858905 -1.2811092934467692 -1.7330179336321316 0.736144781398471 -1.5119595345414254 -1.7174338806586122 -0.5385924537455784 1.1447360014032337 0.2657571023233739 -1.5336760447151547 1.5732636636517743 -1.8128872083053151 -0.770793099491629 -0.042427615856529585 -1.3042315474446646 -1.168710063807891 -1.0180861290884122 1.824052735779747 -1.329049590767849 -0.8123892060217518 -1.0004802269732245 
0.05211759671766858 -1.2266997502819035 0.8783484443198307 -1.9573214619826966 1.2309219175912534 -1.845194400459775 -0.8387175635881882 0.584613040483474 -1.6147130694393788 -1.3198147533607192 0.7654454102149422 -1.7269562237051352 0.736144781398471 -1.518471080596108 -0.3905747874738055 0.3321829164761305 1.8656311119404263 0.2750595663635566 0.38330543268764566 1.0445244916317364 -0.07334528894033675 -0.7701605795521544 -0.036696888480615954 0.8918094646781334 1.6827628843912823 -1.1632038279300945 1.5795906140259288 -1.3205723907755536 1.10435938578322 -1.003065182501665 
0.05211759671766858 -1.2266997502819035 0.8783484443198307 -1.9573214619826966 1.2309219175912534 -1.845194400459775 -0.8387175635881882 0.584613040483474 -1.6147130694393788 -1.3198147533607192 0.7654454102149422 -1.7269562237051352 0.736144781398471 -1.518471080596108 -0.3905747874738055 0.3321829164761305 1.8656311119404263 0.2750595663635566 0.38330543268764566 1.0445244916317364 -0.07334528894033675 -0.7701605795521544 -0.036696888480615954 0.8918094646781334 1.6827628843912823 -1.1632038279300945 1.5795906140259288 -1.3205723907755536 1.10435938578322 -1.003065182501665 
0.05304034245726939 -1.7786887146034818 0.8746357770263954 -1.9460834402278644 1.2349480052023438 -1.8885121172037884 -0.8315623892293575 0.5793919435464577 0.6844523799613781 -1.3344549455658312 -1.2708401160987037 1.460712292075868 0.7165876171484254 -1.5114738547937796 -1.7157647001434273 1.6548424872664396 1.1454714763618032 -0.21460070109021934 0.3806199948912398 1.5732636636517743 -1.8162832363119703 -0.7675860251137206 -0.047974830434535355 0.9002333791288822 -1.168710063807891 -1.0180861290884122 1.824052735779747 -1.329049590767849 -0.802928976755934 -1.0110680992266312 
