0.8174193089713471 0.11615386188826894 
0.8018632294533934 0.11955837495596527 
0.7761453316167966 0.13125203659508936 
0.772621482804687 0.1392020080757712 
0.7703534166509454 0.14800424016151692 
0.770102739269409 0.1564710615073958 
0.7686008031134358 0.1652787266721746 
0.7675237626793641 0.17225435160943758 
0.7654901006215724 0.18042660898356871 
0.7648347462922216 0.19256575816798144 
0.7640285133026775 0.19686067395034745 
0.7638924267628998 0.2084298181170968 
0.7632636656633585 0.2189512098600785 
0.7632636656633585 0.2189512098600785 
0.6446728556745269 0.23935896412510402 
0.6446728556745269 0.23935896412510402 
0.6401460082855268 0.2396771727290069 
0.6004090723992249 0.24192332139732087 
0.5807261199480322 0.24619163031214072 
0.5688228176088448 0.2513131703033409 
0.5627999657704331 0.25846252675223363 
0.5557883234376171 0.2618409773362654 
0.5508785776448486 0.2731161245097629 
0.5480118672771355 0.27848942479491345 
0.5478729102203178 0.28193156489605375 
0.5452498712786386 0.2947952956065539 
0.53748313495825 0.3095566724801769 
0.5210178005597508 0.3101213634556988 
0.4927707492128743 0.3138594402940978 
0.4854651136373427 0.31580639924705733 
0.4720096062644009 0.3237716390216843 
0.4677668696095116 0.3282715696448847 
0.4558635660747795 0.3345672517965062 
0.4477875940536807 0.33918440734204947 
0.4392484132115827 0.3450661715291041 
0.4335413110104538 0.35273233744393184 
0.42444384008950925 0.3597128561035643 
0.41509200067531465 0.36388611361920664 
0.40766360583425615 0.36879305312231564 
0.398795371564804 0.3759501114628935 
0.39315869273314324 0.3813529534463091 
0.38371387360973586 0.38824454908874256 
0.3766928246624443 0.39353566083474145 
0.36956383892278016 0.40194162147433643 
0.3631553986096464 0.40751469009668484 
0.35502753077972476 0.412462610467595 
0.3473080253943298 0.4166534245734012 
0.3401959801222771 0.4240243782293832 
0.3326321541673772 0.4293398143261251 
0.32409969623437845 0.4358498714757392 
0.31882494559944413 0.4419226233996977 
0.3124673541186825 0.4458374254987368 
0.30506725983870076 0.45078179611748526 
0.29727311584491783 0.4598907379547915 
0.2908471183866737 0.4666067952475687 
0.28471142045422515 0.4715258359120036 
0.27867931277176256 0.4795479458071266 
0.2694353186874439 0.4858203767957052 
0.263271045863386 0.49003867774496596 
0.25754810846533366 0.4961881343888363 
0.2509057060862051 0.5024922325636122 
0.2440613779512954 0.5094642414331608 
0.2386436221758771 0.5153091569922844 
0.23181119964721827 0.5215726002518358 
0.22569591202508757 0.5288160915002948 
0.2190691827345373 0.5368684729063582 
0.212372111935796 0.5423730477847867 
0.20689598419125835 0.5494127400891236 
0.20149891715084806 0.5570456853104261 
0.19510893761133324 0.5644708274717939 
0.1891253521492188 0.5718111890026132 
0.18094235226489544 0.5785821952017499 
0.17605822344573324 0.5853581314855271 
0.16946271670629817 0.59314264144749 
0.16341981936608418 0.600722380711711 
0.15696040994107707 0.6071464867674622 
0.1513835910802892 0.6150676627848686 
0.1450817827166537 0.6231252263300531 
0.13879717608929049 0.6318862099200442 
0.13139852206324684 0.6406651300231595 
0.12606747223803488 0.6481638903477168 
0.11988142009280675 0.6568359111873795 
0.11382676451669657 0.6652514012804379 
0.10756250265489702 0.6752873737098803 
0.10172734604653323 0.6847359977597962 
0.0953591282406051 0.6944781652438131 
0.08884979351546848 0.7049563593456344 
0.08287341839163394 0.7148035505098507 
0.07653855616385852 0.7264854498511457 
0.07016948621905986 0.7380884676481461 
0.06387328167722194 0.7503144469846761 
0.05667852777622458 0.7645041064856053 
0.05005194864610688 0.7784948229196297 
0.04408779803225332 0.7951934982897627 
0.03720611089987859 0.813526297103945 
0.030329555544465935 0.8326718675415349 
0.023026960225732057 0.854931119415826 
0.015917839017090988 0.8813414633975469 
0.008337460080192108 0.9201529694023222 
4.5478974787917676E-4 1.0527024150758824 
