1.2612250491801638 0.054923377928263836 
0.9271502219299583 0.06455789727429137 
0.9260152501566847 0.07212215077061611 
0.9241209154873427 0.07721263124835268 
0.9238073025068085 0.08575151495105492 
0.9238073025068085 0.08575151495105492 
0.9225960259355405 0.08374998651699761 
0.9226814261423645 0.08424993475778564 
0.9225960259355405 0.08374998651699761 
0.923673506469297 0.12812443928368245 
0.923673506469297 0.12812443928368245 
0.8257146663080647 0.1591810312979069 
0.7855759641098378 0.1643945038772946 
0.7360713965009622 0.16691718883766526 
0.7357296555541082 0.175311795140565 
0.7254504104289307 0.18425362026023479 
0.7210187214757281 0.19059229118899979 
0.7126300881100058 0.19342207660873909 
0.712654214039614 0.20817431818865784 
0.7126300881100058 0.19342207660873909 
0.712654214039614 0.20817431818865784 
0.7128137540166029 0.23796145061418747 
0.7114143642019363 0.22990408743928936 
0.7117285190480155 0.2656697363587409 
0.7110637890681475 0.2644239231411322 
0.7110466447592233 0.28991751197414695 
0.7110466447592233 0.28991751197414695 
0.6677861358972634 0.3146473763681893 
0.6608498118223003 0.315068294550946 
0.6116361164633534 0.31514510780803545 
0.5626241890068037 0.3150844761487654 
0.5626241890068037 0.3150844761487654 
0.5287425234102492 0.3160295910779684 
0.5103951095162526 0.3163250984064624 
0.5071388161971343 0.316928791603267 
0.49813762894011127 0.32080215348761565 
0.47598236102634395 0.3283751617447111 
0.47598236102634395 0.3283751617447111 
0.46270362122918485 0.342942105071129 
0.4551048938408231 0.3501017715066912 
0.44244487483180367 0.3527751610150074 
0.4354017695103239 0.3601987084936257 
0.42974296347110624 0.370142522048 
0.4241693676684679 0.37383289085095756 
0.4137440772258654 0.3831485979884176 
0.4112422170165059 0.39481221870139743 
0.4017975520527357 0.4003551908970325 
0.4017975520527357 0.4003551908970325 
0.40141859982902645 0.4230383571896555 
0.3911041918250633 0.4396833539487909 
0.3581508982076854 0.4396084456328208 
0.3581508982076854 0.4396084456328208 
0.3493051261597979 0.4453714203526671 
0.34041350369593393 0.44850729876616924 
0.3196037717763224 0.4531132640133214 
0.3196037717763224 0.4531132640133214 
0.31024791077055397 0.4599224068954038 
0.30199980154153866 0.463143178701359 
0.2907552965608946 0.47085496673054544 
0.28639425582612327 0.4746538456843636 
0.279797457951248 0.48243662762857625 
0.27139981823296166 0.4890223427040565 
0.26479575951237816 0.49510331663427876 
0.2577510809209288 0.5027137765602562 
0.2505557964706799 0.5118389295842533 
0.24554400253429587 0.518493886795153 
0.23746107410140205 0.5275822711357873 
0.23165088299862452 0.5369275576277404 
0.22373781980298016 0.543623581795686 
0.21678695602230824 0.5538695806746491 
0.2105773891907382 0.5575429424310641 
0.2045632592307099 0.569142232675488 
0.19811637965959522 0.5818542760728783 
0.1914910472931057 0.5868929202685889 
0.18328710672837595 0.5888935043672296 
0.17654100373624243 0.5979976252525514 
0.168741637131648 0.6080953225852236 
0.1577896840978666 0.6146152258958364 
0.15381238671761796 0.6195431923530199 
0.14756778728121367 0.6284793693564118 
0.13979582768870333 0.6380818393000671 
0.1333128392302699 0.6467151514281014 
0.12629716951547115 0.6574410773768781 
0.11962743411691423 0.6651100452595913 
0.11290095722713402 0.6743826119402191 
0.10600516855376463 0.6869618781988307 
0.09933735540624952 0.6972743371274653 
0.09205321687310739 0.712317845760594 
0.08194823325974983 0.7238208807826804 
0.07807124730771016 0.7325074512592512 
0.07114876273705877 0.7440900779789824 
0.0632753069223615 0.7580215374777566 
0.05670058620886616 0.774589216148787 
0.049623901348581835 0.7921211765645755 
0.04082326816835927 0.8094029041212213 
0.03494728020739432 0.8295816668818833 
0.02663035473868786 0.8526190611640436 
0.017705546676716408 0.8851061627064162 
0.010269623015162217 0.92520634495474 
0.0022717463330831147 1.0407603449578262 
