0.9205118695617254 -0.7002572733262643 0.13345225288021897 -0.3850962645721032 0.27012707118544727 -0.2690239672888312 0.2527002812467252 -0.20071481669878727 0.8108184658691749 -0.35923884374933346 0.6265897754422506 -0.28133212432488064 0.7451268955670695 0.11874432714642061 -0.6587889347716054 0.006203024210096053 0.6700619472358976 0.14373609696540984 0.4242581595831387 0.1738234467216807 0.18334020142445778 0.08240060412581943 0.09440585923799268 0.35997646173659104 0.20997049243687352 0.6455037546773077 0.27974385034953203 0.7943796620256023 0.10690779399949499 0.7771217897905548 
0.9178847085213683 -0.6965779145796691 0.125552993889857 -0.3999662075910992 0.27660314467492114 -0.2450717768200801 0.24698931919473255 -0.3815678974472872 0.238066690302376 -0.3702598585653716 0.42384301654418355 -0.3045239090085494 0.7501187481022648 0.12866385587743914 0.8307267539453953 0.006203024210096053 0.6772572928821944 0.14193581446481832 0.4221064299899495 0.17758088855568405 0.18265408919402049 0.08240060412581943 0.09565055013140393 0.34707338615047567 0.11204550183818161 0.6520223664669962 0.2870946950463993 0.7943796620256023 0.1108620724633383 0.7733270741675871 
0.9178847085213683 -0.5282213922149182 0.14299516885462388 -0.3850962645721032 0.27012707118544727 -0.2436402470146975 0.2527002812467252 -0.20071481669878727 0.2456174828125165 -0.35462152000294117 0.6235599588997259 -0.28133212432488064 0.7532848716343443 0.11874432714642061 0.8343001079180925 0.006203024210096053 0.6700619472358976 0.48496814974730007 0.4242581595831387 0.17758088855568405 0.18388581779601224 0.08240060412581943 0.09565055013140393 0.3714623252571019 0.2106364340472185 0.6455037546773077 0.27952237156507836 0.7843299821379077 0.10690779399949499 0.7847741885375816 
0.9178847085213683 -0.5158299193012263 0.14299516885462388 -0.382242229530573 0.2787755520135901 -0.25360554474935976 0.2671121275843549 -0.3914806893293779 0.238066690302376 -0.3668225601206043 0.426984501568824 -0.3313528485968652 0.7501187481022648 -0.24919709009674174 0.821485115392197 -9.907745619264175E-4 0.6674198840383319 0.12513095548172487 0.4221064299899495 0.15895862046211348 0.18388581779601224 0.08379128861843077 0.11229709184672701 0.3479491742127478 0.22317782211155304 0.23272090713586924 0.1258134191715163 0.8025353411402851 0.1050651908070466 0.7734945316840556 
0.9178847085213683 -0.5226398920589366 0.14299516885462388 -0.5075930020901054 0.28046657707815514 -0.24867148085219556 0.2415748435052965 -0.3949431428734334 0.2656258693098741 -0.3708521197512201 0.42892126298244954 -0.308012664551505 0.7501187481022648 0.11923463494524686 0.8343001079180925 0.006203024210096053 0.6732448871228296 0.4888306562198149 0.4221064299899495 0.17758088855568405 0.18388581779601224 0.08379128861843077 0.10540148920975734 0.34707338615047567 0.2277930664317401 0.23235378431563167 0.1258134191715163 0.7897839069039858 0.11522161137637779 0.7847741885375816 
0.9178847085213683 -0.5226398920589366 0.14299516885462388 -0.5075930020901054 0.28046657707815514 -0.24867148085219556 0.2415748435052965 -0.3949431428734334 0.2656258693098741 -0.3708521197512201 0.42892126298244954 -0.308012664551505 0.7501187481022648 0.11923463494524686 0.8343001079180925 0.006203024210096053 0.6732448871228296 0.4888306562198149 0.4221064299899495 0.17758088855568405 0.18388581779601224 0.08379128861843077 0.10540148920975734 0.34707338615047567 0.2277930664317401 0.23235378431563167 0.1258134191715163 0.7897839069039858 0.11522161137637779 0.7847741885375816 
0.9178847085213683 -0.5254155223215472 0.1580795967495777 -0.4980134980288072 0.28046657707815514 0.022764717334439855 0.2589247401365794 -0.3003381609035396 0.2445354132896889 -0.3668225601206043 0.43537209008400796 -0.33115376787310236 0.7302720275883176 0.11923463494524686 0.8245143571601776 -0.0048433154150005165 0.6811294473771999 0.13501823207337893 0.4173073689711804 0.16526805560177663 0.18904549683599256 0.08421300552253787 0.2667358932557096 0.34707338615047567 0.2277930664317401 0.22605284369367085 0.13387606240873257 0.7831740236187441 0.09564178358168725 0.7847741885375816 
0.9178847085213683 -0.5357128850971157 0.1580795967495777 -0.38953984434126787 0.2600145543176548 0.022764717334439855 0.2671121275843549 -0.3897096588641204 0.238066690302376 -0.3668225601206043 0.4254141692376899 -0.33115376787310236 0.729268650471253 0.06310205693133586 0.8245143571601776 0.004163417755141758 0.6811294473771999 0.13501823207337893 0.4221064299899495 0.16526805560177663 0.18904549683599256 0.0777194361775222 0.26933758050263834 0.34707338615047567 0.22317782211155304 0.23272090713586924 0.13387606240873257 0.7831740236187441 0.09564178358168725 0.7733270741675871 
0.9178847085213683 -0.5254155223215472 0.1580795967495777 -0.4980134980288072 0.28046657707815514 0.022764717334439855 0.2589247401365794 -0.3003381609035396 0.2445354132896889 -0.3668225601206043 0.43537209008400796 -0.33115376787310236 0.7302720275883176 0.11923463494524686 0.8245143571601776 -0.0048433154150005165 0.6811294473771999 0.13501823207337893 0.4173073689711804 0.16526805560177663 0.18904549683599256 0.08421300552253787 0.2667358932557096 0.34707338615047567 0.2277930664317401 0.22605284369367085 0.13387606240873257 0.7831740236187441 0.09564178358168725 0.7847741885375816 
0.9178847085213683 -0.5226398920589366 0.14299516885462388 -0.5161378065726514 0.28046657707815514 -0.2503161434995299 0.2415748435052965 -0.4103990731523129 0.2445354132896889 -0.37472541232847 0.42892126298244954 -0.335562564115893 0.7501187481022648 0.11207553177516126 0.8343001079180925 -0.0048433154150005165 0.6732448871228296 0.12632914726239156 0.4173073689711804 0.17876685827748975 0.18388581779601224 0.08379128861843077 0.10540148920975734 0.34707338615047567 0.2277930664317401 0.23235378431563167 0.13415597734509366 0.10352804977490981 0.08703570294580687 0.7875439390280339 
0.9178847085213683 -0.5226398920589366 0.14299516885462388 -0.5161378065726514 0.28046657707815514 -0.2503161434995299 0.2415748435052965 -0.4103990731523129 0.2445354132896889 -0.37472541232847 0.42892126298244954 -0.335562564115893 0.7501187481022648 0.11207553177516126 0.8343001079180925 -0.0048433154150005165 0.6732448871228296 0.12632914726239156 0.4173073689711804 0.17876685827748975 0.18388581779601224 0.08379128861843077 0.10540148920975734 0.34707338615047567 0.2277930664317401 0.23235378431563167 0.13415597734509366 0.10352804977490981 0.08703570294580687 0.7875439390280339 
0.7414779057020697 0.5693193410282432 0.0749863356030792 0.5757201903082494 -0.00426739256725079 0.58305799633644 -0.09647089058373223 0.1252177815166099 -0.23748019391682315 0.258686760613852 -0.14102575072101786 0.22806383876706493 -0.26428215774286584 0.0993370384653549 -0.18230325121361904 -0.09574150701031262 -0.5579309499409233 0.007024316396979098 -0.6746777638090518 -0.011957685584341585 -0.682725134256667 -0.21368188307345276 -0.5169559710664897 -0.18358677168838686 -0.33872541519636795 -0.35860265970350524 -0.02913098409530357 -0.45820634125934334 -0.3962977440151719 -0.44337086150171845 
0.7358186549440411 0.5696574661386048 0.14554325690457798 0.5590874255603155 -0.02204799249025384 0.5751137893542562 -0.09647089058373223 0.132026548157866 -0.22922932254534456 0.258686760613852 -0.169413619261294 0.22635993794443834 -0.2718110564873085 0.09527822208121858 -0.1677031513738315 -0.007905738216324253 -0.2876447116172096 0.11286128061792669 -0.41992572013363316 -0.166550152272259 -0.49334453976223536 -0.21368188307345276 -0.21550565882411854 -0.333960997797018 -0.33437573392192543 -0.3594065552299146 -0.019663725314841462 -0.5290314839385694 -0.08783924490395006 -0.42878181412948096 
0.723956134293478 0.5726344497562098 0.0663114816522209 0.5774613220482449 -0.0373518927349862 0.5868539957793384 -0.08180950452369473 0.6077401291672699 -0.2555859100169437 0.2626624636439798 -0.17971040275062541 0.2047345199911973 -0.27348535122677775 0.05281930835260629 -0.1784600378570632 0.19175994152967338 -0.5537725732220584 0.10214155072946568 -0.6862281654597061 -0.026903984823546855 -0.6654358276426608 -0.21761361894803272 -0.504898544420973 -0.15338017274513782 -0.22660997363374322 -0.3432099031816861 -0.11318930732334609 -0.04768826781462495 -0.09784014875375978 -0.4445426163821778 
0.723956134293478 0.5726344497562098 0.0663114816522209 0.5760517483388161 -0.0373518927349862 0.58305799633644 -0.08180950452369473 0.6077401291672699 -0.2329848799615215 0.2626624636439798 -0.1780013711511015 0.2047345199911973 -0.27348535122677775 0.09025395829274004 -0.17585801218928593 -0.09327072006698184 -0.5537725732220584 0.11544261491507193 -0.6862281654597061 -0.026903984823546855 -0.6654358276426608 -0.22145164261589004 -0.504898544420973 -0.15394828989429513 -0.22660997363374322 -0.3527515395079997 -0.11318930732334609 -0.04491756444546478 -0.09784014875375978 -0.4445426163821778 
0.7147907567913663 0.5696574661386048 0.14554325690457798 0.567497670313366 -0.021150311218237853 0.5751137893542562 -0.01683759515090233 0.5330548038912384 -0.1271352287947504 0.26554040746072205 -0.18753474291641026 0.2459133491576245 -0.25209326912792684 0.05586981894193376 -0.1677031513738315 0.19096143664447088 -0.28265168077647085 0.09919436515214734 -0.43498445040060546 0.16178820750346423 -0.5145380050152135 -0.0563455840753422 -0.5157980282135405 -0.3192809183316472 -0.34291934664841195 -0.3440753068455494 -0.29009396860307224 -0.04797156906232201 -0.3844546756486251 -0.43556870945929277 
0.7154277368359044 0.5746052411555368 0.14554325690457798 0.4728417068287194 0.1649423873895828 0.49344110642672967 -0.01683759515090233 0.5280222683320385 -0.13546366436104207 0.26554040746072205 -0.16931410052859674 0.23728197731336628 -0.24837804724794518 0.09498908968077412 -0.1782829627510498 -0.003938827001812214 -0.2796489480891198 0.10980580079341509 -0.43498445040060546 0.12375376548489664 -0.5145380050152135 -0.0563455840753422 -0.5206340493257107 0.1656632466280274 -0.46013568459365994 -0.2481931976281554 -0.2916003237234369 -0.04797156906232201 -0.17765589772621468 -0.429156906488547 
0.7105713571491401 0.5696574661386048 0.14554325690457798 0.4856524309622361 0.08682596402015097 0.5768275614186867 -0.01683759515090233 0.5280222683320385 -0.1271352287947504 0.26554040746072205 -0.16931410052859674 0.2505868009819059 -0.24837804724794518 0.09498908968077412 -0.1782829627510498 -0.013342116328001958 -0.27910281707622536 0.10837524685595654 -0.43498445040060546 0.11215525979376731 -0.5145380050152135 -0.0563455840753422 -0.5153141451061088 -0.14652616969558804 -0.47853281767819067 -0.33283544538252596 -0.2916003237234369 -0.04797156906232201 -0.17765589772621468 -0.429156906488547 
0.7105713571491401 0.5696574661386048 0.14945005866675518 0.5600716807504693 0.08961406890906295 0.57891544141897 -0.01474751719592507 0.5391015479605527 -0.1317092999031315 0.27825330434731493 -0.17542600016578494 0.2505868009819059 -0.24837804724794518 0.08518866310502798 -0.1782829627510498 -0.01843523951158944 -0.27910281707622536 0.07651840314322689 -0.41834938181301584 0.11215525979376731 -0.5143335967055782 0.31617419355583987 -0.5180247822419018 -0.14652616969558804 -0.47853281767819067 -0.33283544538252596 -0.2869810769437797 -0.038768183218769556 -0.18145042915557083 -0.429156906488547 
0.7105713571491401 0.5696574661386048 0.14554325690457798 0.4856524309622361 0.08682596402015097 0.5768275614186867 -0.01683759515090233 0.5280222683320385 -0.1271352287947504 0.26554040746072205 -0.16931410052859674 0.2505868009819059 -0.24837804724794518 0.09498908968077412 -0.1782829627510498 -0.013342116328001958 -0.27910281707622536 0.10837524685595654 -0.43498445040060546 0.11215525979376731 -0.5145380050152135 -0.0563455840753422 -0.5153141451061088 -0.14652616969558804 -0.47853281767819067 -0.33283544538252596 -0.2916003237234369 -0.04797156906232201 -0.17765589772621468 -0.429156906488547 
0.7105713571491401 0.5696574661386048 0.14945005866675518 0.5600716807504693 0.08961406890906295 0.57891544141897 -0.01474751719592507 0.5391015479605527 -0.1317092999031315 0.27825330434731493 -0.17542600016578494 0.2505868009819059 -0.24837804724794518 0.08518866310502798 -0.1782829627510498 -0.01843523951158944 -0.27910281707622536 0.07651840314322689 -0.41834938181301584 0.11215525979376731 -0.5143335967055782 0.31617419355583987 -0.5180247822419018 -0.14652616969558804 -0.47853281767819067 -0.33283544538252596 -0.2869810769437797 -0.038768183218769556 -0.18145042915557083 -0.429156906488547 
0.7043214224883289 0.56126108945749 0.1387677828621942 0.48122954797690354 0.08961406890906295 0.57891544141897 -0.01507851916523779 0.5328903766769155 -0.12397975765153711 0.26666779414005687 -0.17758869487284296 0.2505868009819059 -0.2631880909454701 0.09498908968077412 -0.1782829627510498 -0.007441125704090258 -0.27910281707622536 0.18011951765285 -0.4329882545925593 0.11215525979376731 -0.5145380050152135 -0.3317470208718827 -0.5206340493257107 0.17109197509877658 -0.4609402417133278 -0.2481931976281554 -0.28272116475143916 -0.038768183218769556 -0.18172347441251194 -0.42551533856055945 
0.7044192849862246 0.5696574661386048 0.14727369468400853 0.5634802261115274 0.08961406890906295 0.5768275614186867 -0.01507851916523779 0.5328903766769155 -0.12397975765153711 0.27211216310773884 -0.16931410052859674 0.23692172974476775 -0.24837804724794518 0.08518866310502798 -0.1782829627510498 -0.007441125704090258 -0.27910281707622536 0.18612994058861015 -0.42808268186047516 0.11215525979376731 -0.5145380050152135 0.3224397740660614 -0.5206340493257107 0.1728086165213849 -0.48488642905625173 -0.2481931976281554 -0.2963172438243967 -0.034393133256325696 -0.18145042915557083 -0.4274494229482225 
0.7043214224883289 0.5696574661386048 0.14554325690457798 0.5564318467515424 0.14241938840612473 0.5751137893542562 -0.029727902750100597 0.527716282342245 -0.12397975765153711 0.265894420581837 -0.17299847970159285 0.23329691050456322 -0.25375241969624374 0.08145826971444757 -0.1791602211945467 -0.00510120116596373 -0.297368167018839 0.17919491742492544 -0.4221685449677755 0.1205510318898098 -0.5004844370699162 0.6652020071882312 -0.5169517224226582 -0.13980494981601876 -0.47654034522550237 -0.3469695580345923 -0.29851638663516666 -0.038768183218769556 -0.18166316755073325 0.024910423477492213 
0.7078226708821748 0.5696574661386048 0.1381733506433519 0.5564318467515424 0.15017803391073373 0.5740013293104517 -0.01793362739774725 0.4580011814645808 -0.12352369832181785 0.265894420581837 -0.17299847970159285 0.23728197731336628 -0.25850044490509316 -0.04281326250798245 -0.1791602211945467 -0.013342116328001958 -0.297368167018839 0.18277890219299112 -0.4246096617077625 0.1205059018327285 -0.5156398493037375 0.6595763386141377 -0.5169517224226582 -0.13980494981601876 -0.4668101708536759 -0.33799761311112114 -0.2916003237234369 -0.06112985073560931 -0.19077288696495132 -0.42002288920798647 
0.7078226708821748 0.5696574661386048 0.1467783284295859 0.563807604021151 0.15469230774146148 0.5768275614186867 -0.03216721720779693 0.4580011814645808 -0.12352369832181785 -0.26192279253525674 -0.17299847970159285 0.23728197731336628 -0.24366450981895743 0.08518866310502798 -0.1879755523502039 -0.007441125704090258 -0.297368167018839 0.18277890219299112 -0.42808268186047516 0.12375376548489664 -0.5145380050152135 0.3224397740660614 -0.5206340493257107 0.1656632466280274 -0.46013568459365994 -0.2481931976281554 -0.2916003237234369 -0.04328424560042189 -0.18182419738660383 -0.42002288920798647 
0.7078226708821748 0.5696574661386048 0.1467783284295859 0.563807604021151 0.15469230774146148 0.5768275614186867 -0.03216721720779693 0.4580011814645808 -0.12352369832181785 -0.26192279253525674 -0.17299847970159285 0.23728197731336628 -0.24366450981895743 0.08518866310502798 -0.1879755523502039 -0.007441125704090258 -0.297368167018839 0.18277890219299112 -0.42808268186047516 0.12375376548489664 -0.5145380050152135 0.3224397740660614 -0.5206340493257107 0.1656632466280274 -0.46013568459365994 -0.2481931976281554 -0.2916003237234369 -0.04328424560042189 -0.18182419738660383 -0.42002288920798647 
0.4788682889848992 0.08214863250607846 -0.010596856480372376 -0.017753478950154892 -0.44343875187709175 -0.02253509149185986 0.22506694813629405 -0.07231282693121449 -0.7997098889198331 -0.08817810001362751 -0.15450860986447099 -0.11699897977857293 -0.27552312574081833 -0.1282472544902942 -0.23326292491445133 -0.1828566056876246 -0.18801644045830657 -0.3442432488173959 -0.2171790362179717 -0.27300954106608616 0.05806097274210216 -0.3631409623837325 0.7377715886691718 -0.24051410688361774 0.3839712215823725 -0.20554387919446904 0.02093736250963097 -0.17774450517945073 0.07921579834805895 -0.1296695619836521 
0.4768214763058129 0.07072683768321164 -0.4647731737380679 -0.010096139187561123 -0.44299363627506455 -0.02253509149185986 0.2899878917801748 -0.07231282693121449 -0.3151526979383452 -0.09992550886512791 -0.9655255148141118 -0.12419135521597321 -0.28335201428026163 -0.1282472544902942 -0.37099260435894293 -0.17915458337391885 -0.18032281857733057 -0.31986628054657407 -0.2171790362179717 -0.27243325281989694 0.05806097274210216 -0.3722890061037642 0.27995236945543106 -0.23644658860723153 0.39142485374685143 -0.22800196798746133 0.026840449579677378 -0.17685524687809218 0.08027476107039531 -0.1296695619836521 
0.4759389242448796 0.08214863250607846 -0.00798556282694998 -0.017753478950154892 -0.4416898754222029 -0.02253509149185986 -0.4679083085392753 -0.07231282693121449 -0.8014917908575838 -0.08817810001362751 -0.1511000241967593 -0.1292879865347695 -0.285211752342911 -0.1282472544902942 -0.23326292491445133 -0.1828566056876246 0.4715716939364868 -0.34273095620345984 -0.2171790362179717 -0.27300954106608616 0.05806097274210216 -0.3631409623837325 0.07667415025140163 -0.23074089482128152 0.3839712215823725 -0.20554387919446904 0.026840449579677378 -0.18296988810895093 0.07805698209460414 -0.17484235673344609 
0.4783421610614578 0.0768739702773792 -0.4647731737380679 -0.017753478950154892 -0.44299363627506455 -0.02253509149185986 0.2338657286604886 -0.07231282693121449 -0.3151526979383452 -0.10538839770481799 -0.15450860986447099 -0.12419135521597321 -0.2768980281132306 -0.12374354644287332 -0.37163727673044367 -0.1828566056876246 -0.18801644045830657 -0.32695423113631483 -0.2171790362179717 -0.27300954106608616 0.05201736982238228 -0.37293777550389634 0.28812521079825215 -0.23074089482128152 0.3839712215823725 -0.22800196798746133 0.02093736250963097 -0.18482370090457384 0.08027476107039531 -0.1296695619836521 
0.4783421610614578 0.0768739702773792 -0.4647731737380679 -0.017753478950154892 -0.44299363627506455 -0.02253509149185986 0.2338657286604886 -0.07231282693121449 -0.3151526979383452 -0.10538839770481799 -0.15450860986447099 -0.12419135521597321 -0.2768980281132306 -0.12374354644287332 -0.37163727673044367 -0.1828566056876246 -0.18801644045830657 -0.32695423113631483 -0.2171790362179717 -0.27300954106608616 0.05201736982238228 -0.37293777550389634 0.28812521079825215 -0.23074089482128152 0.3839712215823725 -0.22800196798746133 0.02093736250963097 -0.18482370090457384 0.08027476107039531 -0.1296695619836521 
0.4783421610614578 0.0768739702773792 -0.4647731737380679 -0.017753478950154892 -0.4416898754222029 -0.03581607661785145 -0.46033040909304024 -0.16957144863231033 -0.3151526979383452 -0.09746452130076876 -0.1511000241967593 -0.12419135521597321 -0.27742621984491017 -0.11735855935477647 -0.37163727673044367 -0.18680524319544384 -0.1842172711799799 -0.32695423113631483 -0.2171790362179717 -0.26323766168906254 0.06261737827227133 -0.3697996984229018 0.2847801384045788 -0.23644658860723153 0.40030943131034546 -0.08553624860687849 0.015608267381011069 -0.18482370090457384 0.08027476107039531 -0.17484235673344609 
0.474719696452041 0.06811662496380164 -0.4647731737380679 -0.010645241092815953 -0.442341383037 -0.029342330922204393 -0.46033040909304024 -0.08595244651547601 -0.3144330454213257 -0.10621167157916794 -0.1493406065245993 -0.12419135521597321 -0.26690023473845215 -0.10535188187278158 -0.10797065576290676 -0.1758432313987368 -0.17470429729140458 -0.33299299415764533 -0.2171790362179717 -0.26323766168906254 0.06104715790616851 -0.37293777550389634 0.27995236945543106 -0.23644658860723153 0.38679812708524014 -0.21243550796066968 0.015608267381011069 -0.18383624262940024 0.07334344944838823 -0.18154151996041154 
0.474719696452041 0.0680280707605323 -0.45820043259882715 -0.01493982254397105 -0.3089680453155694 0.04278383719869796 -0.31540962792065785 -0.08595244651547601 -0.31676900238495864 -0.08831020103916994 -0.15237886940446482 -0.12526777587117766 -0.26690023473845215 -0.12375316150287996 -0.055046420372202524 -0.1935225919511403 -0.18772486318163767 -0.3274260175115271 -0.20833573854041296 -0.25176310752334524 0.06104715790616851 -0.3782520931352003 0.07951322467496325 -0.22177553580205267 -0.19468318438741572 -0.21539852011984084 0.016906123919142355 -0.1747622135842709 0.0897845646025417 -0.1648221010104048 
0.474719696452041 0.0680280707605323 -0.4647731737380679 -0.016963048289879955 -0.3144798282809792 0.04698989494573194 -0.31540962792065785 -0.15995159499379027 -0.3222680384491633 -0.08831020103916994 -0.1548438202879976 -0.12419135521597321 -0.27831400641702564 -0.11689451403924309 -0.055046420372202524 -0.17379979234888215 -0.18942555122781388 -0.3180079644522355 -0.20833573854041296 -0.25176310752334524 0.026750305823370096 -0.3606492416908084 0.07951322467496325 -0.26228731225670066 -0.0722378124980093 -0.3275910493901128 0.014071777270793496 -0.18029619863607707 0.11681002180514888 -0.1648221010104048 
0.45765353055205454 0.0768739702773792 -0.07940475182114759 0.13952602061434477 -0.26026731169415795 0.06003653811241312 -0.3244599572846814 0.07798256974865611 -0.3309206600429385 -0.08984542821687709 -0.15450491524015672 -0.11812230759521676 -0.3722922912911175 -0.12572121658230576 -0.07271845735440446 -0.16596449582153205 -0.09725042184720953 -0.3366005694853963 -0.22084698632029862 -0.2446071752940303 0.0582685141622133 -0.36488422118278163 0.0819515830691075 -0.262019989548105 -0.0031042446843782406 -0.32140847247932247 0.006255508380978991 -0.17773273434620965 0.050160138544417684 -0.17834585222675445 
0.45765353055205454 0.0768739702773792 -0.07940475182114759 0.13952602061434477 -0.26026731169415795 0.06003653811241312 -0.3244599572846814 0.07798256974865611 -0.3309206600429385 -0.08984542821687709 -0.15450491524015672 -0.11812230759521676 -0.3722922912911175 -0.12572121658230576 -0.07271845735440446 -0.16596449582153205 -0.09725042184720953 -0.3366005694853963 -0.22084698632029862 -0.2446071752940303 0.0582685141622133 -0.36488422118278163 0.0819515830691075 -0.262019989548105 -0.0031042446843782406 -0.32140847247932247 0.006255508380978991 -0.17773273434620965 0.050160138544417684 -0.17834585222675445 
0.44423782115527055 0.22730939323495578 -0.12073016511737715 0.1484064419934075 -0.31442888943814395 0.08194843037105841 -0.22993533876312192 0.086454772619675 -0.3222680384491633 0.0890688321115061 -0.1558276143831311 -0.10405642295097901 -0.3722922912911175 -0.11689451403924309 -0.23406420582311424 -0.17070362687768273 -0.10504549968957713 0.024722335435716353 -0.2283710307264819 -0.21603754782359924 0.056455914754930316 -0.3613914300519157 0.0819515830691075 -0.26334963856428195 0.10780216495916478 -0.3597090168839592 0.015120107136968744 -0.1845021908587661 0.05913478496582143 -0.20263432258300182 
0.4331724569315855 0.22806651806389697 -0.12073016511737715 0.1510817057938832 -0.013277500391740693 0.09001905142731002 -0.23042526785131262 0.07823039278613836 -0.254824528340178 0.08886959919645374 -0.14511058027299786 -0.0792486797495573 -0.27506230097205464 -0.09941693689398116 -0.23406420582311424 -0.163188121682922 -0.2078061291829778 0.0014232279390886116 -0.01535530680113939 -0.21603754782359924 -0.17761847410623388 -0.16577430365176302 -0.2414230359439897 -0.2159265692335723 0.08485520514126844 -0.3597090168839592 0.2038006332604393 -0.17761574452978846 0.06875854653138253 -0.20698264734926927 
0.4317320996704315 0.21932474999524007 -0.13010410076968795 0.1316830201001022 -0.0030580725928798843 0.08511353226181484 -0.23140924589137066 0.08484933267887054 -0.26324622826954147 0.08261890220986108 -0.15179082118529988 -0.087384710612455 -0.316761051655711 -0.11689451403924309 -0.2371995927752165 -0.01756187318654856 -0.2078061291829778 0.024740862888339658 -0.23177911084712818 -0.21603754782359924 -0.1710497368360695 -0.1748518662930699 -0.2400024948741542 -0.25243604431282013 -0.09820223621437618 -0.35876394495170555 0.024401515025993428 -0.17548093556881753 0.08722737524077614 -0.2245644093498505 
0.42507927509034144 0.25066479597151026 -0.13102635834669643 0.1316830201001022 -0.013277500391740693 0.08119614945778089 -0.23551973371228963 0.07556308066174289 -0.26068238199017085 0.0890688321115061 -0.14552001800512016 -0.09711259692636628 -0.3018954157864557 0.02016464068521362 -0.23319366478303463 -0.15924020927014285 -0.21743480678454774 0.024722335435716353 -0.2362624677053317 -0.04884619658132854 -0.1710497368360695 -0.1801414554861152 -0.24432755666751144 -0.2159265692335723 -0.09311437906123046 -0.3597090168839592 0.027947998260553858 -0.17761574452978846 0.08442718967686144 -0.22666108337362206 
0.4201865708010668 0.22730939323495578 -0.12073016511737715 0.1510817057938832 -0.013277500391740693 0.08119614945778089 -0.23042526785131262 0.21546192549992593 -0.26068238199017085 0.0915177332405245 -0.14552001800512016 -0.10285451265019353 -0.27506230097205464 -0.11689451403924309 -0.23406420582311424 -0.17070362687768273 -0.2877398837601198 0.024722335435716353 -0.2283710307264819 -0.21603754782359924 -0.16700408501174255 -0.1873029732883195 -0.23566047052264008 -0.2159265692335723 -0.09820223621437618 -0.3597090168839592 0.024401515025993428 -0.17761574452978846 0.05913478496582143 -0.22666108337362206 
0.41347068298841944 0.22862000921660372 -0.13102635834669643 0.13022933179662557 -0.013277500391740693 0.08511353226181484 -0.23551973371228963 0.07556308066174289 -0.26068238199017085 0.0915177332405245 -0.15302629849125077 -0.10285451265019353 -0.27506230097205464 0.02016464068521362 -0.23319366478303463 -0.058714540185772934 -0.2877398837601198 0.024722335435716353 -0.2282990534084295 -0.05300769531936192 -0.1710497368360695 -0.17274194381475924 -0.24939541669925594 -0.2253399764141029 -0.10723993110059313 -0.3597090168839592 0.02464413652129305 -0.17138161106641386 -0.12933338389160862 -0.22447268483450827 
0.40196786768333553 0.21892285778605103 0.022736094095920756 0.2356143443133165 -0.017768941608988627 0.17091604078502187 0.02254096564348531 0.09326562403694684 -0.2751919481037242 0.08742946667103589 -0.15605497273141986 -0.05315289965135081 -0.27506230097205464 0.014554953038948045 -0.23468552295242132 0.1609662619924479 -0.27943730991778576 0.034903228800460026 -0.2288442454863669 -0.06737513380999208 -0.29610929631806027 -0.17695709666438292 -0.2448389050726632 -0.21380143975145266 -0.1249773152703469 -0.35699823310700207 0.03201971128468175 -0.16627647417934974 -0.12812727627098217 -0.21598064219575752 
0.3984423518969311 0.22862000921660372 -0.13102635834669643 0.1364658375639769 -0.013277500391740693 0.07868608775085588 -0.23551973371228963 0.09539546849911762 -0.028545382931214114 0.0915177332405245 -0.1569216771080216 -0.09711259692636628 -0.12980559816965853 0.08780547781922232 -0.22315281936584985 -0.0523309249305747 -0.2877398837601198 0.03314493226257943 -0.2362624677053317 -0.05879821013154993 -0.1710497368360695 -0.17695709666438292 -0.23627408158554167 -0.2253399764141029 -0.10723993110059313 -0.35801989844597065 0.03495594194939603 -0.17138161106641386 -0.1384536245828304 -0.22447268483450827 
0.3906250625800177 0.20839915190438646 0.02666328312679305 0.1364658375639769 -0.0019760915080925872 0.0697213700865246 0.02254096564348531 0.09539546849911762 -0.028545382931214114 0.08890397543086476 -0.004017477864690866 0.14067481139016413 -0.12639362031762902 0.016610424914721048 -0.23023660617603964 0.1550223479282134 -0.3079374280980568 0.021698964476123413 -0.22978984064119037 -0.0660380349001258 -0.16700408501174255 -0.17695709666438292 -0.23507227311274995 -0.22567998822230229 -0.11275243099430277 -0.3535599251987329 0.03495594194939603 -0.1704710449661444 -0.12743491604876492 -0.219699514902952 
0.3906250625800177 0.20839915190438646 0.02666328312679305 0.1364658375639769 -0.0019760915080925872 0.0697213700865246 0.02254096564348531 0.09539546849911762 -0.028545382931214114 0.08890397543086476 -0.004017477864690866 0.14067481139016413 -0.12639362031762902 0.016610424914721048 -0.23023660617603964 0.1550223479282134 -0.3079374280980568 0.021698964476123413 -0.22978984064119037 -0.0660380349001258 -0.16700408501174255 -0.17695709666438292 -0.23507227311274995 -0.22567998822230229 -0.11275243099430277 -0.3535599251987329 0.03495594194939603 -0.1704710449661444 -0.12743491604876492 -0.219699514902952 
0.3822233313798748 0.2080051826382962 0.02666328312679305 0.2356143443133165 -0.017768941608988627 0.17091604078502187 0.02254096564348531 0.09404451203189428 -0.2691556991008851 0.0919283126839297 -0.004017477864690866 -0.05315289965135081 -0.12639362031762902 0.0061707953077567036 -0.06989842100283172 -0.163188121682922 -0.3037788510984662 0.024722335435716353 -0.22978984064119037 -0.06340067535899467 -0.16700408501174255 -0.16827917429987652 -0.22751147363004295 -0.22567998822230229 -0.11172488292229033 -0.34917826815286696 0.03495594194939603 -0.1704710449661444 -0.1243735941702912 -0.219699514902952 
0.3297261542678379 0.21892285778605103 0.05198855560512748 0.06107934833592347 -0.268037494784453 0.0986214399086274 0.02254096564348531 0.14638212658290203 0.134583494375735 0.06915058556150235 0.1409687576358533 0.15272817982016312 0.13621941530930343 0.05085481798442569 0.11008031969536262 0.10925064892255534 0.07403985807465523 0.2986536604670379 -0.2677840335377798 0.16018788983702847 0.10832396080590614 0.20284767013787236 -0.1961403719126502 0.11755813007572635 0.04665038879506084 0.14393804940427046 0.016177579479230132 0.08546939613639895 -0.13787717683910944 0.05114569850726212 
0.3297261542678379 0.21892285778605103 0.05198855560512748 0.04827069042774945 0.17471788819488923 0.0986214399086274 0.19722980858979328 0.12886755671179365 0.12839530783838654 0.06915058556150235 0.15040820631033244 0.15272817982016312 0.11242787781847335 0.05484434109523993 0.1120218104012316 0.10925064892255534 0.07606467961359836 0.2986536604670379 -0.27343755327708347 0.16018788983702847 0.10016037870990122 0.20044451162703622 -0.06599067510063283 0.13222701000200263 -0.26949871517371426 0.1460097573524918 0.01024518266648074 0.09676592996724613 -0.13949827522520283 0.05114569850726212 
0.3297261542678379 0.21892285778605103 0.05198855560512748 0.04827069042774945 0.17471788819488923 0.0986214399086274 0.19722980858979328 0.12886755671179365 0.12839530783838654 0.06915058556150235 0.15040820631033244 0.15272817982016312 0.11242787781847335 0.05484434109523993 0.1120218104012316 0.10925064892255534 0.07606467961359836 0.2986536604670379 -0.27343755327708347 0.16018788983702847 0.10016037870990122 0.20044451162703622 -0.06599067510063283 0.13222701000200263 -0.26949871517371426 0.1460097573524918 0.01024518266648074 0.09676592996724613 -0.13949827522520283 0.05114569850726212 
0.3240367838023005 0.22575067868618992 0.07262654099628461 0.06107934833592347 0.12581529234066124 0.17091604078502187 0.014891940412588331 0.12467090817189821 0.1265033867849776 0.056486877400821145 0.1409687576358533 0.15272817982016312 0.13548366991259164 0.051185558847470454 0.11351341216865436 0.11078473964169022 0.07403985807465523 0.30196069915583196 0.05783935064808597 0.158567558904388 0.10832396080590614 0.20145421833888857 -0.07290210325061673 0.10601158808921529 0.04665038879506084 0.14892690832129904 0.016177579479230132 0.08546939613639895 -0.12812727627098217 0.03996174414557308 
0.31559069358435765 -0.1579398537901666 0.05198855560512748 0.04827069042774945 0.17471788819488923 0.10528699842267851 0.19396269494892082 -0.03544096959430616 0.12839530783838654 0.056486877400821145 0.15774745925500866 0.049255755191915385 0.11242787781847335 0.05484434109523993 0.11627165643336879 0.10414960311506968 0.08135186844440145 0.28946551261161046 -0.27343755327708347 0.16129015487573048 0.10016037870990122 0.20352306937285172 -0.062425498122874234 0.0959192293956384 0.046425463535128685 0.1460097573524918 0.016177579479230132 0.07781104229117666 -0.14196464696065897 0.05114569850726212 
0.30799675033024726 -0.16754717868970564 0.06865816041806799 -0.08116019169532424 0.1854015724024341 -0.039735501827303184 0.18878971992130802 -0.03544096959430616 0.21403215911568416 0.056486877400821145 0.15807079834431517 0.1574631532019401 0.14036110245032005 0.07448346063493193 0.1133742261083757 0.0999300880126881 0.0709127130675047 0.28946551261161046 0.0581551434956948 0.16129015487573048 0.10716475085035831 0.18048831740846927 -0.056953835985689004 0.09471459199037266 0.04129910260496877 0.13835339638100086 0.017447376492355074 0.09290788600394125 -0.14196464696065897 0.06875573252608475 
0.30799675033024726 -0.16754717868970564 0.06865816041806799 -0.08116019169532424 0.1854015724024341 -0.039735501827303184 0.18878971992130802 -0.03544096959430616 0.21403215911568416 0.056486877400821145 0.15807079834431517 0.1574631532019401 0.14036110245032005 0.07448346063493193 0.1133742261083757 0.0999300880126881 0.0709127130675047 0.28946551261161046 0.0581551434956948 0.16129015487573048 0.10716475085035831 0.18048831740846927 -0.056953835985689004 0.09471459199037266 0.04129910260496877 0.13835339638100086 0.017447376492355074 0.09290788600394125 -0.14196464696065897 0.06875573252608475 
0.30056872241797594 -0.184912815374254 0.05147046846775631 -0.08116019169532424 0.17927890604075514 -0.04812900150665374 0.19822290702193804 -0.05020716784223993 0.2066838634551398 0.056486877400821145 0.1745243986508017 0.04362456298622876 0.13621941530930343 0.0768040848258047 0.11495989267529282 0.10366724494177879 0.08135186844440145 0.03299357426052896 0.0637281437208719 0.16154250110200905 0.1307009671933703 0.203579578743211 -0.07108221579500534 0.20813957082467982 0.05084770388911083 0.14784911360276684 0.017447376492355074 0.08546939613639895 -0.13356441337208524 0.1518848993766126 
0.29481808994542585 -0.17675580969949092 0.06458207258709421 -0.08116019169532424 0.17927890604075514 -0.03496024811857715 0.20166092841708125 -0.041135929741553376 0.21403215911568416 0.056486877400821145 0.1745243986508017 0.03863160972293654 0.14036110245032005 0.0768040848258047 0.1133742261083757 0.0999300880126881 0.08135186844440145 0.03299357426052896 0.0581551434956948 0.16154250110200905 0.10327985281603999 0.20352306937285172 0.08964069255551613 0.09471459199037266 0.03422228028808976 0.14784911360276684 0.017447376492355074 0.08546939613639895 -0.14196464696065897 0.07114800682673494 
0.2847391584781721 -0.16671799045815802 0.05147046846775631 -0.0953426352855967 0.17471788819488923 -0.03725453686585185 0.19396269494892082 -0.05020716784223993 0.144335004185473 -0.007776805245122918 0.15774745925500866 0.04362456298622876 0.13621941530930343 0.04059548631311575 0.12460915140826968 0.11284489943037208 0.08987205152932753 0.03299357426052896 0.0637281437208719 0.16154250110200905 0.11583026086141941 0.15209378185205652 -0.07132537262846159 0.09705143932311326 0.05084770388911083 0.1530739524896678 0.017447376492355074 0.09676592996724613 -0.17938333508698445 0.14444438532330528 
0.28031641489595366 -0.17675580969949092 0.05147046846775631 -0.09033065828438229 0.17927890604075514 -0.045560390557374604 0.05876186774931572 -0.047140445562890765 0.22003996164441864 -0.00865746243048147 0.13501091101882423 0.040328017899359005 0.130747972862571 0.04059548631311575 0.1133742261083757 0.11541933162910649 0.07364801428585024 0.03299357426052896 0.0637281437208719 0.16154250110200905 0.10513296302525171 0.15209378185205652 0.08636968392578652 0.09705143932311326 0.04395611667925516 0.14712030838195575 0.013164303043534102 0.08961052884314422 0.012230152458438687 0.1452776319426289 
0.27571942023344626 -0.1556990066228234 0.10607851093734735 -0.07817100369209858 0.1685923152408504 -0.04476546327551854 0.21489918745973333 -0.03969363416616723 0.11281788084251744 0.056486877400821145 0.1525394627181419 0.18444961703926754 0.1306967127574189 0.012126302514023468 0.12407265392349241 0.10375105772862235 0.08135186844440145 0.030943210451200655 0.06305041014540722 0.16154250110200905 0.13171064580060532 0.20352306937285172 0.089662991946343 0.10601158808921529 0.08374295048176603 0.14393804940427046 0.017447376492355074 0.08546939613639895 -0.04479575705868622 0.1518848993766126 
0.26472461916815615 -0.15973846715679144 0.04975440038371295 -0.09033065828438229 0.09068937176423489 -0.045560390557374604 0.05578450050668982 -0.02935599933145635 0.10904472798784091 -0.007776805245122918 0.13501091101882423 -0.01575433312230359 0.13202660919468653 0.04059548631311575 0.1133742261083757 0.11259230937152362 0.07656283537084796 0.028717965858430193 0.06135660253933293 0.14695090266611685 0.10183492986622299 0.15209378185205652 0.08636968392578652 0.09471459199037266 0.05452676281566362 0.14712030838195575 -0.15250603248932015 0.08863939531388218 0.012230152458438687 0.14416323472929296 
0.2586958464565614 -0.14528365719703307 0.04760974920207189 -0.09013846252690133 0.08987608651018937 -0.037213535049017366 0.20133357551194214 -0.05343735148232129 0.20610498308845668 -0.09758864364547302 0.1525394627181419 -0.006324175098308161 0.17738808777512616 0.04059548631311575 0.10841121563005575 0.11259230937152362 0.0839646957722908 0.025064711781420883 0.058049993763013355 0.1407983542233786 0.11350265612334356 0.1810634450382711 0.08856061519399096 0.09208260935152067 0.022906355119000743 0.14985550776101 0.017447376492355074 0.1219177879494808 -0.134269617263355 0.14444438532330528 
0.2550693488404549 -0.1696246368652822 0.06263836434044656 -0.18165502099345288 0.0770808745585955 -0.08529896423343324 0.06633327586723825 -0.2122685562006343 0.1116830563092925 -0.09758864364547302 0.1525394627181419 -0.015121319548720907 0.1306967127574189 0.04059548631311575 0.11101344592259543 0.11259230937152362 0.06830050226239098 0.030943210451200655 0.06030056714156948 0.16727154341145528 0.11204754619328518 0.15084007005501787 0.09122064816023431 0.09471459199037266 0.08374295048176603 0.14048479841862432 0.05730808196819976 0.11814390774369575 0.012734445429933473 0.057020691202602884 
0.24735221688704087 -0.1696246368652822 0.051469680838439884 -0.07892717857043116 0.08987608651018937 -0.08529896423343324 0.05876186774931572 -0.16197294678413798 0.1116830563092925 -0.017335692997594875 0.1525394627181419 -0.006324175098308161 0.134696248587722 0.049338924995690085 0.10234879169771001 0.10870357338583252 0.0839646957722908 0.03299357426052896 0.06030056714156948 -0.036787751606833785 0.10187440498580135 0.15084007005501787 0.08763766250584393 0.09471459199037266 0.03804554086504852 0.1437675417370625 0.1010538727609965 0.3036856702009585 0.025906518546850867 0.15226938595890516 
0.24266710868591085 -0.1719821070214545 0.04802525159670314 -0.10230785107045226 0.07571684469486323 -0.08529896423343324 0.06633327586723825 -0.20687670160323224 0.020445576825900647 -0.09758864364547302 0.1610373718470789 -0.015121319548720907 0.13560762223507605 0.04588964151555857 0.10234879169771001 0.11259230937152362 0.08008837304317944 0.030943210451200655 0.11002831605144822 -0.07140800316694261 0.13464325677365332 0.18879598135043274 0.09122064816023431 0.14607121331438466 0.08374295048176603 0.1432177173708058 0.05730808196819976 0.11814390774369575 0.01959793256812277 0.05204378332496957 
0.23364616620859147 -0.1641094969845277 -0.00470109031491584 -0.07622704283343726 -0.04914234687752953 -0.08845847882758134 0.06318227511983579 -0.16197294678413798 0.1116830563092925 -0.10258162637070144 0.07432241363880913 -0.07704144820295965 0.134696248587722 -0.17579910973904436 0.10234879169771001 0.0995717788121056 0.08135186844440145 0.027117531552685654 0.06497134259521402 0.14854389480067826 0.15808998108521574 -0.09268532701052053 0.09752730678534487 0.09471459199037266 0.04665038879506084 0.1437675417370625 0.0751755095857114 0.11326160077471505 0.031030015181688794 0.15226938595890516 
0.2274022586587832 -0.1696246368652822 -0.00470109031491584 -0.17591872802683706 -0.055835965036165426 -0.06673578653061316 0.044762840510865695 -0.08527269601505955 0.11390587826435523 -0.07261300686594795 0.06423460971652636 -0.015121319548720907 0.04702318787261725 0.04059548631311575 0.08376641959754307 -0.0704120050497874 0.08341244441976466 0.030943210451200655 0.11813442085504416 0.16727154341145528 0.11204754619328518 -0.14297876755906044 0.07756531215241709 -0.03742407301331489 0.08374295048176603 0.13184185515014513 0.006014215214541884 0.12028845880208759 0.004317076122338404 0.057020691202602884 
0.2187915705605811 -0.184173843869156 -0.00470109031491584 -0.10081806275523603 -0.04914234687752953 -0.11700541623218907 0.06116182414875193 -0.08441361158653157 0.020927635265714388 -0.10258162637070144 0.06833499946262447 -0.015513678361015016 0.134696248587722 -0.16614580548259783 0.08376641959754307 -0.12574385158817103 0.08341244441976466 0.025152865030394142 0.059564274739478514 0.14854389480067826 0.15166460100832627 -0.09268532701052053 0.060012946211710584 -0.03743369413472001 0.09774659681772553 0.1437675417370625 0.006014215214541884 0.11326160077471505 0.004317076122338404 0.14416323472929296 
0.20432811612157878 -0.020926457239999897 -0.02901363239661441 -0.10081806275523603 -0.04875488102738708 -0.11700541623218907 0.05608643934901893 -0.08246276684718336 0.020718044203724598 -0.12772528567681873 0.06833499946262447 -0.06289838143513034 -0.05011132993659295 -0.023703929002465922 -0.05362352752235281 -0.06537315607884361 0.0439520115617898 -0.0381377586184186 0.059564274739478514 -0.0901008821494568 0.1502227271675685 -0.09146258052928997 0.06711995562949018 -0.03743369413472001 -0.024420084416373913 0.1370724717008524 0.006014215214541884 0.11326160077471505 0.004317076122338404 0.14416323472929296 
0.20432811612157878 -0.22417277040890982 -0.02901363239661441 -0.09803534589696503 -0.055835965036165426 -0.11700541623218907 0.06116182414875193 -0.08527269601505955 0.019879981455480762 -0.09977688346944734 0.06833499946262447 -0.08920911289480243 -0.033228316520681984 -0.16781405247608971 0.054900213943304715 -0.06166179485499811 0.034630589739958154 -0.032383571084135754 0.14774182780410383 -0.10226591306651699 0.1502227271675685 -0.09146258052928997 0.06711995562949018 -0.04769308043042894 0.09179607157974659 0.1266802238099725 0.006014215214541884 0.11326160077471505 0.16053735279704218 -0.06492527796500402 
0.19683546842730482 -0.184173843869156 -0.02330185099696126 -0.01595438721223771 -0.055835965036165426 -0.06673578653061316 0.0585137548546521 -0.08527269601505955 0.020927635265714388 -0.10229047437646692 -0.07026432145132092 -0.05302794253474828 0.04702318787261725 -0.16781405247608971 0.06376094558286297 -0.06903995279325659 0.039276740688663526 -0.18670398683128941 0.11813442085504416 -0.09439198454708257 0.15166460100832627 -0.14297876755906044 0.060864069164643514 -0.04580420386620103 0.1449185095694264 -0.15573813874699177 -0.010764600299439837 0.11326160077471505 0.004317076122338404 0.05631459021009679 
0.1882386940325406 -0.22417277040890982 -0.00470109031491584 -0.09803534589696503 -0.05550931784001627 0.12064597000742427 0.06116182414875193 -0.08527269601505955 0.011795583582591456 -0.10258162637070144 -0.12166227014213063 -0.08920911289480243 -0.033228316520681984 -0.16614580548259783 0.08376641959754307 -0.06903995279325659 0.07102860180866608 -0.026029663363222988 -0.06317239409545548 -0.08960723821828377 0.15166460100832627 -0.1128471757603536 0.060917858804950584 -0.05152857418645787 0.09774659681772553 -0.15573813874699177 0.05799088713743334 0.10821376714128746 0.15256074240598377 0.06082515492050698 
0.1771936683423226 -8.230842825096034E-4 -0.1425700336161655 -0.01469815162478988 -0.2309392186961631 -0.03502623425009981 -0.03116382050086839 0.023437331344464074 0.01796463442976514 -0.01598195444102704 -0.05502654778713805 -0.061995090509290425 -0.05011132993659295 -0.029704925912718665 -0.07639606952602926 -0.09904348707868424 0.0439520115617898 -0.036795545565456715 -0.05862628369073051 -0.08375293432502981 0.015992233972089265 -0.10080446146681873 0.02078126960047366 -0.0602444405091225 -0.024420084416373913 -0.12730229413570915 -0.016964510314816945 -0.05476207317588461 0.13192982585548985 -0.05460377743490904 
0.17502348089327616 0.07813100885064253 -0.01580038721065663 -0.008435015425896565 -0.05399311557753502 -0.04135033462969837 -0.08738402412576877 -0.029999183822744246 0.011795583582591456 -0.09510149082383483 -0.12166227014213063 -0.09915278957966045 -0.042903702346832565 -0.033447449548123974 -0.05991052271190965 -0.097252761685505 0.07102860180866608 -0.03395293752474711 -0.06317239409545548 -0.08709515046532047 0.0250893418994175 -0.10561037004513087 0.060917858804950584 -0.04580420386620103 0.09667598368348607 -0.16881983110498058 0.05636054476186955 -0.046178939608276334 0.006765996529528612 0.06082515492050698 
0.16784862663705208 0.07813100885064253 -0.026086304767444925 -0.01424540027055773 -0.05399311557753502 0.010091070199499626 -0.03116382050086839 0.022194791214492193 0.030073003457862933 -0.02354664241593445 -0.05502654778713805 -0.05924548953632693 -0.05011132993659295 -0.029704925912718665 -0.07411766666647523 -0.09904348707868424 0.04417108172973851 -0.026029663363222988 -0.06845361423421714 -0.08375293432502981 0.021303997298451165 -0.10612066892833162 0.02252293587922456 -0.07243817020878733 -0.024420084416373913 -0.14206749800337432 -0.005001997204316338 -0.05476207317588461 0.13192982585548985 0.0570805361335542 
0.15772631946619264 0.07813100885064253 -0.019089973323144042 -0.02310149050996497 -0.22471498928397815 -0.03502623425009981 0.011166027008006792 -0.029999183822744246 0.006240935508860734 -0.08693908995645172 -0.06358082680444962 -0.06434708518516165 -0.04408776305767673 -0.029704925912718665 -0.07639606952602926 -0.07861702752008466 0.015017165364606212 0.027751567696217103 -0.06392667474904956 -0.08375293432502981 0.015992233972089265 -0.10561037004513087 0.061436511400170764 -0.053496046740993376 -0.024420084416373913 -0.1355210039478787 -0.01717484310020377 -0.035444755014549044 -0.002916387081044646 -0.05996233325315866 
0.1506825300352835 0.013697668504572925 -0.022284097262865014 -0.03362262748043911 -0.22471498928397815 -0.03502623425009981 -0.08147299064565092 -0.029999183822744246 0.015643150401294915 -0.09564447791055661 -0.05826221631440215 -0.08643261988062423 -0.05011132993659295 -0.024826813427376204 -0.06445164300822986 -0.08738748149363709 0.015017165364606212 -0.022206200644858183 -0.029475521383852232 -0.09257644392879003 0.015992233972089265 -0.12008347329535582 0.06435488317485784 -0.04954997610347088 -0.025156293804962496 -0.1355210039478787 0.0327725535585377 -0.03571734221686288 -0.002916387081044646 -0.05996233325315866 
0.1468117372912268 -8.230842825096034E-4 -0.023730504443556993 -0.013865297726673066 -0.0414921586478341 -0.04309369471518543 -0.014055376828277046 -0.03565593643439291 0.02778205502948766 -0.020955077075220676 -0.059924249189094246 -0.05924548953632693 -0.05011132993659295 -0.019384543936756832 -0.06336050767486855 -0.09904348707868424 0.030475594432530746 -0.18670398683128941 -0.05862628369073051 -0.0835330538355426 -0.011320247029991348 -0.09268532701052053 -0.005173141285583691 -0.0743978983369181 -0.025156293804962496 -0.12832234576991053 0.005053399321386477 -0.03765526886556079 -0.010885000338117203 -0.07091866425528931 
0.14181080591064754 -0.007368235139493975 -0.021667422901874515 -0.023675307684383553 -0.017114458273449734 -0.027556156081684144 -0.10905755644701284 0.0293884767482315 0.02276160834789442 -0.09063033756331128 -0.05528968658660871 -0.07323936311679316 -0.05011132993659295 -0.049404955048593546 -0.07411766666647523 -0.0886816928767361 0.03324739912089938 -0.022206200644858183 -0.06392667474904956 -0.08945645421304954 0.03891300529908159 -0.10612066892833162 0.06510794843895623 -0.21401481132233502 -0.03059007299581345 -0.12832234576991053 0.02767160244155279 -0.03934973189028006 0.003416775148698723 -0.05996233325315866 
0.13447750247183754 0.05158357250872152 -0.021678714708262953 -0.018428836092095908 -0.11503333607085708 -0.027556156081684144 -0.053290839888386426 0.027634451040052438 0.007889205684498898 -0.09063033756331128 -0.053269268434362305 0.09227594012981555 -0.054994182592699455 -0.049404955048593546 -0.07712158133415263 -0.08994068445671985 0.03731858997237891 -0.022206200644858183 -0.06450178651417302 -0.08945645421304954 -0.03058547487153678 -0.06774260625459617 0.06510794843895623 -0.04736340676686316 -0.024420084416373913 -0.12832234576991053 -0.02923371620999049 -0.03934973189028006 -0.007658545993302759 -0.05450569295760425 
0.12635616617926826 -8.230842825096034E-4 -0.023730504443556993 -0.018939712219411133 0.03696364883940281 -0.04309369471518543 -0.014055376828277046 0.02205272754965519 0.030073003457862933 -0.020955077075220676 -0.04866247754847107 -0.05924548953632693 -0.05011132993659295 -0.08706892238853947 -0.06336050767486855 -0.09904348707868424 -0.1247975274078621 -0.02948955950279117 -0.05862628369073051 -0.08613419750527686 0.021303997298451165 -0.09268532701052053 -0.0070839927534003255 -0.0743978983369181 -0.024420084416373913 -0.12832234576991053 -0.01100866507608509 -0.05476207317588461 -0.008333570116857933 -0.05460377743490904 
0.12091420583859823 -0.020926457239999897 -0.02330185099696126 -0.011001492682723622 0.03696364883940281 -0.027556156081684144 -0.10744843059860122 0.02205272754965519 0.030073003457862933 -0.01598195444102704 -0.04651345415907499 -0.05924548953632693 -0.05011132993659295 -0.023703929002465922 -0.05362352752235281 0.07809350569914379 0.0439520115617898 -0.0381377586184186 -0.05862628369073051 -0.08613419750527686 -0.023601275357315998 -0.1096923715214645 0.005327401033572398 -0.06684684112225689 -0.024420084416373913 -0.1290638205191847 -0.01100866507608509 -0.04080039749720007 0.011975224150586897 0.03373911597771073 
0.11530361938861827 0.08491051454358799 -0.023730504443556993 -0.08836456198846498 -0.05399311557753502 -0.04309369471518543 0.012353646494101637 -0.03565593643439291 0.028372774308907164 -0.020960652311729874 -0.05528968658660871 -0.05924548953632693 -0.05011132993659295 -0.026405670532192036 -0.06336050767486855 -0.09326271480676893 0.030497817966962906 -0.022429061420065614 -0.05862628369073051 -0.035283965625585306 -0.038606437126684406 -0.10910997026827157 -0.014814842044011114 -0.06684684112225689 -0.032720876230748465 -0.12832234576991053 0.005053399321386477 -0.03765526886556079 -0.028237554139343615 -0.07091866425528931 
0.10999676967184964 0.05158357250872152 -0.01604914707607078 -0.023675307684383553 -0.05399311557753502 0.12849789568348138 -0.06039605002685851 0.027634451040052438 0.007014869742260863 0.13930180491281408 -0.06289384471949566 -0.06491842716123869 -0.05571764045938212 -0.057392544162900475 -0.06585660033907284 -0.0886816928767361 0.03731858997237891 -0.022206200644858183 -0.09774983610420997 -0.04462862164499033 -0.03058547487153678 -0.09988739589145423 -0.020057062173242546 -0.04881554555816427 -0.024808029594418482 -0.12082255159695905 -0.02923371620999049 -0.03939305621228352 0.004317076122338404 -0.05233975427658366 
0.10211959908196434 0.005341011791842927 0.03746412149258677 -0.02407278868732004 -0.05761644331434313 -0.022730417467168734 0.006369725653048199 0.027634451040052438 0.005364084920087192 -0.10054625066673403 -0.03900888246592862 -0.06798904284885622 -0.03186112487417483 -0.041460251540102626 -0.03230542798957289 0.0646407936446188 0.04382215893990321 -0.006144370188154965 -0.07387145170524294 -0.0929160881895733 -0.025632492901743603 -0.12129183686651875 -0.00605949562637278 -0.11984537033914452 -0.021314673196970703 -0.10837973117781169 -0.007989248644949952 -0.04411748531226682 -0.01669918626644873 -0.04768783451578845 
0.09701677540904985 0.07651681262440507 -0.01604914707607078 -0.015990691531633995 -0.05399311557753502 -0.04005364476649029 -0.05943365425357008 -0.03565593643439291 -0.07157054227029461 -0.013869858555637542 -0.06525425549381499 0.0689682568025927 -0.0629640016515969 -0.08653837054084454 -0.06585660033907284 -0.10527022153456356 0.027114300158120073 -0.18670398683128941 -0.07821634246242921 -0.08945645421304954 -0.03058547487153678 0.0019577541356903226 0.061436511400170764 -0.06509573087048735 -0.024420084416373913 -0.12082255159695905 -5.332789255884033E-4 -0.03939305621228352 -0.0019865660195525292 -0.05233975427658366 
0.08770017168697081 0.05789957261951137 0.04817856130162035 -0.023870989065229782 0.04489380464547891 0.20374427911981763 -0.018777852148023154 0.017524975180616107 0.0055992438192908256 0.06241278745759327 -0.04866247754847107 -0.05924548953632693 -0.0375600645314019 -0.09527617212638508 -0.05695195253380386 -0.1005590080483742 0.04789115919756297 -0.023543246054804 -0.09212741734155462 -0.043272497410001394 -0.028770533887850825 -0.006300618445629347 -0.00605949562637278 -0.06413883317111431 -0.027834471674568578 -0.12103446651703384 -0.006546831803284535 -0.03934973189028006 -0.06825114564467707 -0.058435390392967954 
0.07869040918458275 0.024939252066477003 -0.035518082400071455 -0.01147026438029395 0.04489380464547891 0.013235952374234153 -0.03116382050086839 0.017524975180616107 0.0055992438192908256 0.06241278745759327 -0.0530234209991196 -0.06594984614790698 -0.02737136285339084 -0.08898490813444856 -0.05695195253380386 0.053423888180060976 0.05219076086524574 -0.006853242265370672 -0.07482079544985021 -0.043272497410001394 -0.0351355457467619 -0.0039573761159665925 -0.008782268882608088 -0.07267563316469028 -0.024420084416373913 -0.10524673507400031 -0.006546831803284535 -0.03934973189028006 -0.07301334159048922 -0.05132232493861226 
0.07564570232140266 0.011014751306784643 0.0364832431865057 -0.027755145828479398 -0.05761644331434313 0.009015236248092195 0.016116796673243384 0.026731584263584296 0.0037410375678157935 0.06241278745759327 -0.061498128903693806 -0.07323936311679316 -0.0404085094880663 0.050246331053263774 -0.04087076701845463 0.07539703844223822 0.03436226789586487 0.0010171222532221174 -0.07059893967651741 -0.0689453632072838 -0.03168037628551411 -0.1096923715214645 -0.0802022253661802 -0.06731364669124151 -0.027834471674568578 -0.15961548383601937 -0.004550858644466022 -0.12017917078831969 -0.0014951008118090662 -0.04871862959637231 
0.06842526827302284 0.01821249974525586 0.03931127596401767 -0.022008908321766506 0.03696364883940281 -0.03390440577565318 -0.0223600297451999 0.027634451040052438 -0.008609812034768523 -0.020955077075220676 -0.046669094725002254 -0.0682232105394855 -0.05211824021909674 -0.023703929002465922 -0.06336050767486855 0.050411590096517 0.055423058131636366 -0.02948955950279117 -0.0759227824744078 -0.03915745597791218 -0.028770533887850825 -0.1096923715214645 3.693694232317791E-4 -0.06995276822546309 -0.024711896449986382 -0.10837973117781169 -0.007989248644949952 -0.03922540830083635 -0.05572716144399371 -0.024373496380772686 
0.06109116221648373 0.017153277250759512 -0.02330185099696126 -0.01147026438029395 0.03696364883940281 0.016665291823688946 -0.03116382050086839 0.02205272754965519 0.0055992438192908256 0.11044372629317678 -0.0530234209991196 -0.06906745159128173 -0.027067461841322027 -0.02501080013495812 -0.05695195253380386 0.07809350569914379 0.043874463482398145 -0.013989611032878421 -0.08368388434983043 -0.03991079488668955 -0.029362448864802906 -0.003298608118165546 -0.005238137278612784 -0.06684684112225689 -0.024420084416373913 -0.10524673507400031 -0.01100866507608509 -0.04080039749720007 0.011975224150586897 0.022943740772061714 
0.053097978723857076 -0.007067987569979959 0.03837292486337103 -0.030133234488737778 0.046250049343767335 -0.030641159977046663 -0.08663326070428234 0.02205272754965519 0.022396296917210835 0.0558554484736723 -0.07480418026789756 -0.00423354389089915 -0.03796570986057982 -0.03947378228718414 -0.04032046118120453 -0.08169846531360349 0.026609155739732857 -0.0335297303449444 -0.07065565906443252 0.04058909868406817 -0.023417417287447936 -0.0892685886478209 0.03959718734338524 -0.05916533714309804 -0.020353616038100184 -0.003135029686637878 -0.0013358671777956846 -0.029014583631546846 0.0012852750347446592 -0.06168616799018609 
0.046779285960822134 -0.0019035888298130962 0.04817856130162035 -0.03335008917473397 0.046250049343767335 -0.02985474039076424 -0.023056726630305054 0.02205272754965519 0.030146530114232156 0.13930180491281408 -0.06777284836463766 0.0024851767333053942 -0.0375600645314019 -0.09025791423534826 -0.06585660033907284 -0.09854136575367105 0.02741563091807412 -0.028601475805091665 -0.09214568894034629 0.04058909868406817 -0.06132116995663317 -0.09988739589145423 -0.009394608752236494 -0.06480253817393006 -0.03107736735496132 -1.668434774891004E-4 -0.0013358671777956846 -0.022701727336281695 0.004317076122338404 -0.05233975427658366 
0.03839653427372717 -0.007067987569979959 0.05745204911524411 -0.03354573447241212 0.046250049343767335 -0.030641159977046663 -0.04828044678398369 0.02205272754965519 0.020183327845302895 0.06946286900030958 -0.05928499326339681 0.0024851767333053942 -0.03796570986057982 -0.044536188696083154 -0.04101194883700346 -0.08944102386439813 0.02741563091807412 -0.0335297303449444 -0.07926845561387323 0.04058909868406817 -0.023417417287447936 -0.08990143471575042 -0.0155478260318751 -0.056308769487845065 -0.017572292440265126 -4.4604943625077727E-4 -0.0013358671777956846 -0.022701727336281695 -0.005406592448521799 0.022857727122284482 
0.03233722080201737 -0.007097386635400493 0.0364832431865057 -0.029602332045114192 0.0504395154976545 -0.04109571036779247 -0.025648961274982264 0.016725473239008384 0.02667686033964912 -0.011508618097298308 -0.06777284836463766 0.09227594012981555 -0.04544987976570665 -0.04178657291930218 -0.04087076701845463 -0.097252761685505 0.04530356382078841 -0.028601475805091665 -0.06722439763241628 -0.08366944959742423 -0.028012589599544238 -0.08990143471575042 0.01727754412598872 -0.06684684112225689 -0.024420084416373913 -0.13224009539288983 -0.012271664829643467 -0.03934973189028006 -0.0014951008118090662 0.022857727122284482 
0.023569463226783216 0.07651681262440507 0.04817856130162035 -0.023870989065229782 -0.05592378577155056 -0.03950936748147865 -0.024242722939699615 0.020201816571807682 0.023390862157871898 -0.020742221388317515 -0.05528968658660871 0.0689682568025927 -0.0375600645314019 -0.08706892238853947 -0.05695195253380386 -0.09326271480676893 0.02741563091807412 -0.03196810404804764 -0.0839571818035288 -0.043272497410001394 0.014128651274953788 -0.006300618445629347 -0.00605949562637278 -0.06413883317111431 -0.024420084416373913 0.01557350797555472 -0.002161102718360273 -0.03223440998713674 -0.0017871273940993082 -0.05132232493861226 
0.01491321073484098 0.024939252066477003 -0.03545750256891004 -0.01147026438029395 -0.05399311557753502 0.007842486465084172 0.007282057337872947 0.009764703673907332 0.017693695603125566 -0.08284455773734933 -0.04866247754847107 0.06961171309839534 -0.035961521760613256 -0.024826813427376204 -0.03230542798957289 -0.10625798485669691 0.030497817966962906 -0.02999874157941952 -0.07163016937225589 -0.06806406292721948 0.010665105014069188 -0.010600038481383644 0.04789487927424734 -0.06684684112225689 -0.016346489142298602 -0.11327917457039403 -0.01605286113847354 -0.0415667962713753 0.0034118132062862395 0.01587750299413404 
0.006317387500442818 6.617918267575905E-5 0.04817856130162035 -0.004760305750345021 0.046250049343767335 0.013235952374234153 0.055519598103686896 0.01975850662583886 0.012168565131572807 0.13472025159663562 -0.06777284836463766 -0.05924548953632693 -0.02737136285339084 -0.029218638809236298 -0.06585660033907284 0.050411590096517 0.030497817966962906 -0.011367404181916743 -0.08203441712950374 -0.06806406292721948 -0.06132116995663317 -0.012292322936888648 -0.009394608752236494 -0.05933947572865973 -0.016346489142298602 -1.668434774891004E-4 -0.0013358671777956846 -0.022701727336281695 -0.004192878693250703 0.02182900678876842 
5.123335645757399E-5 0.01090341716300048 -0.021667422901874515 -0.020642906643129157 0.035931118405354484 -0.02162641829931814 0.010810764036041079 0.5328432733603257 0.01976137639019759 -0.08638004995888084 -0.04588212197908564 0.0894512906523022 -0.027914698926526284 -0.04178657291930218 -0.03230542798957289 0.06570992199791403 0.04724648489606084 -0.008001063340033473 -0.07059893967651741 -0.06806406292721948 0.010665105014069188 -0.12129183686651875 0.04048619305993614 -0.06963839330699524 -0.016346489142298602 -0.15539787192968202 -0.00999993331395539 -0.035534900241914844 0.0034118132062862395 -0.057128955468756806 
